9.840085506439208984e-01
9.777476191520690918e-01
9.724333286285400391e-01
9.884232878684997559e-01
9.996613860130310059e-01
9.997518658638000488e-01
9.985591173171997070e-01
9.982441663742065430e-01
9.991649389266967773e-01
9.993546009063720703e-01
9.995474219322204590e-01
9.997726678848266602e-01
9.940160512924194336e-01
9.188352823257446289e-01
7.719236016273498535e-01
4.338330328464508057e-01
2.948791086673736572e-01
3.040397763252258301e-01
1.863865852355957031e-01
3.255107998847961426e-01
6.334512829780578613e-01
8.963191509246826172e-01
9.959236383438110352e-01
9.994183182716369629e-01
9.995535612106323242e-01
9.996819496154785156e-01
9.997931718826293945e-01
9.998426437377929688e-01
9.998265504837036133e-01
9.997789263725280762e-01
9.997188448905944824e-01
9.997623562812805176e-01
9.998516440391540527e-01
9.999656677246093750e-01
9.999954104423522949e-01
9.997878074645996094e-01
9.990475773811340332e-01
9.858345389366149902e-01
9.663038253784179688e-01
9.399231076240539551e-01
9.711264371871948242e-01
9.988734722137451172e-01
9.980731010437011719e-01
9.834989905357360840e-01
9.630972146987915039e-01
9.367061257362365723e-01
9.705638289451599121e-01
9.962684512138366699e-01
9.997059702873229980e-01
9.999864101409912109e-01
9.999992251396179199e-01
9.999985694885253906e-01
9.999228715896606445e-01
9.998021125793457031e-01
9.996344447135925293e-01
9.996870756149291992e-01
9.997988343238830566e-01
9.999618530273437500e-01
9.995002150535583496e-01
9.989826083183288574e-01
9.984440207481384277e-01
9.987259507179260254e-01
9.985992908477783203e-01
9.980924129486083984e-01
9.969301819801330566e-01
9.959235787391662598e-01
9.953188896179199219e-01
9.976896047592163086e-01
9.991396665573120117e-01
9.998729228973388672e-01
9.998109340667724609e-01
9.994548559188842773e-01
9.987797141075134277e-01
9.972063302993774414e-01
9.945496916770935059e-01
9.915658831596374512e-01
9.898921847343444824e-01
9.928243160247802734e-01
9.973928332328796387e-01
9.993934631347656250e-01
1.000000000000000000e+00
1.000000000000000000e+00
1.000000000000000000e+00
9.992842674255371094e-01
9.963595867156982422e-01
9.869317412376403809e-01
9.489483833312988281e-01
9.184882044792175293e-01
9.411225914955139160e-01
9.669169783592224121e-01
9.877325892448425293e-01
9.924432039260864258e-01
9.904863238334655762e-01
9.868734478950500488e-01
9.838165640830993652e-01
9.902663230895996094e-01
9.970973730087280273e-01
9.993928670883178711e-01
9.999156594276428223e-01
9.999988675117492676e-01
9.999998211860656738e-01
1.000000000000000000e+00
1.000000000000000000e+00
1.000000000000000000e+00
9.999995827674865723e-01
9.999986886978149414e-01
9.999970793724060059e-01
9.999962449073791504e-01
9.999960064888000488e-01
9.999967813491821289e-01
9.999978542327880859e-01
9.999988079071044922e-01
9.999997019767761230e-01
9.999995827674865723e-01
9.999967813491821289e-01
9.999903440475463867e-01
9.999719262123107910e-01
9.999596476554870605e-01
9.999572634696960449e-01
9.999837875366210938e-01
1.000000000000000000e+00
1.000000000000000000e+00
1.000000000000000000e+00
9.999941587448120117e-01
9.999811649322509766e-01
9.999803900718688965e-01
9.999802112579345703e-01
9.999798536300659180e-01
9.999299049377441406e-01
9.999021291732788086e-01
9.999012351036071777e-01
9.999472498893737793e-01
9.999806284904479980e-01
9.999991655349731445e-01
9.999973773956298828e-01
9.999253749847412109e-01
9.997811317443847656e-01
9.997280240058898926e-01
9.997671842575073242e-01
9.998977780342102051e-01
9.999649524688720703e-01
9.999765753746032715e-01
9.999327063560485840e-01
9.997545480728149414e-01
9.991512894630432129e-01
9.981971383094787598e-01
9.993470907211303711e-01
9.999271035194396973e-01
9.999873638153076172e-01
9.998987317085266113e-01
9.982354044914245605e-01
9.940798878669738770e-01
9.575770497322082520e-01
9.412490725517272949e-01
9.432331919670104980e-01
9.646950960159301758e-01
9.719177484512329102e-01
9.640028476715087891e-01
8.872720003128051758e-01
7.436980009078979492e-01
5.473552346229553223e-01
4.137900769710540771e-01
4.711948931217193604e-01
6.853860616683959961e-01
8.894448876380920410e-01
9.876060485839843750e-01
9.988643527030944824e-01
9.984096288681030273e-01
9.755468964576721191e-01
9.374380707740783691e-01
9.489775896072387695e-01
9.642246365547180176e-01
9.819601774215698242e-01
9.913168549537658691e-01
9.959660768508911133e-01
9.938844442367553711e-01
9.426965713500976562e-01
7.496353983879089355e-01
4.628796577453613281e-01
5.008743405342102051e-01
6.058847904205322266e-01
7.625656723976135254e-01
8.866788744926452637e-01
9.484832882881164551e-01
9.537780284881591797e-01
8.491201996803283691e-01
7.239267826080322266e-01
5.902298092842102051e-01
6.064107418060302734e-01
6.997062563896179199e-01
8.518394231796264648e-01
9.302365779876708984e-01
9.777933359146118164e-01
9.988937377929687500e-01
9.996027946472167969e-01
9.999455213546752930e-01
9.999789595603942871e-01
9.999791383743286133e-01
9.999286532402038574e-01
9.996994733810424805e-01
9.959003329277038574e-01
7.272534370422363281e-01
2.379296869039535522e-01
7.603289186954498291e-02
1.505577670042820087e-19
2.047952648354112171e-06
8.147264452418312430e-05
2.671407461166381836e-01
7.720987200736999512e-01
8.613163232803344727e-01
8.442489504814147949e-01
7.294993996620178223e-01
9.044759869575500488e-01
9.940292835235595703e-01
9.999238252639770508e-01
9.999665021896362305e-01
9.999910593032836914e-01
9.999972581863403320e-01
9.999976158142089844e-01
9.999835491180419922e-01
9.999545812606811523e-01
9.998478889465332031e-01
9.997276067733764648e-01
9.995936751365661621e-01
9.996577501296997070e-01
9.986873269081115723e-01
9.965277910232543945e-01
9.962663054466247559e-01
9.970731139183044434e-01
9.990636706352233887e-01
9.995990991592407227e-01
9.998939037322998047e-01
9.999837875366210938e-01
9.999918341636657715e-01
9.999802708625793457e-01
9.999499320983886719e-01
9.998369812965393066e-01
9.997979402542114258e-01
9.998727440834045410e-01
9.999409317970275879e-01
9.999850392341613770e-01
9.999940395355224609e-01
9.999891519546508789e-01
9.999825954437255859e-01
9.999758601188659668e-01
9.999589323997497559e-01
9.999074935913085938e-01
9.997997879981994629e-01
9.990101456642150879e-01
9.982662796974182129e-01
9.978037476539611816e-01
9.986597299575805664e-01
9.995200037956237793e-01
9.999055862426757812e-01
9.999822378158569336e-01
9.999783039093017578e-01
9.999400973320007324e-01
9.998371601104736328e-01
9.997838735580444336e-01
9.998831152915954590e-01
9.999373555183410645e-01
9.999609589576721191e-01
9.999364614486694336e-01
9.999498724937438965e-01
9.999666213989257812e-01
9.999608397483825684e-01
9.979477524757385254e-01
9.833220839500427246e-01
9.304717779159545898e-01
9.510655999183654785e-01
9.901245832443237305e-01
9.973262548446655273e-01
9.995331168174743652e-01
9.993904232978820801e-01
9.981176853179931641e-01
9.887105226516723633e-01
9.759591221809387207e-01
9.649941325187683105e-01
9.563065767288208008e-01
8.759192228317260742e-01
3.834385871887207031e-01
1.185752376914024353e-01
3.418798855125970704e-10
2.689908074060554100e-09
1.700173690915107727e-02
7.245813310146331787e-02
3.748763501644134521e-01
4.851030111312866211e-01
4.697047472000122070e-01
5.604345202445983887e-01
7.093182802200317383e-01
8.946304917335510254e-01
9.183462858200073242e-01
9.113046526908874512e-01
8.789537549018859863e-01
9.033256173133850098e-01
9.358906149864196777e-01
9.763925075531005859e-01
9.886130690574645996e-01
9.964186549186706543e-01
9.996632337570190430e-01
9.999150037765502930e-01
9.999938607215881348e-01
9.999906420707702637e-01
9.999876022338867188e-01
9.999778270721435547e-01
9.999588727951049805e-01
9.999468922615051270e-01
9.999271631240844727e-01
9.998941421508789062e-01
9.998731017112731934e-01
9.998897314071655273e-01
9.999705553054809570e-01
9.999923110008239746e-01
9.999996423721313477e-01
9.999997615814208984e-01
9.999998807907104492e-01
1.000000000000000000e+00
1.000000000000000000e+00
9.999994039535522461e-01
9.999873042106628418e-01
9.999433755874633789e-01
9.993931055068969727e-01
9.986229538917541504e-01
9.976977705955505371e-01
9.973095059394836426e-01
9.973816275596618652e-01
9.984617829322814941e-01
9.992355704307556152e-01
9.996305704116821289e-01
9.988136887550354004e-01
9.915265440940856934e-01
9.745926856994628906e-01
9.152773618698120117e-01
9.150186181068420410e-01
9.524490237236022949e-01
9.856818914413452148e-01
1.000000000000000000e+00
9.870136380195617676e-01
7.332077026367187500e-01
4.141437709331512451e-01
4.700860381126403809e-02
4.040673673152923584e-01
7.165854573249816895e-01
9.827365279197692871e-01
9.930492043495178223e-01
9.963107705116271973e-01
9.988145232200622559e-01
9.995897412300109863e-01
9.999780654907226562e-01
9.999898076057434082e-01
9.999350905418395996e-01
9.997892975807189941e-01
9.995040893554687500e-01
9.997645616531372070e-01
1.000000000000000000e+00
1.000000000000000000e+00
9.299180507659912109e-01
8.401382565498352051e-01
7.422383427619934082e-01
8.362800478935241699e-01
9.576701521873474121e-01
9.903994202613830566e-01
9.995929598808288574e-01
9.996733665466308594e-01
9.985725283622741699e-01
9.940353631973266602e-01
9.888026118278503418e-01
9.882464408874511719e-01
9.922372102737426758e-01
9.981756806373596191e-01
9.994252324104309082e-01
9.999577403068542480e-01
9.999964833259582520e-01
9.999935030937194824e-01
9.999908208847045898e-01
9.999879598617553711e-01
9.999744296073913574e-01
9.999085664749145508e-01
9.997910261154174805e-01
9.990370869636535645e-01
9.976443052291870117e-01
9.955008625984191895e-01
9.971310496330261230e-01
9.986664652824401855e-01
9.996535181999206543e-01
9.997820258140563965e-01
9.996411800384521484e-01
9.992219209671020508e-01
9.985929727554321289e-01
9.982516169548034668e-01
9.986404180526733398e-01
9.993271231651306152e-01
9.998279213905334473e-01
9.995633363723754883e-01
9.955580234527587891e-01
9.892581105232238770e-01
9.793812632560729980e-01
9.792633652687072754e-01
9.844531416893005371e-01
9.937134385108947754e-01
9.975289702415466309e-01
9.978262782096862793e-01
9.953069686889648438e-01
9.842328429222106934e-01
9.675243496894836426e-01
9.611204862594604492e-01
9.680829048156738281e-01
9.871554970741271973e-01
9.900770783424377441e-01
9.838752150535583496e-01
9.674525856971740723e-01
9.668269157409667969e-01
9.714637994766235352e-01
9.821327924728393555e-01
9.856086373329162598e-01
9.540395736694335938e-01
8.622077107429504395e-01
4.422028660774230957e-01
1.071442365646362305e-01
1.085973381996154785e-01
3.427172601222991943e-01
6.372579336166381836e-01
9.143371582031250000e-01
9.954774975776672363e-01
9.993630051612854004e-01
9.974907040596008301e-01
9.943515062332153320e-01
9.912835359573364258e-01
9.929316639900207520e-01
9.958133101463317871e-01
9.991985559463500977e-01
9.987689852714538574e-01
9.970855712890625000e-01
9.943124055862426758e-01
9.885143041610717773e-01
9.846278429031372070e-01
9.827747344970703125e-01
9.895405173301696777e-01
9.954177737236022949e-01
9.995263814926147461e-01
9.999391436576843262e-01
9.998911023139953613e-01
9.998150467872619629e-01
9.997985363006591797e-01
9.998107552528381348e-01
9.998619556427001953e-01
9.998557567596435547e-01
9.978206753730773926e-01
9.893941879272460938e-01
8.869827389717102051e-01
7.102537751197814941e-01
3.658880293369293213e-01
4.109867513179779053e-01
6.699122786521911621e-01
9.001322388648986816e-01
9.984279274940490723e-01
9.999709725379943848e-01
9.999500513076782227e-01
9.992462396621704102e-01
9.978938102722167969e-01
9.927132725715637207e-01
9.870645403861999512e-01
9.809258580207824707e-01
9.820117354393005371e-01
9.853023290634155273e-01
9.910911917686462402e-01
9.953339099884033203e-01
9.983952045440673828e-01
9.994617700576782227e-01
9.988041520118713379e-01
9.918465614318847656e-01
9.668319821357727051e-01
9.265819191932678223e-01
9.010742306709289551e-01
9.738639593124389648e-01
9.911583662033081055e-01
9.799629449844360352e-01
9.906783699989318848e-01
9.964220523834228516e-01
9.984014034271240234e-01
9.992926120758056641e-01
9.998095631599426270e-01
9.999501705169677734e-01
9.997538924217224121e-01
9.996219873428344727e-01
9.995936751365661621e-01
9.997832179069519043e-01
9.999260902404785156e-01
9.999352693557739258e-01
9.991577267646789551e-01
9.987224936485290527e-01
9.995937943458557129e-01
9.999050498008728027e-01
9.969208240509033203e-01
9.821891784667968750e-01
9.734740853309631348e-01
9.704269766807556152e-01
9.850793480873107910e-01
9.941599369049072266e-01
9.991981983184814453e-01
9.996185302734375000e-01
9.998099803924560547e-01
9.997910261154174805e-01
9.996379613876342773e-01
9.987158775329589844e-01
9.968435168266296387e-01
9.678093194961547852e-01
9.569490551948547363e-01
9.818332791328430176e-01
9.738493561744689941e-01
9.529356360435485840e-01
9.168648719787597656e-01
9.500564932823181152e-01
9.949507713317871094e-01
9.983162283897399902e-01
9.991995096206665039e-01
9.988356828689575195e-01
9.982159137725830078e-01
9.985854029655456543e-01
9.995868206024169922e-01
9.998594522476196289e-01
9.999944567680358887e-01
9.999992251396179199e-01
9.999997019767761230e-01
9.999998807907104492e-01
9.999998211860656738e-01
9.999994039535522461e-01
9.999983906745910645e-01
9.999961256980895996e-01
9.998599290847778320e-01
9.974764585494995117e-01
9.890749454498291016e-01
9.752054810523986816e-01
9.640020728111267090e-01
9.730370044708251953e-01
9.848529100418090820e-01
9.970249533653259277e-01
9.990637898445129395e-01
9.999666213989257812e-01
9.999820590019226074e-01
9.998686909675598145e-01
9.994640946388244629e-01
9.987376332283020020e-01
9.952277541160583496e-01
9.916412830352783203e-01
9.882414937019348145e-01
9.926518797874450684e-01
9.973202943801879883e-01
9.993904232978820801e-01
9.999256134033203125e-01
9.999526739120483398e-01
9.998614192008972168e-01
9.997295737266540527e-01
9.996200799942016602e-01
9.997891783714294434e-01
9.999114274978637695e-01
9.999970793724060059e-01
9.999985098838806152e-01
9.999992847442626953e-01
9.999994039535522461e-01
9.999991059303283691e-01
9.999986290931701660e-01
9.999977946281433105e-01
9.999967217445373535e-01
9.999927878379821777e-01
9.999827146530151367e-01
9.997299909591674805e-01
9.989022016525268555e-01
9.963560104370117188e-01
9.955490231513977051e-01
9.958465695381164551e-01
9.979989528656005859e-01
9.991203546524047852e-01
9.995093941688537598e-01
9.997493624687194824e-01
9.998933076858520508e-01
9.999395608901977539e-01
9.999448657035827637e-01
9.999545812606811523e-01
9.999740719795227051e-01
9.996028542518615723e-01
9.981575012207031250e-01
9.944386482238769531e-01
9.810312390327453613e-01
9.486497640609741211e-01
8.573013544082641602e-01
7.072855830192565918e-01
5.597720742225646973e-01
6.550036072731018066e-01
7.932093739509582520e-01
9.607658982276916504e-01
9.853847622871398926e-01
9.988103508949279785e-01
9.997779130935668945e-01
9.999006986618041992e-01
9.995579719543457031e-01
9.985545873641967773e-01
9.756225943565368652e-01
9.413279294967651367e-01
8.893634080886840820e-01
8.454780578613281250e-01
8.028821349143981934e-01
7.521979808807373047e-01
7.734748721122741699e-01
8.392101526260375977e-01
9.291572570800781250e-01
9.800294637680053711e-01
9.962165951728820801e-01
9.851061701774597168e-01
9.806843400001525879e-01
9.858530759811401367e-01
7.307770252227783203e-01
4.217025935649871826e-01
7.714382559061050415e-02
1.485483720898628235e-02
1.301955133676528931e-01
5.775758028030395508e-01
8.369089961051940918e-01
9.822433590888977051e-01
9.676339030265808105e-01
8.662843108177185059e-01
6.945298910140991211e-01
2.594014108180999756e-01
3.228633478283882141e-02
4.060059785842895508e-02
3.997697234153747559e-01
7.290384173393249512e-01
9.479023218154907227e-01
9.920539259910583496e-01
9.943197369575500488e-01
9.947269558906555176e-01
9.919774532318115234e-01
9.874598979949951172e-01
9.805518984794616699e-01
9.710395336151123047e-01
9.566089510917663574e-01
8.699929118156433105e-01
7.212291359901428223e-01
5.077817440032958984e-01
4.393719434738159180e-01
5.039674043655395508e-01
7.696176767349243164e-01
8.542535305023193359e-01
9.022763371467590332e-01
9.559161067008972168e-01
9.762614369392395020e-01
9.816220402717590332e-01
9.778880476951599121e-01
9.842736721038818359e-01
9.966475367546081543e-01
9.984691143035888672e-01
9.986756443977355957e-01
9.972427487373352051e-01
9.794517755508422852e-01
9.709916710853576660e-01
9.790686368942260742e-01
9.904136061668395996e-01
9.992847442626953125e-01
9.996953606605529785e-01
9.989680647850036621e-01
9.972793459892272949e-01
9.928988814353942871e-01
9.883245825767517090e-01
9.836878180503845215e-01
9.801814556121826172e-01
9.734488725662231445e-01
9.633641839027404785e-01
9.484639167785644531e-01
9.390394687652587891e-01
9.392338395118713379e-01
9.651184678077697754e-01
9.904338121414184570e-01
9.977886080741882324e-01
9.999802708625793457e-01
9.999796152114868164e-01
9.999387264251708984e-01
9.974542856216430664e-01
9.907708764076232910e-01
8.995156288146972656e-01
8.931269049644470215e-01
9.824681282043457031e-01
9.958081841468811035e-01
9.997251033782958984e-01
9.998671412467956543e-01
9.998857975006103516e-01
9.988107681274414062e-01
9.942316412925720215e-01
8.559719324111938477e-01
6.268613338470458984e-01
1.938137263059616089e-01
1.666110620135441422e-04
1.188377837024745531e-06
5.464592825146124058e-16
7.059549447149038315e-03
2.333273738622665405e-02
5.650186538696289062e-01
9.915091395378112793e-01
9.978225827217102051e-01
9.934870004653930664e-01
9.582887887954711914e-01
8.063755035400390625e-01
6.215286850929260254e-01
4.324444234371185303e-01
4.601494669914245605e-01
5.627876520156860352e-01
7.389077544212341309e-01
7.758388519287109375e-01
7.973656058311462402e-01
8.075344562530517578e-01
8.972622156143188477e-01
9.803804159164428711e-01
9.941872358322143555e-01
9.988963603973388672e-01
9.995318651199340820e-01
9.997263550758361816e-01
9.998634457588195801e-01
9.999561905860900879e-01
9.998776316642761230e-01
9.997328519821166992e-01
9.995042085647583008e-01
9.994072914123535156e-01
9.992322325706481934e-01
9.988464117050170898e-01
9.988706111907958984e-01
9.991133809089660645e-01
9.997161030769348145e-01
9.994496107101440430e-01
9.987323880195617676e-01
9.992098808288574219e-01
9.990497827529907227e-01
9.982361793518066406e-01
9.920374155044555664e-01
9.788484573364257812e-01
9.542017579078674316e-01
9.298647642135620117e-01
9.159356355667114258e-01
9.359562397003173828e-01
9.643073678016662598e-01
9.937694668769836426e-01
9.975195527076721191e-01
9.995085000991821289e-01
9.999862313270568848e-01
9.994299411773681641e-01
9.974704384803771973e-01
9.934953451156616211e-01
9.893020391464233398e-01
9.861155748367309570e-01
9.857506752014160156e-01
9.788970351219177246e-01
9.599236249923706055e-01
8.821846246719360352e-01
8.560155630111694336e-01
8.688764572143554688e-01
9.310854673385620117e-01
9.752680063247680664e-01
9.963045716285705566e-01
9.994967579841613770e-01
9.998393058776855469e-01
9.997693896293640137e-01
9.990346431732177734e-01
9.978937506675720215e-01
9.959174990653991699e-01
9.947761893272399902e-01
9.942554831504821777e-01
9.955593347549438477e-01
9.969160556793212891e-01
9.983351826667785645e-01
9.984158277511596680e-01
9.983841180801391602e-01
9.984658360481262207e-01
9.989364147186279297e-01
9.994744658470153809e-01
9.997417926788330078e-01
9.998405575752258301e-01
9.998308420181274414e-01
9.997783303260803223e-01
9.996182322502136230e-01
9.993367791175842285e-01
9.895771145820617676e-01
9.785598516464233398e-01
9.671017527580261230e-01
9.763405323028564453e-01
9.902741312980651855e-01
9.961783885955810547e-01
9.989481568336486816e-01
9.997522234916687012e-01
9.998024106025695801e-01
9.998605251312255859e-01
9.999272823333740234e-01
9.999574422836303711e-01
9.999592900276184082e-01
9.999119043350219727e-01
9.995549321174621582e-01
9.992001056671142578e-01
9.992790818214416504e-01
9.994037151336669922e-01
9.995088577270507812e-01
9.985200762748718262e-01
9.976102709770202637e-01
9.967877268791198730e-01
9.978579282760620117e-01
9.989522695541381836e-01
9.996505975723266602e-01
9.998832345008850098e-01
9.999046325683593750e-01
9.996602535247802734e-01
9.704964756965637207e-01
9.068955183029174805e-01
3.449662923812866211e-01
2.777053974568843842e-02
2.949340734630823135e-03
2.223945595324039459e-02
9.460357576608657837e-02
2.725259363651275635e-01
6.178897619247436523e-01
9.633594155311584473e-01
9.887698292732238770e-01
9.983907341957092285e-01
9.920873045921325684e-01
4.186009168624877930e-01
6.743588298559188843e-02
8.484896272420883179e-03
1.417773454193138605e-09
7.440055906772613525e-02
3.389109075069427490e-01
6.594098806381225586e-01
9.615208506584167480e-01
9.821460247039794922e-01
9.930150508880615234e-01
9.960645437240600586e-01
9.966855049133300781e-01
9.958022236824035645e-01
9.927438497543334961e-01
9.862614870071411133e-01
9.820894002914428711e-01
9.872362017631530762e-01
9.927954673767089844e-01
9.981420636177062988e-01
9.992940425872802734e-01
9.997822046279907227e-01
9.996434450149536133e-01
9.936323761940002441e-01
9.858138561248779297e-01
9.755117893218994141e-01
9.823645353317260742e-01
9.926128387451171875e-01
9.974703788757324219e-01
9.995233416557312012e-01
9.998617172241210938e-01
9.997379779815673828e-01
9.996589422225952148e-01
9.996311664581298828e-01
9.997225403785705566e-01
9.997791647911071777e-01
9.997237920761108398e-01
9.994060397148132324e-01
9.987313151359558105e-01
9.965730905532836914e-01
9.930115342140197754e-01
9.883919358253479004e-01
9.903393983840942383e-01
9.915575981140136719e-01
9.916342496871948242e-01
9.810613989830017090e-01
9.317967295646667480e-01
7.721797823905944824e-01
5.471170544624328613e-01
3.115870356559753418e-01
3.100167214870452881e-01
5.014189481735229492e-01
8.807808160781860352e-01
9.027808904647827148e-01
7.819690108299255371e-01
4.452818036079406738e-01
2.144289016723632812e-01
8.129542320966720581e-02
2.413733303546905518e-01
5.468347668647766113e-01
9.427134990692138672e-01
9.754190444946289062e-01
9.947962164878845215e-01
9.967738986015319824e-01
9.978588819503784180e-01
9.934706091880798340e-01
9.746255874633789062e-01
7.150595188140869141e-01
3.779832124710083008e-01
3.275221884250640869e-01
4.290245473384857178e-01
6.702844500541687012e-01
8.665124177932739258e-01
9.935311079025268555e-01
9.987621307373046875e-01
9.997727274894714355e-01
9.982350468635559082e-01
9.910101294517517090e-01
9.548332095146179199e-01
8.984392285346984863e-01
7.936215400695800781e-01
7.461324930191040039e-01
7.746410965919494629e-01
8.472051620483398438e-01
9.143005013465881348e-01
9.427472949028015137e-01
9.715819358825683594e-01
9.980929493904113770e-01
9.991757869720458984e-01
9.997525811195373535e-01
9.998293519020080566e-01
9.998654127120971680e-01
9.998555779457092285e-01
9.997602701187133789e-01
9.980316758155822754e-01
9.902277588844299316e-01
9.531393051147460938e-01
8.338053822517395020e-01
6.528775691986083984e-01
4.585678577423095703e-01
2.638319730758666992e-01
6.839907169342041016e-02
1.547222584486007690e-02
3.065150307376448610e-36
8.161582869974786358e-37
1.442846594968110602e-14
2.883595600724220276e-02
6.248732805252075195e-01
9.429016113281250000e-01
9.346950650215148926e-01
8.554444909095764160e-01
7.767164111137390137e-01
7.252521514892578125e-01
6.227847337722778320e-01
5.080122351646423340e-01
4.753667414188385010e-01
6.288443207740783691e-01
9.534039497375488281e-01
8.718010783195495605e-01
8.400302529335021973e-01
9.624802470207214355e-01
9.929641485214233398e-01
9.905135035514831543e-01
9.746323227882385254e-01
9.711514711380004883e-01
9.769487977027893066e-01
9.904243350028991699e-01
9.988958835601806641e-01
9.994199872016906738e-01
9.972485303878784180e-01
9.859346747398376465e-01
9.433985948562622070e-01
8.215678334236145020e-01
6.633804440498352051e-01
8.792174458503723145e-01
1.000000000000000000e+00
1.000000000000000000e+00
7.897420525550842285e-01
6.455035209655761719e-01
8.034208416938781738e-01
9.148447513580322266e-01
9.966450929641723633e-01
9.984877705574035645e-01
9.985371828079223633e-01
9.966500997543334961e-01
9.956469535827636719e-01
9.956810474395751953e-01
9.979013800621032715e-01
9.991475343704223633e-01
9.998960494995117188e-01
9.999305605888366699e-01
9.999600648880004883e-01
9.999849796295166016e-01
9.999944567680358887e-01
9.999904036521911621e-01
9.999613761901855469e-01
9.998381733894348145e-01
9.996305108070373535e-01
9.991198182106018066e-01
9.911572337150573730e-01
9.771332144737243652e-01
7.570218443870544434e-01
4.944928884506225586e-01
1.734225749969482422e-01
7.942659407854080200e-02
1.327789723873138428e-01
5.617336034774780273e-01
8.271949291229248047e-01
9.727242588996887207e-01
9.459648728370666504e-01
9.064123630523681641e-01
8.517494797706604004e-01
9.195004105567932129e-01
9.424064755439758301e-01
6.474843025207519531e-01
3.304454982280731201e-01
1.875194575404748321e-04
1.975427003344520926e-04
2.829216420650482178e-02
9.723129123449325562e-02
5.546863675117492676e-01
9.865588545799255371e-01
9.960565567016601562e-01
9.968796372413635254e-01
9.895491003990173340e-01
8.569883108139038086e-01
6.912674903869628906e-01
4.805972576141357422e-01
5.612962841987609863e-01
6.420797705650329590e-01
5.204749107360839844e-01
5.466249585151672363e-01
6.487526893615722656e-01
5.011416673660278320e-01
3.035275340080261230e-01
4.212697595357894897e-02
1.415350592282038633e-08
5.792711021967988927e-07
2.994591795868473127e-06
2.457786500453948975e-01
6.187271475791931152e-01
7.725849747657775879e-01
8.345238566398620605e-01
7.813683748245239258e-01
8.902437686920166016e-01
9.952712655067443848e-01
9.987031817436218262e-01
9.998273849487304688e-01
9.995576143264770508e-01
9.964579343795776367e-01
9.905884265899658203e-01
9.812846779823303223e-01
9.581858515739440918e-01
8.929271101951599121e-01
7.051243185997009277e-01
4.668510556221008301e-01
2.249796688556671143e-01
5.112652778625488281e-01
7.047307491302490234e-01
7.815810441970825195e-01
8.597232103347778320e-01
9.244971871376037598e-01
9.466408491134643555e-01
9.386771917343139648e-01
9.161032438278198242e-01
9.540055990219116211e-01
9.819006323814392090e-01
9.968033432960510254e-01
9.996159672737121582e-01
9.997227191925048828e-01
9.989297389984130859e-01
9.927659034729003906e-01
9.838765263557434082e-01
9.929619431495666504e-01
9.986669421195983887e-01
9.997399449348449707e-01
9.998520612716674805e-01
9.805921912193298340e-01
8.921397328376770020e-01
7.131085395812988281e-01
4.822026789188385010e-01
7.992917299270629883e-01
9.903771877288818359e-01
9.959683418273925781e-01
9.880493283271789551e-01
9.778689742088317871e-01
9.721790552139282227e-01
9.763352274894714355e-01
9.872730970382690430e-01
9.902907609939575195e-01
9.591736197471618652e-01
8.735345005989074707e-01
6.065168976783752441e-01
3.229345083236694336e-01
2.041622400283813477e-01
2.355773150920867920e-01
3.808136582374572754e-01
5.764722228050231934e-01
7.628120183944702148e-01
9.289538264274597168e-01
9.841107130050659180e-01
9.999096393585205078e-01
9.999701380729675293e-01
9.999956488609313965e-01
9.999910593032836914e-01
9.998994469642639160e-01
9.960251450538635254e-01
9.843985438346862793e-01
9.763454198837280273e-01
9.725171923637390137e-01
9.909070134162902832e-01
9.160662889480590820e-01
7.500382661819458008e-01
4.236393868923187256e-01
1.483555734157562256e-01
4.397542029619216919e-02
1.017513312399387360e-02
3.196378052234649658e-02
3.364441096782684326e-01
6.422784328460693359e-01
9.488588571548461914e-01
9.960888624191284180e-01
9.997438788414001465e-01
9.997270107269287109e-01
9.964917898178100586e-01
9.915183782577514648e-01
9.880657196044921875e-01
9.897276163101196289e-01
9.983782768249511719e-01
1.000000000000000000e+00
9.885414242744445801e-01
9.322896599769592285e-01
8.932889103889465332e-01
8.660962581634521484e-01
9.219861626625061035e-01
9.623228311538696289e-01
9.745213985443115234e-01
9.793926477432250977e-01
9.831370115280151367e-01
9.931108355522155762e-01
9.981148242950439453e-01
9.989405274391174316e-01
9.966069459915161133e-01
9.922971129417419434e-01
9.842540025711059570e-01
9.774383306503295898e-01
9.724951386451721191e-01
9.804989099502563477e-01
9.892423152923583984e-01
9.987871646881103516e-01
1.000000000000000000e+00
9.995952248573303223e-01
9.980428218841552734e-01
9.968646168708801270e-01
9.960066676139831543e-01
9.983167052268981934e-01
9.993024468421936035e-01
9.984784126281738281e-01
9.602677226066589355e-01
9.163998961448669434e-01
8.857885003089904785e-01
9.098485708236694336e-01
9.730092883110046387e-01
9.882555007934570312e-01
9.967616200447082520e-01
9.958042502403259277e-01
9.961239695549011230e-01
9.970440864562988281e-01
9.990348815917968750e-01
9.992312788963317871e-01
9.977427124977111816e-01
9.974598884582519531e-01
9.976353049278259277e-01
9.986248612403869629e-01
9.989897012710571289e-01
9.969261288642883301e-01
9.595152735710144043e-01
7.188069224357604980e-01
2.207811623811721802e-01
1.444743424654006958e-01
2.219562679529190063e-01
5.410745739936828613e-01
7.893849015235900879e-01
9.898574948310852051e-01
9.974901676177978516e-01
9.999770522117614746e-01
9.999907016754150391e-01
9.999836087226867676e-01
9.999694824218750000e-01
9.999548792839050293e-01
9.999553561210632324e-01
9.999699592590332031e-01
9.999350309371948242e-01
9.997993111610412598e-01
9.994183182716369629e-01
9.986348152160644531e-01
9.976095557212829590e-01
9.958124160766601562e-01
9.905496835708618164e-01
9.806709289550781250e-01
9.722607731819152832e-01
9.697033166885375977e-01
9.902211427688598633e-01
9.991188049316406250e-01
9.993863105773925781e-01
9.995142817497253418e-01
9.995204210281372070e-01
9.992995262145996094e-01
9.990000724792480469e-01
9.987281560897827148e-01
9.989861845970153809e-01
9.991263747215270996e-01
9.991392493247985840e-01
9.972647428512573242e-01
9.947623610496520996e-01
9.912600517272949219e-01
9.923482537269592285e-01
9.962196350097656250e-01
9.979760646820068359e-01
9.992161393165588379e-01
9.996139407157897949e-01
9.995773434638977051e-01
9.992272257804870605e-01
9.977889060974121094e-01
9.564623236656188965e-01
8.783320188522338867e-01
7.980141043663024902e-01
7.647094130516052246e-01
8.540054559707641602e-01
9.254580736160278320e-01
9.855843782424926758e-01
9.945911765098571777e-01
9.997993707656860352e-01
9.996125698089599609e-01
9.993577003479003906e-01
9.990657567977905273e-01
9.986777901649475098e-01
9.663116335868835449e-01
9.073606133460998535e-01
7.281492948532104492e-01
6.247110962867736816e-01
7.192173004150390625e-01
8.475834727287292480e-01
9.842593073844909668e-01
9.913629293441772461e-01
9.939602017402648926e-01
9.906886219978332520e-01
9.778532385826110840e-01
9.162111878395080566e-01
6.490815281867980957e-01
4.451434612274169922e-01
2.902581095695495605e-01
4.568334519863128662e-01
6.649745106697082520e-01
9.174609780311584473e-01
9.975437521934509277e-01
9.999781250953674316e-01
9.999780654907226562e-01
9.996870756149291992e-01
9.990258812904357910e-01
9.889953136444091797e-01
9.793139696121215820e-01
9.799757003784179688e-01
9.848910570144653320e-01
9.930967688560485840e-01
9.962143301963806152e-01
9.982718229293823242e-01
9.987214803695678711e-01
9.991601705551147461e-01
9.995766282081604004e-01
9.997202754020690918e-01
9.998379945755004883e-01
9.999220371246337891e-01
9.995102882385253906e-01
9.989558458328247070e-01
9.982925057411193848e-01
9.983242154121398926e-01
9.989116191864013672e-01
9.994431734085083008e-01
9.998375177383422852e-01
9.999203085899353027e-01
9.999592304229736328e-01
9.999764561653137207e-01
9.999861121177673340e-01
9.999932646751403809e-01
9.999967217445373535e-01
9.999946951866149902e-01
9.999826550483703613e-01
9.999258518218994141e-01
9.998249411582946777e-01
9.996855258941650391e-01
9.982659220695495605e-01
9.899209737777709961e-01
9.636319875717163086e-01
9.377689361572265625e-01
9.133234620094299316e-01
9.609543085098266602e-01
9.925171732902526855e-01
9.984519481658935547e-01
9.997441172599792480e-01
9.995169043540954590e-01
9.991860389709472656e-01
9.986296296119689941e-01
9.978441596031188965e-01
9.770194888114929199e-01
9.465514421463012695e-01
8.949237465858459473e-01
8.780588507652282715e-01
8.838118314743041992e-01
9.019721746444702148e-01
7.892194986343383789e-01
4.248538315296173096e-01
2.094277292490005493e-01
6.958164274692535400e-02
1.050802245736122131e-01
2.581508159637451172e-01
5.563913583755493164e-01
7.693380713462829590e-01
9.347261786460876465e-01
9.742749333381652832e-01
9.941480755805969238e-01
9.981158375740051270e-01
9.940938949584960938e-01
9.868644475936889648e-01
9.733562469482421875e-01
9.678323864936828613e-01
9.601461291313171387e-01
6.442260742187500000e-01
3.482521176338195801e-01
8.360045403242111206e-02
1.159363705664873123e-02
5.668918043375015259e-02
4.988670349121093750e-01
7.753174901008605957e-01
8.772246241569519043e-01
9.332066774368286133e-01
9.280986189842224121e-01
7.349131107330322266e-01
5.019169449806213379e-01
2.404358386993408203e-01
3.493277132511138916e-01
5.438038110733032227e-01
8.828123211860656738e-01
9.371269345283508301e-01
8.370168805122375488e-01
3.108966648578643799e-01
3.742128312622422893e-39
6.916290739475496880e-40
0.000000000000000000e+00
4.784575849771499634e-02
3.928275108337402344e-01
5.140746831893920898e-01
4.141562879085540771e-01
1.938159614801406860e-01
1.737447641789913177e-02
5.066210404038429260e-02
2.729173898696899414e-01
6.249005198478698730e-01
8.247303366661071777e-01
9.612987637519836426e-01
9.773251414299011230e-01
9.869428277015686035e-01
9.932224750518798828e-01
9.920288920402526855e-01
9.906566739082336426e-01
9.890285730361938477e-01
9.860533475875854492e-01
9.819110631942749023e-01
9.727752804756164551e-01
9.589166641235351562e-01
9.402651190757751465e-01
8.084211945533752441e-01
6.055186986923217773e-01
2.142032384872436523e-01
3.153236210346221924e-02
2.072010654956102371e-03
1.193305943161249161e-03
1.086284220218658447e-01
4.656648337841033936e-01
7.490609884262084961e-01
9.889000654220581055e-01
9.943762421607971191e-01
9.981607198715209961e-01
9.992051720619201660e-01
9.997025728225708008e-01
9.999790191650390625e-01
9.999906420707702637e-01
9.999914169311523438e-01
9.999795556068420410e-01
9.996376633644104004e-01
9.976469278335571289e-01
9.884783029556274414e-01
9.727000594139099121e-01
9.512714147567749023e-01
9.696847796440124512e-01
9.885120987892150879e-01
9.956373572349548340e-01
9.985541701316833496e-01
9.988617300987243652e-01
9.990632534027099609e-01
9.984213113784790039e-01
9.961068630218505859e-01
9.873327612876892090e-01
9.742828011512756348e-01
9.335170984268188477e-01
8.960574865341186523e-01
8.633678555488586426e-01
8.972968459129333496e-01
9.469007253646850586e-01
9.588533043861389160e-01
9.537214636802673340e-01
9.298684000968933105e-01
9.195080399513244629e-01
9.157023429870605469e-01
9.283449053764343262e-01
9.466013312339782715e-01
9.695107936859130859e-01
9.872461557388305664e-01
1.000000000000000000e+00
1.000000000000000000e+00
1.000000000000000000e+00
1.000000000000000000e+00
9.988383650779724121e-01
9.981509447097778320e-01
9.985330700874328613e-01
9.990639686584472656e-01
9.995792508125305176e-01
9.977200031280517578e-01
9.917043447494506836e-01
9.791695475578308105e-01
9.632931947708129883e-01
9.446860551834106445e-01
9.116576313972473145e-01
8.643290400505065918e-01
7.995997667312622070e-01
7.452866435050964355e-01
7.177569270133972168e-01
8.183362483978271484e-01
9.086394906044006348e-01
9.892644882202148438e-01
1.000000000000000000e+00
1.000000000000000000e+00
1.000000000000000000e+00
7.934890985488891602e-01
4.324528574943542480e-01
2.642239034175872803e-01
2.239326983690261841e-01
4.749456644058227539e-01
7.305688858032226562e-01
9.892103672027587891e-01
9.974095225334167480e-01
9.999825358390808105e-01
9.999951124191284180e-01
9.999988675117492676e-01
9.999985098838806152e-01
9.999980330467224121e-01
9.999970197677612305e-01
9.999952912330627441e-01
9.999917149543762207e-01
9.999880194664001465e-01
9.999892115592956543e-01
9.999926090240478516e-01
9.999987483024597168e-01
1.000000000000000000e+00
1.000000000000000000e+00
1.000000000000000000e+00
9.999986886978149414e-01
9.999960064888000488e-01
9.999967813491821289e-01
9.999978542327880859e-01
9.999975562095642090e-01
9.999968409538269043e-01
9.999958276748657227e-01
9.999793767929077148e-01
9.997400045394897461e-01
9.988155364990234375e-01
9.977678060531616211e-01
9.966356158256530762e-01
9.982794523239135742e-01
9.996417760848999023e-01
9.998879432678222656e-01
9.999855756759643555e-01
9.999986290931701660e-01
9.999995231628417969e-01
9.999673366546630859e-01
9.998693466186523438e-01
9.969175457954406738e-01
9.891099929809570312e-01
8.594140410423278809e-01
6.766913533210754395e-01
4.066059887409210205e-01
4.314757585525512695e-01
5.657574534416198730e-01
6.596350669860839844e-01
5.423531532287597656e-01
1.304075419902801514e-01
1.769682206213474274e-02
3.622587120685402673e-15
3.123009460087068645e-14
9.387626960233319551e-06
3.000240394612774253e-05
8.679348044097423553e-03
2.444221824407577515e-02
6.917952746152877808e-02
2.237694561481475830e-01
4.911833703517913818e-01
7.216062545776367188e-01
9.132822155952453613e-01
9.647670984268188477e-01
9.898775219917297363e-01
9.914466142654418945e-01
9.847742319107055664e-01
9.757094383239746094e-01
9.623275399208068848e-01
9.637784361839294434e-01
9.768054485321044922e-01
9.888684153556823730e-01
9.980368018150329590e-01
9.988164305686950684e-01
7.432206273078918457e-01
3.130563199520111084e-01
1.241989433765411377e-01
5.998604137857910246e-07
1.655645291975815780e-07
3.279832005500793457e-01
8.509882688522338867e-01
9.442536830902099609e-01
9.990836977958679199e-01
9.992289543151855469e-01
9.992581605911254883e-01
9.992255568504333496e-01
9.988290667533874512e-01
9.984290599822998047e-01
9.980254769325256348e-01
9.980389475822448730e-01
9.982575774192810059e-01
9.988477230072021484e-01
9.992609024047851562e-01
9.993647933006286621e-01
9.973682761192321777e-01
9.924867153167724609e-01
9.472007751464843750e-01
8.942812085151672363e-01
8.292941451072692871e-01
8.222081065177917480e-01
8.085800409317016602e-01
4.121423959732055664e-01
1.339557766914367676e-01
2.691504359245300293e-02
1.998213883780408651e-05
2.357561513781547546e-02
2.857219576835632324e-01
5.736197829246520996e-01
8.956875801086425781e-01
9.358237981796264648e-01
8.663815259933471680e-01
5.928141474723815918e-01
4.667365849018096924e-01
5.221830606460571289e-01
7.401136159896850586e-01
9.713178873062133789e-01
9.899840354919433594e-01
9.999931454658508301e-01
9.999793767929077148e-01
9.998704195022583008e-01
9.997079372406005859e-01
9.993612170219421387e-01
9.973206520080566406e-01
9.934348464012145996e-01
9.941437244415283203e-01
9.959661960601806641e-01
9.982442855834960938e-01
9.994929432868957520e-01
9.996787309646606445e-01
9.995151162147521973e-01
9.993393421173095703e-01
9.994673132896423340e-01
9.995507001876831055e-01
9.995896816253662109e-01
9.979414939880371094e-01
9.927878379821777344e-01
9.725721478462219238e-01
8.300451040267944336e-01
5.701431632041931152e-01
2.601640820503234863e-01
1.323007163591682911e-03
8.534301072359085083e-03
2.898593544960021973e-01
8.255440592765808105e-01
9.256778955459594727e-01
9.266878962516784668e-01
8.244752287864685059e-01
7.339853644371032715e-01
6.542150378227233887e-01
7.797981500625610352e-01
9.190086126327514648e-01
9.716680645942687988e-01
9.976651072502136230e-01
9.996374249458312988e-01
9.953018426895141602e-01
9.895238280296325684e-01
9.819993376731872559e-01
9.817860126495361328e-01
9.880644083023071289e-01
9.942160248756408691e-01
9.992280602455139160e-01
9.996815323829650879e-01
9.999199509620666504e-01
9.999663233757019043e-01
9.999827146530151367e-01
9.999927878379821777e-01
9.999966621398925781e-01
9.999986886978149414e-01
9.999990463256835938e-01
9.999989271163940430e-01
9.999809861183166504e-01
9.998885989189147949e-01
9.929955005645751953e-01
9.799637794494628906e-01
9.451680183410644531e-01
9.188709259033203125e-01
9.445527195930480957e-01
9.679050445556640625e-01
9.890971779823303223e-01
9.912028312683105469e-01
9.889973998069763184e-01
9.826092720031738281e-01
9.534679055213928223e-01
9.025536179542541504e-01
5.864651799201965332e-01
2.576652467250823975e-01
1.048190444707870483e-01
1.037116050720214844e-01
2.524288594722747803e-01
2.894390821456909180e-01
3.440174162387847900e-01
6.034007668495178223e-01
8.013029098510742188e-01
9.356200695037841797e-01
9.218530654907226562e-01
8.035054802894592285e-01
2.754996418952941895e-01
4.009968051832402125e-06
6.495311595244857017e-07
1.051850384101271629e-03
6.273739784955978394e-02
5.067058801651000977e-01
8.133766651153564453e-01
9.620078802108764648e-01
9.961091279983520508e-01
9.998509287834167480e-01
9.998297691345214844e-01
9.995917081832885742e-01
9.990867972373962402e-01
9.983252882957458496e-01
9.974750280380249023e-01
9.964892268180847168e-01
9.906241297721862793e-01
9.782635569572448730e-01
9.277364015579223633e-01
8.686408400535583496e-01
8.502293229103088379e-01
8.537604808807373047e-01
8.889245986938476562e-01
7.065985798835754395e-01
4.655704498291015625e-01
5.029332637786865234e-01
5.968309044837951660e-01
7.798576951026916504e-01
8.947671651840209961e-01
9.791337251663208008e-01
9.902660250663757324e-01
9.976471066474914551e-01
9.984530806541442871e-01
9.989908337593078613e-01
9.994042515754699707e-01
9.996816515922546387e-01
9.998868107795715332e-01
9.999507665634155273e-01
9.998156428337097168e-01
9.995797276496887207e-01
9.919438362121582031e-01
9.752426147460937500e-01
9.387640357017517090e-01
9.401938319206237793e-01
9.633569121360778809e-01
9.827405810356140137e-01
9.970182776451110840e-01
9.987029433250427246e-01
9.991444349288940430e-01
9.987741708755493164e-01
9.921021461486816406e-01
9.790558218955993652e-01
9.484850168228149414e-01
8.796051144599914551e-01
7.825453281402587891e-01
7.660851478576660156e-01
7.847298979759216309e-01
8.951088190078735352e-01
9.611733555793762207e-01
9.896650314331054688e-01
9.740247130393981934e-01
9.518764019012451172e-01
9.317680001258850098e-01
9.332936406135559082e-01
9.559497833251953125e-01
9.779990315437316895e-01
9.961972832679748535e-01
9.929689764976501465e-01
9.893020987510681152e-01
9.851491451263427734e-01
9.883390069007873535e-01
9.933472275733947754e-01
9.973801970481872559e-01
9.968852996826171875e-01
9.904315471649169922e-01
8.429753184318542480e-01
6.418650150299072266e-01
3.486695289611816406e-01
1.730722934007644653e-01
1.823971718549728394e-01
4.643043279647827148e-01
8.459678292274475098e-01
7.945131063461303711e-01
7.744014263153076172e-01
8.133012652397155762e-01
8.795116543769836426e-01
9.593936204910278320e-01
9.791133999824523926e-01
9.927257895469665527e-01
9.943853020668029785e-01
9.407947659492492676e-01
8.535799384117126465e-01
6.803104281425476074e-01
5.672385692596435547e-01
6.454741358757019043e-01
7.706685662269592285e-01
9.307399988174438477e-01
9.590922594070434570e-01
9.716745018959045410e-01
9.856151342391967773e-01
9.936965107917785645e-01
9.964971542358398438e-01
9.886993765830993652e-01
9.468262791633605957e-01
7.379263639450073242e-01
6.315540075302124023e-01
6.379249691963195801e-01
8.031853437423706055e-01
9.891412258148193359e-01
9.954671263694763184e-01
9.990621805191040039e-01
9.989157319068908691e-01
9.958957433700561523e-01
9.911618828773498535e-01
9.741885662078857422e-01
9.689685702323913574e-01
9.839704036712646484e-01
9.927226305007934570e-01
9.985731840133666992e-01
9.822397232055664062e-01
9.639451503753662109e-01
9.414148926734924316e-01
9.256330132484436035e-01
9.138735532760620117e-01
9.181398153305053711e-01
9.285705685615539551e-01
9.541715979576110840e-01
9.752696156501770020e-01
9.929414987564086914e-01
9.859449267387390137e-01
8.727151751518249512e-01
3.316410779953002930e-01
4.539331421256065369e-02
6.872182711958885193e-03
8.251953431681613438e-07
6.762458384037017822e-02
5.702973008155822754e-01
8.881168961524963379e-01
9.760953187942504883e-01
9.736002087593078613e-01
9.171484112739562988e-01
5.215001702308654785e-01
2.206195741891860962e-01
7.427417486906051636e-02
1.622857600450515747e-01
3.548915684223175049e-01
6.779595017433166504e-01
8.929780125617980957e-01
8.719956874847412109e-01
6.477809548377990723e-01
3.022832274436950684e-01
2.886652052402496338e-01
3.469991981983184814e-01
5.569344758987426758e-01
7.438346147537231445e-01
9.126741886138916016e-01
9.637457728385925293e-01
9.901489615440368652e-01
9.857068657875061035e-01
9.822226762771606445e-01
9.797440171241760254e-01
9.852120280265808105e-01
9.923694729804992676e-01
9.965260028839111328e-01
9.990524649620056152e-01
9.992897510528564453e-01
9.995360970497131348e-01
9.997801780700683594e-01
9.998568892478942871e-01
9.998963475227355957e-01
9.998643398284912109e-01
9.993798732757568359e-01
9.986506700515747070e-01
9.887114167213439941e-01
9.735226631164550781e-01
9.448758363723754883e-01
9.329292774200439453e-01
9.334949851036071777e-01
8.950751423835754395e-01
8.645281791687011719e-01
8.912231326103210449e-01
9.190898537635803223e-01
9.481548070907592773e-01
9.570091962814331055e-01
9.616144299507141113e-01
9.724408388137817383e-01
9.812625050544738770e-01
9.872485399246215820e-01
9.912303686141967773e-01
9.944116473197937012e-01
9.970811009407043457e-01
9.990184903144836426e-01
9.994783401489257812e-01
9.988834857940673828e-01
9.976888895034790039e-01
9.849252700805664062e-01
9.640861749649047852e-01
9.209279417991638184e-01
8.491085767745971680e-01
7.544006109237670898e-01
6.443404555320739746e-01
5.609492659568786621e-01
6.271335482597351074e-01
7.310683727264404297e-01
8.778151273727416992e-01
9.495284557342529297e-01
9.954319000244140625e-01
9.975790977478027344e-01
9.957984089851379395e-01
9.875569343566894531e-01
8.407536745071411133e-01
6.292004585266113281e-01
2.870219945907592773e-01
4.244664683938026428e-02
4.431713744997978210e-02
1.874604374170303345e-01
4.278531670570373535e-01
6.702889204025268555e-01
8.165143728256225586e-01
5.675591826438903809e-01
3.128194510936737061e-01
5.225172638893127441e-02
9.346244889130161937e-10
4.258895666686690618e-11
4.508365902822220050e-10
5.440015105051543287e-10
1.711243091673253502e-10
9.969767233997117728e-06
3.544560633599758148e-03
4.877063333988189697e-01
8.537474274635314941e-01
9.551602602005004883e-01
9.817389845848083496e-01
9.603505134582519531e-01
9.587342143058776855e-01
9.627266526222229004e-01
9.805269241333007812e-01
9.921610951423645020e-01
9.978488683700561523e-01
9.988656044006347656e-01
9.982398748397827148e-01
9.931549429893493652e-01
9.830777645111083984e-01
9.657371044158935547e-01
9.597288370132446289e-01
9.585709571838378906e-01
9.822393655776977539e-01
9.988688230514526367e-01
9.996325969696044922e-01
9.998319745063781738e-01
9.996656775474548340e-01
9.993647933006286621e-01
9.987391829490661621e-01
9.968811273574829102e-01
9.624657630920410156e-01
8.955191969871520996e-01
5.259521603584289551e-01
1.153202205896377563e-01
4.348308965563774109e-02
1.415910800503583184e-18
3.338510258045910917e-19
7.901504971152828460e-13
1.932866410328526463e-12
1.004531234502792358e-02
9.287796914577484131e-02
3.562082648277282715e-01
5.845864415168762207e-01
7.879242300987243652e-01
8.956353664398193359e-01
9.758998751640319824e-01
9.898952841758728027e-01
9.929151535034179688e-01
9.835766553878784180e-01
8.482080698013305664e-01
6.633494496345520020e-01
3.102052211761474609e-01
8.213624358177185059e-02
7.823292911052703857e-02
7.196316868066787720e-02
6.445351243019104004e-02
2.885438129305839539e-02
2.021266845986247063e-03
6.905276793986558914e-03
1.008818373084068298e-01
2.712511718273162842e-01
5.777972936630249023e-01
8.794920444488525391e-01
9.535093903541564941e-01
9.969149827957153320e-01
9.976805448532104492e-01
9.885869622230529785e-01
9.752432703971862793e-01
9.135013818740844727e-01
8.281923532485961914e-01
6.881255507469177246e-01
4.478782117366790771e-01
1.389066576957702637e-01
5.555874481797218323e-02
1.410738751292228699e-02
3.181707859039306641e-02
1.321916729211807251e-01
3.258111476898193359e-01
4.571770131587982178e-01
5.754880309104919434e-01
8.037781715393066406e-01
9.509219527244567871e-01
9.445042014122009277e-01
8.747504353523254395e-01
7.688156962394714355e-01
6.792143583297729492e-01
6.427280306816101074e-01
7.885966897010803223e-01
8.965344429016113281e-01
9.685612916946411133e-01
9.851348996162414551e-01
9.785442352294921875e-01
8.782501816749572754e-01
7.742785215377807617e-01
6.642484068870544434e-01
7.580735683441162109e-01
9.505392909049987793e-01
9.807530045509338379e-01
9.988397359848022461e-01
9.993567466735839844e-01
9.979823827743530273e-01
9.950205683708190918e-01
9.560146331787109375e-01
9.102707505226135254e-01
8.679196834564208984e-01
8.657740354537963867e-01
9.208113551139831543e-01
9.619321227073669434e-01
9.970948696136474609e-01
9.980975389480590820e-01
9.986826777458190918e-01
9.992706179618835449e-01
9.994568228721618652e-01
9.993331432342529297e-01
9.992671012878417969e-01
9.991676807403564453e-01
9.988042116165161133e-01
9.987357258796691895e-01
9.990602135658264160e-01
9.985573291778564453e-01
9.977372884750366211e-01
9.985347390174865723e-01
9.989377260208129883e-01
9.983792304992675781e-01
9.978039860725402832e-01
9.972176551818847656e-01
9.932960271835327148e-01
9.884139895439147949e-01
9.810606241226196289e-01
9.804781675338745117e-01
9.886904954910278320e-01
9.944509863853454590e-01
9.992333650588989258e-01
9.995508790016174316e-01
9.994655847549438477e-01
9.984092116355895996e-01
9.441567659378051758e-01
8.512222766876220703e-01
4.169070422649383545e-01
2.013673338296939619e-06
7.303700613192631863e-07
7.146622168056567062e-44
1.541428310757298778e-44
0.000000000000000000e+00
0.000000000000000000e+00
3.112811701465344511e-19
3.390537202358245850e-02
1.542376428842544556e-01
3.705747425556182861e-01
6.611844301223754883e-01
6.790800094604492188e-01
6.507818698883056641e-01
6.360974907875061035e-01
6.677711606025695801e-01
7.647271156311035156e-01
8.694578409194946289e-01
9.775960445404052734e-01
9.678291082382202148e-01
8.646371364593505859e-01
5.040753483772277832e-01
2.838844954967498779e-01
1.808098554611206055e-01
3.787686824798583984e-01
6.360571980476379395e-01
8.594999313354492188e-01
9.965031147003173828e-01
9.988958835601806641e-01
9.987723231315612793e-01
9.974197745323181152e-01
9.678172469139099121e-01
9.296662807464599609e-01
8.680480718612670898e-01
8.396672010421752930e-01
8.426256775856018066e-01
8.979283571243286133e-01
9.631773829460144043e-01
9.855631589889526367e-01
9.998951554298400879e-01
9.995998740196228027e-01
9.976334571838378906e-01
9.947112798690795898e-01
9.642283916473388672e-01
8.825813531875610352e-01
6.007955670356750488e-01
3.321242630481719971e-01
7.858766615390777588e-02
9.372104890644550323e-03
8.310489647556096315e-05
8.372227312065660954e-04
1.599751710891723633e-01
6.677076220512390137e-01
9.180884957313537598e-01
9.897322654724121094e-01
9.982813000679016113e-01
9.959164261817932129e-01
9.859610795974731445e-01
9.851050972938537598e-01
9.965828061103820801e-01
1.000000000000000000e+00
1.000000000000000000e+00
9.023171663284301758e-01
7.541134357452392578e-01
4.666863679885864258e-01
2.729924321174621582e-01
1.606467515230178833e-01
2.125304341316223145e-01
3.167437613010406494e-01
5.703203082084655762e-01
7.758591175079345703e-01
8.970521092414855957e-01
9.582961797714233398e-01
9.857727885246276855e-01
9.857124686241149902e-01
9.824059009552001953e-01
9.762209057807922363e-01
9.767423272132873535e-01
9.849208593368530273e-01
9.926092624664306641e-01
9.999852180480957031e-01
9.991107583045959473e-01
9.982959628105163574e-01
9.976233839988708496e-01
9.979615807533264160e-01
9.990770220756530762e-01
9.994585514068603516e-01
9.996519088745117188e-01
9.994803667068481445e-01
9.993458986282348633e-01
9.992700815200805664e-01
9.994555115699768066e-01
9.997742772102355957e-01
9.998723268508911133e-01
9.989244937896728516e-01
9.940834045410156250e-01
9.127581119537353516e-01
7.499492168426513672e-01
6.588289737701416016e-01
5.982587933540344238e-01
8.012036681175231934e-01
8.884634971618652344e-01
7.049025297164916992e-01
7.320274710655212402e-01
9.172042608261108398e-01
9.691492319107055664e-01
9.935436844825744629e-01
9.969761967658996582e-01
9.992014169692993164e-01
9.995130300521850586e-01
9.995367527008056641e-01
9.994108676910400391e-01
9.994515776634216309e-01
9.994861483573913574e-01
9.994474649429321289e-01
9.992855787277221680e-01
9.989851713180541992e-01
9.993283152580261230e-01
9.998856186866760254e-01
9.996439814567565918e-01
9.994649291038513184e-01
9.994457960128784180e-01
9.991365075111389160e-01
9.985918402671813965e-01
9.988962411880493164e-01
9.993743300437927246e-01
9.997469186782836914e-01
9.999850392341613770e-01
9.999870061874389648e-01
9.998970031738281250e-01
9.997534155845642090e-01
9.985173940658569336e-01
9.969310164451599121e-01
9.942074418067932129e-01
9.942856431007385254e-01
9.979895949363708496e-01
9.993431568145751953e-01
9.997056126594543457e-01
9.993525743484497070e-01
9.989085793495178223e-01
9.982408881187438965e-01
9.958870410919189453e-01
9.919068813323974609e-01
9.653859734535217285e-01
9.313454627990722656e-01
8.749730587005615234e-01
8.431746363639831543e-01
8.658502101898193359e-01
9.112437963485717773e-01
9.732881784439086914e-01
9.890765547752380371e-01
9.955326318740844727e-01
9.963727593421936035e-01
9.950557351112365723e-01
9.901312589645385742e-01
9.901973009109497070e-01
9.930797815322875977e-01
9.930781126022338867e-01
9.859365820884704590e-01
9.457164406776428223e-01
8.048758506774902344e-01
5.339067578315734863e-01
4.592687189579010010e-01
4.673690199851989746e-01
6.401339173316955566e-01
8.027880787849426270e-01
9.127374887466430664e-01
9.766424894332885742e-01
9.936737418174743652e-01
9.987159371376037598e-01
9.999108314514160156e-01
9.999591112136840820e-01
9.999762773513793945e-01
9.999159574508666992e-01
9.983354210853576660e-01
9.955106973648071289e-01
9.849923253059387207e-01
9.731366634368896484e-01
9.661139845848083496e-01
9.679197072982788086e-01
9.868320226669311523e-01
9.960947632789611816e-01
9.989681839942932129e-01
9.993333816528320312e-01
9.993174672126770020e-01
9.993840456008911133e-01
9.995167255401611328e-01
9.997531771659851074e-01
9.997969865798950195e-01
9.997371435165405273e-01
9.992358684539794922e-01
9.984682798385620117e-01
9.966454505920410156e-01
9.955143928527832031e-01
9.952792525291442871e-01
9.966908097267150879e-01
9.988211393356323242e-01
9.988554120063781738e-01
9.970712661743164062e-01
9.890640974044799805e-01
9.650110006332397461e-01
9.232851266860961914e-01
9.408994913101196289e-01
9.796383976936340332e-01
9.857049584388732910e-01
9.726624488830566406e-01
9.043865799903869629e-01
7.205725312232971191e-01
4.287338554859161377e-01
2.550528645515441895e-01
1.376479715108871460e-01
6.176612973213195801e-01
9.627411961555480957e-01
9.872817397117614746e-01
9.986025691032409668e-01
9.992305636405944824e-01
9.942543506622314453e-01
9.716160893440246582e-01
7.283963561058044434e-01
4.733256697654724121e-01
1.938132792711257935e-01
1.787864565849304199e-01
3.517732620239257812e-01
4.553413093090057373e-01
5.493235588073730469e-01
6.735318303108215332e-01
7.752212285995483398e-01
8.362726569175720215e-01
8.824741840362548828e-01
9.194187521934509277e-01
9.547116756439208984e-01
9.863598346710205078e-01
9.944880008697509766e-01
9.995726943016052246e-01
9.997600317001342773e-01
9.977923035621643066e-01
9.946011900901794434e-01
9.964800477027893066e-01
9.986763000488281250e-01
9.993160963058471680e-01
9.992450475692749023e-01
9.981320500373840332e-01
9.977104067802429199e-01
9.976402521133422852e-01
7.458001375198364258e-01
4.678744077682495117e-01
1.725322753190994263e-01
2.620674902573227882e-03
1.083813956938683987e-03
3.699735403060913086e-01
9.135278463363647461e-01
9.767169356346130371e-01
9.999688863754272461e-01
9.999884963035583496e-01
9.999984502792358398e-01
9.999961256980895996e-01
9.999855756759643555e-01
9.999714493751525879e-01
9.999866485595703125e-01
1.000000000000000000e+00
1.000000000000000000e+00
9.991421103477478027e-01
9.972612261772155762e-01
9.868769645690917969e-01
9.729767441749572754e-01
9.755173325538635254e-01
9.758571386337280273e-01
9.653371572494506836e-01
9.602164626121520996e-01
9.613633751869201660e-01
9.725787639617919922e-01
9.878429770469665527e-01
9.927537441253662109e-01
9.963208436965942383e-01
9.963456392288208008e-01
9.943811893463134766e-01
9.901634454727172852e-01
9.923316836357116699e-01
9.969564080238342285e-01
9.987038969993591309e-01
9.943751692771911621e-01
9.688634276390075684e-01
9.581601619720458984e-01
9.640433788299560547e-01
9.772592186927795410e-01
9.933217763900756836e-01
9.971693754196166992e-01
9.998843669891357422e-01
9.999593496322631836e-01
9.999993443489074707e-01
9.999997615814208984e-01
9.999999403953552246e-01
9.999999403953552246e-01
9.999999403953552246e-01
9.999999403953552246e-01
9.999997615814208984e-01
9.999743103981018066e-01
9.999199509620666504e-01
9.999232888221740723e-01
9.999498724937438965e-01
9.996724128723144531e-01
9.990012049674987793e-01
9.968795180320739746e-01
9.965917468070983887e-01
9.985016584396362305e-01
9.994270205497741699e-01
9.999349117279052734e-01
9.999703168869018555e-01
9.999544620513916016e-01
9.998303055763244629e-01
9.983479976654052734e-01
9.951635003089904785e-01
9.820423722267150879e-01
9.644718170166015625e-01
9.689760208129882812e-01
9.765686392784118652e-01
9.913121461868286133e-01
9.998080134391784668e-01
9.999526143074035645e-01
9.999971985816955566e-01
9.999930858612060547e-01
9.999880194664001465e-01
9.999842643737792969e-01
9.999877214431762695e-01
9.999898076057434082e-01
9.999899268150329590e-01
9.750547409057617188e-01
9.369894862174987793e-01
4.659302532672882080e-01
2.053454518318176270e-02
2.146401815116405487e-02
1.862778812646865845e-01
6.107282638549804688e-01
4.923052489757537842e-01
5.531190335750579834e-02
2.156967139621546181e-11
0.000000000000000000e+00
0.000000000000000000e+00
2.055592387914657593e-01
7.747876644134521484e-01
6.756659746170043945e-01
1.383492946624755859e-01
2.970451116561889648e-02
3.916999325156211853e-02
4.619169831275939941e-01
6.232393383979797363e-01
2.606906592845916748e-01
7.347806543111801147e-02
1.532460935413837433e-02
2.917704582214355469e-01
6.353899836540222168e-01
8.478271365165710449e-01
9.969679117202758789e-01
9.989430904388427734e-01
9.998710155487060547e-01
9.999102950096130371e-01
9.999099373817443848e-01
9.999002814292907715e-01
9.999577999114990234e-01
1.000000000000000000e+00
1.000000000000000000e+00
9.999482631683349609e-01
9.998461008071899414e-01
9.995353817939758301e-01
9.991534352302551270e-01
9.865238666534423828e-01
9.755244851112365723e-01
9.708974361419677734e-01
9.747917056083679199e-01
9.885524511337280273e-01
9.954869151115417480e-01
9.995331764221191406e-01
9.998660683631896973e-01
9.999536275863647461e-01
9.999559521675109863e-01
9.999643564224243164e-01
9.999813437461853027e-01
9.999914169311523438e-01
9.999980926513671875e-01
9.999993443489074707e-01
9.999999403953552246e-01
1.000000000000000000e+00
1.000000000000000000e+00
1.000000000000000000e+00
1.000000000000000000e+00
9.999999403953552246e-01
9.999999403953552246e-01
9.999995231628417969e-01
9.999951124191284180e-01
9.996351599693298340e-01
9.985203742980957031e-01
9.839020967483520508e-01
9.586000442504882812e-01
9.168981313705444336e-01
8.724898099899291992e-01
8.764305114746093750e-01
8.918889760971069336e-01
9.390238523483276367e-01
9.727169871330261230e-01
9.930403232574462891e-01
9.990688562393188477e-01
9.999748468399047852e-01
1.000000000000000000e+00
9.999897480010986328e-01
9.999400973320007324e-01
9.999195337295532227e-01
9.999356865882873535e-01
9.999507665634155273e-01
9.999653697013854980e-01
9.999774098396301270e-01
9.999848008155822754e-01
9.999666810035705566e-01
9.991446733474731445e-01
9.970166683197021484e-01
9.431584477424621582e-01
8.567584156990051270e-01
8.005716800689697266e-01
7.565419077873229980e-01
7.878412604331970215e-01
7.450635433197021484e-01
5.400745272636413574e-01
5.907747149467468262e-01
8.532255291938781738e-01
9.502298235893249512e-01
1.000000000000000000e+00
1.000000000000000000e+00
9.104623198509216309e-01
5.482379794120788574e-01
4.316153824329376221e-01
5.826582908630371094e-01
7.594208121299743652e-01
9.469517469406127930e-01
9.799400568008422852e-01
9.993582963943481445e-01
9.997467398643493652e-01
9.999518990516662598e-01
9.998853802680969238e-01
9.993664622306823730e-01
9.985874295234680176e-01
9.985556602478027344e-01
9.986743330955505371e-01
9.991180896759033203e-01
9.995066523551940918e-01
9.997836947441101074e-01
9.999356269836425781e-01
9.999887347221374512e-01
1.000000000000000000e+00
9.999998807907104492e-01
9.999942183494567871e-01
9.999377727508544922e-01
9.997256398200988770e-01
9.990604519844055176e-01
9.978970885276794434e-01
9.913142323493957520e-01
9.824603199958801270e-01
9.873786568641662598e-01
9.929792881011962891e-01
9.969939589500427246e-01
9.987285733222961426e-01
9.969257116317749023e-01
9.688809514045715332e-01
9.247400164604187012e-01
7.624076604843139648e-01
5.979253649711608887e-01
6.688214540481567383e-01
7.661461234092712402e-01
9.250984787940979004e-01
1.000000000000000000e+00
1.000000000000000000e+00
1.000000000000000000e+00
1.000000000000000000e+00
1.000000000000000000e+00
9.935692548751831055e-01
9.626508951187133789e-01
9.571090936660766602e-01
9.846377372741699219e-01
9.961264133453369141e-01
9.993596076965332031e-01
9.998427629470825195e-01
9.999623894691467285e-01
9.999738335609436035e-01
9.999776482582092285e-01
9.999666213989257812e-01
9.999586939811706543e-01
9.999530911445617676e-01
9.999634623527526855e-01
9.999780654907226562e-01
9.999769926071166992e-01
9.999774098396301270e-01
9.999825358390808105e-01
9.999889731407165527e-01
9.999969601631164551e-01
9.999996423721313477e-01
1.000000000000000000e+00
1.000000000000000000e+00
9.999998807907104492e-01
9.999989867210388184e-01
9.999979734420776367e-01
9.999966025352478027e-01
9.999969601631164551e-01
9.999985694885253906e-01
9.999955296516418457e-01
9.999829530715942383e-01
9.996539354324340820e-01
9.991840124130249023e-01
9.982877969741821289e-01
9.976610541343688965e-01
9.973378181457519531e-01
9.962508082389831543e-01
9.948278069496154785e-01
9.828397631645202637e-01
9.706373810768127441e-01
9.631322622299194336e-01
9.667568206787109375e-01
9.901729822158813477e-01
9.989842176437377930e-01
9.972316622734069824e-01
9.633349180221557617e-01
9.233019948005676270e-01
9.621837139129638672e-01
9.924590587615966797e-01
9.958885312080383301e-01
9.975032806396484375e-01
9.970294237136840820e-01
9.936061501502990723e-01
9.888249039649963379e-01
9.607169032096862793e-01
9.330316781997680664e-01
9.248286485671997070e-01
9.343340396881103516e-01
9.774906635284423828e-01
9.971750378608703613e-01
9.986287355422973633e-01
9.987652897834777832e-01
9.985354542732238770e-01
9.993246793746948242e-01
9.999449253082275391e-01
9.999605417251586914e-01
9.999765157699584961e-01
9.999930858612060547e-01
9.999893903732299805e-01
9.999749660491943359e-01
9.985422492027282715e-01
9.944482445716857910e-01
9.664315581321716309e-01
9.444580078125000000e-01
9.359208941459655762e-01
9.168071746826171875e-01
8.881990313529968262e-01
5.219966769218444824e-01
3.909492120146751404e-02
3.917345032095909119e-02
1.121097579598426819e-01
4.293984770774841309e-01
5.672914385795593262e-01
4.270406961441040039e-01
4.068116247653961182e-01
4.638490080833435059e-01
6.801015734672546387e-01
9.216442704200744629e-01
9.658328890800476074e-01
9.987615346908569336e-01
9.990938901901245117e-01
9.973508119583129883e-01
9.932852983474731445e-01
9.894279241561889648e-01
9.856612086296081543e-01
9.885242581367492676e-01
9.921754598617553711e-01
9.962937235832214355e-01
9.990718960762023926e-01
9.991165995597839355e-01
9.987914562225341797e-01
9.981564283370971680e-01
9.980881810188293457e-01
9.982008337974548340e-01
9.987224340438842773e-01
9.790005087852478027e-01
8.713507056236267090e-01
6.263274550437927246e-01
1.751363575458526611e-01
3.545534613130763294e-36
5.280133867802700446e-37
0.000000000000000000e+00
0.000000000000000000e+00
0.000000000000000000e+00
1.581576647424753901e-08
7.903825860466895392e-08
1.021264142764266580e-05
3.206749534001573920e-05
2.448639315844047815e-05
2.646425627972348593e-06
2.408322507108096033e-05
6.388227455317974091e-03
7.028204202651977539e-02
2.578941583633422852e-01
7.204717993736267090e-01
9.494760632514953613e-01
9.649339914321899414e-01
8.855634927749633789e-01
7.714047431945800781e-01
4.637163877487182617e-01
1.767507642507553101e-01
6.962937861680984497e-02
1.170265604741871357e-03
7.706180913373827934e-04
2.246018648147583008e-01
6.153210997581481934e-01
8.213155865669250488e-01
9.761524796485900879e-01
9.788099527359008789e-01
9.812494516372680664e-01
9.870533347129821777e-01
9.889498949050903320e-01
9.852715730667114258e-01
9.847664237022399902e-01
9.862112998962402344e-01
9.924222230911254883e-01
9.993757009506225586e-01
9.997208118438720703e-01
9.999699592590332031e-01
9.999207854270935059e-01
9.994217157363891602e-01
9.983773231506347656e-01
9.911576509475708008e-01
9.807512164115905762e-01
7.869781851768493652e-01
5.893269181251525879e-01
6.829560399055480957e-01
7.883246541023254395e-01
9.234663248062133789e-01
9.936698675155639648e-01
9.958223104476928711e-01
9.967436194419860840e-01
9.971247315406799316e-01
9.838781952857971191e-01
9.312863945960998535e-01
5.641177296638488770e-01
2.574548423290252686e-01
8.369062095880508423e-02
1.191006262502014579e-07
2.565568557599817723e-08
2.844506043469391399e-14
6.767363633451012328e-14
1.119737513363361359e-02
7.133590430021286011e-02
4.371364414691925049e-01
6.867146492004394531e-01
7.126277685165405273e-01
7.611238360404968262e-01
8.285176157951354980e-01
8.584827780723571777e-01
8.757943511009216309e-01
8.492447733879089355e-01
8.319365382194519043e-01
8.766584396362304688e-01
9.166028499603271484e-01
9.479110240936279297e-01
9.228845834732055664e-01
8.542345166206359863e-01
7.906416654586791992e-01
7.285099625587463379e-01
8.381078839302062988e-01
9.386163353919982910e-01
9.721015095710754395e-01
9.943992495536804199e-01
9.980928897857666016e-01
9.997598528861999512e-01
9.999509453773498535e-01
9.999946355819702148e-01
9.999966025352478027e-01
9.999553561210632324e-01
9.998897314071655273e-01
9.997188448905944824e-01
9.996414780616760254e-01
9.997135400772094727e-01
9.997216463088989258e-01
9.996846914291381836e-01
9.996716976165771484e-01
9.996651411056518555e-01
9.996864199638366699e-01
9.997173547744750977e-01
9.997877478599548340e-01
9.998038411140441895e-01
9.997348785400390625e-01
9.993790984153747559e-01
9.988222718238830566e-01
9.984446167945861816e-01
9.981145858764648438e-01
9.971524477005004883e-01
9.963333010673522949e-01
9.961668252944946289e-01
9.825198054313659668e-01
9.475739598274230957e-01
9.153600931167602539e-01
8.850708007812500000e-01
9.296501278877258301e-01
9.945400357246398926e-01
9.978920817375183105e-01
9.998260736465454102e-01
9.995797276496887207e-01
9.979356527328491211e-01
9.940134286880493164e-01
9.828242659568786621e-01
9.663099050521850586e-01
9.397770166397094727e-01
9.102833867073059082e-01
8.010116219520568848e-01
6.930999159812927246e-01
6.030845642089843750e-01
5.837233066558837891e-01
6.868426203727722168e-01
7.690308094024658203e-01
8.351501822471618652e-01
8.861653208732604980e-01
9.324402213096618652e-01
9.582411646842956543e-01
9.799025654792785645e-01
9.839274883270263672e-01
9.845238327980041504e-01
9.786732196807861328e-01
9.770995974540710449e-01
9.791337251663208008e-01
9.774637222290039062e-01
9.744807481765747070e-01
8.126946091651916504e-01
6.224889755249023438e-01
3.191481232643127441e-01
1.425087749958038330e-01
2.298089712858200073e-01
4.533258378505706787e-01
8.033680915832519531e-01
9.405308961868286133e-01
9.926533699035644531e-01
9.982798099517822266e-01
9.988803267478942871e-01
9.972626566886901855e-01
9.941545724868774414e-01
9.874491095542907715e-01
9.655808210372924805e-01
9.276638031005859375e-01
8.397966623306274414e-01
7.284526824951171875e-01
7.301001548767089844e-01
7.519989609718322754e-01
8.272794485092163086e-01
8.949521780014038086e-01
9.404690861701965332e-01
9.620209336280822754e-01
9.544019699096679688e-01
9.460421204566955566e-01
9.372383356094360352e-01
9.474657773971557617e-01
9.611724019050598145e-01
9.605926275253295898e-01
9.615019559860229492e-01
9.678525924682617188e-01
9.744611382484436035e-01
9.814867377281188965e-01
9.850023984909057617e-01
9.861550331115722656e-01
9.898632168769836426e-01
9.942460060119628906e-01
9.953849911689758301e-01
9.954534173011779785e-01
9.907071590423583984e-01
9.094231724739074707e-01
6.930052042007446289e-01
5.708032846450805664e-01
5.264576077461242676e-01
5.221341252326965332e-01
5.319312214851379395e-01
7.623021602630615234e-01
9.827069044113159180e-01
9.919957518577575684e-01
9.986251592636108398e-01
9.992537498474121094e-01
9.800512790679931641e-01
9.404363036155700684e-01
9.241101145744323730e-01
9.185839295387268066e-01
9.445908069610595703e-01
9.738603830337524414e-01
9.826030135154724121e-01
9.882007837295532227e-01
9.842703342437744141e-01
9.826180338859558105e-01
9.839465022087097168e-01
9.892175197601318359e-01
9.969036579132080078e-01
9.990288019180297852e-01
9.998378753662109375e-01
9.998325705528259277e-01
9.998229146003723145e-01
9.998149275779724121e-01
9.997930526733398438e-01
9.997470378875732422e-01
9.997059106826782227e-01
9.996684193611145020e-01
9.997283816337585449e-01
9.998222589492797852e-01
9.998555779457092285e-01
9.998762607574462891e-01
9.998350143432617188e-01
9.196674823760986328e-01
6.492125391960144043e-01
4.147551953792572021e-01
2.205540686845779419e-01
2.737635374069213867e-01
4.526554942131042480e-01
6.050627231597900391e-01
7.475721240043640137e-01
7.295178771018981934e-01
6.478281021118164062e-01
3.379770219326019287e-01
1.197910234332084656e-01
3.611022979021072388e-02
4.615662153810262680e-03
9.737242944538593292e-03
6.299628876149654388e-03
3.171757853124290705e-04
1.338057973043760285e-05
3.056186484172940254e-03
2.589793317019939423e-02
1.945708096027374268e-01
6.744902133941650391e-01
9.181555509567260742e-01
9.245970249176025391e-01
7.771158218383789062e-01
5.579323172569274902e-01
6.184491515159606934e-01
7.119925022125244141e-01
6.044752597808837891e-01
4.815247058868408203e-01
3.079739511013031006e-01
2.766209542751312256e-01
4.484721720218658447e-01
5.542754530906677246e-01
6.148576736450195312e-01
3.762067258358001709e-01
4.978821054100990295e-02
2.688221447169780731e-02
5.948402732610702515e-02
3.576520085334777832e-01
6.360120773315429688e-01
8.701483011245727539e-01
9.922137260437011719e-01
9.977239966392517090e-01
9.992468953132629395e-01
9.988067746162414551e-01
9.880869984626770020e-01
9.742588996887207031e-01
9.204167723655700684e-01
8.807513117790222168e-01
8.953441381454467773e-01
9.051356315612792969e-01
9.073844552040100098e-01
9.313921928405761719e-01
9.722657799720764160e-01
9.890635609626770020e-01
9.975271821022033691e-01
9.931383728981018066e-01
9.872515797615051270e-01
9.776470065116882324e-01
9.718006849288940430e-01
9.757068753242492676e-01
9.821662902832031250e-01
9.916445612907409668e-01
9.922393560409545898e-01
9.876653552055358887e-01
8.908175826072692871e-01
7.720589637756347656e-01
8.386934399604797363e-01
9.050521254539489746e-01
9.552881717681884766e-01
9.904934763908386230e-01
9.964160323143005371e-01
9.620081782341003418e-01
8.891403079032897949e-01
8.106095194816589355e-01
7.297250032424926758e-01
7.801056504249572754e-01
8.505400419235229492e-01
9.126495122909545898e-01
9.458108544349670410e-01
8.750603199005126953e-01
8.009414076805114746e-01
7.220578789710998535e-01
5.112951397895812988e-01
1.992283016443252563e-01
1.047565937042236328e-01
8.631592988967895508e-02
2.613208591938018799e-01
4.630230665206909180e-01
7.484182715415954590e-01
9.633418321609497070e-01
9.811057448387145996e-01
9.919121265411376953e-01
9.937441349029541016e-01
9.944196343421936035e-01
9.943549633026123047e-01
9.930350184440612793e-01
9.913712143898010254e-01
9.860742092132568359e-01
9.805330038070678711e-01
9.744831919670104980e-01
9.637770652770996094e-01
9.423389434814453125e-01
8.940001726150512695e-01
8.156302571296691895e-01
7.841084003448486328e-01
7.782834768295288086e-01
8.389529585838317871e-01
9.147719144821166992e-01
9.471077919006347656e-01
9.742547869682312012e-01
9.772695899009704590e-01
9.820694923400878906e-01
9.905146360397338867e-01
9.960899949073791504e-01
9.988304972648620605e-01
9.998017549514770508e-01
9.999110698699951172e-01
9.984844923019409180e-01
9.965727925300598145e-01
9.794487357139587402e-01
9.679964780807495117e-01
9.823272824287414551e-01
9.931270480155944824e-01
9.972949624061584473e-01
9.994344115257263184e-01
9.997073411941528320e-01
9.997590184211730957e-01
9.997107386589050293e-01
9.996500611305236816e-01
9.995864629745483398e-01
9.994851350784301758e-01
9.994394183158874512e-01
9.996229410171508789e-01
9.997866153717041016e-01
9.999151229858398438e-01
9.999572634696960449e-01
9.999225735664367676e-01
9.998391270637512207e-01
9.997344613075256348e-01
9.979782700538635254e-01
9.959416389465332031e-01
9.933699369430541992e-01
9.919722080230712891e-01
9.953423142433166504e-01
9.977534413337707520e-01
9.985185265541076660e-01
9.986591339111328125e-01
9.982527494430541992e-01
9.982137680053710938e-01
9.983316063880920410e-01
9.985796809196472168e-01
9.988096356391906738e-01
9.978194832801818848e-01
9.938935637474060059e-01
9.780260324478149414e-01
9.535837769508361816e-01
9.141424298286437988e-01
8.871409893035888672e-01
8.714547753334045410e-01
8.533815145492553711e-01
8.341801762580871582e-01
7.912653088569641113e-01
7.455688118934631348e-01
7.606045007705688477e-01
7.901404500007629395e-01
8.835060596466064453e-01
9.523673057556152344e-01
9.762898683547973633e-01
9.911143779754638672e-01
9.973359704017639160e-01
9.995313882827758789e-01
9.997963905334472656e-01
9.997872114181518555e-01
9.997256398200988770e-01
9.997516870498657227e-01
9.997850656509399414e-01
9.998545050621032715e-01
9.999001622200012207e-01
9.998971223831176758e-01
9.998679757118225098e-01
9.998117089271545410e-01
9.989803433418273926e-01
9.977380633354187012e-01
9.936242699623107910e-01
9.888852238655090332e-01
9.876564145088195801e-01
9.871084690093994141e-01
9.902853965759277344e-01
9.907555580139160156e-01
9.849784374237060547e-01
9.813644289970397949e-01
9.802892208099365234e-01
9.830421209335327148e-01
9.881228208541870117e-01
9.919245839118957520e-01
9.953859448432922363e-01
9.968445897102355957e-01
9.981111288070678711e-01
9.987079501152038574e-01
9.992262721061706543e-01
9.995322823524475098e-01
9.997593164443969727e-01
9.998810887336730957e-01
9.999463558197021484e-01
9.999712705612182617e-01
9.998313784599304199e-01
9.996348023414611816e-01
9.962562918663024902e-01
9.917377233505249023e-01
9.750148653984069824e-01
9.606002569198608398e-01
9.546160697937011719e-01
9.396085739135742188e-01
9.096519947052001953e-01
6.950116157531738281e-01
3.189549744129180908e-01
1.275183260440826416e-01
1.707061193883419037e-02
1.524921059608459473e-01
3.314916193485260010e-01
6.722762584686279297e-01
9.560660719871520996e-01
9.527406692504882812e-01
9.499824047088623047e-01
9.484270215034484863e-01
8.995453715324401855e-01
7.989388704299926758e-01
8.325148820877075195e-01
9.443446397781372070e-01
9.814541935920715332e-01
9.987513422966003418e-01
9.998366236686706543e-01
9.999725818634033203e-01
9.999824166297912598e-01
9.999905824661254883e-01
9.999940991401672363e-01
9.999963641166687012e-01
9.999967813491821289e-01
9.999927282333374023e-01
9.999853968620300293e-01
9.999652504920959473e-01
9.999402165412902832e-01
9.999669194221496582e-01
9.999886751174926758e-01
9.996122717857360840e-01
9.991315603256225586e-01
9.981932640075683594e-01
9.874456524848937988e-01
9.574123620986938477e-01
7.129100561141967773e-01
2.455820739269256592e-01
5.264396965503692627e-02
9.532491676509380341e-03
3.246379643678665161e-02
7.180094718933105469e-02
3.576232492923736572e-01
6.387451887130737305e-01
7.769464254379272461e-01
8.943701982498168945e-01
9.515275359153747559e-01
9.885253906250000000e-01
9.960739612579345703e-01
9.995840191841125488e-01
9.999008178710937500e-01
9.998494386672973633e-01
9.996494650840759277e-01
9.782071113586425781e-01
9.490602612495422363e-01
6.567067503929138184e-01
4.261842072010040283e-01
4.987342059612274170e-01
6.218682527542114258e-01
8.541800379753112793e-01
9.822065234184265137e-01
9.921801686286926270e-01
9.963467717170715332e-01
9.969077110290527344e-01
9.975221157073974609e-01
9.981523752212524414e-01
9.982342720031738281e-01
9.981667399406433105e-01
9.967038631439208984e-01
9.858881831169128418e-01
9.411667585372924805e-01
8.712939620018005371e-01
7.573781013488769531e-01
6.945669651031494141e-01
6.795383691787719727e-01
7.255624532699584961e-01
8.021093606948852539e-01
8.341901898384094238e-01
8.558871150016784668e-01
9.105944037437438965e-01
9.627678394317626953e-01
9.823326468467712402e-01
9.939496517181396484e-01
9.822218418121337891e-01
8.777607679367065430e-01
6.352043151855468750e-01
4.193899035453796387e-01
2.245145142078399658e-01
3.026601076126098633e-01
4.998105168342590332e-01
7.173504829406738281e-01
9.381067156791687012e-01
9.713072776794433594e-01
9.985642433166503906e-01
9.993718862533569336e-01
9.999347925186157227e-01
9.998795390129089355e-01
9.988031983375549316e-01
9.963685274124145508e-01
9.852392077445983887e-01
9.676212072372436523e-01
5.902727246284484863e-01
7.082458585500717163e-02
4.211689156363718212e-05
0.000000000000000000e+00
0.000000000000000000e+00
0.000000000000000000e+00
0.000000000000000000e+00
0.000000000000000000e+00
0.000000000000000000e+00
1.490162539994344115e-04
4.839501925744116306e-04
2.062754239886999130e-03
4.512611776590347290e-03
3.167063230648636818e-03
4.070172144565731287e-04
6.253510946407914162e-04
4.350113682448863983e-03
1.939285993576049805e-01
3.661026358604431152e-01
4.435718357563018799e-01
4.167333245277404785e-01
1.485400497913360596e-01
0.000000000000000000e+00
0.000000000000000000e+00
0.000000000000000000e+00
0.000000000000000000e+00
0.000000000000000000e+00
0.000000000000000000e+00
1.285768423643945242e-36
2.045886823907494545e-03
1.401732712984085083e-01
2.740380764007568359e-01
3.825527727603912354e-01
5.324842333793640137e-01
7.806828618049621582e-01
9.318319559097290039e-01
9.585028886795043945e-01
9.618138670921325684e-01
9.480108618736267090e-01
8.206967711448669434e-01
6.492608189582824707e-01
3.534422814846038818e-01
3.794343397021293640e-02
3.636568486690521240e-01
6.697347164154052734e-01
8.499446511268615723e-01
9.831926822662353516e-01
9.937183260917663574e-01
9.998884201049804688e-01
9.999224543571472168e-01
9.998926520347595215e-01
9.998117685317993164e-01
9.991190433502197266e-01
9.981541633605957031e-01
9.973523616790771484e-01
9.965851306915283203e-01
9.976415634155273438e-01
9.985809326171875000e-01
9.981286525726318359e-01
9.975601434707641602e-01
9.966429471969604492e-01
9.968473911285400391e-01
9.988291859626770020e-01
9.994384050369262695e-01
9.987910985946655273e-01
9.989089965820312500e-01
9.994212985038757324e-01
9.995751976966857910e-01
9.996377825736999512e-01
9.954419732093811035e-01
9.876314401626586914e-01
9.342117905616760254e-01
9.005056619644165039e-01
9.433684945106506348e-01
9.764273166656494141e-01
9.905414581298828125e-01
9.984406232833862305e-01
9.994859099388122559e-01
9.999170303344726562e-01
9.999581575393676758e-01
9.999797940254211426e-01
9.999949932098388672e-01
9.999982714653015137e-01
9.999999403953552246e-01
9.999961853027343750e-01
9.999807476997375488e-01
9.998993873596191406e-01
9.986764788627624512e-01
9.945828318595886230e-01
9.919712543487548828e-01
9.914025664329528809e-01
9.926093220710754395e-01
9.952389001846313477e-01
9.960491657257080078e-01
9.960308670997619629e-01
9.970585107803344727e-01
9.983135461807250977e-01
9.989398121833801270e-01
9.994890689849853516e-01
9.995203018188476562e-01
9.994067549705505371e-01
9.987809658050537109e-01
9.986571669578552246e-01
9.994558691978454590e-01
9.999017715454101562e-01
9.999727010726928711e-01
9.981597065925598145e-01
9.951793551445007324e-01
9.724597930908203125e-01
9.430606365203857422e-01
8.677596449851989746e-01
7.851318717002868652e-01
6.290604472160339355e-01
4.719618558883666992e-01
3.109916150569915771e-01
1.998617649078369141e-01
2.198581844568252563e-01
3.592666089534759521e-01
6.762374639511108398e-01
8.672637343406677246e-01
9.480597376823425293e-01
9.831387996673583984e-01
9.948231577873229980e-01
9.981847405433654785e-01
9.993496537208557129e-01
9.997155070304870605e-01
1.000000000000000000e+00
1.000000000000000000e+00
9.999659657478332520e-01
9.997783303260803223e-01
9.983825683593750000e-01
9.942997097969055176e-01
9.821279644966125488e-01
9.596081972122192383e-01
9.338835477828979492e-01
9.057949781417846680e-01
9.224589467048645020e-01
9.586989879608154297e-01
9.783680438995361328e-01
9.944202303886413574e-01
9.973655939102172852e-01
9.994059801101684570e-01
9.986970424652099609e-01
9.971737861633300781e-01
9.924750328063964844e-01
9.880442619323730469e-01
9.841219782829284668e-01
9.862602949142456055e-01
9.955818653106689453e-01
9.996166229248046875e-01
9.999139904975891113e-01
1.000000000000000000e+00
1.000000000000000000e+00
9.999859333038330078e-01
9.999691247940063477e-01
9.999437332153320312e-01
9.999185800552368164e-01
9.998993873596191406e-01
9.998838305473327637e-01
9.998819828033447266e-01
9.998511672019958496e-01
9.997633099555969238e-01
9.993593692779541016e-01
9.985859990119934082e-01
9.960418343544006348e-01
9.922686219215393066e-01
9.914718866348266602e-01
9.918757677078247070e-01
9.945793151855468750e-01
9.977285265922546387e-01
9.989129900932312012e-01
9.999325871467590332e-01
9.999701380729675293e-01
9.999997019767761230e-01
9.999982118606567383e-01
9.999974370002746582e-01
9.999981522560119629e-01
9.999985694885253906e-01
9.999986290931701660e-01
9.999923110008239746e-01
9.999814033508300781e-01
9.997852444648742676e-01
9.995098710060119629e-01
9.984788894653320312e-01
9.972829222679138184e-01
9.917562007904052734e-01
9.850158691406250000e-01
9.649928808212280273e-01
9.503821730613708496e-01
9.596119523048400879e-01
9.687355160713195801e-01
9.776921868324279785e-01
9.857944846153259277e-01
9.927981495857238770e-01
9.948271512985229492e-01
9.927688241004943848e-01
9.670909643173217773e-01
9.297987222671508789e-01
9.302101135253906250e-01
9.407577514648437500e-01
9.685282111167907715e-01
9.971954226493835449e-01
9.986268877983093262e-01
9.998561143875122070e-01
9.999253153800964355e-01
9.999756217002868652e-01
9.999750256538391113e-01
9.998139739036560059e-01
9.993976950645446777e-01
9.975253343582153320e-01
9.942398667335510254e-01
9.928711652755737305e-01
9.926639795303344727e-01
9.951070547103881836e-01
9.984744191169738770e-01
9.772641062736511230e-01
9.520333409309387207e-01
4.570891857147216797e-01
1.047947989718522877e-06
4.601820364769082516e-07
0.000000000000000000e+00
0.000000000000000000e+00
2.179474541882897251e-20
8.767106366690544351e-20
1.618960052728652954e-01
5.218502283096313477e-01
7.734842300415039062e-01
9.403138756752014160e-01
9.946802854537963867e-01
9.957963228225708008e-01
8.871781229972839355e-01
7.502389550209045410e-01
3.871654868125915527e-01
1.206166949123144150e-02
5.556325428187847137e-03
7.047414044573775227e-17
4.036439888061557136e-17
6.416446412913501263e-04
3.120637033134698868e-03
1.078659519553184509e-01
3.814692199230194092e-01
6.359060406684875488e-01
8.690872192382812500e-01
9.694386720657348633e-01
9.818732738494873047e-01
9.772961139678955078e-01
9.660137295722961426e-01
9.690110683441162109e-01
9.749155640602111816e-01
9.871850013732910156e-01
9.990866184234619141e-01
9.995576739311218262e-01
9.999210834503173828e-01
9.997708201408386230e-01
9.991996884346008301e-01
9.975873231887817383e-01
9.961570501327514648e-01
9.950081706047058105e-01
9.956573247909545898e-01
9.980235695838928223e-01
9.989908337593078613e-01
9.991203546524047852e-01
9.991806745529174805e-01
9.992163777351379395e-01
9.995114803314208984e-01
9.998525977134704590e-01
9.997619986534118652e-01
9.996383190155029297e-01
9.993200898170471191e-01
9.990015625953674316e-01
9.986821413040161133e-01
9.980280399322509766e-01
9.965734481811523438e-01
9.960513710975646973e-01
9.969080686569213867e-01
9.979180693626403809e-01
9.990766048431396484e-01
9.996421337127685547e-01
9.998539090156555176e-01
9.999350309371948242e-01
9.999687671661376953e-01
9.999328851699829102e-01
9.998841285705566406e-01
9.921616911888122559e-01
9.847956895828247070e-01
9.885385036468505859e-01
9.922941327095031738e-01
9.960580468177795410e-01
9.986991882324218750e-01
9.984315037727355957e-01
9.819245934486389160e-01
9.398871660232543945e-01
8.880184292793273926e-01
8.260113596916198730e-01
8.173041939735412598e-01
8.431159257888793945e-01
8.192828893661499023e-01
7.755143046379089355e-01
7.693307995796203613e-01
7.714878320693969727e-01
8.678570389747619629e-01
9.689263701438903809e-01
9.851052761077880859e-01
9.991203546524047852e-01
9.995697736740112305e-01
9.999154806137084961e-01
9.999475479125976562e-01
9.999635815620422363e-01
9.999503493309020996e-01
9.999005198478698730e-01
9.998080730438232422e-01
9.995354413986206055e-01
9.991257786750793457e-01
9.990561008453369141e-01
9.991543889045715332e-01
9.994738698005676270e-01
9.998582601547241211e-01
9.999474287033081055e-01
9.999967217445373535e-01
9.999977350234985352e-01
9.999979138374328613e-01
9.999976754188537598e-01
9.999951720237731934e-01
9.999833703041076660e-01
9.991457462310791016e-01
9.963819384574890137e-01
9.602743387222290039e-01
8.750681281089782715e-01
8.158216476440429688e-01
7.819761037826538086e-01
8.159702420234680176e-01
8.933103680610656738e-01
9.391351938247680664e-01
9.724256992340087891e-01
9.353611469268798828e-01
8.824946284294128418e-01
7.334417700767517090e-01
5.800744891166687012e-01
6.330776214599609375e-01
6.882826685905456543e-01
7.590014338493347168e-01
8.258382678031921387e-01
8.785673975944519043e-01
9.087972640991210938e-01
8.923736810684204102e-01
7.781414985656738281e-01
5.332984328269958496e-01
3.019519448280334473e-01
8.148598670959472656e-02
1.210334594361484051e-04
2.571847835497464985e-05
3.659081746976091017e-16
6.682735788185358971e-16
4.677549804910086095e-05
1.031010324368253350e-04
3.883489966392517090e-01
7.910861372947692871e-01
7.510792613029479980e-01
7.047835588455200195e-01
6.176847219467163086e-01
5.821073055267333984e-01
7.167818546295166016e-01
8.399692177772521973e-01
9.409289360046386719e-01
9.985532164573669434e-01
9.994360804557800293e-01
9.998061656951904297e-01
9.997201561927795410e-01
9.402320384979248047e-01
8.454612493515014648e-01
5.071151256561279297e-01
7.584326714277267456e-02
1.492940418234541207e-19
3.309829579763224642e-19
4.781435430049896240e-02
1.073024123907089233e-01
5.768544673919677734e-01
9.909141063690185547e-01
9.905089139938354492e-01
9.909972548484802246e-01
9.947343468666076660e-01
9.971744418144226074e-01
9.967410564422607422e-01
9.971548914909362793e-01
9.987984299659729004e-01
9.996634721755981445e-01
9.997671246528625488e-01
9.994735717773437500e-01
9.989130496978759766e-01
9.983148574829101562e-01
9.977015852928161621e-01
9.979110956192016602e-01
9.983395338058471680e-01
9.982073307037353516e-01
9.980015158653259277e-01
9.972649216651916504e-01
9.966217279434204102e-01
9.972611069679260254e-01
9.979596138000488281e-01
9.989384412765502930e-01
9.995136857032775879e-01
9.989784359931945801e-01
9.983043670654296875e-01
9.973771572113037109e-01
9.950448274612426758e-01
9.910227060317993164e-01
9.869014620780944824e-01
9.827158451080322266e-01
9.842834472656250000e-01
9.891251921653747559e-01
9.938327074050903320e-01
9.985069036483764648e-01
9.995035529136657715e-01
9.997224211692810059e-01
9.996095299720764160e-01
9.994661211967468262e-01
9.992127418518066406e-01
9.989968538284301758e-01
9.991015195846557617e-01
9.992682933807373047e-01
9.996877908706665039e-01
9.999634623527526855e-01
9.998797178268432617e-01
9.998556375503540039e-01
9.999303221702575684e-01
9.999747276306152344e-01
9.999850988388061523e-01
9.999923110008239746e-01
