9.801664352416992188e-01
9.984092712402343750e-01
9.997841715812683105e-01
9.998295307159423828e-01
9.996485114097595215e-01
9.993935227394104004e-01
9.993579387664794922e-01
9.994342923164367676e-01
9.996287822723388672e-01
9.987437725067138672e-01
9.967443943023681641e-01
9.935914874076843262e-01
9.972530007362365723e-01
9.993525743484497070e-01
9.999763965606689453e-01
9.999829530715942383e-01
9.996617436408996582e-01
9.986002445220947266e-01
9.916505813598632812e-01
9.780706763267517090e-01
9.645457267761230469e-01
9.866822361946105957e-01
9.970286488533020020e-01
9.999689459800720215e-01
9.999787807464599609e-01
9.999209642410278320e-01
9.997972846031188965e-01
9.995306134223937988e-01
9.992742538452148438e-01
9.990969300270080566e-01
9.991871714591979980e-01
9.993701577186584473e-01
9.995499849319458008e-01
9.996196031570434570e-01
9.996864199638366699e-01
9.995960593223571777e-01
9.991129040718078613e-01
9.974921345710754395e-01
9.964178800582885742e-01
9.971481561660766602e-01
9.984957575798034668e-01
9.992777109146118164e-01
9.987568259239196777e-01
9.976801276206970215e-01
9.971014261245727539e-01
9.974863529205322266e-01
9.983936548233032227e-01
9.992111325263977051e-01
9.998084902763366699e-01
9.999426603317260742e-01
9.999976754188537598e-01
9.999997019767761230e-01
9.999997615814208984e-01
9.999981522560119629e-01
9.999946951866149902e-01
9.902778267860412598e-01
6.598721742630004883e-01
7.955084554851055145e-03
2.162781953811645508e-01
5.380122065544128418e-01
9.495148658752441406e-01
9.842649102210998535e-01
9.993032217025756836e-01
9.981487989425659180e-01
9.963608980178833008e-01
9.970362782478332520e-01
9.993277192115783691e-01
9.995802640914916992e-01
9.997838139533996582e-01
9.999116659164428711e-01
9.997059106826782227e-01
9.941955208778381348e-01
9.681297540664672852e-01
8.329458236694335938e-01
4.441685378551483154e-01
4.669101443141698837e-03
3.995388280600309372e-03
3.697629570960998535e-01
8.338328599929809570e-01
9.537348747253417969e-01
9.929232597351074219e-01
9.956688284873962402e-01
9.933274984359741211e-01
9.939280748367309570e-01
9.958361387252807617e-01
9.982531070709228516e-01
9.993495345115661621e-01
9.998154640197753906e-01
9.997871518135070801e-01
9.991834759712219238e-01
9.969285726547241211e-01
9.907157421112060547e-01
9.870633482933044434e-01
9.858803153038024902e-01
9.889870882034301758e-01
9.902935028076171875e-01
9.922929406166076660e-01
9.968750476837158203e-01
9.965348243713378906e-01
9.913139939308166504e-01
9.782876372337341309e-01
9.776152968406677246e-01
9.827609062194824219e-01
9.943683743476867676e-01
9.956140518188476562e-01
9.922815561294555664e-01
9.840152263641357422e-01
8.318974971771240234e-01
7.275633215904235840e-01
7.387325763702392578e-01
8.934034109115600586e-01
9.992945194244384766e-01
9.999310374259948730e-01
9.999963045120239258e-01
9.999961853027343750e-01
9.999950528144836426e-01
9.999799132347106934e-01
9.998271465301513672e-01
9.994862079620361328e-01
9.996334314346313477e-01
9.997780323028564453e-01
9.998706579208374023e-01
9.999446868896484375e-01
9.999884366989135742e-01
9.999960660934448242e-01
9.999874234199523926e-01
9.999731183052062988e-01
9.999529719352722168e-01
9.999600052833557129e-01
9.999718070030212402e-01
9.999878406524658203e-01
9.999896883964538574e-01
9.999813437461853027e-01
9.999624490737915039e-01
9.999651312828063965e-01
9.999292492866516113e-01
9.998531937599182129e-01
9.987114667892456055e-01
9.969026446342468262e-01
9.944576621055603027e-01
9.966392517089843750e-01
9.980344772338867188e-01
9.986678361892700195e-01
9.991598725318908691e-01
9.994705915451049805e-01
9.995976686477661133e-01
9.990259408950805664e-01
9.988906383514404297e-01
9.991502165794372559e-01
9.994030594825744629e-01
9.996225237846374512e-01
9.997984766960144043e-01
9.995604753494262695e-01
9.930344223976135254e-01
9.795132875442504883e-01
9.266796708106994629e-01
8.906805515289306641e-01
8.646152019500732422e-01
7.376149296760559082e-01
7.839353084564208984e-01
9.668807387351989746e-01
9.896864891052246094e-01
9.998570680618286133e-01
9.988694190979003906e-01
9.834660291671752930e-01
7.795071601867675781e-01
4.252628982067108154e-01
1.318545192480087280e-01
2.964677114505320787e-04
2.248421761275043451e-11
6.934459950702631659e-12
9.773139630908644904e-09
1.637635985389351845e-03
3.137997165322303772e-02
3.794758319854736328e-01
9.478746056556701660e-01
9.749293327331542969e-01
9.533107876777648926e-01
8.862450122833251953e-01
7.093239426612854004e-01
7.544057369232177734e-01
9.540345072746276855e-01
7.585383653640747070e-01
5.178579092025756836e-01
2.564201951026916504e-01
2.606804966926574707e-01
3.708150982856750488e-01
5.668056011199951172e-01
7.652817964553833008e-01
8.878054618835449219e-01
9.470344781875610352e-01
9.733656644821166992e-01
9.896979928016662598e-01
9.974414706230163574e-01
9.983149170875549316e-01
9.934316873550415039e-01
9.818792939186096191e-01
9.271190762519836426e-01
8.758718371391296387e-01
8.320416212081909180e-01
9.013699889183044434e-01
9.435316920280456543e-01
9.618038535118103027e-01
9.747938513755798340e-01
9.860900044441223145e-01
9.957063198089599609e-01
9.981293678283691406e-01
9.994025230407714844e-01
9.996187686920166016e-01
9.997389316558837891e-01
9.998572468757629395e-01
9.999727606773376465e-01
9.999802708625793457e-01
9.999862313270568848e-01
9.999904632568359375e-01
9.999310374259948730e-01
9.998977780342102051e-01
9.998909831047058105e-01
9.998045563697814941e-01
9.991856813430786133e-01
9.980124235153198242e-01
9.969394803047180176e-01
9.967178106307983398e-01
9.974264502525329590e-01
9.979256987571716309e-01
9.984855651855468750e-01
9.991214275360107422e-01
9.995063543319702148e-01
9.487096667289733887e-01
8.367629051208496094e-01
3.071601986885070801e-01
1.367964159726398066e-07
8.074643176314566517e-09
3.937784560231749609e-12
2.451990246772766113e-01
8.143485784530639648e-01
9.335358142852783203e-01
9.682886004447937012e-01
9.369559884071350098e-01
8.748201727867126465e-01
7.089127302169799805e-01
3.923617601394653320e-01
1.471072733402252197e-01
2.571351230144500732e-01
9.193250536918640137e-01
5.651446580886840820e-01
3.545868992805480957e-01
6.280403137207031250e-01
8.531218767166137695e-01
9.928103685379028320e-01
9.911322593688964844e-01
9.854239225387573242e-01
9.826081395149230957e-01
9.870233535766601562e-01
9.915087223052978516e-01
9.952178597450256348e-01
9.972223043441772461e-01
9.983664155006408691e-01
9.990586638450622559e-01
9.991694688796997070e-01
9.995114207267761230e-01
9.998383522033691406e-01
9.999697804450988770e-01
9.997296929359436035e-01
9.992693662643432617e-01
9.984970092773437500e-01
9.985070824623107910e-01
9.988137483596801758e-01
9.992321729660034180e-01
9.986962080001831055e-01
9.977037906646728516e-01
9.963476657867431641e-01
9.966293573379516602e-01
9.975966215133666992e-01
9.985827803611755371e-01
9.988625645637512207e-01
9.988524317741394043e-01
9.989998340606689453e-01
9.994661808013916016e-01
1.000000000000000000e+00
1.000000000000000000e+00
1.000000000000000000e+00
9.997949004173278809e-01
9.981523156166076660e-01
9.866818785667419434e-01
9.707005023956298828e-01
9.696559309959411621e-01
9.778335094451904297e-01
9.915714859962463379e-01
9.943991303443908691e-01
9.957309961318969727e-01
9.960066676139831543e-01
9.981674551963806152e-01
9.994573593139648438e-01
9.999789595603942871e-01
9.999901056289672852e-01
9.999944567680358887e-01
9.999921321868896484e-01
9.999961853027343750e-01
9.999988675117492676e-01
9.999999403953552246e-01
1.000000000000000000e+00
9.999989271163940430e-01
9.999966025352478027e-01
9.999849200248718262e-01
9.993627071380615234e-01
9.979087114334106445e-01
5.451465845108032227e-01
1.787416338920593262e-01
1.980683580040931702e-02
2.688544191187247634e-05
6.166163086891174316e-02
2.331220507621765137e-01
4.924159944057464600e-01
7.375567555427551270e-01
9.212732315063476562e-01
9.792220592498779297e-01
9.996494054794311523e-01
9.999371170997619629e-01
1.000000000000000000e+00
9.999858140945434570e-01
9.999318718910217285e-01
9.996468424797058105e-01
9.993382096290588379e-01
9.992162585258483887e-01
9.994392395019531250e-01
9.997649788856506348e-01
9.999377131462097168e-01
9.999942779541015625e-01
9.999950528144836426e-01
9.999946951866149902e-01
9.999960660934448242e-01
9.999982714653015137e-01
9.999991655349731445e-01
9.999985098838806152e-01
9.999969005584716797e-01
9.999970793724060059e-01
9.999982118606567383e-01
9.999991655349731445e-01
9.999828934669494629e-01
9.999581575393676758e-01
9.999262094497680664e-01
9.999079108238220215e-01
9.998878240585327148e-01
9.998659491539001465e-01
9.997658133506774902e-01
9.995980262756347656e-01
9.993519783020019531e-01
9.994512796401977539e-01
9.996175765991210938e-01
9.998450875282287598e-01
9.993005990982055664e-01
9.989890456199645996e-01
9.992173314094543457e-01
9.632925391197204590e-01
8.821800351142883301e-01
7.230325937271118164e-01
7.519411444664001465e-01
8.369997143745422363e-01
9.524817466735839844e-01
9.895004630088806152e-01
9.998409152030944824e-01
9.999632239341735840e-01
9.999932646751403809e-01
9.999861121177673340e-01
9.999688863754272461e-01
9.999760985374450684e-01
9.999923110008239746e-01
9.999963641166687012e-01
9.999902248382568359e-01
9.999321103096008301e-01
9.995242357254028320e-01
9.985109567642211914e-01
9.971584677696228027e-01
9.967923760414123535e-01
9.977612495422363281e-01
9.997740983963012695e-01
9.999077320098876953e-01
9.846650362014770508e-01
9.542332291603088379e-01
4.726572930812835693e-01
1.437649577856063843e-01
9.997493587434291840e-03
2.937245965003967285e-01
6.168421506881713867e-01
9.521918892860412598e-01
9.964154362678527832e-01
9.999486207962036133e-01
9.999924898147583008e-01
9.987892508506774902e-01
9.970151782035827637e-01
9.945213198661804199e-01
9.954147338867187500e-01
9.973127245903015137e-01
9.994177818298339844e-01
9.999883770942687988e-01
9.999982118606567383e-01
9.999920725822448730e-01
9.999701976776123047e-01
9.999365806579589844e-01
9.998790621757507324e-01
9.998366236686706543e-01
9.997568130493164062e-01
9.992803931236267090e-01
9.920406937599182129e-01
9.783295392990112305e-01
9.365430474281311035e-01
9.146144986152648926e-01
9.106383323669433594e-01
9.336452484130859375e-01
9.296516776084899902e-01
8.953017592430114746e-01
9.028186202049255371e-01
9.277705550193786621e-01
9.735584855079650879e-01
9.899197220802307129e-01
9.983818531036376953e-01
9.993653893470764160e-01
9.997361898422241211e-01
9.998910427093505859e-01
9.998349547386169434e-01
9.997213482856750488e-01
9.995930790901184082e-01
9.994696974754333496e-01
9.993875026702880859e-01
9.993752241134643555e-01
9.995915293693542480e-01
9.997780919075012207e-01
9.999285340309143066e-01
9.999413490295410156e-01
9.999051094055175781e-01
9.998368620872497559e-01
9.997702240943908691e-01
9.997498393058776855e-01
9.997685551643371582e-01
9.998126626014709473e-01
9.998347163200378418e-01
9.998334050178527832e-01
9.997802376747131348e-01
9.997484087944030762e-01
9.997488856315612793e-01
9.996214509010314941e-01
9.995132088661193848e-01
9.994661211967468262e-01
9.993351101875305176e-01
9.992663264274597168e-01
9.993821382522583008e-01
9.996201395988464355e-01
9.997933506965637207e-01
9.996429681777954102e-01
9.994481801986694336e-01
9.993446469306945801e-01
9.997615814208984375e-01
9.997399449348449707e-01
9.994812011718750000e-01
9.992848038673400879e-01
9.994809031486511230e-01
9.998988509178161621e-01
9.989002943038940430e-01
9.901285171508789062e-01
9.739733338356018066e-01
9.668349027633666992e-01
9.701541662216186523e-01
9.861800074577331543e-01
9.892684817314147949e-01
9.621379971504211426e-01
8.877308964729309082e-01
9.130786061286926270e-01
9.536375403404235840e-01
9.874752163887023926e-01
9.973537325859069824e-01
9.997006654739379883e-01
9.998981356620788574e-01
9.999570846557617188e-01
9.968144297599792480e-01
9.788967370986938477e-01
5.663813352584838867e-01
3.570356057025492191e-05
1.192345098388614133e-05
4.407142754644155502e-03
3.137215971946716309e-02
5.934914350509643555e-01
9.084306955337524414e-01
9.746995568275451660e-01
9.795911908149719238e-01
9.827080368995666504e-01
9.865741133689880371e-01
9.925984740257263184e-01
9.971646666526794434e-01
9.985872507095336914e-01
9.964749217033386230e-01
9.888889193534851074e-01
9.694110155105590820e-01
9.549898505210876465e-01
9.524249434471130371e-01
9.881204962730407715e-01
9.998999238014221191e-01
9.999546408653259277e-01
9.999577403068542480e-01
9.998859167098999023e-01
9.997681975364685059e-01
9.997258186340332031e-01
9.997475147247314453e-01
9.998281598091125488e-01
9.984589219093322754e-01
9.957054257392883301e-01
9.912648797035217285e-01
9.906075596809387207e-01
9.925268888473510742e-01
9.981868267059326172e-01
9.995162487030029297e-01
9.992533326148986816e-01
9.972651004791259766e-01
9.957606792449951172e-01
9.953343868255615234e-01
9.983031749725341797e-01
9.891932010650634766e-01
9.704686403274536133e-01
9.273291230201721191e-01
9.040717482566833496e-01
8.961147665977478027e-01
9.187703728675842285e-01
9.012834429740905762e-01
8.457657694816589355e-01
3.171912431716918945e-01
7.999992929399013519e-03
2.958734985440969467e-03
7.739965617656707764e-02
3.294317722320556641e-01
8.909163475036621094e-01
9.987376332283020020e-01
9.999057650566101074e-01
9.998000264167785645e-01
9.992579221725463867e-01
9.959056973457336426e-01
9.811093807220458984e-01
7.415670156478881836e-01
3.907851278781890869e-01
1.425806879997253418e-01
3.572981804609298706e-02
4.262132570147514343e-02
2.397156804800033569e-01
2.373419106006622314e-01
1.490768697112798691e-02
5.467644892632961273e-03
2.566719055175781250e-01
8.901576995849609375e-01
9.935492277145385742e-01
9.993305206298828125e-01
9.987279772758483887e-01
9.974362254142761230e-01
9.962435364723205566e-01
9.961642622947692871e-01
9.971095919609069824e-01
9.978956580162048340e-01
9.943379163742065430e-01
8.352149128913879395e-01
5.800794363021850586e-01
6.570828557014465332e-01
7.761436104774475098e-01
9.378632307052612305e-01
9.788190722465515137e-01
9.996271729469299316e-01
9.999486804008483887e-01
9.999817013740539551e-01
9.999402165412902832e-01
9.998368024826049805e-01
9.998103380203247070e-01
9.998174905776977539e-01
9.998612403869628906e-01
9.999006390571594238e-01
9.999330639839172363e-01
9.999332427978515625e-01
9.999478459358215332e-01
9.999719858169555664e-01
9.999857544898986816e-01
9.999818205833435059e-01
9.999599456787109375e-01
9.985838532447814941e-01
9.764074683189392090e-01
9.236279726028442383e-01
5.414876341819763184e-01
1.911819726228713989e-01
3.726210817694664001e-02
1.392030739225447178e-03
1.393725723028182983e-01
7.838143706321716309e-01
5.971941947937011719e-01
9.549551457166671753e-02
3.834183216094970703e-01
6.841136217117309570e-01
9.879590868949890137e-01
9.947847127914428711e-01
9.975644946098327637e-01
9.958466291427612305e-01
9.943830370903015137e-01
9.936565160751342773e-01
9.941205978393554688e-01
9.964534640312194824e-01
9.986715316772460938e-01
9.995752573013305664e-01
9.998571872711181641e-01
9.999067783355712891e-01
9.999583363533020020e-01
9.999865889549255371e-01
1.000000000000000000e+00
1.000000000000000000e+00
9.999525547027587891e-01
9.998627901077270508e-01
9.998858571052551270e-01
9.999178051948547363e-01
9.999586939811706543e-01
9.999022483825683594e-01
9.955077171325683594e-01
9.822415113449096680e-01
8.270992636680603027e-01
6.813432574272155762e-01
7.090654373168945312e-01
7.389557957649230957e-01
7.457137703895568848e-01
5.804160237312316895e-01
6.159425973892211914e-01
8.009144067764282227e-01
9.309591650962829590e-01
1.000000000000000000e+00
1.000000000000000000e+00
7.088612318038940430e-01
4.680770635604858398e-01
3.641804158687591553e-01
4.848524034023284912e-01
6.681022047996520996e-01
8.791073560714721680e-01
9.673764705657958984e-01
9.981948733329772949e-01
9.989156126976013184e-01
9.993174672126770020e-01
9.995025396347045898e-01
9.996839761734008789e-01
9.995164871215820312e-01
9.989840388298034668e-01
9.933835864067077637e-01
9.902172088623046875e-01
9.916214942932128906e-01
9.961844682693481445e-01
9.987176656723022461e-01
9.939743876457214355e-01
9.938130378723144531e-01
9.956997036933898926e-01
9.987666606903076172e-01
9.999827146530151367e-01
9.999995231628417969e-01
9.999995827674865723e-01
9.999988675117492676e-01
9.999974370002746582e-01
9.999841451644897461e-01
9.999263882637023926e-01
9.997987151145935059e-01
9.987506270408630371e-01
9.979894161224365234e-01
9.985083341598510742e-01
9.958568811416625977e-01
9.922084808349609375e-01
9.899357557296752930e-01
9.597532153129577637e-01
8.907400965690612793e-01
4.067428112030029297e-01
1.115835011005401611e-01
1.263370364904403687e-02
4.278185218572616577e-02
2.447850853204727173e-01
7.165898680686950684e-01
9.055006504058837891e-01
9.989343285560607910e-01
9.997465014457702637e-01
9.999929666519165039e-01
9.999989867210388184e-01
9.999989867210388184e-01
9.999942183494567871e-01
9.999729990959167480e-01
9.994994997978210449e-01
9.979767799377441406e-01
9.952706098556518555e-01
9.905691146850585938e-01
9.704436659812927246e-01
9.224114418029785156e-01
7.889655828475952148e-01
6.655074357986450195e-01
6.487606763839721680e-01
7.905233502388000488e-01
9.854057431221008301e-01
9.942756891250610352e-01
9.984139204025268555e-01
9.987279176712036133e-01
9.995391964912414551e-01
9.974014163017272949e-01
9.914113879203796387e-01
9.764695167541503906e-01
9.601648449897766113e-01
9.436916112899780273e-01
7.725373506546020508e-01
5.213537216186523438e-01
1.464722156524658203e-01
7.772582024335861206e-02
2.120288461446762085e-01
6.445595026016235352e-01
9.038345813751220703e-01
9.932096004486083984e-01
9.993266463279724121e-01
9.999910593032836914e-01
9.999984502792358398e-01
9.999998807907104492e-01
9.999999403953552246e-01
9.999998807907104492e-01
9.999977946281433105e-01
9.996735453605651855e-01
9.972317218780517578e-01
9.601227045059204102e-01
8.966861367225646973e-01
8.417892456054687500e-01
8.398940563201904297e-01
9.048998951911926270e-01
9.503412842750549316e-01
9.831405878067016602e-01
9.942964315414428711e-01
9.981488585472106934e-01
9.993502497673034668e-01
9.995023012161254883e-01
9.997349977493286133e-01
9.998973608016967773e-01
9.981642365455627441e-01
9.919937252998352051e-01
9.812745451927185059e-01
8.520659804344177246e-01
5.920733809471130371e-01
1.201493293046951294e-01
1.232343353331089020e-02
1.105981795035404502e-07
5.846844146617513616e-07
2.281349450349807739e-01
5.645713210105895996e-01
8.617929220199584961e-01
9.992257356643676758e-01
9.995546340942382812e-01
9.998179078102111816e-01
9.999580979347229004e-01
9.999209046363830566e-01
9.999009966850280762e-01
9.997825622558593750e-01
9.993897676467895508e-01
9.985581040382385254e-01
9.966621994972229004e-01
9.892646670341491699e-01
9.506883025169372559e-01
8.884851932525634766e-01
8.039367198944091797e-01
7.954941391944885254e-01
8.847717046737670898e-01
9.485273361206054688e-01
9.922477006912231445e-01
9.982557892799377441e-01
9.999190568923950195e-01
9.999502897262573242e-01
9.997276663780212402e-01
9.988150000572204590e-01
9.974164366722106934e-01
9.953321218490600586e-01
9.930821657180786133e-01
9.906365275382995605e-01
9.951072335243225098e-01
9.989543557167053223e-01
9.996903538703918457e-01
9.997217655181884766e-01
9.985944628715515137e-01
9.932899475097656250e-01
9.886943697929382324e-01
9.850733280181884766e-01
9.936891794204711914e-01
9.976859688758850098e-01
9.964869022369384766e-01
9.935262203216552734e-01
9.920597076416015625e-01
9.940147995948791504e-01
9.891762733459472656e-01
9.749864339828491211e-01
9.301317930221557617e-01
8.698389530181884766e-01
7.850968241691589355e-01
3.992089629173278809e-01
1.372703313827514648e-01
1.275519188493490219e-02
3.217354824300855398e-04
2.840938791632652283e-02
1.142003685235977173e-01
1.280513256788253784e-01
1.458192318677902222e-01
2.799129486083984375e-01
4.919582605361938477e-01
7.431603074073791504e-01
7.748492360115051270e-01
5.629700422286987305e-01
7.756809145212173462e-02
1.209915056824684143e-02
0.000000000000000000e+00
0.000000000000000000e+00
0.000000000000000000e+00
2.102139778435230255e-02
1.398201435804367065e-01
4.842916727066040039e-01
9.614489674568176270e-01
8.969397544860839844e-01
6.440664529800415039e-01
1.661611348390579224e-01
4.823090136051177979e-02
5.930924453423358500e-05
2.781903458526358008e-05
8.432498574256896973e-02
2.279551476240158081e-01
5.241761207580566406e-01
5.450695157051086426e-01
3.689602017402648926e-01
1.503339409828186035e-01
9.016516059637069702e-02
2.382691353559494019e-01
5.883315205574035645e-01
8.870903253555297852e-01
9.693914651870727539e-01
9.707363843917846680e-01
8.651568293571472168e-01
2.664318680763244629e-01
9.324998728743594256e-08
2.003632149083500735e-09
2.787463815323576455e-09
1.978556392714381218e-04
6.926644127815961838e-04
3.645455464720726013e-03
4.369432851672172546e-02
1.957341432571411133e-01
4.456411302089691162e-01
7.322267293930053711e-01
8.977763056755065918e-01
9.843877553939819336e-01
9.964466691017150879e-01
9.983531236648559570e-01
9.991316795349121094e-01
9.991233348846435547e-01
9.957382082939147949e-01
9.928240776062011719e-01
9.954371452331542969e-01
9.978366494178771973e-01
9.991817474365234375e-01
9.811617732048034668e-01
9.508901238441467285e-01
9.065716266632080078e-01
9.044239521026611328e-01
9.229091405868530273e-01
9.756083488464355469e-01
9.943165183067321777e-01
9.994048476219177246e-01
9.990625977516174316e-01
9.939295053482055664e-01
9.851909875869750977e-01
9.564672112464904785e-01
9.363549947738647461e-01
9.289259314537048340e-01
9.568756818771362305e-01
9.857242703437805176e-01
9.953359961509704590e-01
9.991517066955566406e-01
9.999749064445495605e-01
9.996886849403381348e-01
9.985364675521850586e-01
9.965407252311706543e-01
9.928001165390014648e-01
9.896668195724487305e-01
9.879627823829650879e-01
9.844543933868408203e-01
9.766408205032348633e-01
9.519470334053039551e-01
9.321923851966857910e-01
9.167584776878356934e-01
9.583642482757568359e-01
9.825303554534912109e-01
9.839299321174621582e-01
9.756300449371337891e-01
9.737054109573364258e-01
9.937127232551574707e-01
9.963194131851196289e-01
9.913939833641052246e-01
9.903282523155212402e-01
9.930662512779235840e-01
9.993026852607727051e-01
9.997771978378295898e-01
9.998383522033691406e-01
9.998519420623779297e-01
9.998828768730163574e-01
9.999154210090637207e-01
9.999318718910217285e-01
9.999391436576843262e-01
9.999344348907470703e-01
9.995408058166503906e-01
9.966890811920166016e-01
9.905787706375122070e-01
9.892247319221496582e-01
9.767991900444030762e-01
9.306286573410034180e-01
8.269330859184265137e-01
6.753194332122802734e-01
3.168759942054748535e-01
1.222028806805610657e-01
8.938195556402206421e-02
4.747893214225769043e-01
8.000787496566772461e-01
9.277192354202270508e-01
9.718626737594604492e-01
9.862212538719177246e-01
9.950715899467468262e-01
9.992358684539794922e-01
9.998906850814819336e-01
9.999398589134216309e-01
9.999650120735168457e-01
9.999679923057556152e-01
9.998540878295898438e-01
9.931914210319519043e-01
9.638624787330627441e-01
7.444612383842468262e-01
4.334677755832672119e-01
4.549575448036193848e-01
5.580403804779052734e-01
7.571100592613220215e-01
8.724356293678283691e-01
9.521877765655517578e-01
9.730898737907409668e-01
9.857491850852966309e-01
9.940474033355712891e-01
9.959848523139953613e-01
9.887521266937255859e-01
9.730902910232543945e-01
9.803530573844909668e-01
9.889181852340698242e-01
9.966850876808166504e-01
9.992200136184692383e-01
9.999068379402160645e-01
9.999620318412780762e-01
9.999713897705078125e-01
9.999465346336364746e-01
9.978843927383422852e-01
9.970667958259582520e-01
9.982292652130126953e-01
9.976031780242919922e-01
9.971886873245239258e-01
9.991664886474609375e-01
9.998649358749389648e-01
9.997807741165161133e-01
9.994866847991943359e-01
9.993396997451782227e-01
9.993797540664672852e-01
9.997015595436096191e-01
9.999817609786987305e-01
9.999940395355224609e-01
9.999187588691711426e-01
9.997391700744628906e-01
9.987965822219848633e-01
9.979873895645141602e-01
9.973213076591491699e-01
9.983505010604858398e-01
9.989876151084899902e-01
9.982101917266845703e-01
9.962543249130249023e-01
9.930223226547241211e-01
9.836053848266601562e-01
9.779942631721496582e-01
9.759253263473510742e-01
9.831071496009826660e-01
9.884420633316040039e-01
9.884935021400451660e-01
9.886783361434936523e-01
9.892007708549499512e-01
9.914485216140747070e-01
9.938455224037170410e-01
9.963589310646057129e-01
9.953579902648925781e-01
9.887853264808654785e-01
9.726893305778503418e-01
8.119153976440429688e-01
5.732895135879516602e-01
1.705729663372039795e-01
1.038112459355033934e-04
1.914520453283330426e-06
3.287335070822905436e-09
4.208899289369583130e-02
1.509035676717758179e-01
5.583630800247192383e-01
9.536759853363037109e-01
9.746781587600708008e-01
9.780072569847106934e-01
9.693138599395751953e-01
8.999406099319458008e-01
8.782528638839721680e-01
9.258311986923217773e-01
9.623172283172607422e-01
9.868973493576049805e-01
9.772989749908447266e-01
9.492112994194030762e-01
9.100915789604187012e-01
8.918383121490478516e-01
8.278973102569580078e-01
7.020252346992492676e-01
7.764241695404052734e-01
8.841366767883300781e-01
9.630890488624572754e-01
9.944996237754821777e-01
9.983217716217041016e-01
9.974852204322814941e-01
9.970848560333251953e-01
9.972468018531799316e-01
9.979060292243957520e-01
9.985738396644592285e-01
9.989660382270812988e-01
7.019885778427124023e-01
2.613795995712280273e-01
3.135693371295928955e-01
4.498950839042663574e-01
6.915698647499084473e-01
8.506287932395935059e-01
9.642440676689147949e-01
9.862592220306396484e-01
9.930310845375061035e-01
9.855229258537292480e-01
8.553339838981628418e-01
6.600041389465332031e-01
3.838194608688354492e-01
3.855550289154052734e-01
4.767791032791137695e-01
6.880117654800415039e-01
8.437994122505187988e-01
9.645752310752868652e-01
9.845885634422302246e-01
9.965788722038269043e-01
9.984835982322692871e-01
9.993697404861450195e-01
9.999106526374816895e-01
9.999623894691467285e-01
9.997755885124206543e-01
9.993938207626342773e-01
9.974881410598754883e-01
9.971850514411926270e-01
9.989626407623291016e-01
9.994130134582519531e-01
9.994184374809265137e-01
9.988311529159545898e-01
9.987809062004089355e-01
9.990565776824951172e-01
9.996246695518493652e-01
9.999631643295288086e-01
9.999871253967285156e-01
9.999814629554748535e-01
9.999669194221496582e-01
9.999439120292663574e-01
9.999579191207885742e-01
9.999949336051940918e-01
9.999980926513671875e-01
9.999998807907104492e-01
9.999995827674865723e-01
9.995191693305969238e-01
9.980709552764892578e-01
9.931563138961791992e-01
9.935949444770812988e-01
9.977208375930786133e-01
9.987455606460571289e-01
9.975070953369140625e-01
9.927069544792175293e-01
9.929173588752746582e-01
9.947505593299865723e-01
9.975754618644714355e-01
9.991927742958068848e-01
9.998965859413146973e-01
9.999691247940063477e-01
9.997429251670837402e-01
9.990204572677612305e-01
9.946561455726623535e-01
9.903174042701721191e-01
9.932428598403930664e-01
9.961755275726318359e-01
9.991179108619689941e-01
9.996889829635620117e-01
9.999435544013977051e-01
9.998933076858520508e-01
9.998444914817810059e-01
9.998111128807067871e-01
9.998935461044311523e-01
9.999465346336364746e-01
9.999705553054809570e-01
9.999781847000122070e-01
9.999850392341613770e-01
9.999947547912597656e-01
9.999982714653015137e-01
9.999988079071044922e-01
9.999988675117492676e-01
9.999965429306030273e-01
9.999914765357971191e-01
9.997181296348571777e-01
9.993837475776672363e-01
9.989982247352600098e-01
9.990901350975036621e-01
9.994473457336425781e-01
9.997779130935668945e-01
9.999603033065795898e-01
9.999403953552246094e-01
9.998211264610290527e-01
9.996923804283142090e-01
9.996151328086853027e-01
9.997301101684570312e-01
9.999765157699584961e-01
9.999881982803344727e-01
9.999909996986389160e-01
9.999855160713195801e-01
9.999797940254211426e-01
9.999748468399047852e-01
9.999746084213256836e-01
9.999801516532897949e-01
9.999907016754150391e-01
9.999958872795104980e-01
9.999985098838806152e-01
9.999964237213134766e-01
9.999886751174926758e-01
9.999710321426391602e-01
9.998824000358581543e-01
9.980874061584472656e-01
9.944661259651184082e-01
7.290188074111938477e-01
4.229698479175567627e-01
1.100176647305488586e-01
7.770807886053887614e-10
5.646103250715452061e-17
1.620505000566945745e-15
2.682556584477424622e-02
9.031417965888977051e-02
5.303120017051696777e-01
9.602504968643188477e-01
9.824287891387939453e-01
9.758926630020141602e-01
9.488202333450317383e-01
9.210081100463867188e-01
9.134468436241149902e-01
9.424812197685241699e-01
9.695639610290527344e-01
9.928737282752990723e-01
9.954298734664916992e-01
9.955336451530456543e-01
9.933351278305053711e-01
9.843959212303161621e-01
9.434170126914978027e-01
8.242658972740173340e-01
5.097500085830688477e-01
1.190898716449737549e-01
4.577796533703804016e-02
7.067453581839799881e-03
1.215259917080402374e-02
2.829025983810424805e-01
5.947269201278686523e-01
8.531669378280639648e-01
9.704828858375549316e-01
9.924556612968444824e-01
9.924706220626831055e-01
9.901126623153686523e-01
9.843628406524658203e-01
9.893200397491455078e-01
9.970281124114990234e-01
9.990091323852539062e-01
9.999608397483825684e-01
9.999436140060424805e-01
9.995522499084472656e-01
9.991128444671630859e-01
9.986593127250671387e-01
9.987715482711791992e-01
9.991561174392700195e-01
9.992588758468627930e-01
9.936938881874084473e-01
9.805833697319030762e-01
9.289398193359375000e-01
8.687542080879211426e-01
8.101701736450195312e-01
6.731526255607604980e-01
4.776432216167449951e-01
2.950234115123748779e-01
1.960234344005584717e-01
2.604937553405761719e-01
5.477125048637390137e-01
8.922193050384521484e-01
9.590930342674255371e-01
9.892886281013488770e-01
9.798761010169982910e-01
9.740419983863830566e-01
9.704116582870483398e-01
9.718773365020751953e-01
9.747372269630432129e-01
9.784538745880126953e-01
9.899278879165649414e-01
9.975566267967224121e-01
9.989190697669982910e-01
9.994895458221435547e-01
9.997721314430236816e-01
9.998165965080261230e-01
9.997901916503906250e-01
9.996984004974365234e-01
9.992400407791137695e-01
9.926897287368774414e-01
9.704417586326599121e-01
8.062039017677307129e-01
5.760616064071655273e-01
5.519407987594604492e-01
6.525616049766540527e-01
9.303435087203979492e-01
9.941341280937194824e-01
9.999675750732421875e-01
9.998980164527893066e-01
9.997884631156921387e-01
9.996455907821655273e-01
9.996582269668579102e-01
9.995557069778442383e-01
9.991566538810729980e-01
9.989643096923828125e-01
9.989139437675476074e-01
9.996077418327331543e-01
9.595388770103454590e-01
8.662816286087036133e-01
5.428030490875244141e-01
2.308028787374496460e-01
2.082610875368118286e-01
4.519702792167663574e-01
9.034070372581481934e-01
9.670759439468383789e-01
9.929830431938171387e-01
9.929626584053039551e-01
9.367909431457519531e-01
8.459413051605224609e-01
6.201186180114746094e-01
4.965488016605377197e-01
5.027898550033569336e-01
7.494036555290222168e-01
9.931918382644653320e-01
9.976201057434082031e-01
9.997050762176513672e-01
9.999831318855285645e-01
1.000000000000000000e+00
1.000000000000000000e+00
1.000000000000000000e+00
9.878849983215332031e-01
9.493392109870910645e-01
5.906905531883239746e-01
3.355946540832519531e-01
2.151260972023010254e-01
2.550438642501831055e-01
3.759807348251342773e-01
6.881948113441467285e-01
8.823502659797668457e-01
9.821174740791320801e-01
9.952108860015869141e-01
9.996387362480163574e-01
9.996562004089355469e-01
9.990724921226501465e-01
9.982756972312927246e-01
9.992327094078063965e-01
9.998452663421630859e-01
9.999729990959167480e-01
1.000000000000000000e+00
9.990869164466857910e-01
9.933841824531555176e-01
9.691001772880554199e-01
9.285514950752258301e-01
6.685915589332580566e-01
4.070000648498535156e-01
2.021992802619934082e-01
2.273979485034942627e-01
3.817197084426879883e-01
6.943258047103881836e-01
9.114821553230285645e-01
9.763983488082885742e-01
9.957309961318969727e-01
9.997300505638122559e-01
9.999074935913085938e-01
9.999974966049194336e-01
9.999986886978149414e-01
9.999992251396179199e-01
9.999996423721313477e-01
9.999998807907104492e-01
9.999992251396179199e-01
9.999979138374328613e-01
9.999559521675109863e-01
9.995309114456176758e-01
9.983733892440795898e-01
9.924021959304809570e-01
9.842659235000610352e-01
9.737108349800109863e-01
9.686601758003234863e-01
9.703875780105590820e-01
9.734113812446594238e-01
9.768579006195068359e-01
9.808853268623352051e-01
9.837045073509216309e-01
9.855485558509826660e-01
9.857863187789916992e-01
9.883356690406799316e-01
9.970038533210754395e-01
1.000000000000000000e+00
9.989274740219116211e-01
9.460295438766479492e-01
8.593212366104125977e-01
7.188004255294799805e-01
7.309712767601013184e-01
7.982905507087707520e-01
9.052767753601074219e-01
9.333720207214355469e-01
8.782533407211303711e-01
4.182457327842712402e-01
5.222092382609844208e-03
1.535123446956276894e-03
1.535318006062880158e-05
2.888750350393820554e-05
1.490340568125247955e-02
1.564126163721084595e-01
5.713019371032714844e-01
8.256613612174987793e-01
9.965870976448059082e-01
9.987082481384277344e-01
9.995965361595153809e-01
9.987038969993591309e-01
9.985054135322570801e-01
9.985238909721374512e-01
9.986250996589660645e-01
9.989286661148071289e-01
9.994320869445800781e-01
9.997185468673706055e-01
9.998983740806579590e-01
9.998322725296020508e-01
9.984605908393859863e-01
9.961926341056823730e-01
9.759882092475891113e-01
9.664014577865600586e-01
9.813266992568969727e-01
9.889533519744873047e-01
9.927351474761962891e-01
9.870684742927551270e-01
9.820159077644348145e-01
9.778714776039123535e-01
9.693710803985595703e-01
9.592413306236267090e-01
9.469495415687561035e-01
8.812935352325439453e-01
7.612571716308593750e-01
3.612526059150695801e-01
9.292343631386756897e-03
2.763955853879451752e-03
2.827842347323894501e-02
7.720921188592910767e-02
5.719631910324096680e-01
9.498944878578186035e-01
9.852868914604187012e-01
9.983981847763061523e-01
9.999676346778869629e-01
9.999863505363464355e-01
9.999974966049194336e-01
9.999963641166687012e-01
9.999731779098510742e-01
9.999163746833801270e-01
9.996317028999328613e-01
9.991618394851684570e-01
9.984754920005798340e-01
9.960479736328125000e-01
9.936593770980834961e-01
9.931693673133850098e-01
9.952109456062316895e-01
9.994167089462280273e-01
9.999278187751770020e-01
9.999805092811584473e-01
9.999210238456726074e-01
9.992907047271728516e-01
9.983064532279968262e-01
9.969429373741149902e-01
9.965149164199829102e-01
9.979631304740905762e-01
9.988753199577331543e-01
9.995294213294982910e-01
9.998163580894470215e-01
9.999821186065673828e-01
9.999709129333496094e-01
9.999421834945678711e-01
9.999108314514160156e-01
9.999002218246459961e-01
9.998503923416137695e-01
9.997576475143432617e-01
9.981842637062072754e-01
9.939276576042175293e-01
9.794921278953552246e-01
9.723461270332336426e-01
9.712108373641967773e-01
9.758171439170837402e-01
9.389493465423583984e-01
7.804895043373107910e-01
5.694712996482849121e-01
3.252463936805725098e-01
2.660490572452545166e-01
2.390827387571334839e-01
2.669975757598876953e-01
5.034640431404113770e-01
8.298319578170776367e-01
9.266831278800964355e-01
9.834912419319152832e-01
9.776341915130615234e-01
8.996557593345642090e-01
7.586732506752014160e-01
2.685057520866394043e-01
1.891382567009713966e-06
3.064025690946436953e-07
0.000000000000000000e+00
0.000000000000000000e+00
1.401298464324817071e-45
1.956096151843667030e-03
5.777846556156873703e-03
2.837296128273010254e-01
5.905946493148803711e-01
8.503784537315368652e-01
9.735679626464843750e-01
9.948655366897583008e-01
9.935972690582275391e-01
9.907014369964599609e-01
9.881916642189025879e-01
9.849771857261657715e-01
9.813450574874877930e-01
9.470394849777221680e-01
9.146044850349426270e-01
8.869554996490478516e-01
9.251917600631713867e-01
9.913041591644287109e-01
9.961736798286437988e-01
9.981619715690612793e-01
9.956329464912414551e-01
9.917612075805664062e-01
9.885085225105285645e-01
9.958963394165039062e-01
9.953346848487854004e-01
9.848399162292480469e-01
9.562393426895141602e-01
9.162246584892272949e-01
8.367924094200134277e-01
7.431058883666992188e-01
6.348299980163574219e-01
6.417124271392822266e-01
6.989483237266540527e-01
8.762688040733337402e-01
9.698131680488586426e-01
9.930909872055053711e-01
9.937465190887451172e-01
9.896539449691772461e-01
9.792308807373046875e-01
9.605925679206848145e-01
9.363277554512023926e-01
9.353432059288024902e-01
9.469659328460693359e-01
9.858918786048889160e-01
9.922808408737182617e-01
9.801736474037170410e-01
9.683991670608520508e-01
9.644913077354431152e-01
9.763435125350952148e-01
9.750132560729980469e-01
9.666800498962402344e-01
9.299206733703613281e-01
8.994881510734558105e-01
8.796486258506774902e-01
8.902378082275390625e-01
9.100210666656494141e-01
8.982332944869995117e-01
8.951460123062133789e-01
9.042230844497680664e-01
9.410122632980346680e-01
9.826857447624206543e-01
9.938862919807434082e-01
9.999806284904479980e-01
9.999381899833679199e-01
9.982183575630187988e-01
9.964626431465148926e-01
9.969300627708435059e-01
9.872823357582092285e-01
9.672345519065856934e-01
7.262561321258544922e-01
4.524877071380615234e-01
2.218883484601974487e-01
2.167416661977767944e-01
4.123472869396209717e-01
6.640765070915222168e-01
8.844155073165893555e-01
9.623571038246154785e-01
9.977229237556457520e-01
9.997750520706176758e-01
9.999779462814331055e-01
9.999883770942687988e-01
9.999966621398925781e-01
1.000000000000000000e+00
1.000000000000000000e+00
9.999623894691467285e-01
9.997104406356811523e-01
9.989203214645385742e-01
9.971109628677368164e-01
9.946971535682678223e-01
9.959107637405395508e-01
9.962245821952819824e-01
9.942846298217773438e-01
9.803459048271179199e-01
9.600564837455749512e-01
9.242070317268371582e-01
9.164428710937500000e-01
9.639691710472106934e-01
9.871008992195129395e-01
9.984208941459655762e-01
9.978902339935302734e-01
9.980900883674621582e-01
9.995658993721008301e-01
1.000000000000000000e+00
9.950125813484191895e-01
8.900055289268493652e-01
6.331668496131896973e-01
1.363056153059005737e-01
4.961719969287514687e-04
3.955118823796510696e-03
6.154966726899147034e-02
3.062576949596405029e-01
8.217769265174865723e-01
9.730744957923889160e-01
9.994331598281860352e-01
9.997675418853759766e-01
9.998554587364196777e-01
9.996165037155151367e-01
9.973148703575134277e-01
9.950137138366699219e-01
9.976563453674316406e-01
9.986774325370788574e-01
9.977027177810668945e-01
9.978219270706176758e-01
9.981635212898254395e-01
9.979868531227111816e-01
9.977616667747497559e-01
9.974802732467651367e-01
9.917330741882324219e-01
9.842597842216491699e-01
9.744486212730407715e-01
9.733132719993591309e-01
9.816293120384216309e-01
9.670267701148986816e-01
9.446105957031250000e-01
9.075886607170104980e-01
9.107214212417602539e-01
9.553079605102539062e-01
9.798283576965332031e-01
9.967969059944152832e-01
9.968181252479553223e-01
9.971394538879394531e-01
9.977594614028930664e-01
9.978538751602172852e-01
9.980476498603820801e-01
9.991962909698486328e-01
9.998289346694946289e-01
9.999663829803466797e-01
9.999935030937194824e-01
9.999982118606567383e-01
9.999926686286926270e-01
9.989298582077026367e-01
9.968858957290649414e-01
9.927259683609008789e-01
9.889419674873352051e-01
9.883264303207397461e-01
9.903132319450378418e-01
9.946796298027038574e-01
9.972776174545288086e-01
9.747616648674011230e-01
8.477318882942199707e-01
5.388494133949279785e-01
6.610499322414398193e-02
2.690246025949249997e-09
6.894378457218408585e-04
4.215301945805549622e-03
2.533493340015411377e-01
7.205628156661987305e-01
8.862214088439941406e-01
9.822890162467956543e-01
9.911733269691467285e-01
9.955459237098693848e-01
9.958913922309875488e-01
9.952533841133117676e-01
9.947741627693176270e-01
9.956059455871582031e-01
9.961724281311035156e-01
9.965006709098815918e-01
9.872180819511413574e-01
9.782067537307739258e-01
9.768313765525817871e-01
9.782379269599914551e-01
9.821555614471435547e-01
9.785627722740173340e-01
9.725196361541748047e-01
9.612939953804016113e-01
9.204911589622497559e-01
8.522591590881347656e-01
4.158040285110473633e-01
4.646908026188611984e-03
1.526069128885865211e-03
1.654599873290862888e-05
4.892521610599942505e-05
2.629563212394714355e-01
5.684894919395446777e-01
8.429142236709594727e-01
9.825730323791503906e-01
9.891659021377563477e-01
9.659645557403564453e-01
8.497713208198547363e-01
2.867999970912933350e-01
4.097355704288929701e-04
6.496321293525397778e-05
1.935212174430489540e-03
7.114349305629730225e-02
5.199105143547058105e-01
7.202476859092712402e-01
6.495441794395446777e-01
5.907529592514038086e-01
5.589491724967956543e-01
6.793957352638244629e-01
7.732200026512145996e-01
8.364001512527465820e-01
8.216161727905273438e-01
7.978659272193908691e-01
8.554319143295288086e-01
9.174000024795532227e-01
9.847845435142517090e-01
9.998832941055297852e-01
9.997212290763854980e-01
9.989946484565734863e-01
9.927628636360168457e-01
9.792022705078125000e-01
9.744132161140441895e-01
9.725720882415771484e-01
9.718868732452392578e-01
9.218252897262573242e-01
8.005818128585815430e-01
7.926882505416870117e-01
8.294725418090820312e-01
9.264489412307739258e-01
9.890713691711425781e-01
9.975334405899047852e-01
9.999726414680480957e-01
9.999676346778869629e-01
9.995378851890563965e-01
9.985834956169128418e-01
9.967094063758850098e-01
9.972667694091796875e-01
9.989095926284790039e-01
9.994952678680419922e-01
9.998887181282043457e-01
9.999064803123474121e-01
9.998056292533874512e-01
9.996448159217834473e-01
9.998183846473693848e-01
9.997662305831909180e-01
9.992086887359619141e-01
9.955899715423583984e-01
9.902230501174926758e-01
9.791979789733886719e-01
9.705251455307006836e-01
9.684561491012573242e-01
8.900547623634338379e-01
7.620245218276977539e-01
4.366478323936462402e-01
2.411729544401168823e-01
4.771437942981719971e-01
6.981288790702819824e-01
9.075646400451660156e-01
9.164204001426696777e-01
9.158875942230224609e-01
9.622672796249389648e-01
9.888528585433959961e-01
9.986621737480163574e-01
6.054787039756774902e-01
2.073279023170471191e-01
6.863308697938919067e-02
8.955529665399808437e-06
2.164842271668021567e-06
8.357803337275981903e-03
3.640548884868621826e-02
1.676977872848510742e-01
2.641110718250274658e-01
3.208693563938140869e-01
4.010867178440093994e-01
4.559117257595062256e-01
2.595680058002471924e-01
1.205882579088211060e-01
5.751254782080650330e-02
1.107990220189094543e-01
2.296425253152847290e-01
7.077366709709167480e-01
1.000000000000000000e+00
1.000000000000000000e+00
8.910777568817138672e-01
7.424049973487854004e-01
7.707436680793762207e-01
8.243015408515930176e-01
9.250962138175964355e-01
9.631372094154357910e-01
9.697638750076293945e-01
9.042596817016601562e-01
8.587992191314697266e-01
8.618160486221313477e-01
8.997026085853576660e-01
9.588103294372558594e-01
9.830349087715148926e-01
9.994577765464782715e-01
9.997999072074890137e-01
9.997907280921936035e-01
9.995205402374267578e-01
9.995973110198974609e-01
9.997300505638122559e-01
9.999132156372070312e-01
9.996933341026306152e-01
9.991102218627929688e-01
9.985320568084716797e-01
9.982061982154846191e-01
9.991932511329650879e-01
9.997876882553100586e-01
9.999504089355468750e-01
9.999507069587707520e-01
9.997810721397399902e-01
9.985526204109191895e-01
9.953809380531311035e-01
9.895466566085815430e-01
9.759002327919006348e-01
9.593340158462524414e-01
9.408473968505859375e-01
9.339240789413452148e-01
9.468955993652343750e-01
9.690526127815246582e-01
9.955171942710876465e-01
9.946057200431823730e-01
9.946005344390869141e-01
9.966838359832763672e-01
9.851090908050537109e-01
9.653400182723999023e-01
9.140520691871643066e-01
8.765982389450073242e-01
8.858742713928222656e-01
9.248454570770263672e-01
9.866284132003784180e-01
9.970643520355224609e-01
9.998908638954162598e-01
9.999487996101379395e-01
9.999813437461853027e-01
9.999893307685852051e-01
9.999874234199523926e-01
9.999824762344360352e-01
9.999719262123107910e-01
9.999575614929199219e-01
9.999384284019470215e-01
9.980074763298034668e-01
9.565511345863342285e-01
3.888866305351257324e-01
2.856573648750782013e-02
6.718914955854415894e-03
0.000000000000000000e+00
5.181152870515424127e-37
1.689412789778988375e-34
1.128701478592120111e-05
4.726825864054262638e-05
1.529151946306228638e-01
3.969770967960357666e-01
7.041632533073425293e-01
9.472809433937072754e-01
9.826837778091430664e-01
9.988325834274291992e-01
9.997498989105224609e-01
9.998828172683715820e-01
9.998975992202758789e-01
9.999230504035949707e-01
9.999364018440246582e-01
9.999371170997619629e-01
9.988998174667358398e-01
9.942060112953186035e-01
9.605090022087097168e-01
9.236961603164672852e-01
8.824361562728881836e-01
8.881394863128662109e-01
9.116155505180358887e-01
9.321759939193725586e-01
9.176763892173767090e-01
8.357093334197998047e-01
7.570810317993164062e-01
6.802588105201721191e-01
7.251141667366027832e-01
7.849907875061035156e-01
8.712888360023498535e-01
9.351363778114318848e-01
9.821633696556091309e-01
9.906029105186462402e-01
9.876551032066345215e-01
9.583853483200073242e-01
9.380590915679931641e-01
9.268788695335388184e-01
9.502769112586975098e-01
9.783710837364196777e-01
9.752340316772460938e-01
9.783049225807189941e-01
9.901565909385681152e-01
9.956735968589782715e-01
9.986554384231567383e-01
9.993833899497985840e-01
9.993579387664794922e-01
9.978120326995849609e-01
6.846455335617065430e-01
1.945417225360870361e-01
7.400084286928176880e-02
2.397354837739840150e-04
5.891751497983932495e-04
2.443106621503829956e-01
6.831933259963989258e-01
8.545266389846801758e-01
9.628271460533142090e-01
9.712345600128173828e-01
9.172906875610351562e-01
7.923284173011779785e-01
7.756102085113525391e-01
7.987164855003356934e-01
9.173938632011413574e-01
9.932103157043457031e-01
9.982191920280456543e-01
9.998753666877746582e-01
9.999647736549377441e-01
9.999712109565734863e-01
9.999459981918334961e-01
9.998461604118347168e-01
9.868094921112060547e-01
9.648673534393310547e-01
8.309325575828552246e-01
7.458379864692687988e-01
9.150683283805847168e-01
1.000000000000000000e+00
1.000000000000000000e+00
6.028555035591125488e-01
1.475131064653396606e-01
6.263066083192825317e-02
1.717691682279109955e-02
3.004255890846252441e-02
1.150354444980621338e-01
2.297698557376861572e-01
2.594322264194488525e-01
3.211798667907714844e-01
4.548087716102600098e-01
6.587210297584533691e-01
9.079629778861999512e-01
9.169992208480834961e-01
8.972600698471069336e-01
8.583652377128601074e-01
8.544466495513916016e-01
8.843332529067993164e-01
9.302310347557067871e-01
9.761382937431335449e-01
9.911271929740905762e-01
9.914762973785400391e-01
9.705617427825927734e-01
9.508140087127685547e-01
9.318907260894775391e-01
9.572204947471618652e-01
9.790104031562805176e-01
9.928382039070129395e-01
9.988449811935424805e-01
9.997879266738891602e-01
9.995321631431579590e-01
9.990365505218505859e-01
9.980942606925964355e-01
9.955990314483642578e-01
9.915510416030883789e-01
9.673379063606262207e-01
9.387226700782775879e-01
9.168366789817810059e-01
8.562735319137573242e-01
7.361711263656616211e-01
6.255767345428466797e-01
5.192248225212097168e-01
3.872186541557312012e-01
3.664909601211547852e-01
6.223937273025512695e-01
7.934823632240295410e-01
9.038084149360656738e-01
8.188044428825378418e-01
6.519012451171875000e-01
2.257186323404312134e-01
4.755918276137730395e-17
9.022097818604662842e-18
1.959855191425610561e-38
3.560365363955497742e-02
6.041658520698547363e-01
9.721884131431579590e-01
9.807947874069213867e-01
9.631409049034118652e-01
9.316312074661254883e-01
4.258078634738922119e-01
2.112776786088943481e-02
6.711352150887250900e-03
3.516466915607452393e-02
1.004148349165916443e-01
1.235504522919654846e-01
1.385337561368942261e-01
1.561865955591201782e-01
2.820736765861511230e-01
5.579098463058471680e-01
4.107756316661834717e-01
9.427389502525329590e-02
3.974644839763641357e-02
1.550124143250286579e-03
1.695014885626733303e-03
6.517467647790908813e-02
1.721022427082061768e-01
6.071059107780456543e-01
9.998538494110107422e-01
9.996502995491027832e-01
9.993419647216796875e-01
9.989154338836669922e-01
9.428246617317199707e-01
8.479806184768676758e-01
3.828766644001007080e-01
6.335645914077758789e-02
1.933942921459674835e-02
8.579131960868835449e-02
2.152816355228424072e-01
6.407038569450378418e-01
9.906154274940490723e-01
9.968928694725036621e-01
9.998806118965148926e-01
9.997460842132568359e-01
9.993077516555786133e-01
9.988360404968261719e-01
9.987599253654479980e-01
9.989839792251586914e-01
9.996922016143798828e-01
9.999442696571350098e-01
9.999758601188659668e-01
9.998313188552856445e-01
9.975915551185607910e-01
9.891700148582458496e-01
9.853307008743286133e-01
9.853300452232360840e-01
9.904165863990783691e-01
9.958983659744262695e-01
9.969206452369689941e-01
9.953639507293701172e-01
9.901362061500549316e-01
9.886521100997924805e-01
9.887707233428955078e-01
9.861379861831665039e-01
9.829766750335693359e-01
9.785138368606567383e-01
9.803843498229980469e-01
9.871404170989990234e-01
9.922187924385070801e-01
9.965689182281494141e-01
9.982993006706237793e-01
9.994354248046875000e-01
9.997799992561340332e-01
9.997031092643737793e-01
9.994480013847351074e-01
9.969890117645263672e-01
9.921802878379821777e-01
9.816448092460632324e-01
9.830921888351440430e-01
9.933213591575622559e-01
9.969451427459716797e-01
9.974278807640075684e-01
9.859283566474914551e-01
7.415539026260375977e-01
1.954392194747924805e-01
2.712472155690193176e-02
5.566730629652738571e-03
8.036349713802337646e-02
2.709708213806152344e-01
7.401274442672729492e-01
8.965162634849548340e-01
8.254724740982055664e-01
4.055921435356140137e-01
2.712626081177967315e-22
9.838840448428366092e-23
8.214214967850979311e-20
2.727859680465123606e-19
1.458771973848342896e-01
3.504099547863006592e-01
7.182430028915405273e-01
9.846160411834716797e-01
9.917511940002441406e-01
9.859474897384643555e-01
9.701622128486633301e-01
7.794886231422424316e-01
5.427166223526000977e-01
2.072491496801376343e-01
8.513757027685642242e-03
1.970598241314291954e-03
2.138311741873621941e-03
5.199686158448457718e-03
4.813306033611297607e-01
8.643208742141723633e-01
9.573087692260742188e-01
9.997376799583435059e-01
9.999458193778991699e-01
9.999396800994873047e-01
9.998881816864013672e-01
9.998351335525512695e-01
9.997116327285766602e-01
9.994779825210571289e-01
9.982473850250244141e-01
9.965298771858215332e-01
9.718873500823974609e-01
9.238952994346618652e-01
8.034209012985229492e-01
7.920507788658142090e-01
8.835545182228088379e-01
9.406031370162963867e-01
9.854527115821838379e-01
9.909331202507019043e-01
9.948147535324096680e-01
9.957926869392395020e-01
9.955104589462280273e-01
9.945052266120910645e-01
9.854840636253356934e-01
9.688770174980163574e-01
9.240840673446655273e-01
8.970184326171875000e-01
8.895495533943176270e-01
9.224297404289245605e-01
9.667875766754150391e-01
9.659410715103149414e-01
9.492529034614562988e-01
8.977010250091552734e-01
8.561487197875976562e-01
8.215413689613342285e-01
8.512030243873596191e-01
8.923221230506896973e-01
9.428319931030273438e-01
9.634134173393249512e-01
9.434285163879394531e-01
6.884648203849792480e-01
3.334521651268005371e-01
1.482577025890350342e-01
1.614031642675399780e-01
7.328450083732604980e-01
9.988681674003601074e-01
9.993814229965209961e-01
9.990446567535400391e-01
9.985120296478271484e-01
9.979930520057678223e-01
9.974026679992675781e-01
9.966859221458435059e-01
9.002484679222106934e-01
7.497605681419372559e-01
5.270051956176757812e-01
3.459527492523193359e-01
3.715358376502990723e-01
5.349037647247314453e-01
8.557998538017272949e-01
9.649271965026855469e-01
9.998431801795959473e-01
9.999126195907592773e-01
9.999529123306274414e-01
9.999226331710815430e-01
9.997234344482421875e-01
9.993943572044372559e-01
9.992985129356384277e-01
9.992899894714355469e-01
9.996125102043151855e-01
9.980745315551757812e-01
9.935936927795410156e-01
6.683333516120910645e-01
1.794052720069885254e-01
6.777730584144592285e-02
3.691193342092446983e-06
1.294791445616283454e-06
1.409653872251510620e-01
4.321327507495880127e-01
7.194890379905700684e-01
9.978349804878234863e-01
9.991018176078796387e-01
9.999778270721435547e-01
9.999367594718933105e-01
9.871167540550231934e-01
9.647102952003479004e-01
7.483533024787902832e-01
5.125529766082763672e-01
4.076700508594512939e-01
3.907218575477600098e-01
5.131486058235168457e-01
6.328865289688110352e-01
7.513731122016906738e-01
8.151907920837402344e-01
8.689049482345581055e-01
8.986345529556274414e-01
9.169331192970275879e-01
9.224110245704650879e-01
9.423020482063293457e-01
9.671120643615722656e-01
9.839816689491271973e-01
9.964421391487121582e-01
9.976365566253662109e-01
9.927954077720642090e-01
9.830586910247802734e-01
9.487140178680419922e-01
9.091949462890625000e-01
8.712779283523559570e-01
6.923106908798217773e-01
2.648000419139862061e-01
7.230184972286224365e-02
1.680799014866352081e-02
2.362908124923706055e-01
4.526186585426330566e-01
5.031369328498840332e-01
5.243139266967773438e-01
5.075213313102722168e-01
6.283255219459533691e-01
8.068067431449890137e-01
8.636712431907653809e-01
9.162364602088928223e-01
9.661370515823364258e-01
9.934146404266357422e-01
9.987318515777587891e-01
9.999145865440368652e-01
9.998747110366821289e-01
9.991385340690612793e-01
9.946501851081848145e-01
9.818810224533081055e-01
8.982616066932678223e-01
7.627139091491699219e-01
7.767791748046875000e-01
8.254882097244262695e-01
9.281156063079833984e-01
9.774875044822692871e-01
9.378024339675903320e-01
7.639232873916625977e-01
5.141005516052246094e-01
2.488429993391036987e-01
2.495568245649337769e-02
8.992363698780536652e-03
1.011452064102889452e-28
2.312930369920883467e-29
0.000000000000000000e+00
0.000000000000000000e+00
0.000000000000000000e+00
0.000000000000000000e+00
0.000000000000000000e+00
0.000000000000000000e+00
0.000000000000000000e+00
1.268036942185377022e-38
1.925018383190035820e-03
9.052611142396926880e-02
2.879067659378051758e-01
7.565315365791320801e-01
9.773369431495666504e-01
9.953151941299438477e-01
9.872993230819702148e-01
9.318777322769165039e-01
3.869274258613586426e-01
2.209943905472755432e-02
6.293164566159248352e-03
2.276692018503972958e-13
2.716250686288397553e-14
3.254212233017028666e-09
1.204947289079427719e-02
1.076919808983802795e-01
3.451068401336669922e-01
8.052220940589904785e-01
9.780194759368896484e-01
9.961835741996765137e-01
9.986729621887207031e-01
9.993789196014404297e-01
9.988322854042053223e-01
9.854211807250976562e-01
9.553481340408325195e-01
9.180562496185302734e-01
8.775755167007446289e-01
9.044638276100158691e-01
9.363747835159301758e-01
9.756546020507812500e-01
9.961723685264587402e-01
9.960851669311523438e-01
9.321467280387878418e-01
8.454584479331970215e-01
5.094485878944396973e-01
2.849576473236083984e-01
3.865529000759124756e-01
5.934162139892578125e-01
8.987467288970947266e-01
9.809280037879943848e-01
9.982117414474487305e-01
9.978630542755126953e-01
9.977632164955139160e-01
9.982562065124511719e-01
9.988213777542114258e-01
9.994448423385620117e-01
9.997016787528991699e-01
9.998647570610046387e-01
9.999247789382934570e-01
9.999711513519287109e-01
9.999895095825195312e-01
9.999976158142089844e-01
9.999984502792358398e-01
9.999730587005615234e-01
9.998927116394042969e-01
9.993626475334167480e-01
9.986729621887207031e-01
9.976999759674072266e-01
9.959274530410766602e-01
9.936564564704895020e-01
9.902506470680236816e-01
9.869409799575805664e-01
9.854629635810852051e-01
9.864685535430908203e-01
9.914708137512207031e-01
9.795564413070678711e-01
9.580428600311279297e-01
9.099159836769104004e-01
8.721567988395690918e-01
9.105083346366882324e-01
9.483026266098022461e-01
9.853264689445495605e-01
9.986276626586914062e-01
9.998637437820434570e-01
9.999781250953674316e-01
9.999887943267822266e-01
9.999840855598449707e-01
9.999132752418518066e-01
9.997534751892089844e-01
9.991865158081054688e-01
9.984275698661804199e-01
9.986126422882080078e-01
9.989231228828430176e-01
9.994841217994689941e-01
9.998488426208496094e-01
9.999645948410034180e-01
9.999644756317138672e-01
9.999133944511413574e-01
9.999328851699829102e-01
9.999500513076782227e-01
9.999427795410156250e-01
9.998412132263183594e-01
9.996272325515747070e-01
9.993976354598999023e-01
9.991616010665893555e-01
9.989225864410400391e-01
9.971992373466491699e-01
9.899413585662841797e-01
9.844706058502197266e-01
9.810745120048522949e-01
9.865789413452148438e-01
9.956571459770202637e-01
9.980747699737548828e-01
9.998128414154052734e-01
9.999351501464843750e-01
9.998639225959777832e-01
9.995737075805664062e-01
9.988426566123962402e-01
9.979417324066162109e-01
9.974929690361022949e-01
9.973407983779907227e-01
9.981900453567504883e-01
9.989712238311767578e-01
9.996773004531860352e-01
9.999185800552368164e-01
9.999793767929077148e-01
9.999860525131225586e-01
9.999881982803344727e-01
9.999803900718688965e-01
9.997878074645996094e-01
9.993861317634582520e-01
9.982516169548034668e-01
9.968320727348327637e-01
9.972984194755554199e-01
9.979946017265319824e-01
9.993003606796264648e-01
9.980081319808959961e-01
9.937279224395751953e-01
9.626073837280273438e-01
9.206536412239074707e-01
8.567731380462646484e-01
8.061084151268005371e-01
8.097327947616577148e-01
8.214525580406188965e-01
8.428738713264465332e-01
8.380233645439147949e-01
8.219977617263793945e-01
8.341239094734191895e-01
8.546736240386962891e-01
9.034992456436157227e-01
9.459105730056762695e-01
9.803434610366821289e-01
9.916868209838867188e-01
9.927140474319458008e-01
9.208987355232238770e-01
8.143929243087768555e-01
5.731617212295532227e-01
4.390137791633605957e-01
4.480243027210235596e-01
5.953783988952636719e-01
8.101588487625122070e-01
9.105690717697143555e-01
9.871158599853515625e-01
9.949687123298645020e-01
9.996091723442077637e-01
9.996034502983093262e-01
9.992669820785522461e-01
9.987563490867614746e-01
9.989513158798217773e-01
9.991978406906127930e-01
9.992790222167968750e-01
9.987919330596923828e-01
9.974041581153869629e-01
9.961662888526916504e-01
9.950163364410400391e-01
9.949889779090881348e-01
9.938099384307861328e-01
9.827946424484252930e-01
8.206378221511840820e-01
3.910861909389495850e-01
1.450618207454681396e-01
1.903109997510910034e-02
1.962221531668239935e-20
6.127744563855230808e-05
7.273540832102298737e-04
1.890147477388381958e-01
7.536492943763732910e-01
9.953556060791015625e-01
9.992721676826477051e-01
9.999930262565612793e-01
9.999954700469970703e-01
9.999966025352478027e-01
9.999974966049194336e-01
9.999977946281433105e-01
9.999980330467224121e-01
9.999981522560119629e-01
9.999963045120239258e-01
9.999895691871643066e-01
9.998093247413635254e-01
9.993483424186706543e-01
9.981105327606201172e-01
9.979891777038574219e-01
9.989584684371948242e-01
9.995076060295104980e-01
9.999132752418518066e-01
9.999602437019348145e-01
9.999932646751403809e-01
9.999973773956298828e-01
9.999994039535522461e-01
9.999990463256835938e-01
9.999975562095642090e-01
9.999955892562866211e-01
9.999942779541015625e-01
9.999921321868896484e-01
9.999859929084777832e-01
9.999684095382690430e-01
9.999349713325500488e-01
9.994534850120544434e-01
9.987413287162780762e-01
9.835004210472106934e-01
9.557266831398010254e-01
8.574920296669006348e-01
7.409750223159790039e-01
5.933663845062255859e-01
5.446898341178894043e-01
5.596369504928588867e-01
6.826795339584350586e-01
7.915685176849365234e-01
5.300063490867614746e-01
4.053997099399566650e-01
5.715351700782775879e-01
7.378575801849365234e-01
9.039645195007324219e-01
9.643102288246154785e-01
9.963595271110534668e-01
9.956914782524108887e-01
9.617553949356079102e-01
8.362753391265869141e-01
5.562398433685302734e-01
1.224769949913024902e-01
4.679664503782987595e-03
1.265788014279678464e-04
9.348312765359878540e-02
2.645760774612426758e-01
7.227769494056701660e-01
9.835652709007263184e-01
9.949225783348083496e-01
9.988953471183776855e-01
9.993644952774047852e-01
9.993126988410949707e-01
9.975350499153137207e-01
9.860183000564575195e-01
9.425583481788635254e-01
8.471867442131042480e-01
8.191312551498413086e-01
8.334220051765441895e-01
9.026280045509338379e-01
9.763886928558349609e-01
9.900265932083129883e-01
9.992089867591857910e-01
9.986350536346435547e-01
9.962120652198791504e-01
9.922624230384826660e-01
9.898688793182373047e-01
9.879555702209472656e-01
9.892162084579467773e-01
9.760220050811767578e-01
9.187992811203002930e-01
6.485241055488586426e-01
1.460567861795425415e-01
1.106773197534494102e-06
6.123217843878592248e-08
1.680233930140993533e-38
9.690885990858078003e-02
6.597390174865722656e-01
9.963368177413940430e-01
9.977971911430358887e-01
9.984834790229797363e-01
9.987260103225708008e-01
9.924192428588867188e-01
9.809517264366149902e-01
9.306821227073669434e-01
8.725995421409606934e-01
7.984361052513122559e-01
7.654101848602294922e-01
7.648512721061706543e-01
8.053756356239318848e-01
8.558983802795410156e-01
8.499911427497863770e-01
8.487694859504699707e-01
8.618989586830139160e-01
8.963667750358581543e-01
9.542883634567260742e-01
9.822990894317626953e-01
9.977759122848510742e-01
9.994270801544189453e-01
9.999777674674987793e-01
9.999415278434753418e-01
9.949522018432617188e-01
9.822786450386047363e-01
7.475892305374145508e-01
3.767238259315490723e-01
1.875039637088775635e-01
4.525996372103691101e-02
8.414698392152786255e-02
2.354423850774765015e-01
6.485375165939331055e-01
8.788060545921325684e-01
9.462229013442993164e-01
9.596682190895080566e-01
9.555421471595764160e-01
9.616221785545349121e-01
9.701274037361145020e-01
9.871277809143066406e-01
9.973117709159851074e-01
9.986127614974975586e-01
9.992277622222900391e-01
9.994894862174987793e-01
9.997208118438720703e-01
9.999232292175292969e-01
9.999269843101501465e-01
9.999006986618041992e-01
9.998154640197753906e-01
9.989922642707824707e-01
9.975938200950622559e-01
9.836087822914123535e-01
9.661789536476135254e-01
9.482318758964538574e-01
9.364767074584960938e-01
9.446804523468017578e-01
9.449206590652465820e-01
9.358504414558410645e-01
5.794614553451538086e-01
6.487421691417694092e-02
3.279536962509155273e-02
7.602051645517349243e-02
3.035735785961151123e-01
5.144016742706298828e-01
6.957011818885803223e-01
6.398216485977172852e-01
4.122802615165710449e-01
4.697576165199279785e-01
5.985878109931945801e-01
7.798763513565063477e-01
9.136272072792053223e-01
9.036206007003784180e-01
8.857738375663757324e-01
8.591863512992858887e-01
8.926349878311157227e-01
9.524929523468017578e-01
9.793100357055664062e-01
9.998494386672973633e-01
9.999398589134216309e-01
9.999967217445373535e-01
9.999939203262329102e-01
9.999363422393798828e-01
9.998391270637512207e-01
9.992884993553161621e-01
9.986526370048522949e-01
9.991889595985412598e-01
9.996370673179626465e-01
9.998102188110351562e-01
9.999117255210876465e-01
9.999306797981262207e-01
9.999406933784484863e-01
9.999465346336364746e-01
9.998544454574584961e-01
9.996183514595031738e-01
9.984596371650695801e-01
9.964047670364379883e-01
9.926468133926391602e-01
9.921570420265197754e-01
9.942007660865783691e-01
9.953323006629943848e-01
9.962087869644165039e-01
9.936066269874572754e-01
9.922356009483337402e-01
9.952540397644042969e-01
9.975070953369140625e-01
9.987767338752746582e-01
9.988945722579956055e-01
9.984073042869567871e-01
9.990380406379699707e-01
9.997393488883972168e-01
9.995751976966857910e-01
9.978999495506286621e-01
9.928562641143798828e-01
9.897872209548950195e-01
9.884834885597229004e-01
9.888542294502258301e-01
9.898038506507873535e-01
9.846708774566650391e-01
9.786921143531799316e-01
9.699408411979675293e-01
9.629979133605957031e-01
9.588589072227478027e-01
9.569343924522399902e-01
9.564385414123535156e-01
9.629138708114624023e-01
9.707006216049194336e-01
9.746152162551879883e-01
9.807710647583007812e-01
9.933548569679260254e-01
9.954338073730468750e-01
9.857583642005920410e-01
9.508451819419860840e-01
9.043171405792236328e-01
9.201121330261230469e-01
9.430549740791320801e-01
9.683890938758850098e-01
9.457756280899047852e-01
8.252114057540893555e-01
6.139038205146789551e-01
3.264527916908264160e-01
3.162778019905090332e-01
3.945792019367218018e-01
6.034519076347351074e-01
7.701703906059265137e-01
7.387532591819763184e-01
7.346603870391845703e-01
7.715754508972167969e-01
8.416415452957153320e-01
9.325581789016723633e-01
9.693267345428466797e-01
9.930335283279418945e-01
9.756669998168945312e-01
9.647912383079528809e-01
9.734561443328857422e-01
9.805251955986022949e-01
9.857366681098937988e-01
9.892176985740661621e-01
9.918653964996337891e-01
9.936792850494384766e-01
9.953318834304809570e-01
9.964780211448669434e-01
9.975319504737854004e-01
9.983824491500854492e-01
9.978966712951660156e-01
9.961870312690734863e-01
9.903753399848937988e-01
9.830586910247802734e-01
7.849178314208984375e-01
5.857000350952148438e-01
4.449912309646606445e-01
3.951000869274139404e-01
5.050805211067199707e-01
6.709488630294799805e-01
8.781783580780029297e-01
9.538851976394653320e-01
9.931681156158447266e-01
9.965312480926513672e-01
9.977003335952758789e-01
9.912856817245483398e-01
9.873219728469848633e-01
9.868552088737487793e-01
9.900519251823425293e-01
9.955045580863952637e-01
9.979071021080017090e-01
9.996187090873718262e-01
9.997102618217468262e-01
9.997968077659606934e-01
9.998678565025329590e-01
9.999260902404785156e-01
9.999690055847167969e-01
9.999879598617553711e-01
9.999946355819702148e-01
9.999725222587585449e-01
9.998006820678710938e-01
9.978567957878112793e-01
9.925796985626220703e-01
9.788491725921630859e-01
9.627431631088256836e-01
9.441943764686584473e-01
9.361747503280639648e-01
9.327745437622070312e-01
9.401513934135437012e-01
9.485574364662170410e-01
9.555305242538452148e-01
9.636266827583312988e-01
9.741895794868469238e-01
9.844893217086791992e-01
9.945568442344665527e-01
9.983001351356506348e-01
9.996505975723266602e-01
9.997327923774719238e-01
9.996988177299499512e-01
9.995275139808654785e-01
9.991182684898376465e-01
9.982490539550781250e-01
9.931628108024597168e-01
9.845477342605590820e-01
9.773765206336975098e-01
9.707031846046447754e-01
9.860826730728149414e-01
9.982216954231262207e-01
9.867985248565673828e-01
9.828240871429443359e-01
9.921168684959411621e-01
9.973262548446655273e-01
9.993736147880554199e-01
9.999068379402160645e-01
9.999799728393554688e-01
9.998118281364440918e-01
9.993112683296203613e-01
9.972675442695617676e-01
9.951640367507934570e-01
9.929583668708801270e-01
9.919707179069519043e-01
9.918701052665710449e-01
9.936000704765319824e-01
9.958480000495910645e-01
9.976300001144409180e-01
9.991632103919982910e-01
9.996391534805297852e-01
9.999465346336364746e-01
9.999843835830688477e-01
9.999712705612182617e-01
9.999223947525024414e-01
9.997507333755493164e-01
9.995462894439697266e-01
9.992192983627319336e-01
9.988469481468200684e-01
9.982891678810119629e-01
9.978735446929931641e-01
9.976803660392761230e-01
9.977520704269409180e-01
9.980090856552124023e-01
9.969362020492553711e-01
9.955080151557922363e-01
9.941353201866149902e-01
9.936784505844116211e-01
9.971967935562133789e-01
9.994858503341674805e-01
9.998397231101989746e-01
9.999905228614807129e-01
9.999983310699462891e-01
9.999991655349731445e-01
9.999981522560119629e-01
9.999866485595703125e-01
9.999721050262451172e-01
9.999448060989379883e-01
9.999332427978515625e-01
9.999474883079528809e-01
9.999679923057556152e-01
9.999930858612060547e-01
9.999992251396179199e-01
9.999998807907104492e-01
9.999994039535522461e-01
9.999982118606567383e-01
9.999934434890747070e-01
9.999868273735046387e-01
9.999769330024719238e-01
9.999786615371704102e-01
9.999892711639404297e-01
9.999887943267822266e-01
9.999848604202270508e-01
9.976521730422973633e-01
9.804439544677734375e-01
8.809776306152343750e-01
8.399214148521423340e-01
9.086956977844238281e-01
9.564631581306457520e-01
9.864209890365600586e-01
9.948659539222717285e-01
9.956851005554199219e-01
9.599767327308654785e-01
9.185972809791564941e-01
8.570061922073364258e-01
7.969598174095153809e-01
7.401315569877624512e-01
7.359586954116821289e-01
7.805843353271484375e-01
8.621206283569335938e-01
9.584532976150512695e-01
9.808331131935119629e-01
9.942322373390197754e-01
9.951623082160949707e-01
9.841210842132568359e-01
9.442235827445983887e-01
6.759402751922607422e-01
1.659265905618667603e-01
1.355036976747214794e-03
5.307547980919480324e-04
4.547167196869850159e-02
1.228145807981491089e-01
5.706824660301208496e-01
9.136365056037902832e-01
9.538352489471435547e-01
9.763612151145935059e-01
9.773836135864257812e-01
6.309576630592346191e-01
8.991108834743499756e-02
4.280023697695700024e-26
2.838906361594652423e-17
1.199622270010164415e-15
1.312865642830729485e-03
7.428970187902450562e-03
4.517855495214462280e-02
1.294242441654205322e-01
4.396905899047851562e-01
9.008119702339172363e-01
9.983037114143371582e-01
9.978705048561096191e-01
9.614344835281372070e-01
9.278663396835327148e-01
9.119483232498168945e-01
8.672941923141479492e-01
7.719994783401489258e-01
7.186500430107116699e-01
6.999602317810058594e-01
8.191618323326110840e-01
9.874576926231384277e-01
9.995439648628234863e-01
9.994323849678039551e-01
9.988464117050170898e-01
9.969543218612670898e-01
9.920736551284790039e-01
9.867177009582519531e-01
9.808483123779296875e-01
9.691065549850463867e-01
9.546802639961242676e-01
9.593062400817871094e-01
9.673072695732116699e-01
9.845553636550903320e-01
9.974603652954101562e-01
9.971944689750671387e-01
9.295811057090759277e-01
7.744975090026855469e-01
4.705963730812072754e-01
7.568766921758651733e-02
1.884957467890302496e-11
4.223879232490013180e-11
4.636390805244445801e-01
8.618509173393249512e-01
9.453493952751159668e-01
9.983711242675781250e-01
9.992185235023498535e-01
9.993391036987304688e-01
9.988740682601928711e-01
9.971683621406555176e-01
9.950335621833801270e-01
9.926017522811889648e-01
9.906898140907287598e-01
9.931576848030090332e-01
9.955847859382629395e-01
9.979090094566345215e-01
9.993370175361633301e-01
9.997853040695190430e-01
9.999203085899353027e-01
9.998959302902221680e-01
9.997426271438598633e-01
9.995689392089843750e-01
9.994769692420959473e-01
9.993993043899536133e-01
9.993736147880554199e-01
9.985713958740234375e-01
9.966135025024414062e-01
9.939623475074768066e-01
9.908120036125183105e-01
9.937287569046020508e-01
9.984481930732727051e-01
9.993002414703369141e-01
9.998409152030944824e-01
9.996497631072998047e-01
9.995961785316467285e-01
9.998369812965393066e-01
9.999043941497802734e-01
9.997982978820800781e-01
9.997080564498901367e-01
9.996253252029418945e-01
9.997882843017578125e-01
9.999803304672241211e-01
9.999911785125732422e-01
9.999987483024597168e-01
9.999952912330627441e-01
9.999141097068786621e-01
9.997213482856750488e-01
9.992914199829101562e-01
9.986956715583801270e-01
9.976428747177124023e-01
9.964576363563537598e-01
9.947255253791809082e-01
9.932140111923217773e-01
9.933285117149353027e-01
9.941865801811218262e-01
9.966771006584167480e-01
9.984318614006042480e-01
9.994168281555175781e-01
9.961342215538024902e-01
9.907566308975219727e-01
9.543393850326538086e-01
9.127617478370666504e-01
8.812807202339172363e-01
8.708693385124206543e-01
9.406476020812988281e-01
9.866430163383483887e-01
9.952613711357116699e-01
9.992057681083679199e-01
9.995666146278381348e-01
9.996110796928405762e-01
9.995464086532592773e-01
9.989468455314636230e-01
9.982069730758666992e-01
9.965850114822387695e-01
9.961143136024475098e-01
9.986277818679809570e-01
1.000000000000000000e+00
1.000000000000000000e+00
9.962221384048461914e-01
9.902518987655639648e-01
9.563824534416198730e-01
9.158743619918823242e-01
8.327295780181884766e-01
7.793236970901489258e-01
8.849552273750305176e-01
9.626038074493408203e-01
9.858242273330688477e-01
9.978152513504028320e-01
9.992005228996276855e-01
9.995741844177246094e-01
9.994922876358032227e-01
9.992707371711730957e-01
9.990547895431518555e-01
9.994829893112182617e-01
9.998178482055664062e-01
9.998172521591186523e-01
9.998549222946166992e-01
9.999516606330871582e-01
9.999957680702209473e-01
9.999991059303283691e-01
9.989631772041320801e-01
9.975591301918029785e-01
9.829947352409362793e-01
9.688721895217895508e-01
9.726949334144592285e-01
9.783946871757507324e-01
9.894527792930603027e-01
9.966301321983337402e-01
9.988081455230712891e-01
9.997461438179016113e-01
9.998899102210998535e-01
9.999402761459350586e-01
9.999646544456481934e-01
9.999181032180786133e-01
9.998689889907836914e-01
9.998239278793334961e-01
9.998124837875366211e-01
9.998794794082641602e-01
9.997324347496032715e-01
9.993456602096557617e-01
9.958519339561462402e-01
9.906328320503234863e-01
9.768574237823486328e-01
9.611147642135620117e-01
9.543837308883666992e-01
9.487544298171997070e-01
9.482654929161071777e-01
9.515684247016906738e-01
9.625635743141174316e-01
9.737838506698608398e-01
9.851979613304138184e-01
9.921814203262329102e-01
9.969897866249084473e-01
9.986570477485656738e-01
9.997194409370422363e-01
9.998248219490051270e-01
9.985544681549072266e-01
9.910846948623657227e-01
8.112633824348449707e-01
3.109580874443054199e-01
9.751762449741363525e-02
1.484621167182922363e-01
4.386155903339385986e-01
8.381056785583496094e-01
9.210860133171081543e-01
9.509119987487792969e-01
9.613786935806274414e-01
9.034724831581115723e-01
5.622863769531250000e-01
3.426393866539001465e-01
3.359832763671875000e-01
5.196213126182556152e-01
8.712586760520935059e-01
9.854714870452880859e-01
9.957998394966125488e-01
9.870814085006713867e-01
9.757839441299438477e-01
9.771476387977600098e-01
9.801180958747863770e-01
9.895654320716857910e-01
9.964220523834228516e-01
9.988337159156799316e-01
9.998853206634521484e-01
9.997490644454956055e-01
9.817185401916503906e-01
9.560985565185546875e-01
7.975679636001586914e-01
6.242260932922363281e-01
6.243703961372375488e-01
6.528440713882446289e-01
7.965725660324096680e-01
9.090478420257568359e-01
9.654926061630249023e-01
9.943157434463500977e-01
9.980829954147338867e-01
9.981117844581604004e-01
9.964741468429565430e-01
9.948004484176635742e-01
9.932026863098144531e-01
9.956110715866088867e-01
9.976361393928527832e-01
9.980104565620422363e-01
9.985060095787048340e-01
9.992296695709228516e-01
9.989960193634033203e-01
9.978614449501037598e-01
9.957898855209350586e-01
9.932783842086791992e-01
9.950477480888366699e-01
9.976328015327453613e-01
9.988460540771484375e-01
9.998662471771240234e-01
9.999048113822937012e-01
9.999130964279174805e-01
9.998593330383300781e-01
9.996963143348693848e-01
9.994199872016906738e-01
9.990257024765014648e-01
9.985679388046264648e-01
9.984100461006164551e-01
9.983188509941101074e-01
9.986675977706909180e-01
9.990526437759399414e-01
9.996105432510375977e-01
1.000000000000000000e+00
1.000000000000000000e+00
9.999794960021972656e-01
9.999352693557739258e-01
9.998201727867126465e-01
9.996621012687683105e-01
9.990746378898620605e-01
9.983670115470886230e-01
9.974176883697509766e-01
9.966828227043151855e-01
9.979231357574462891e-01
9.989733099937438965e-01
9.995074272155761719e-01
9.997636675834655762e-01
9.996461272239685059e-01
9.989310503005981445e-01
9.977942109107971191e-01
9.963606595993041992e-01
9.948288202285766602e-01
9.961366653442382812e-01
9.977266788482666016e-01
9.987980723381042480e-01
9.996806979179382324e-01
9.998771548271179199e-01
1.000000000000000000e+00
1.000000000000000000e+00
9.999966621398925781e-01
9.999903440475463867e-01
9.998518824577331543e-01
9.996544718742370605e-01
9.996934533119201660e-01
9.997727274894714355e-01
9.997705817222595215e-01
9.997203350067138672e-01
9.994235038757324219e-01
9.982684254646301270e-01
9.953062534332275391e-01
9.662637114524841309e-01
9.087277054786682129e-01
7.426928281784057617e-01
5.135802030563354492e-01
6.787204146385192871e-01
9.495164752006530762e-01
9.821096658706665039e-01
9.991480112075805664e-01
9.996373057365417480e-01
9.999948740005493164e-01
9.999750256538391113e-01
9.995915889739990234e-01
9.986873269081115723e-01
9.887716174125671387e-01
9.720173478126525879e-01
8.270118832588195801e-01
6.327681541442871094e-01
6.961333751678466797e-01
7.969772815704345703e-01
9.075137972831726074e-01
9.981648325920104980e-01
9.991764426231384277e-01
9.998698830604553223e-01
9.999327063560485840e-01
9.999723434448242188e-01
9.999882578849792480e-01
9.999905824661254883e-01
9.999855756759643555e-01
9.996331334114074707e-01
9.991949200630187988e-01
9.954339265823364258e-01
9.783919453620910645e-01
8.470724821090698242e-01
6.743758916854858398e-01
3.826541304588317871e-01
2.091031521558761597e-01
2.079184949398040771e-01
3.760530948638916016e-01
6.774634122848510742e-01
8.502765893936157227e-01
9.718361496925354004e-01
9.934059977531433105e-01
9.992541074752807617e-01
9.990465044975280762e-01
9.987729191780090332e-01
9.981684684753417969e-01
9.977846145629882812e-01
9.978698492050170898e-01
9.982079863548278809e-01
9.988309741020202637e-01
9.992659091949462891e-01
9.995828866958618164e-01
9.987957477569580078e-01
9.976727962493896484e-01
9.891933202743530273e-01
9.800963997840881348e-01
9.718721508979797363e-01
8.689920902252197266e-01
4.229084849357604980e-01
1.135479062795639038e-01
3.900068998336791992e-02
3.098717331886291504e-02
8.553227037191390991e-02
3.128326237201690674e-01
6.262638568878173828e-01
4.323643147945404053e-01
1.216721311211585999e-01
5.397776514291763306e-02
3.118145046755671501e-03
4.925005137920379639e-03
1.118526514619588852e-02
3.040426596999168396e-02
5.147191882133483887e-02
7.522337883710861206e-02
1.684205979108810425e-01
3.189007043838500977e-01
6.008931398391723633e-01
9.410666227340698242e-01
9.916010499000549316e-01
9.887866973876953125e-01
9.845031499862670898e-01
9.771367311477661133e-01
9.503079652786254883e-01
9.337300062179565430e-01
9.430247545242309570e-01
9.576703310012817383e-01
9.793825149536132812e-01
9.920300841331481934e-01
9.978686571121215820e-01
9.996055960655212402e-01
9.997428655624389648e-01
9.996075034141540527e-01
9.994186162948608398e-01
9.980227947235107422e-01
9.959604144096374512e-01
9.901766777038574219e-01
9.866973161697387695e-01
9.886213541030883789e-01
9.898681044578552246e-01
9.902651309967041016e-01
9.370595812797546387e-01
8.462556600570678711e-01
6.101282238960266113e-01
3.200086355209350586e-01
5.259026885032653809e-01
8.013898134231567383e-01
9.032862186431884766e-01
9.901227355003356934e-01
9.958176016807556152e-01
9.995474815368652344e-01
9.987648725509643555e-01
9.882612824440002441e-01
9.655658602714538574e-01
9.262039065361022949e-01
8.753190636634826660e-01
8.672391176223754883e-01
8.749275803565979004e-01
9.107061624526977539e-01
9.498828053474426270e-01
9.412502646446228027e-01
9.124736189842224121e-01
7.743070125579833984e-01
6.944351196289062500e-01
7.545740604400634766e-01
8.332310318946838379e-01
9.362419247627258301e-01
9.859000444412231445e-01
9.966493844985961914e-01
9.997999072074890137e-01
9.999683499336242676e-01
9.999707341194152832e-01
9.999457597732543945e-01
9.997313618659973145e-01
9.994477033615112305e-01
9.987445473670959473e-01
9.965333342552185059e-01
9.904378652572631836e-01
9.537625312805175781e-01
8.742799162864685059e-01
7.563825845718383789e-01
6.072686314582824707e-01
6.072625517845153809e-01
6.729822158813476562e-01
7.702435255050659180e-01
8.735889792442321777e-01
9.180764555931091309e-01
9.576595425605773926e-01
9.726155400276184082e-01
9.854412078857421875e-01
9.918204545974731445e-01
9.966060519218444824e-01
9.988343119621276855e-01
9.999141693115234375e-01
9.999415874481201172e-01
9.996048808097839355e-01
9.990795254707336426e-01
9.980940818786621094e-01
9.969877600669860840e-01
9.984436631202697754e-01
9.999624490737915039e-01
9.998421669006347656e-01
9.996961951255798340e-01
9.994481205940246582e-01
9.992976784706115723e-01
9.993352890014648438e-01
9.991359114646911621e-01
9.986776113510131836e-01
9.957808256149291992e-01
9.913429617881774902e-01
9.822003841400146484e-01
9.714556932449340820e-01
9.781402349472045898e-01
9.870958924293518066e-01
9.933971166610717773e-01
9.988336563110351562e-01
9.995087385177612305e-01
9.999810457229614258e-01
9.999494552612304688e-01
9.998983144760131836e-01
9.998204708099365234e-01
9.997165203094482422e-01
9.995920658111572266e-01
9.994775056838989258e-01
9.993676543235778809e-01
9.987614154815673828e-01
9.980468750000000000e-01
9.933831095695495605e-01
9.886979460716247559e-01
9.857146739959716797e-01
9.846051931381225586e-01
9.900994896888732910e-01
9.946123361587524414e-01
9.973511695861816406e-01
9.989965558052062988e-01
9.994791150093078613e-01
9.996473193168640137e-01
9.996189475059509277e-01
9.985234737396240234e-01
9.970667362213134766e-01
9.808416962623596191e-01
9.624509215354919434e-01
9.345759749412536621e-01
9.155022501945495605e-01
9.496267437934875488e-01
9.780916571617126465e-01
9.918081164360046387e-01
9.999638795852661133e-01
9.999396800994873047e-01
9.958323240280151367e-01
9.881762862205505371e-01
9.632008671760559082e-01
9.295034408569335938e-01
9.415317177772521973e-01
9.656087160110473633e-01
9.825765490531921387e-01
9.978637695312500000e-01
9.926056265830993652e-01
9.884631037712097168e-01
9.894181489944458008e-01
9.915999770164489746e-01
9.965165853500366211e-01
9.994342923164367676e-01
9.998278021812438965e-01
9.999981522560119629e-01
9.999990463256835938e-01
9.999860525131225586e-01
9.999670386314392090e-01
9.993925690650939941e-01
9.986975789070129395e-01
9.980108141899108887e-01
9.974219202995300293e-01
9.980168938636779785e-01
9.986302852630615234e-01
9.993099570274353027e-01
9.997373819351196289e-01
9.996585249900817871e-01
9.985460638999938965e-01
9.962045550346374512e-01
9.924145936965942383e-01
9.876126646995544434e-01
9.834807515144348145e-01
9.796345233917236328e-01
9.820699095726013184e-01
9.857381582260131836e-01
9.922798275947570801e-01
9.984390139579772949e-01
9.992998838424682617e-01
9.999816417694091797e-01
9.999910593032836914e-01
9.999972581863403320e-01
9.999971389770507812e-01
9.999973177909851074e-01
9.999977350234985352e-01
9.999914169311523438e-01
9.999803304672241211e-01
9.998437166213989258e-01
9.996570348739624023e-01
9.994481801986694336e-01
9.992351531982421875e-01
9.988462328910827637e-01
9.983730316162109375e-01
9.970759153366088867e-01
9.958495497703552246e-01
9.949064254760742188e-01
9.935464859008789062e-01
9.913302063941955566e-01
9.845166206359863281e-01
9.721049666404724121e-01
9.662361741065979004e-01
9.651830196380615234e-01
9.731422066688537598e-01
9.849646687507629395e-01
9.918274283409118652e-01
9.976004958152770996e-01
9.989629983901977539e-01
9.999462962150573730e-01
9.991400837898254395e-01
9.985489249229431152e-01
9.989050030708312988e-01
9.992157220840454102e-01
9.994266033172607422e-01
9.986871480941772461e-01
9.966697692871093750e-01
9.662138223648071289e-01
9.124935269355773926e-01
9.140306115150451660e-01
9.429529309272766113e-01
9.677000641822814941e-01
9.913084506988525391e-01
9.964984059333801270e-01
9.997844099998474121e-01
9.995630979537963867e-01
9.994140267372131348e-01
9.996749758720397949e-01
9.998844861984252930e-01
9.999561905860900879e-01
9.993742108345031738e-01
9.977527260780334473e-01
9.974112510681152344e-01
9.983169436454772949e-01
9.990445971488952637e-01
9.996619224548339844e-01
9.998849630355834961e-01
9.999699592590332031e-01
9.999823570251464844e-01
9.999830722808837891e-01
9.998475313186645508e-01
9.996678233146667480e-01
9.991071224212646484e-01
9.986146688461303711e-01
9.983659386634826660e-01
9.980129003524780273e-01
9.974471330642700195e-01
9.976504445075988770e-01
9.987961649894714355e-01
9.994983077049255371e-01
9.998545646667480469e-01
9.999700784683227539e-01
9.999715685844421387e-01
9.999728798866271973e-01
9.999740719795227051e-01
9.998893141746520996e-01
9.997842907905578613e-01
9.992702007293701172e-01
9.987565875053405762e-01
9.982364177703857422e-01
9.975094795227050781e-01
9.961855411529541016e-01
9.917811751365661621e-01
9.822936058044433594e-01
9.804850816726684570e-01
9.866936802864074707e-01
9.924229383468627930e-01
9.978262186050415039e-01
9.994565248489379883e-01
9.996086955070495605e-01
9.890264272689819336e-01
9.762342572212219238e-01
7.112485766410827637e-01
4.369446635246276855e-01
2.380041033029556274e-01
8.076098561286926270e-02
1.222362071275711060e-01
2.754671871662139893e-01
7.051423788070678711e-01
9.711132645606994629e-01
9.902653694152832031e-01
9.992992281913757324e-01
9.986413121223449707e-01
9.972707033157348633e-01
9.954660534858703613e-01
9.954240918159484863e-01
9.960155487060546875e-01
9.978110790252685547e-01
9.998188614845275879e-01
9.998040795326232910e-01
9.997174143791198730e-01
9.998521804809570312e-01
9.999637007713317871e-01
9.999709129333496094e-01
9.999743103981018066e-01
9.999684691429138184e-01
9.999678134918212891e-01
9.999747276306152344e-01
9.999838471412658691e-01
9.999949336051940918e-01
9.999993443489074707e-01
9.999997019767761230e-01
9.999973177909851074e-01
9.999938607215881348e-01
9.998089671134948730e-01
9.995908737182617188e-01
9.992093443870544434e-01
9.988824725151062012e-01
9.994930028915405273e-01
9.981671571731567383e-01
9.875054955482482910e-01
9.653298258781433105e-01
9.136348366737365723e-01
8.673067688941955566e-01
8.290916085243225098e-01
8.005385398864746094e-01
7.815594673156738281e-01
7.565652728080749512e-01
7.277387380599975586e-01
7.798894047737121582e-01
8.645120859146118164e-01
9.254627227783203125e-01
9.811294078826904297e-01
9.923015236854553223e-01
9.997517466545104980e-01
9.997314214706420898e-01
9.997293353080749512e-01
9.998400211334228516e-01
9.999331235885620117e-01
9.999737739562988281e-01
9.998523592948913574e-01
9.994331002235412598e-01
9.986635446548461914e-01
9.974866509437561035e-01
9.957128763198852539e-01
9.934889674186706543e-01
9.884096980094909668e-01
9.819273948669433594e-01
9.733814001083374023e-01
9.642129540443420410e-01
9.715859889984130859e-01
9.812275171279907227e-01
9.889914393424987793e-01
9.961851835250854492e-01
9.980368614196777344e-01
9.995595812797546387e-01
9.997289776802062988e-01
9.996985197067260742e-01
9.992015957832336426e-01
9.990880489349365234e-01
9.995422363281250000e-01
9.998289942741394043e-01
9.999521970748901367e-01
9.983521699905395508e-01
9.956481456756591797e-01
9.815403819084167480e-01
9.627917408943176270e-01
9.086387157440185547e-01
8.466202616691589355e-01
7.193543910980224609e-01
5.873691439628601074e-01
4.985860288143157959e-01
4.335143566131591797e-01
5.371142625808715820e-01
6.354404091835021973e-01
7.145191431045532227e-01
7.962394952774047852e-01
8.830074071884155273e-01
9.466646909713745117e-01
9.799768328666687012e-01
9.967612028121948242e-01
9.989927411079406738e-01
9.998770356178283691e-01
9.999738931655883789e-01
9.999976754188537598e-01
9.999944567680358887e-01
9.999879002571105957e-01
9.999806880950927734e-01
9.999812841415405273e-01
9.999722242355346680e-01
9.996570348739624023e-01
9.990850090980529785e-01
9.968253970146179199e-01
9.945332407951354980e-01
9.921091794967651367e-01
9.920154213905334473e-01
9.966142177581787109e-01
9.993305206298828125e-01
9.995813965797424316e-01
9.992035031318664551e-01
9.982700943946838379e-01
9.895297884941101074e-01
9.761537909507751465e-01
9.586642384529113770e-01
9.395657181739807129e-01
6.610308885574340820e-01
3.261449635028839111e-01
4.970780014991760254e-01
7.093310356140136719e-01
8.497778177261352539e-01
9.752129316329956055e-01
9.888114333152770996e-01
9.995095729827880859e-01
9.996331334114074707e-01
9.997361898422241211e-01
9.997934103012084961e-01
9.998521804809570312e-01
9.999129772186279297e-01
9.999325275421142578e-01
9.999117255210876465e-01
9.998757243156433105e-01
9.998293519020080566e-01
9.998658895492553711e-01
9.999387860298156738e-01
9.999705553054809570e-01
9.999912381172180176e-01
9.999861717224121094e-01
9.999777674674987793e-01
9.999514818191528320e-01
9.999259114265441895e-01
9.999138116836547852e-01
9.999043345451354980e-01
9.999074339866638184e-01
9.999108314514160156e-01
9.999149441719055176e-01
9.999288916587829590e-01
9.999605417251586914e-01
9.999813437461853027e-01
9.999891519546508789e-01
9.999932646751403809e-01
9.999942779541015625e-01
9.999903440475463867e-01
9.999836683273315430e-01
9.999668002128601074e-01
9.999462366104125977e-01
9.999265074729919434e-01
9.999068379402160645e-01
9.998945593833923340e-01
9.998832345008850098e-01
9.998936057090759277e-01
9.998050332069396973e-01
9.988546967506408691e-01
9.557186365127563477e-01
7.407954335212707520e-01
5.161862969398498535e-01
2.694343924522399902e-01
2.389134019613265991e-01
5.659052133560180664e-01
8.001150488853454590e-01
9.305429458618164062e-01
9.886987209320068359e-01
