3.806386590003967285e-01
2.589548801085195251e-12
2.745669902375069693e-13
2.315658610314130783e-03
1.452661454677581787e-01
4.953114390373229980e-01
4.552921950817108154e-01
4.342089295387268066e-01
4.773260354995727539e-01
3.551877737045288086e-01
1.947729140520095825e-01
1.170181107568168954e-08
3.802255399421028415e-09
1.235621522634178238e-12
5.664622585754841566e-05
1.531908521428704262e-03
9.208122640848159790e-02
2.707273066043853760e-01
6.610622406005859375e-01
8.915051817893981934e-01
9.722149372100830078e-01
7.309151887893676758e-01
3.688521087169647217e-01
1.058204134096740745e-06
2.652055002272390993e-07
1.773934513330459595e-01
4.689738154411315918e-01
8.729124665260314941e-01
9.966099262237548828e-01
9.988936781883239746e-01
9.984451532363891602e-01
9.979639649391174316e-01
9.775415062904357910e-01
8.973859548568725586e-01
4.236717224121093750e-01
7.470973741874331608e-06
1.245728640242305119e-06
3.500163304190528080e-41
2.031211570469038108e-12
8.454204350472060980e-12
8.716400712728500366e-02
2.438013851642608643e-01
4.981221258640289307e-01
6.036697626113891602e-01
7.038784623146057129e-01
8.348097205162048340e-01
8.317185640335083008e-01
5.984749794006347656e-01
5.419788882136344910e-02
4.991721827536821365e-03
3.384070441825315356e-05
9.740360110299661756e-05
2.839656770229339600e-01
6.069793105125427246e-01
9.575988650321960449e-01
9.835110902786254883e-01
9.882365465164184570e-01
9.779869318008422852e-01
9.810630679130554199e-01
9.884924292564392090e-01
9.995037317276000977e-01
9.998393654823303223e-01
9.999878406524658203e-01
9.999766349792480469e-01
9.998716711997985840e-01
9.996766448020935059e-01
9.994392395019531250e-01
9.994501471519470215e-01
9.995481967926025391e-01
9.996300339698791504e-01
9.991337656974792480e-01
9.965630173683166504e-01
9.925532937049865723e-01
9.873020052909851074e-01
9.883608222007751465e-01
9.922852516174316406e-01
9.935580492019653320e-01
9.902956485748291016e-01
9.865254759788513184e-01
9.900960922241210938e-01
9.948304295539855957e-01
9.985628128051757812e-01
9.965194463729858398e-01
9.722082614898681641e-01
9.326019883155822754e-01
8.708264231681823730e-01
8.561649322509765625e-01
8.734465837478637695e-01
9.369063377380371094e-01
9.737519621849060059e-01
9.953784942626953125e-01
9.985164403915405273e-01
9.994193315505981445e-01
9.995357990264892578e-01
9.992663264274597168e-01
9.989469647407531738e-01
9.988044500350952148e-01
9.990884065628051758e-01
9.993320107460021973e-01
9.995943307876586914e-01
9.999149441719055176e-01
9.999831318855285645e-01
9.997801184654235840e-01
9.991527795791625977e-01
9.609358906745910645e-01
7.117462754249572754e-01
1.014315411448478699e-01
8.890473283827304840e-03
7.294939097235442205e-10
7.590403305890447427e-11
5.729306936264038086e-01
9.760255217552185059e-01
9.976841807365417480e-01
9.986812472343444824e-01
9.919301271438598633e-01
9.772831201553344727e-01
9.887354373931884766e-01
9.976792931556701660e-01
9.997698068618774414e-01
9.999683499336242676e-01
9.999806880950927734e-01
9.999390840530395508e-01
9.998858571052551270e-01
9.998657107353210449e-01
9.998874068260192871e-01
9.998348951339721680e-01
9.969648718833923340e-01
9.907686114311218262e-01
8.242203593254089355e-01
6.066726446151733398e-01
3.382602930068969727e-01
3.857578337192535400e-01
5.929651856422424316e-01
9.642894864082336426e-01
9.892313480377197266e-01
9.989464282989501953e-01
9.972872734069824219e-01
9.872494935989379883e-01
9.807650446891784668e-01
9.779193997383117676e-01
9.826638102531433105e-01
9.870353937149047852e-01
9.910454750061035156e-01
9.949747323989868164e-01
9.978008866310119629e-01
9.995701313018798828e-01
9.998475313186645508e-01
9.999859929084777832e-01
9.999985098838806152e-01
9.999990463256835938e-01
9.999977946281433105e-01
9.999940991401672363e-01
9.999663829803466797e-01
9.999168515205383301e-01
9.998523592948913574e-01
9.998819231986999512e-01
9.998816251754760742e-01
9.998559951782226562e-01
9.998340606689453125e-01
9.993474483489990234e-01
9.945205450057983398e-01
9.095863103866577148e-01
6.881049871444702148e-01
3.628975749015808105e-01
2.067748010158538818e-01
1.209401786327362061e-01
1.000338494777679443e-01
2.199824601411819458e-01
5.071567296981811523e-01
9.095193147659301758e-01
9.705767035484313965e-01
9.984862804412841797e-01
9.996984601020812988e-01
9.996722936630249023e-01
9.994881749153137207e-01
9.991895556449890137e-01
9.990741014480590820e-01
9.982422590255737305e-01
9.967373013496398926e-01
9.935546517372131348e-01
9.944227337837219238e-01
9.983575344085693359e-01
9.993473291397094727e-01
9.997787475585937500e-01
9.997028112411499023e-01
9.986186027526855469e-01
9.848440289497375488e-01
9.553110003471374512e-01
8.245131373405456543e-01
8.302892446517944336e-01
9.430882334709167480e-01
9.818260073661804199e-01
9.995931386947631836e-01
9.999995231628417969e-01
9.999933838844299316e-01
9.999810457229614258e-01
9.999557137489318848e-01
9.997463822364807129e-01
9.997265934944152832e-01
9.998666644096374512e-01
9.999374151229858398e-01
9.998875260353088379e-01
9.996955394744873047e-01
9.983591437339782715e-01
9.984303116798400879e-01
9.997200965881347656e-01
9.999020099639892578e-01
9.999920129776000977e-01
9.999975562095642090e-01
9.999989867210388184e-01
9.999955892562866211e-01
9.999868273735046387e-01
9.998878240585327148e-01
9.995762109756469727e-01
9.990593791007995605e-01
9.993528127670288086e-01
9.996101260185241699e-01
9.998311400413513184e-01
9.998258948326110840e-01
9.998124241828918457e-01
9.997918605804443359e-01
9.992196559906005859e-01
9.949594736099243164e-01
9.866645932197570801e-01
8.264710903167724609e-01
6.846101880073547363e-01
5.685878992080688477e-01
6.632573008537292480e-01
7.860037088394165039e-01
9.316618442535400391e-01
9.681392908096313477e-01
9.872353672981262207e-01
9.918035864830017090e-01
9.950198531150817871e-01
9.947212338447570801e-01
9.899037480354309082e-01
8.051900863647460938e-01
5.208361744880676270e-01
1.167417168617248535e-01
1.381934434175491333e-01
3.210084736347198486e-01
6.811858415603637695e-01
8.619686365127563477e-01
9.110239744186401367e-01
7.843729257583618164e-01
4.194584786891937256e-01
3.246257901191711426e-01
7.452816963195800781e-01
9.099102616310119629e-01
9.912999868392944336e-01
9.959164857864379883e-01
9.226510524749755859e-01
7.058578729629516602e-01
2.318587452173233032e-01
5.664195418357849121e-01
9.123620390892028809e-01
9.179649949073791504e-01
9.473333954811096191e-01
9.774500131607055664e-01
9.959552884101867676e-01
9.999056458473205566e-01
9.999461770057678223e-01
9.998688101768493652e-01
9.973722100257873535e-01
9.436854720115661621e-01
7.464999556541442871e-01
3.513881266117095947e-01
4.491553562592379492e-15
9.578014574699949234e-16
0.000000000000000000e+00
0.000000000000000000e+00
1.401298464324817071e-45
1.356156021356582642e-01
2.521142065525054932e-01
6.023013219237327576e-02
2.806621836498379707e-03
5.471691954880952835e-03
1.383237657137215137e-03
3.765784559184304214e-11
0.000000000000000000e+00
0.000000000000000000e+00
8.096950501203536987e-02
2.356900125741958618e-01
5.849577784538269043e-01
7.531394362449645996e-01
8.140207529067993164e-01
9.323019981384277344e-01
9.883830547332763672e-01
1.000000000000000000e+00
1.000000000000000000e+00
9.997240304946899414e-01
9.992195963859558105e-01
9.984238147735595703e-01
9.947316050529479980e-01
9.885843992233276367e-01
9.843394160270690918e-01
9.846541881561279297e-01
9.893860220909118652e-01
9.945243000984191895e-01
9.979456067085266113e-01
9.995137453079223633e-01
9.998217821121215820e-01
9.999656081199645996e-01
9.999638795852661133e-01
9.999152421951293945e-01
9.998971223831176758e-01
9.999247789382934570e-01
9.999707937240600586e-01
1.000000000000000000e+00
1.000000000000000000e+00
9.999371170997619629e-01
9.998654723167419434e-01
9.997942447662353516e-01
9.974324703216552734e-01
9.825999140739440918e-01
9.431408643722534180e-01
7.397130727767944336e-01
5.603702068328857422e-01
5.281571745872497559e-01
6.856625080108642578e-01
8.674451708793640137e-01
9.684830307960510254e-01
9.970098733901977539e-01
9.999651908874511719e-01
9.999904036521911621e-01
9.999193549156188965e-01
9.995049834251403809e-01
9.978283643722534180e-01
9.965202808380126953e-01
9.955592155456542969e-01
9.954829216003417969e-01
9.927828907966613770e-01
9.869831800460815430e-01
9.696849584579467773e-01
9.594585895538330078e-01
9.557874202728271484e-01
9.727627635002136230e-01
9.864923954010009766e-01
9.971802830696105957e-01
9.967550039291381836e-01
9.967213869094848633e-01
9.970458745956420898e-01
9.984093308448791504e-01
9.990270733833312988e-01
9.988799691200256348e-01
9.879095554351806641e-01
9.294098019599914551e-01
8.146063685417175293e-01
6.512503027915954590e-01
5.743169784545898438e-01
6.226403117179870605e-01
7.778966426849365234e-01
9.004056453704833984e-01
9.474456310272216797e-01
9.776465296745300293e-01
9.962459802627563477e-01
9.973626732826232910e-01
9.936869144439697266e-01
9.889715909957885742e-01
9.844400286674499512e-01
9.858533143997192383e-01
9.874163866043090820e-01
9.841432571411132812e-01
6.530510783195495605e-01
2.537519335746765137e-01
6.109946593642234802e-02
5.087131285108625889e-04
2.724347822368144989e-02
1.907999664545059204e-01
4.308606088161468506e-01
6.724451184272766113e-01
5.972024202346801758e-01
6.494939923286437988e-01
7.894815206527709961e-01
9.326602816581726074e-01
9.937078952789306641e-01
9.869767427444458008e-01
9.638733863830566406e-01
9.262356758117675781e-01
8.742970228195190430e-01
8.371886014938354492e-01
7.428851723670959473e-01
5.795130729675292969e-01
2.229751795530319214e-01
1.026523858308792114e-02
2.767603099346160889e-02
3.674675226211547852e-01
7.037668228149414062e-01
9.572495818138122559e-01
9.986981749534606934e-01
9.958899021148681641e-01
9.876651763916015625e-01
9.891162514686584473e-01
9.430658221244812012e-01
7.541886568069458008e-01
3.654483258724212646e-01
2.492404610096157401e-23
6.019667011261727010e-24
1.392641451047893497e-07
3.630475699901580811e-02
2.680179476737976074e-01
3.841467797756195068e-01
4.514571428298950195e-01
6.811053752899169922e-01
8.545732498168945312e-01
9.810501933097839355e-01
9.919970035552978516e-01
9.980675578117370605e-01
9.997305870056152344e-01
9.998409152030944824e-01
9.994472265243530273e-01
9.984897971153259277e-01
9.981485009193420410e-01
9.981596469879150391e-01
9.986127614974975586e-01
9.989924430847167969e-01
9.993810653686523438e-01
9.998015165328979492e-01
9.999281167984008789e-01
9.999734759330749512e-01
9.999675750732421875e-01
9.995745420455932617e-01
9.957205057144165039e-01
9.817283153533935547e-01
8.414556980133056641e-01
6.185175180435180664e-01
2.529792785644531250e-01
1.463974714279174805e-01
2.137093245983123779e-01
5.499675273895263672e-01
7.861351370811462402e-01
9.452089667320251465e-01
9.621593952178955078e-01
9.769519567489624023e-01
9.898005127906799316e-01
9.956308007240295410e-01
9.976732134819030762e-01
9.956866502761840820e-01
9.959810376167297363e-01
9.954162240028381348e-01
9.935315847396850586e-01
9.929881691932678223e-01
9.928206205368041992e-01
9.930320382118225098e-01
9.822275638580322266e-01
9.477802515029907227e-01
8.634814023971557617e-01
7.669107913970947266e-01
7.198134660720825195e-01
8.421140909194946289e-01
9.336471557617187500e-01
9.988536238670349121e-01
9.996973276138305664e-01
9.999890327453613281e-01
9.999744892120361328e-01
9.999804496765136719e-01
9.999812245368957520e-01
9.999779462814331055e-01
9.999682307243347168e-01
9.999299645423889160e-01
9.998643994331359863e-01
9.998985528945922852e-01
9.999385476112365723e-01
9.999833106994628906e-01
9.999940991401672363e-01
9.999987483024597168e-01
9.999987483024597168e-01
9.999993443489074707e-01
9.999940991401672363e-01
9.999759197235107422e-01
9.985138177871704102e-01
9.848309159278869629e-01
9.344336986541748047e-01
9.018462896347045898e-01
8.919137716293334961e-01
9.538437724113464355e-01
9.847148060798645020e-01
9.967293143272399902e-01
9.964696168899536133e-01
9.955388903617858887e-01
9.940583705902099609e-01
9.913167953491210938e-01
9.908058643341064453e-01
9.925418496131896973e-01
9.966477751731872559e-01
9.989383220672607422e-01
9.986720681190490723e-01
9.978816509246826172e-01
9.947139024734497070e-01
9.873582124710083008e-01
9.907326698303222656e-01
9.957097172737121582e-01
9.987525343894958496e-01
9.996976852416992188e-01
9.998694062232971191e-01
9.998235702514648438e-01
9.998797774314880371e-01
9.999740123748779297e-01
9.999903440475463867e-01
9.999975562095642090e-01
9.999982118606567383e-01
9.999937415122985840e-01
9.999879598617553711e-01
9.999811053276062012e-01
9.998868107795715332e-01
9.994043707847595215e-01
9.984427690505981445e-01
9.966049790382385254e-01
9.961603283882141113e-01
9.982466101646423340e-01
9.989883899688720703e-01
9.992058277130126953e-01
9.988141655921936035e-01
9.986391067504882812e-01
9.981380105018615723e-01
9.961599111557006836e-01
9.641718268394470215e-01
9.003513455390930176e-01
7.239897251129150391e-01
5.479851365089416504e-01
3.823711276054382324e-01
3.941501080989837646e-01
4.959537684917449951e-01
6.831225752830505371e-01
6.967272162437438965e-01
7.342428565025329590e-01
8.091756701469421387e-01
8.633199930191040039e-01
8.201203346252441406e-01
6.018478274345397949e-01
7.015581727027893066e-01
8.557568788528442383e-01
9.558064341545104980e-01
9.909089207649230957e-01
9.997211098670959473e-01
9.999114274978637695e-01
9.999860525131225586e-01
9.999961853027343750e-01
9.999957680702209473e-01
9.999359250068664551e-01
9.998067617416381836e-01
9.984717965126037598e-01
9.977324008941650391e-01
9.976492524147033691e-01
9.988883137702941895e-01
9.997754693031311035e-01
9.999697804450988770e-01
9.999996423721313477e-01
9.996072053909301758e-01
9.983261227607727051e-01
9.928709864616394043e-01
9.878106713294982910e-01
9.887617230415344238e-01
9.928660988807678223e-01
9.979325532913208008e-01
9.993211030960083008e-01
9.999340176582336426e-01
9.999955892562866211e-01
9.999983310699462891e-01
9.999997019767761230e-01
9.999995827674865723e-01
9.982354640960693359e-01
9.962286949157714844e-01
9.939950704574584961e-01
9.953874945640563965e-01
9.973527789115905762e-01
9.993186593055725098e-01
9.998795986175537109e-01
9.999903440475463867e-01
9.999834895133972168e-01
9.994931817054748535e-01
9.986090660095214844e-01
9.966458678245544434e-01
9.961457252502441406e-01
9.967212080955505371e-01
9.983869791030883789e-01
9.994574189186096191e-01
9.999216198921203613e-01
9.999688863754272461e-01
9.999745488166809082e-01
9.999520778656005859e-01
9.999102354049682617e-01
9.999000430107116699e-01
9.999686479568481445e-01
9.999870657920837402e-01
9.994964003562927246e-01
9.971787929534912109e-01
9.732044935226440430e-01
9.380995631217956543e-01
9.018701314926147461e-01
9.041927456855773926e-01
9.358793497085571289e-01
9.778792858123779297e-01
9.373590350151062012e-01
8.053544759750366211e-01
6.305108666419982910e-01
5.569779276847839355e-01
6.574777364730834961e-01
8.430081605911254883e-01
9.875144362449645996e-01
9.792520403861999512e-01
6.626312136650085449e-01
2.968758344650268555e-01
2.377524375915527344e-01
3.695674538612365723e-01
6.123770475387573242e-01
8.380102515220642090e-01
9.216609597206115723e-01
8.791564106941223145e-01
8.977176547050476074e-01
9.341774582862854004e-01
9.928410649299621582e-01
9.672710895538330078e-01
9.320252537727355957e-01
9.010874032974243164e-01
9.361064434051513672e-01
9.676370024681091309e-01
9.215382933616638184e-01
8.789249062538146973e-01
8.513823747634887695e-01
9.187158942222595215e-01
9.661713838577270508e-01
9.980862736701965332e-01
9.988387823104858398e-01
9.984795451164245605e-01
9.968599677085876465e-01
9.958710670471191406e-01
9.962407946586608887e-01
9.989128112792968750e-01
9.739812016487121582e-01
9.437166452407836914e-01
9.169363379478454590e-01
9.350989460945129395e-01
9.694736003875732422e-01
9.869133234024047852e-01
9.954730272293090820e-01
9.979378581047058105e-01
9.989984035491943359e-01
9.996324181556701660e-01
9.998183846473693848e-01
9.997498989105224609e-01
9.996356964111328125e-01
9.994760155677795410e-01
9.987729191780090332e-01
9.982416629791259766e-01
9.984838962554931641e-01
9.988230466842651367e-01
9.992274045944213867e-01
9.997714757919311523e-01
9.994947314262390137e-01
9.970750808715820312e-01
9.650067687034606934e-01
9.509090185165405273e-01
9.550386667251586914e-01
9.730314612388610840e-01
9.867817163467407227e-01
9.923748373985290527e-01
9.956003427505493164e-01
9.972908496856689453e-01
9.961854815483093262e-01
9.883981943130493164e-01
9.806519746780395508e-01
9.871104359626770020e-01
9.934421181678771973e-01
9.993944764137268066e-01
9.996209740638732910e-01
9.981216788291931152e-01
9.948291778564453125e-01
9.633132219314575195e-01
9.194881916046142578e-01
8.585205078125000000e-01
9.175508618354797363e-01
9.836339354515075684e-01
9.935224652290344238e-01
9.334001541137695312e-01
7.778522968292236328e-01
2.310175001621246338e-01
2.709219930693507195e-03
5.959440022706985474e-05
2.001285552978515625e-03
2.503242790699005127e-01
7.765670418739318848e-01
9.213969707489013672e-01
9.912632703781127930e-01
9.911779165267944336e-01
9.628995060920715332e-01
7.961352467536926270e-01
1.965184062719345093e-01
7.223359261843143031e-07
7.259273529052734375e-02
7.135270237922668457e-01
1.000000000000000000e+00
1.000000000000000000e+00
3.628875315189361572e-01
8.515928876336971413e-37
9.556735575546706219e-38
2.250383198261260986e-01
5.209164619445800781e-01
9.013673067092895508e-01
9.974941611289978027e-01
9.994974732398986816e-01
9.995027780532836914e-01
9.994948506355285645e-01
9.994844198226928711e-01
9.995484352111816406e-01
9.978984594345092773e-01
9.945677518844604492e-01
9.919688701629638672e-01
9.927377700805664062e-01
9.988918304443359375e-01
1.000000000000000000e+00
1.000000000000000000e+00
1.000000000000000000e+00
9.988341331481933594e-01
9.975083470344543457e-01
9.984920620918273926e-01
9.992955923080444336e-01
9.999584555625915527e-01
9.997632503509521484e-01
9.959259033203125000e-01
9.874851703643798828e-01
9.487528800964355469e-01
9.214371442794799805e-01
9.282358884811401367e-01
9.537290334701538086e-01
9.817034602165222168e-01
9.937006831169128418e-01
9.989135861396789551e-01
9.999654889106750488e-01
9.999872446060180664e-01
9.999988079071044922e-01
9.999999403953552246e-01
9.999827742576599121e-01
9.976900219917297363e-01
9.914264678955078125e-01
9.129567146301269531e-01
8.054760694503784180e-01
6.624513864517211914e-01
7.714037299156188965e-01
9.822508692741394043e-01
9.942136406898498535e-01
9.998192191123962402e-01
9.999701380729675293e-01
9.999897480010986328e-01
9.999937415122985840e-01
9.999806284904479980e-01
9.986516833305358887e-01
9.965236186981201172e-01
9.929252266883850098e-01
9.937779307365417480e-01
9.962193369865417480e-01
9.969664216041564941e-01
9.976292252540588379e-01
9.982311725616455078e-01
9.991927146911621094e-01
9.996809363365173340e-01
9.995613694190979004e-01
9.973713755607604980e-01
9.896535873413085938e-01
9.698877334594726562e-01
7.603905797004699707e-01
4.916510283946990967e-01
2.730701565742492676e-01
2.468602657318115234e-01
3.495002090930938721e-01
3.881768584251403809e-01
4.852720201015472412e-01
6.513780355453491211e-01
7.888577580451965332e-01
8.773841261863708496e-01
8.705962896347045898e-01
7.735834717750549316e-01
6.440591812133789062e-01
5.014821290969848633e-01
4.842233359813690186e-01
5.552679896354675293e-01
8.356275558471679688e-01
9.839859008789062500e-01
9.839015603065490723e-01
9.642114043235778809e-01
9.336208701133728027e-01
8.852922916412353516e-01
9.009544849395751953e-01
9.334781765937805176e-01
9.512656927108764648e-01
9.113040566444396973e-01
8.419752717018127441e-01
8.966945409774780273e-01
9.453780055046081543e-01
9.872772693634033203e-01
9.962007999420166016e-01
9.997214674949645996e-01
9.994387626647949219e-01
9.978519678115844727e-01
9.963797926902770996e-01
9.971925616264343262e-01
9.982929229736328125e-01
9.995244145393371582e-01
9.996462464332580566e-01
9.995892047882080078e-01
9.993314146995544434e-01
9.983866810798645020e-01
9.978771209716796875e-01
9.984381794929504395e-01
9.990936517715454102e-01
9.996973872184753418e-01
9.999139904975891113e-01
1.000000000000000000e+00
9.999992847442626953e-01
9.999759197235107422e-01
9.999166131019592285e-01
9.998143911361694336e-01
9.995846748352050781e-01
9.994257092475891113e-01
9.994646906852722168e-01
9.996688365936279297e-01
9.998475909233093262e-01
9.995759725570678711e-01
9.989119172096252441e-01
9.979765415191650391e-01
9.979537725448608398e-01
9.982695579528808594e-01
9.990304112434387207e-01
9.941040873527526855e-01
9.897305965423583984e-01
9.891915321350097656e-01
9.939405322074890137e-01
1.000000000000000000e+00
1.000000000000000000e+00
1.000000000000000000e+00
1.000000000000000000e+00
8.974144458770751953e-01
8.437349796295166016e-01
8.667882084846496582e-01
9.283848404884338379e-01
9.838554859161376953e-01
9.953128099441528320e-01
9.993656277656555176e-01
9.997165203094482422e-01
9.997717738151550293e-01
9.998378753662109375e-01
9.999141693115234375e-01
9.999321699142456055e-01
9.999210834503173828e-01
9.998652935028076172e-01
9.999173283576965332e-01
9.999848604202270508e-01
9.999958872795104980e-01
1.000000000000000000e+00
9.999908804893493652e-01
9.997906684875488281e-01
9.994875788688659668e-01
9.990665316581726074e-01
9.966671466827392578e-01
9.944716095924377441e-01
9.932959675788879395e-01
9.928746223449707031e-01
9.926441907882690430e-01
9.918970465660095215e-01
9.932267069816589355e-01
9.961184859275817871e-01
9.978414177894592285e-01
9.983896613121032715e-01
9.972587227821350098e-01
9.982872009277343750e-01
9.994884133338928223e-01
9.998723268508911133e-01
9.949376583099365234e-01
9.881685376167297363e-01
9.899872541427612305e-01
9.934118390083312988e-01
9.984004497528076172e-01
9.974135160446166992e-01
9.936743974685668945e-01
9.856410026550292969e-01
9.871057271957397461e-01
9.917228817939758301e-01
9.973661303520202637e-01
9.997594952583312988e-01
9.999703764915466309e-01
9.999721646308898926e-01
9.999672174453735352e-01
9.999535679817199707e-01
9.999656081199645996e-01
9.999774098396301270e-01
9.999764561653137207e-01
9.999276995658874512e-01
9.998007416725158691e-01
9.991801977157592773e-01
9.838084578514099121e-01
9.548640251159667969e-01
7.726421952247619629e-01
5.746312737464904785e-01
3.662829101085662842e-01
4.602696001529693604e-01
6.520619392395019531e-01
8.738922476768493652e-01
9.757893085479736328e-01
9.969899058341979980e-01
9.988520145416259766e-01
9.999348521232604980e-01
9.999846220016479492e-01
9.999942779541015625e-01
9.999958872795104980e-01
9.999954104423522949e-01
9.998630285263061523e-01
9.974262118339538574e-01
9.722745418548583984e-01
8.884308338165283203e-01
7.469544410705566406e-01
6.238389611244201660e-01
6.062310338020324707e-01
7.987242937088012695e-01
7.907116413116455078e-01
7.342029213905334473e-01
7.857050895690917969e-01
8.638560771942138672e-01
9.619644284248352051e-01
9.813537001609802246e-01
9.933745265007019043e-01
9.961508512496948242e-01
9.827371835708618164e-01
9.660825133323669434e-01
9.511711597442626953e-01
7.800713181495666504e-01
5.219519138336181641e-01
3.056922554969787598e-01
4.235137701034545898e-01
9.339795708656311035e-01
9.989960193634033203e-01
9.990171194076538086e-01
9.982593059539794922e-01
9.649656414985656738e-01
9.169215559959411621e-01
8.647505044937133789e-01
8.919598460197448730e-01
9.921346306800842285e-01
9.995948076248168945e-01
9.991607069969177246e-01
9.967700242996215820e-01
9.282755255699157715e-01
8.389190435409545898e-01
7.544695734977722168e-01
8.099499940872192383e-01
9.699254631996154785e-01
9.895560741424560547e-01
9.999885559082031250e-01
9.999957680702209473e-01
9.999974966049194336e-01
9.999977350234985352e-01
9.999974966049194336e-01
9.999979734420776367e-01
9.999989271163940430e-01
9.999989271163940430e-01
9.999952316284179688e-01
9.999868273735046387e-01
9.999406933784484863e-01
9.998596310615539551e-01
9.996964931488037109e-01
9.996533393859863281e-01
9.996749758720397949e-01
9.997526407241821289e-01
9.998396039009094238e-01
9.999366998672485352e-01
9.999603033065795898e-01
9.999451041221618652e-01
9.998596310615539551e-01
9.995921254158020020e-01
9.993088245391845703e-01
9.995110630989074707e-01
9.997357130050659180e-01
9.999813437461853027e-01
9.999850988388061523e-01
9.999673962593078613e-01
9.999464750289916992e-01
9.999595880508422852e-01
9.999818801879882812e-01
9.999871253967285156e-01
9.999852180480957031e-01
9.999774694442749023e-01
9.998555183410644531e-01
9.988829493522644043e-01
9.964237213134765625e-01
9.928917288780212402e-01
9.901620149612426758e-01
9.928162693977355957e-01
9.958217740058898926e-01
9.990849494934082031e-01
9.995052814483642578e-01
9.997950196266174316e-01
9.999645948410034180e-01
9.998502135276794434e-01
9.992446303367614746e-01
9.969236850738525391e-01
9.875757098197937012e-01
9.735062122344970703e-01
9.484321475028991699e-01
9.418654441833496094e-01
9.621840119361877441e-01
9.806264638900756836e-01
9.951611161231994629e-01
9.969792962074279785e-01
9.974251389503479004e-01
9.970579147338867188e-01
9.983595013618469238e-01
9.993407726287841797e-01
9.998878836631774902e-01
9.999894499778747559e-01
9.999846816062927246e-01
9.999352097511291504e-01
9.993997216224670410e-01
9.986050724983215332e-01
9.983807206153869629e-01
9.962694644927978516e-01
9.917363524436950684e-01
9.708361029624938965e-01
9.558613896369934082e-01
9.696344733238220215e-01
9.828922748565673828e-01
9.953460097312927246e-01
9.968923926353454590e-01
9.773694276809692383e-01
9.314648509025573730e-01
4.627057611942291260e-01
4.432759433984756470e-02
1.310065668076276779e-02
2.806003689765930176e-01
6.995449066162109375e-01
8.907766938209533691e-01
9.839253425598144531e-01
9.559150338172912598e-01
5.556035041809082031e-01
1.759266257286071777e-01
6.922616064548492432e-02
2.323824614286422729e-01
5.430962443351745605e-01
8.343097567558288574e-01
9.974725246429443359e-01
9.996311068534851074e-01
9.999853968620300293e-01
9.999997019767761230e-01
9.999985694885253906e-01
9.999919533729553223e-01
9.999800920486450195e-01
9.999119639396667480e-01
9.997718930244445801e-01
9.995384216308593750e-01
9.966565370559692383e-01
9.907609224319458008e-01
9.766097664833068848e-01
9.676731228828430176e-01
9.625517725944519043e-01
9.857419729232788086e-01
9.992376565933227539e-01
9.994574785232543945e-01
9.992635846138000488e-01
9.991704821586608887e-01
9.997682571411132812e-01
1.000000000000000000e+00
9.998300671577453613e-01
9.810264706611633301e-01
9.421471953392028809e-01
8.737137317657470703e-01
7.047024369239807129e-01
5.651693940162658691e-01
6.475521922111511230e-01
7.926847934722900391e-01
9.810380935668945312e-01
9.926373362541198730e-01
9.951354265213012695e-01
9.866224527359008789e-01
8.164667487144470215e-01
6.402111053466796875e-01
6.522047519683837891e-01
7.611939311027526855e-01
9.437743425369262695e-01
9.710935950279235840e-01
9.869735836982727051e-01
9.931431412696838379e-01
9.969438910484313965e-01
9.995639920234680176e-01
9.998336434364318848e-01
9.998847842216491699e-01
9.997485876083374023e-01
9.954966306686401367e-01
9.110047221183776855e-01
6.623992323875427246e-01
3.300542533397674561e-01
1.442374102771282196e-02
8.671905845403671265e-02
3.375123441219329834e-01
7.628916501998901367e-01
9.138271808624267578e-01
9.984204173088073730e-01
9.971066713333129883e-01
9.851595163345336914e-01
9.664748311042785645e-01
9.255287647247314453e-01
8.577379584312438965e-01
7.595024704933166504e-01
8.225432634353637695e-01
9.049438238143920898e-01
9.666004180908203125e-01
9.930399656295776367e-01
9.995613098144531250e-01
9.995542764663696289e-01
9.973893165588378906e-01
9.922757148742675781e-01
8.468341827392578125e-01
6.357859373092651367e-01
2.937968969345092773e-01
2.382691949605941772e-01
3.788194954395294189e-01
5.713722109794616699e-01
7.357236742973327637e-01
8.519828915596008301e-01
9.269393682479858398e-01
9.814751148223876953e-01
9.934810400009155273e-01
9.993130564689636230e-01
9.999541044235229492e-01
9.999884366989135742e-01
9.995592236518859863e-01
9.982335567474365234e-01
9.850825667381286621e-01
9.610894322395324707e-01
8.807756900787353516e-01
8.368425965309143066e-01
8.317503333091735840e-01
5.515598654747009277e-01
3.178860843181610107e-01
3.298209607601165771e-01
5.330637097358703613e-01
8.317688107490539551e-01
8.997480869293212891e-01
9.520244598388671875e-01
9.828393459320068359e-01
9.939148426055908203e-01
9.991744160652160645e-01
9.996775388717651367e-01
9.997766613960266113e-01
9.995868206024169922e-01
9.965608119964599609e-01
9.850398302078247070e-01
9.583965539932250977e-01
9.180234074592590332e-01
8.812223672866821289e-01
9.000462293624877930e-01
9.323238730430603027e-01
9.771540760993957520e-01
9.870581030845642090e-01
9.750509262084960938e-01
9.178859591484069824e-01
8.431647419929504395e-01
7.695641517639160156e-01
8.557524085044860840e-01
9.236831068992614746e-01
9.685049653053283691e-01
9.846547842025756836e-01
9.926720261573791504e-01
9.929530024528503418e-01
9.912025332450866699e-01
9.880796074867248535e-01
9.817356467247009277e-01
9.271527528762817383e-01
7.887587547302246094e-01
4.053095281124114990e-01
5.241899998509325087e-05
1.890773273771628737e-05
2.249971777200698853e-02
6.622498482465744019e-02
4.010269939899444580e-01
6.853848695755004883e-01
7.544087171554565430e-01
5.409972667694091797e-01
1.955737322568893433e-01
7.222086191177368164e-02
1.473975251428782940e-03
6.120880716480314732e-04
9.603044018149375916e-03
1.652830652892589569e-02
5.268600303679704666e-03
3.033766697626560926e-04
1.278609215660253540e-05
6.169274813228042831e-11
3.658297055012689658e-20
8.052438473316067366e-21
0.000000000000000000e+00
5.316928401589393616e-02
5.854540467262268066e-01
9.018774628639221191e-01
9.851956367492675781e-01
9.980174899101257324e-01
9.990240335464477539e-01
9.984635710716247559e-01
9.902479648590087891e-01
9.772684574127197266e-01
8.787454366683959961e-01
7.841271758079528809e-01
6.961502432823181152e-01
8.158805370330810547e-01
9.768831729888916016e-01
9.898605346679687500e-01
9.973542690277099609e-01
9.997576475143432617e-01
9.992929697036743164e-01
9.981625080108642578e-01
9.961390495300292969e-01
9.933570623397827148e-01
9.898332953453063965e-01
9.768699407577514648e-01
9.581654667854309082e-01
9.313073158264160156e-01
9.207704663276672363e-01
9.202134609222412109e-01
9.474327564239501953e-01
9.602337479591369629e-01
9.610482454299926758e-01
9.512402415275573730e-01
9.479683041572570801e-01
9.618359208106994629e-01
9.803920984268188477e-01
1.000000000000000000e+00
1.000000000000000000e+00
9.964048266410827637e-01
9.881184697151184082e-01
9.661706089973449707e-01
9.110089540481567383e-01
7.234249114990234375e-01
6.905015110969543457e-01
7.780774831771850586e-01
8.949517607688903809e-01
9.810380935668945312e-01
9.951913952827453613e-01
9.980798363685607910e-01
9.952964186668395996e-01
9.837793111801147461e-01
9.735494852066040039e-01
9.649433493614196777e-01
9.567238092422485352e-01
9.538524150848388672e-01
9.732723832130432129e-01
9.880707859992980957e-01
9.993186593055725098e-01
9.946858286857604980e-01
9.746342897415161133e-01
9.229741692543029785e-01
9.437642097473144531e-01
9.946243762969970703e-01
9.980513453483581543e-01
9.999911785125732422e-01
9.999976158142089844e-01
9.991204142570495605e-01
9.480265378952026367e-01
6.738097071647644043e-01
3.636147677898406982e-01
2.465521544218063354e-02
2.271387165819760412e-05
6.958919015958948056e-19
1.722266161801152640e-19
4.127369225025177002e-01
1.000000000000000000e+00
1.000000000000000000e+00
7.954174876213073730e-01
3.044517636299133301e-01
1.468461900949478149e-01
1.692099124193191528e-01
6.663035750389099121e-01
9.206629991531372070e-01
9.612417221069335938e-01
9.600505828857421875e-01
9.384443759918212891e-01
8.745222687721252441e-01
7.784282565116882324e-01
6.638915538787841797e-01
4.918628334999084473e-01
3.788185417652130127e-01
3.598529696464538574e-01
5.713939666748046875e-01
8.348453044891357422e-01
9.438157081604003906e-01
9.991070628166198730e-01
9.998944997787475586e-01
9.999618530273437500e-01
9.998941421508789062e-01
9.997501969337463379e-01
9.994615316390991211e-01
9.990787506103515625e-01
9.985654354095458984e-01
9.981825351715087891e-01
9.980551004409790039e-01
9.983554482460021973e-01
9.988377690315246582e-01
9.994119405746459961e-01
9.997977018356323242e-01
9.999517798423767090e-01
9.999890327453613281e-01
9.999973177909851074e-01
9.999945163726806641e-01
9.999896883964538574e-01
9.999831914901733398e-01
9.999879002571105957e-01
9.999932050704956055e-01
9.999976158142089844e-01
9.999986290931701660e-01
9.999979138374328613e-01
9.999966025352478027e-01
9.999938011169433594e-01
9.999886751174926758e-01
9.998083114624023438e-01
9.993513226509094238e-01
9.972929358482360840e-01
6.993348598480224609e-01
8.877035975456237793e-02
0.000000000000000000e+00
0.000000000000000000e+00
0.000000000000000000e+00
0.000000000000000000e+00
0.000000000000000000e+00
2.837554812431335449e-01
5.847260355949401855e-01
8.913795351982116699e-01
9.816828370094299316e-01
9.698163866996765137e-01
9.560050964355468750e-01
9.416010379791259766e-01
9.263406395912170410e-01
9.459185600280761719e-01
9.738850593566894531e-01
9.902489781379699707e-01
9.981375336647033691e-01
9.976480007171630859e-01
9.973481893539428711e-01
9.975244998931884766e-01
9.991950988769531250e-01
9.998436570167541504e-01
9.997905492782592773e-01
9.187968373298645020e-01
6.996228098869323730e-01
1.940833479166030884e-01
1.935999281704425812e-02
5.150428973138332367e-03
1.216180920600891113e-01
3.700882494449615479e-01
8.097955584526062012e-01
9.490687251091003418e-01
9.926426410675048828e-01
9.958889484405517578e-01
9.926531910896301270e-01
9.828001856803894043e-01
9.547129869461059570e-01
9.290604591369628906e-01
9.233878254890441895e-01
9.384690523147583008e-01
9.687197804450988770e-01
9.825894236564636230e-01
9.928982257843017578e-01
9.973767995834350586e-01
9.986702203750610352e-01
9.982943534851074219e-01
9.967554211616516113e-01
9.914238452911376953e-01
9.799491763114929199e-01
9.298840165138244629e-01
8.705629706382751465e-01
8.471360802650451660e-01
8.683584332466125488e-01
9.417963027954101562e-01
9.775277972221374512e-01
9.986642003059387207e-01
9.912485480308532715e-01
9.876631498336791992e-01
9.873521924018859863e-01
9.899637103080749512e-01
9.920845031738281250e-01
9.918558001518249512e-01
9.932875037193298340e-01
9.957486391067504883e-01
9.976598024368286133e-01
9.989891648292541504e-01
9.991924166679382324e-01
9.989507794380187988e-01
9.983773231506347656e-01
9.951522946357727051e-01
9.912696480751037598e-01
9.864180684089660645e-01
9.883783459663391113e-01
9.925570487976074219e-01
9.974458813667297363e-01
1.000000000000000000e+00
1.000000000000000000e+00
1.000000000000000000e+00
9.994111657142639160e-01
9.963125586509704590e-01
9.962397813796997070e-01
9.986649155616760254e-01
9.994621872901916504e-01
9.999325871467590332e-01
9.999676942825317383e-01
9.999445080757141113e-01
9.998847246170043945e-01
9.998643994331359863e-01
9.998672604560852051e-01
9.999160170555114746e-01
9.997068643569946289e-01
9.993715882301330566e-01
9.989044070243835449e-01
9.989016652107238770e-01
9.996264576911926270e-01
9.998962283134460449e-01
1.000000000000000000e+00
1.000000000000000000e+00
9.999834299087524414e-01
9.999467134475708008e-01
9.999440312385559082e-01
9.999377131462097168e-01
9.998691082000732422e-01
9.997947216033935547e-01
9.997147321701049805e-01
9.997719526290893555e-01
9.998493790626525879e-01
9.999237060546875000e-01
9.999613761901855469e-01
9.999717473983764648e-01
9.998576045036315918e-01
9.990113973617553711e-01
9.962996840476989746e-01
9.603990912437438965e-01
9.049727320671081543e-01
9.307000041007995605e-01
9.591521620750427246e-01
9.902288317680358887e-01
7.389581799507141113e-01
3.754280507564544678e-01
4.588876068592071533e-01
5.777495503425598145e-01
7.521156072616577148e-01
8.587107658386230469e-01
9.367957115173339844e-01
9.672208428382873535e-01
9.783596992492675781e-01
9.653996825218200684e-01
8.400453329086303711e-01
7.218537330627441406e-01
8.196260333061218262e-01
9.021185040473937988e-01
9.689719080924987793e-01
9.885304570198059082e-01
9.975653886795043945e-01
9.992373585700988770e-01
9.950949549674987793e-01
9.860759377479553223e-01
9.769144058227539062e-01
9.728325009346008301e-01
9.845849871635437012e-01
9.922946691513061523e-01
9.972354769706726074e-01
9.927807450294494629e-01
9.879990816116333008e-01
9.838610291481018066e-01
9.868543744087219238e-01
9.939017295837402344e-01
9.974202513694763184e-01
9.997671842575073242e-01
9.998674392700195312e-01
9.993651509284973145e-01
9.985906481742858887e-01
9.981768131256103516e-01
9.983926415443420410e-01
9.996522068977355957e-01
1.000000000000000000e+00
9.995024204254150391e-01
9.924915432929992676e-01
9.864069223403930664e-01
9.816341996192932129e-01
9.839376807212829590e-01
9.884552359580993652e-01
9.931231141090393066e-01
9.967256784439086914e-01
9.990418553352355957e-01
9.997183084487915039e-01
9.999371767044067383e-01
9.998646378517150879e-01
9.992768168449401855e-01
9.981594681739807129e-01
9.933245778083801270e-01
9.890469908714294434e-01
9.904118776321411133e-01
9.939158558845520020e-01
9.993165135383605957e-01
9.986764788627624512e-01
9.969010353088378906e-01
9.941880702972412109e-01
9.949324131011962891e-01
9.983741641044616699e-01
9.974620938301086426e-01
9.949246048927307129e-01
9.888626933097839355e-01
9.822475910186767578e-01
9.752683639526367188e-01
9.794151186943054199e-01
9.855490326881408691e-01
9.948847889900207520e-01
9.975039958953857422e-01
9.961113333702087402e-01
9.673155546188354492e-01
9.362635612487792969e-01
9.021564722061157227e-01
9.335551857948303223e-01
9.997081160545349121e-01
9.986209273338317871e-01
9.899957180023193359e-01
9.671522378921508789e-01
9.753767251968383789e-01
9.977533817291259766e-01
9.990412592887878418e-01
9.996167421340942383e-01
9.989478588104248047e-01
9.835249185562133789e-01
9.549861550331115723e-01
7.859593033790588379e-01
6.158060431480407715e-01
4.438719451427459717e-01
3.090115189552307129e-01
2.275746762752532959e-01
6.798156499862670898e-01
9.602460265159606934e-01
9.920132756233215332e-01
1.000000000000000000e+00
9.999993443489074707e-01
9.999918937683105469e-01
9.999869465827941895e-01
9.999853372573852539e-01
9.999914765357971191e-01
9.999989271163940430e-01
9.999984502792358398e-01
9.999949336051940918e-01
9.999877214431762695e-01
9.997141957283020020e-01
9.993535876274108887e-01
9.988862276077270508e-01
9.987748265266418457e-01
9.990754723548889160e-01
9.995155930519104004e-01
9.999282360076904297e-01
9.999666810035705566e-01
9.999905228614807129e-01
9.999985098838806152e-01
9.999966621398925781e-01
9.999930858612060547e-01
9.999923706054687500e-01
9.999927878379821777e-01
9.999943375587463379e-01
9.999951124191284180e-01
9.999952316284179688e-01
9.999926090240478516e-01
9.999616742134094238e-01
9.999026656150817871e-01
9.995082616806030273e-01
9.988263249397277832e-01
9.970882534980773926e-01
9.950160384178161621e-01
9.926232099533081055e-01
9.945276975631713867e-01
9.970646500587463379e-01
9.989589452743530273e-01
9.999054074287414551e-01
9.999723434448242188e-01
9.999849796295166016e-01
9.999885559082031250e-01
9.999935626983642578e-01
9.999968409538269043e-01
9.999986290931701660e-01
9.999965429306030273e-01
9.999726414680480957e-01
9.998595714569091797e-01
9.998195171356201172e-01
9.998453259468078613e-01
9.999160170555114746e-01
9.999809861183166504e-01
9.999931454658508301e-01
9.999988675117492676e-01
9.999989271163940430e-01
9.999989867210388184e-01
9.999990463256835938e-01
9.999992251396179199e-01
9.999976754188537598e-01
9.999946355819702148e-01
9.996122717857360840e-01
9.970338344573974609e-01
9.856131672859191895e-01
9.420619606971740723e-01
8.696703910827636719e-01
8.492329716682434082e-01
8.377997875213623047e-01
8.284161686897277832e-01
8.051548004150390625e-01
7.693668603897094727e-01
7.306272983551025391e-01
6.202137470245361328e-01
2.031703442335128784e-01
1.729398849420249462e-03
2.331370633328333497e-04
2.657747454941272736e-02
1.542112231254577637e-01
7.188997864723205566e-01
9.959398508071899414e-01
9.977229237556457520e-01
9.971265196800231934e-01
9.962791800498962402e-01
9.963719844818115234e-01
9.949687719345092773e-01
9.920884370803833008e-01
9.913499355316162109e-01
9.918059706687927246e-01
9.961920976638793945e-01
9.987952709197998047e-01
9.995545148849487305e-01
9.997683167457580566e-01
9.998513460159301758e-01
9.998720884323120117e-01
9.995407462120056152e-01
9.988250732421875000e-01
9.917657971382141113e-01
9.826761484146118164e-01
9.702732563018798828e-01
9.634193181991577148e-01
9.629526734352111816e-01
8.700100183486938477e-01
7.117475867271423340e-01
2.551158070564270020e-01
3.082813462242484093e-03
2.794173080474138260e-03
9.104830771684646606e-02
2.263294458389282227e-01
5.496390461921691895e-01
5.460703372955322266e-01
1.073444560170173645e-01
2.174047767766751349e-05
8.107530447887256742e-06
1.056186374626122415e-04
6.412970274686813354e-02
2.203115671873092651e-01
4.297128617763519287e-01
6.208294630050659180e-01
2.661388814449310303e-01
3.773302957415580750e-02
8.419889956712722778e-03
2.824120713286058966e-15
3.742596891243010759e-05
1.006398582831025124e-03
1.807333678007125854e-01
6.737863421440124512e-01
8.909424543380737305e-01
9.816284179687500000e-01
9.907796978950500488e-01
9.972949028015136719e-01
9.986569285392761230e-01
9.994518756866455078e-01
9.999576807022094727e-01
9.997667074203491211e-01
9.955133795738220215e-01
9.823327660560607910e-01
9.551097750663757324e-01
9.198872447013854980e-01
9.200026988983154297e-01
9.338618516921997070e-01
9.788887500762939453e-01
9.977515935897827148e-01
9.995113611221313477e-01
9.995720982551574707e-01
9.990032315254211426e-01
9.969491362571716309e-01
9.747106432914733887e-01
9.375947713851928711e-01
9.352905154228210449e-01
9.424818158149719238e-01
9.692939519882202148e-01
9.855622053146362305e-01
9.928892850875854492e-01
9.832541346549987793e-01
9.717108607292175293e-01
9.635747075080871582e-01
9.662510156631469727e-01
9.794836640357971191e-01
9.547380208969116211e-01
9.288194179534912109e-01
9.417727589607238770e-01
9.583668708801269531e-01
9.790310859680175781e-01
9.659151434898376465e-01
9.155296087265014648e-01
6.398425698280334473e-01
3.737303912639617920e-01
1.209737882018089294e-01
6.627451628446578979e-02
7.328009605407714844e-02
2.780149132013320923e-02
1.559587129953469951e-34
3.517949525972306684e-35
3.640128918442990918e-38
1.191184878734929953e-06
4.443464422365650535e-05
3.386839479207992554e-02
1.310986578464508057e-01
4.668945968151092529e-01
9.221158623695373535e-01
9.681988954544067383e-01
9.966140389442443848e-01
9.985582828521728516e-01
9.994882345199584961e-01
9.998008012771606445e-01
9.985116124153137207e-01
9.816689491271972656e-01
9.201325774192810059e-01
7.472361922264099121e-01
4.916311800479888916e-01
3.745453655719757080e-01
3.721299767494201660e-01
7.400366067886352539e-01
9.367655515670776367e-01
9.792214035987854004e-01
9.685339331626892090e-01
9.350088238716125488e-01
8.342993855476379395e-01
5.933338999748229980e-01
1.981372535228729248e-01
1.584227085113525391e-01
2.499473243951797485e-01
6.522798538208007812e-01
9.129191637039184570e-01
9.794255495071411133e-01
9.953996539115905762e-01
9.872723221778869629e-01
8.706889748573303223e-01
7.748984098434448242e-01
7.148823738098144531e-01
7.534186840057373047e-01
8.379286527633666992e-01
9.041473269462585449e-01
9.571836590766906738e-01
9.812905788421630859e-01
9.935593008995056152e-01
9.987528324127197266e-01
9.993145465850830078e-01
9.995629787445068359e-01
9.997571706771850586e-01
9.998851418495178223e-01
9.999623894691467285e-01
9.999780654907226562e-01
9.999166727066040039e-01
9.995697736740112305e-01
9.987834095954895020e-01
9.975683689117431641e-01
9.957959055900573730e-01
9.882320761680603027e-01
9.441915154457092285e-01
8.610872626304626465e-01
7.292287945747375488e-01
5.194476246833801270e-01
2.936860620975494385e-01
1.891844719648361206e-01
1.573793292045593262e-01
2.443614453077316284e-01
4.836119711399078369e-01
7.900871634483337402e-01
9.116968512535095215e-01
9.955185651779174805e-01
9.968144893646240234e-01
9.981216192245483398e-01
9.994364380836486816e-01
9.997510910034179688e-01
9.995620846748352051e-01
9.980427026748657227e-01
9.705262184143066406e-01
9.223963022232055664e-01
9.344338178634643555e-01
9.563051462173461914e-01
9.810052514076232910e-01
9.954299926757812500e-01
9.990393519401550293e-01
6.001498103141784668e-01
1.411723196506500244e-01
5.205537006258964539e-02
1.315338254981313071e-10
3.775590257104610714e-11
4.113332834094762802e-03
2.269951999187469482e-02
4.151901006698608398e-01
5.924855470657348633e-01
3.562977015972137451e-01
1.870124936103820801e-01
5.391637608408927917e-02
6.560797989368438721e-02
1.364132165908813477e-01
3.531769514083862305e-01
5.645318627357482910e-01
7.718342542648315430e-01
8.843036890029907227e-01
9.643911719322204590e-01
9.612589478492736816e-01
9.530440568923950195e-01
9.396312236785888672e-01
9.519642591476440430e-01
9.703702330589294434e-01
9.865480065345764160e-01
9.967821836471557617e-01
9.986096024513244629e-01
9.994377493858337402e-01
9.998656511306762695e-01
9.999260306358337402e-01
9.999572634696960449e-01
9.999296069145202637e-01
9.999318122863769531e-01
9.999510049819946289e-01
9.997747540473937988e-01
9.995993971824645996e-01
9.994623661041259766e-01
9.991569519042968750e-01
9.987167716026306152e-01
9.939307570457458496e-01
9.886619448661804199e-01
9.845451712608337402e-01
9.830186963081359863e-01
9.844524264335632324e-01
9.373504519462585449e-01
8.519661426544189453e-01
4.679232835769653320e-01
1.777170300483703613e-01
4.293271526694297791e-02
4.249506673659197986e-06
6.407235986216619494e-08
1.090461201965808868e-02
1.633653640747070312e-01
6.634442210197448730e-01
6.423643827438354492e-01
2.625291049480438232e-01
1.092740818858146667e-01
9.701256640255451202e-03
2.063305489718914032e-02
1.697921305894851685e-01
4.582164585590362549e-01
3.188679814338684082e-01
9.129972755908966064e-02
3.458888083696365356e-02
8.004475384950637817e-03
2.598038688302040100e-02
2.858689129352569580e-01
6.430358886718750000e-01
3.813700079917907715e-01
1.640474796295166016e-01
4.606837779283523560e-02
1.781715219806301320e-08
1.468161259232658722e-09
6.990429903047242171e-17
2.932598581537604332e-04
1.693496480584144592e-03
1.210301145911216736e-01
3.545161187648773193e-01
6.677154302597045898e-01
9.600362181663513184e-01
9.266376495361328125e-01
8.024630546569824219e-01
5.462862253189086914e-01
3.554563224315643311e-01
1.934324502944946289e-01
2.885664403438568115e-01
4.537906050682067871e-01
7.773984670639038086e-01
9.301844835281372070e-01
9.723848700523376465e-01
9.802426099777221680e-01
9.833119511604309082e-01
9.818589687347412109e-01
9.824786782264709473e-01
9.851674437522888184e-01
9.920198917388916016e-01
9.991763830184936523e-01
9.991905689239501953e-01
9.992199540138244629e-01
9.992727041244506836e-01
9.995659589767456055e-01
9.999665617942810059e-01
9.999863505363464355e-01
9.999975562095642090e-01
9.999979138374328613e-01
9.999909400939941406e-01
9.999786019325256348e-01
9.999030232429504395e-01
9.957152605056762695e-01
9.721636772155761719e-01
8.199373483657836914e-01
5.228257179260253906e-01
3.818719387054443359e-01
2.993443310260772705e-01
3.746467530727386475e-01
4.076530933380126953e-01
3.648545444011688232e-01
2.214383631944656372e-01
2.507440932095050812e-02
2.116879820823669434e-02
8.207982033491134644e-02
3.127564787864685059e-01
5.847642421722412109e-01
8.916935920715332031e-01
9.676390886306762695e-01
9.878556132316589355e-01
9.454003572463989258e-01
6.946198940277099609e-01
1.552477926015853882e-01
4.814845669898204505e-05
0.000000000000000000e+00
0.000000000000000000e+00
4.680388743500612612e-23
2.028549128235355583e-22
4.947339184582233429e-04
1.328857266344130039e-03
4.657543003559112549e-01
9.078748822212219238e-01
9.680246114730834961e-01
9.996891617774963379e-01
9.992227554321289062e-01
9.661188721656799316e-01
8.984199762344360352e-01
4.064674973487854004e-01
6.747950613498687744e-02
1.796193048357963562e-02
3.356528460359551377e-16
2.193045062802228499e-17
0.000000000000000000e+00
9.959750038590620136e-13
5.491688267328376227e-12
8.874165359884500504e-04
2.619159175083041191e-03
1.683053970336914062e-01
3.823613524436950684e-01
6.777349114418029785e-01
8.820722103118896484e-01
9.398300051689147949e-01
9.588412642478942871e-01
9.591257572174072266e-01
9.713103771209716797e-01
9.830902218818664551e-01
9.923452734947204590e-01
9.972002506256103516e-01
9.983703494071960449e-01
9.991430044174194336e-01
9.997674822807312012e-01
9.999019503593444824e-01
9.999799132347106934e-01
9.999776482582092285e-01
9.998024702072143555e-01
9.995532035827636719e-01
9.970290660858154297e-01
9.818329811096191406e-01
9.335983395576477051e-01
7.839339375495910645e-01
5.560274124145507812e-01
5.888891816139221191e-01
6.791443824768066406e-01
8.441710472106933594e-01
9.534843564033508301e-01
9.885929226875305176e-01
9.991394877433776855e-01
9.999625682830810547e-01
9.998586773872375488e-01
9.994632005691528320e-01
9.983569979667663574e-01
9.542277455329895020e-01
8.786507844924926758e-01
4.586120247840881348e-01
4.988435655832290649e-02
1.802267879247665405e-02
1.734948185116991226e-09
4.636382389122672976e-10
1.243261545896530151e-01
2.981684803962707520e-01
6.857798099517822266e-01
9.664955139160156250e-01
9.882043600082397461e-01
9.982204437255859375e-01
9.997339844703674316e-01
9.999696612358093262e-01
9.999977946281433105e-01
9.999967813491821289e-01
9.999521374702453613e-01
9.998497962951660156e-01
9.958673715591430664e-01
9.903246760368347168e-01
9.524844884872436523e-01
9.306403994560241699e-01
9.496918916702270508e-01
9.695019125938415527e-01
9.899209141731262207e-01
9.962912201881408691e-01
9.996828436851501465e-01
9.998520016670227051e-01
9.999502897262573242e-01
9.999487996101379395e-01
9.999489784240722656e-01
9.999498128890991211e-01
9.999613165855407715e-01
9.999442696571350098e-01
9.998456835746765137e-01
9.963873028755187988e-01
9.901168942451477051e-01
9.822115302085876465e-01
9.756346940994262695e-01
9.829561114311218262e-01
9.896243214607238770e-01
9.952861070632934570e-01
9.979834556579589844e-01
9.992328286170959473e-01
9.984100461006164551e-01
9.909145236015319824e-01
9.620193243026733398e-01
8.770608901977539062e-01
7.392406463623046875e-01
6.185473799705505371e-01
5.027594566345214844e-01
3.905892372131347656e-01
3.996220827102661133e-01
6.287850737571716309e-01
7.711458802223205566e-01
8.633942604064941406e-01
5.871139168739318848e-01
2.994379997253417969e-01
1.043941080570220947e-01
1.330185122787952423e-02
3.694979473948478699e-02
1.236937046051025391e-01
2.344174385070800781e-01
4.487179815769195557e-01
5.077729225158691406e-01
2.242999970912933350e-01
2.053497135639190674e-01
3.701169192790985107e-01
6.234445571899414062e-01
8.412989974021911621e-01
7.724395990371704102e-01
6.741246581077575684e-01
5.358844399452209473e-01
6.376610994338989258e-01
8.414381146430969238e-01
9.195442199707031250e-01
9.770089983940124512e-01
9.822723269462585449e-01
9.832842350006103516e-01
9.805970191955566406e-01
9.806732535362243652e-01
9.822701811790466309e-01
9.930973052978515625e-01
9.993469119071960449e-01
9.975430369377136230e-01
9.967347383499145508e-01
9.964874982833862305e-01
9.885994791984558105e-01
8.960516452789306641e-01
4.450249671936035156e-01
1.493678987026214600e-01
3.067449480295181274e-02
2.074252348393201828e-03
1.407875679433345795e-02
5.659340023994445801e-01
9.636648893356323242e-01
9.888732433319091797e-01
9.998552799224853516e-01
9.998994469642639160e-01
9.999304413795471191e-01
9.999510049819946289e-01
9.999105334281921387e-01
9.998902678489685059e-01
9.999018907546997070e-01
9.999119043350219727e-01
9.999210238456726074e-01
9.997026920318603516e-01
9.993429183959960938e-01
9.985077977180480957e-01
9.980775117874145508e-01
9.980807304382324219e-01
9.964439868927001953e-01
9.933713078498840332e-01
9.580177068710327148e-01
9.349406361579895020e-01
9.406595826148986816e-01
9.568608999252319336e-01
9.809259772300720215e-01
9.911918044090270996e-01
9.981111288070678711e-01
9.990301132202148438e-01
9.996686577796936035e-01
9.998626708984375000e-01
9.999523162841796875e-01
9.999877214431762695e-01
9.999949932098388672e-01
9.999976754188537598e-01
9.999902844429016113e-01
9.989333152770996094e-01
9.966957569122314453e-01
9.911731481552124023e-01
9.842293858528137207e-01
9.536874890327453613e-01
8.576084375381469727e-01
5.937308669090270996e-01
3.499747514724731445e-01
1.222824230790138245e-01
3.352006077766418457e-01
6.342666149139404297e-01
8.393537998199462891e-01
9.758958816528320312e-01
9.921354651451110840e-01
9.985137581825256348e-01
9.991431832313537598e-01
9.983192682266235352e-01
9.970369935035705566e-01
9.942857623100280762e-01
9.919040203094482422e-01
9.900003075599670410e-01
9.905056953430175781e-01
9.920237064361572266e-01
9.928309321403503418e-01
9.889088869094848633e-01
9.700717329978942871e-01
9.578182101249694824e-01
9.519659280776977539e-01
9.630612730979919434e-01
9.787657856941223145e-01
9.885765314102172852e-01
9.957237243652343750e-01
9.969520568847656250e-01
9.977692961692810059e-01
9.982852339744567871e-01
9.970700144767761230e-01
9.915732145309448242e-01
9.537097811698913574e-01
9.334092736244201660e-01
9.424785375595092773e-01
9.657489061355590820e-01
9.970620870590209961e-01
8.121330738067626953e-01
6.046320796012878418e-01
3.963753581047058105e-01
3.025430738925933838e-01
3.563811480998992920e-01
5.828828215599060059e-01
8.822992444038391113e-01
9.291068315505981445e-01
9.286110997200012207e-01
7.988616824150085449e-01
6.874808073043823242e-01
5.946924686431884766e-01
6.388224363327026367e-01
7.242569923400878906e-01
7.043797373771667480e-01
6.367596983909606934e-01
4.501498043537139893e-01
3.744396269321441650e-01
3.894950151443481445e-01
6.773774027824401855e-01
9.581826329231262207e-01
4.226530492305755615e-01
5.633366480469703674e-02
1.789168082177639008e-02
3.975702822208404541e-02
1.013921648263931274e-01
5.069919228553771973e-01
9.151441454887390137e-01
9.670869708061218262e-01
9.974429011344909668e-01
9.936804771423339844e-01
9.903027415275573730e-01
9.871321320533752441e-01
9.886422753334045410e-01
9.877108931541442871e-01
9.730423688888549805e-01
9.465101361274719238e-01
9.046121835708618164e-01
9.317237138748168945e-01
9.889169335365295410e-01
9.960357546806335449e-01
9.998828172683715820e-01
9.999116659164428711e-01
9.998341202735900879e-01
9.996396303176879883e-01
9.993554949760437012e-01
9.990392327308654785e-01
9.992140531539916992e-01
9.882060885429382324e-01
9.446876049041748047e-01
8.525004982948303223e-01
7.147930264472961426e-01
4.800732135772705078e-01
2.222144156694412231e-01
9.258824586868286133e-02
1.129401498474180698e-03
3.563365025911480188e-04
3.537514805793762207e-02
9.934425354003906250e-02
4.426756203174591064e-01
8.279274702072143555e-01
9.050446748733520508e-01
9.348102211952209473e-01
8.669169545173645020e-01
7.592386603355407715e-01
6.235078573226928711e-01
6.394118666648864746e-01
6.949225068092346191e-01
8.519719839096069336e-01
9.269742369651794434e-01
8.549174070358276367e-01
6.705985069274902344e-01
4.162988662719726562e-01
2.537634968757629395e-01
1.146435886621475220e-01
4.421377554535865784e-02
8.277092711068689823e-04
9.592244750820100307e-04
2.784524857997894287e-01
7.134333252906799316e-01
8.818757534027099609e-01
9.984964132308959961e-01
9.984470009803771973e-01
9.977689385414123535e-01
9.961688518524169922e-01
9.950289130210876465e-01
9.941223859786987305e-01
9.947962164878845215e-01
9.956533908843994141e-01
9.967134594917297363e-01
9.974060654640197754e-01
9.976055622100830078e-01
9.973250627517700195e-01
9.968181848526000977e-01
9.976125359535217285e-01
9.985120296478271484e-01
9.994663596153259277e-01
9.998875856399536133e-01
9.996326565742492676e-01
9.996337294578552246e-01
9.997473359107971191e-01
9.998778700828552246e-01
9.999837875366210938e-01
9.999893307685852051e-01
9.999545216560363770e-01
9.998715519905090332e-01
9.998001456260681152e-01
9.997336268424987793e-01
9.997985959053039551e-01
9.998659491539001465e-01
9.999207258224487305e-01
9.999554157257080078e-01
9.999668002128601074e-01
9.999787211418151855e-01
9.999909400939941406e-01
9.999961256980895996e-01
9.999995827674865723e-01
9.999975562095642090e-01
9.999791383743286133e-01
9.999421238899230957e-01
9.995295405387878418e-01
9.989724159240722656e-01
9.862778186798095703e-01
9.559822082519531250e-01
8.646970391273498535e-01
8.007351160049438477e-01
7.673168182373046875e-01
8.358151316642761230e-01
9.438799619674682617e-01
9.708841443061828613e-01
9.908750653266906738e-01
9.951355457305908203e-01
9.973441958427429199e-01
9.972309470176696777e-01
9.967604875564575195e-01
9.961510300636291504e-01
9.982711076736450195e-01
1.000000000000000000e+00
1.000000000000000000e+00
9.995460510253906250e-01
9.985706806182861328e-01
9.981799125671386719e-01
9.980250597000122070e-01
9.971094727516174316e-01
9.950217604637145996e-01
9.885936975479125977e-01
9.729620814323425293e-01
9.463006854057312012e-01
9.421571493148803711e-01
9.475817680358886719e-01
9.665289521217346191e-01
9.837737083435058594e-01
9.912092685699462891e-01
9.959493279457092285e-01
9.973206520080566406e-01
9.984442591667175293e-01
9.994577765464782715e-01
9.996767044067382812e-01
9.995118975639343262e-01
9.978545904159545898e-01
9.950098991394042969e-01
9.905707240104675293e-01
9.881480336189270020e-01
9.867081046104431152e-01
9.927726387977600098e-01
9.985453486442565918e-01
9.994205236434936523e-01
9.999520778656005859e-01
9.999865889549255371e-01
9.999984502792358398e-01
9.999983310699462891e-01
9.999632239341735840e-01
9.997978210449218750e-01
9.988718032836914062e-01
9.959627985954284668e-01
9.899151921272277832e-01
9.920986294746398926e-01
9.991122484207153320e-01
9.325129985809326172e-01
8.448702096939086914e-01
6.803858280181884766e-01
5.344789624214172363e-01
4.214389026165008545e-01
4.565939605236053467e-01
5.889272689819335938e-01
7.785888314247131348e-01
9.621369838714599609e-01
9.842813014984130859e-01
9.992133975028991699e-01
9.997056722640991211e-01
9.998233318328857422e-01
9.996649622917175293e-01
9.947614669799804688e-01
9.894654750823974609e-01
9.952086806297302246e-01
9.907630681991577148e-01
9.625468850135803223e-01
9.236074686050415039e-01
8.755692243576049805e-01
8.482719063758850098e-01
8.274464011192321777e-01
8.329758048057556152e-01
8.324814438819885254e-01
8.153194785118103027e-01
7.220752835273742676e-01
5.547552704811096191e-01
4.047683775424957275e-01
2.607000768184661865e-01
2.983341515064239502e-01
3.638911247253417969e-01
5.157141089439392090e-01
5.225929617881774902e-01
3.616463243961334229e-01
3.363211154937744141e-01
3.685141801834106445e-01
2.046356648206710815e-01
7.448376715183258057e-02
1.505452841520309448e-01
3.534882664680480957e-01
7.318934202194213867e-01
9.106732010841369629e-01
9.869425296783447266e-01
9.962837696075439453e-01
9.972566962242126465e-01
9.938063025474548340e-01
9.709740281105041504e-01
9.153875112533569336e-01
7.343734502792358398e-01
4.726963639259338379e-01
2.789953351020812988e-01
1.240814849734306335e-01
2.558907270431518555e-01
3.494036495685577393e-01
3.616175949573516846e-01
5.425425171852111816e-01
8.569526076316833496e-01
9.497430324554443359e-01
9.844482541084289551e-01
9.890085458755493164e-01
9.930692911148071289e-01
9.957343935966491699e-01
9.967324733734130859e-01
9.960722923278808594e-01
9.924595952033996582e-01
9.877829551696777344e-01
9.873792529106140137e-01
9.878945350646972656e-01
9.914627671241760254e-01
9.924574494361877441e-01
9.901976585388183594e-01
9.921243190765380859e-01
9.960396885871887207e-01
9.703750610351562500e-01
9.382879734039306641e-01
8.853063583374023438e-01
8.521351814270019531e-01
8.510395884513854980e-01
8.997582197189331055e-01
9.798133969306945801e-01
9.747046232223510742e-01
9.329469203948974609e-01
6.490416526794433594e-01
3.771681487560272217e-01
1.316413134336471558e-01
1.299789696931838989e-01
3.303861320018768311e-01
4.226365387439727783e-01
4.874737858772277832e-01
7.796725630760192871e-01
9.907442331314086914e-01
9.532999992370605469e-01
9.337444305419921875e-01
9.336846470832824707e-01
9.597187042236328125e-01
9.964907169342041016e-01
9.987353682518005371e-01
9.981215596199035645e-01
9.940913319587707520e-01
9.902733564376831055e-01
9.867656826972961426e-01
9.880110025405883789e-01
9.919854998588562012e-01
9.960164427757263184e-01
9.996821880340576172e-01
9.998543858528137207e-01
9.999725818634033203e-01
9.999810457229614258e-01
9.999895691871643066e-01
9.999981522560119629e-01
9.999649524688720703e-01
9.999205470085144043e-01
9.998759627342224121e-01
9.998269081115722656e-01
9.997642636299133301e-01
9.984537363052368164e-01
9.957698583602905273e-01
9.858374595642089844e-01
9.728676080703735352e-01
9.668899774551391602e-01
9.639140963554382324e-01
9.738054871559143066e-01
9.831103086471557617e-01
9.915052652359008789e-01
9.962562322616577148e-01
9.987826943397521973e-01
9.994320273399353027e-01
9.997312426567077637e-01
9.998404383659362793e-01
9.999309182167053223e-01
9.999778866767883301e-01
9.999390244483947754e-01
9.998236298561096191e-01
9.996095895767211914e-01
9.993634819984436035e-01
9.993239045143127441e-01
9.993507266044616699e-01
9.996147155761718750e-01
9.998084902763366699e-01
9.999108314514160156e-01
9.998939037322998047e-01
9.998157024383544922e-01
9.942080974578857422e-01
9.489030838012695312e-01
5.934162139892578125e-01
2.912681698799133301e-01
9.514252096414566040e-02
5.051544308662414551e-02
1.239794269204139709e-01
3.187944889068603516e-01
5.468975901603698730e-01
7.801215052604675293e-01
9.631096124649047852e-01
9.841690063476562500e-01
9.945692420005798340e-01
9.925197958946228027e-01
9.909576177597045898e-01
9.896163344383239746e-01
9.865092635154724121e-01
9.650285840034484863e-01
8.258754014968872070e-01
6.333567500114440918e-01
3.447246253490447998e-01
2.445546090602874756e-01
2.807869315147399902e-01
4.341107904911041260e-01
6.148311495780944824e-01
7.529827356338500977e-01
8.757663369178771973e-01
9.520761370658874512e-01
9.944264888763427734e-01
9.986077547073364258e-01
9.998628497123718262e-01
9.998307228088378906e-01
9.998642802238464355e-01
9.999012351036071777e-01
9.999224543571472168e-01
9.997286796569824219e-01
9.991526007652282715e-01
9.942942857742309570e-01
9.863296151161193848e-01
9.570656418800354004e-01
9.240321516990661621e-01
9.563472270965576172e-01
9.832789301872253418e-01
9.934278130531311035e-01
9.990019798278808594e-01
9.993131160736083984e-01
9.993544816970825195e-01
9.992717504501342773e-01
9.990053772926330566e-01
9.984774589538574219e-01
9.962768554687500000e-01
9.892098903656005859e-01
9.728954434394836426e-01
9.734353423118591309e-01
9.870341420173645020e-01
9.891557693481445312e-01
9.880756735801696777e-01
9.669989347457885742e-01
9.505965709686279297e-01
9.509221315383911133e-01
9.583377838134765625e-01
9.748618602752685547e-01
9.452862143516540527e-01
8.914485573768615723e-01
8.359403610229492188e-01
7.953448891639709473e-01
9.022520780563354492e-01
9.800561666488647461e-01
9.931184053421020508e-01
9.993631243705749512e-01
9.995082616806030273e-01
9.972608089447021484e-01
9.941864013671875000e-01
9.490529894828796387e-01
8.701087236404418945e-01
6.411774754524230957e-01
4.179464578628540039e-01
2.035533338785171509e-01
9.444497525691986084e-02
5.329903960227966309e-02
2.483095787465572357e-02
1.055183311109431088e-04
4.498940688790753484e-05
7.934045977890491486e-03
3.868880867958068848e-02
3.040382862091064453e-01
8.318876624107360840e-01
9.756926298141479492e-01
9.435781240463256836e-01
8.897486329078674316e-01
8.416268825531005859e-01
8.558032512664794922e-01
8.801944851875305176e-01
9.254773259162902832e-01
8.673154115676879883e-01
7.225388884544372559e-01
6.871584057807922363e-01
6.866853237152099609e-01
8.165658712387084961e-01
9.314090013504028320e-01
9.654307365417480469e-01
9.886639118194580078e-01
9.957058429718017578e-01
9.988796114921569824e-01
9.995979070663452148e-01
9.976633191108703613e-01
9.828158020973205566e-01
6.463351845741271973e-01
3.385476768016815186e-01
1.184082627296447754e-01
2.673290755428325838e-11
6.571090893636721830e-12
1.517321424754358716e-12
3.771013449421767305e-12
2.610402405261993408e-01
5.520354509353637695e-01
8.138650059700012207e-01
9.952479004859924316e-01
9.982075691223144531e-01
9.996966719627380371e-01
9.998413324356079102e-01
9.999093413352966309e-01
9.999492168426513672e-01
9.993469715118408203e-01
9.976429939270019531e-01
9.900320768356323242e-01
9.825366735458374023e-01
9.752445220947265625e-01
9.798058271408081055e-01
9.932047128677368164e-01
9.975425601005554199e-01
9.993710517883300781e-01
9.947866797447204590e-01
9.725278615951538086e-01
8.814979791641235352e-01
7.989405989646911621e-01
7.284713983535766602e-01
7.786729335784912109e-01
9.031148552894592285e-01
9.572892189025878906e-01
9.875149726867675781e-01
7.644136548042297363e-01
5.147435069084167480e-01
1.820587664842605591e-01
0.000000000000000000e+00
0.000000000000000000e+00
0.000000000000000000e+00
0.000000000000000000e+00
0.000000000000000000e+00
8.904986083507537842e-03
1.262971460819244385e-01
2.005062401294708252e-01
1.651967018842697144e-01
1.195998117327690125e-01
6.336385756731033325e-02
2.531933188438415527e-01
5.509784221649169922e-01
7.625778317451477051e-01
9.458378553390502930e-01
9.702201485633850098e-01
9.876080155372619629e-01
9.896329641342163086e-01
9.836549162864685059e-01
9.702247381210327148e-01
8.854397535324096680e-01
7.735979557037353516e-01
5.790512561798095703e-01
4.307462275028228760e-01
6.151621937751770020e-01
7.835649847984313965e-01
9.214668273925781250e-01
9.889820814132690430e-01
9.975970983505249023e-01
9.992867112159729004e-01
9.986412525177001953e-01
9.949604868888854980e-01
9.918462038040161133e-01
9.926282167434692383e-01
9.942313432693481445e-01
9.972900748252868652e-01
9.987980723381042480e-01
9.991051554679870605e-01
9.994581937789916992e-01
9.998256564140319824e-01
9.998341202735900879e-01
9.995973110198974609e-01
9.982465505599975586e-01
9.832218289375305176e-01
9.454064965248107910e-01
7.065516710281372070e-01
3.209268450736999512e-01
1.336591839790344238e-01
2.516275970265269279e-03
5.370640382170677185e-02
1.869025677442550659e-01
6.695818305015563965e-01
9.670185446739196777e-01
9.683279395103454590e-01
9.790368676185607910e-01
9.963447451591491699e-01
8.770275115966796875e-01
7.211313247680664062e-01
4.490379393100738525e-01
2.472633719444274902e-01
3.506080806255340576e-01
5.302843451499938965e-01
8.294762372970581055e-01
9.675716757774353027e-01
9.932091832160949707e-01
9.959723353385925293e-01
9.926316738128662109e-01
8.816690444946289062e-01
7.288981080055236816e-01
3.998888731002807617e-01
1.710636764764785767e-01
9.988811612129211426e-02
1.577305644750595093e-01
3.064630031585693359e-01
6.273128986358642578e-01
9.945167899131774902e-01
9.693478345870971680e-01
9.220194220542907715e-01
8.018299937248229980e-01
7.528977990150451660e-01
8.205334544181823730e-01
8.491461873054504395e-01
8.491626977920532227e-01
8.951622843742370605e-01
9.546582698822021484e-01
9.785845279693603516e-01
9.977580904960632324e-01
9.985713958740234375e-01
9.986036419868469238e-01
9.972816109657287598e-01
9.948880076408386230e-01
9.916656017303466797e-01
9.890977144241333008e-01
9.867352843284606934e-01
9.879083037376403809e-01
9.899634122848510742e-01
9.960358142852783203e-01
1.000000000000000000e+00
1.000000000000000000e+00
9.963352680206298828e-01
9.895905256271362305e-01
9.722011685371398926e-01
9.510385990142822266e-01
9.268240332603454590e-01
8.955489993095397949e-01
8.184700608253479004e-01
6.915965080261230469e-01
4.609926640987396240e-01
3.148246705532073975e-01
2.467376589775085449e-01
3.861114084720611572e-01
6.084941625595092773e-01
8.126398921012878418e-01
9.950609207153320312e-01
9.975717663764953613e-01
9.993146657943725586e-01
9.992138147354125977e-01
9.993872046470642090e-01
9.998508691787719727e-01
9.891945123672485352e-01
9.732956290245056152e-01
9.613944888114929199e-01
9.468094706535339355e-01
8.850878477096557617e-01
8.395775556564331055e-01
8.408136367797851562e-01
8.735683560371398926e-01
9.447628259658813477e-01
9.806478023529052734e-01
9.970248341560363770e-01
9.998607635498046875e-01
9.999950528144836426e-01
9.999965429306030273e-01
9.999976158142089844e-01
9.999970793724060059e-01
9.999886155128479004e-01
9.999685287475585938e-01
9.999188184738159180e-01
9.998494386672973633e-01
9.997999072074890137e-01
9.997557997703552246e-01
9.997001290321350098e-01
9.996602535247802734e-01
9.996973276138305664e-01
9.997617602348327637e-01
9.998741149902343750e-01
9.999465942382812500e-01
9.999861121177673340e-01
9.999964833259582520e-01
9.999966025352478027e-01
9.999951124191284180e-01
9.999936819076538086e-01
9.999941587448120117e-01
9.999945163726806641e-01
9.999948143959045410e-01
9.999894499778747559e-01
9.999782443046569824e-01
9.999453425407409668e-01
9.999025464057922363e-01
9.999378323554992676e-01
9.999822974205017090e-01
9.999922513961791992e-01
9.999998211860656738e-01
9.999999403953552246e-01
1.000000000000000000e+00
9.999999403953552246e-01
9.999974966049194336e-01
9.999935626983642578e-01
9.999237656593322754e-01
9.998381137847900391e-01
9.982278943061828613e-01
9.965251088142395020e-01
9.944586753845214844e-01
9.933984279632568359e-01
9.940652251243591309e-01
9.958232641220092773e-01
9.984689950942993164e-01
9.994187355041503906e-01
9.997738599777221680e-01
9.994988441467285156e-01
9.988667964935302734e-01
9.957304596900939941e-01
9.923858642578125000e-01
9.885541200637817383e-01
9.864113926887512207e-01
9.861122965812683105e-01
9.834580421447753906e-01
9.796100258827209473e-01
9.851136207580566406e-01
9.911940693855285645e-01
9.662255048751831055e-01
9.011769294738769531e-01
6.925432085990905762e-01
5.234201550483703613e-01
4.118176996707916260e-01
5.566459894180297852e-01
8.826456665992736816e-01
9.123496413230895996e-01
8.535956740379333496e-01
4.758824408054351807e-01
1.260362267494201660e-01
5.393884330987930298e-02
1.582813560962677002e-01
6.394417285919189453e-01
9.055709242820739746e-01
9.555698633193969727e-01
9.758587479591369629e-01
9.822520613670349121e-01
9.274811744689941406e-01
8.444631099700927734e-01
3.978055715560913086e-01
4.656603187322616577e-02
1.722917705774307251e-02
4.627456291927956045e-06
2.386318101343931630e-06
2.184009701013565063e-01
5.886816978454589844e-01
8.105241656303405762e-01
9.879987239837646484e-01
9.946694374084472656e-01
9.712685346603393555e-01
8.060753345489501953e-01
6.334029436111450195e-01
4.447099566459655762e-01
4.498878717422485352e-01
6.556205749511718750e-01
7.586547732353210449e-01
8.110545277595520020e-01
7.539852261543273926e-01
6.834569573402404785e-01
7.885031700134277344e-01
8.853965401649475098e-01
9.503995776176452637e-01
9.823015928268432617e-01
9.619793891906738281e-01
8.861317634582519531e-01
7.671821713447570801e-01
8.017974495887756348e-01
8.892256021499633789e-01
9.426744580268859863e-01
9.886581301689147949e-01
9.943445920944213867e-01
9.972783327102661133e-01
9.930722713470458984e-01
9.876739382743835449e-01
9.808785915374755859e-01
8.706528544425964355e-01
7.004134654998779297e-01
4.526333808898925781e-01
1.859387159347534180e-01
3.268421888351440430e-01
4.963834285736083984e-01
7.827579975128173828e-01
9.729574918746948242e-01
9.755351543426513672e-01
9.684947729110717773e-01
9.522880315780639648e-01
9.488255381584167480e-01
9.510996937751770020e-01
9.632282257080078125e-01
9.694267511367797852e-01
7.966833114624023438e-01
5.825855135917663574e-01
2.206807583570480347e-01
6.272661266848444939e-05
1.904122291307430714e-05
2.351375542275491171e-06
6.510913863166933879e-06
3.843056857585906982e-01
9.047036767005920410e-01
9.702544808387756348e-01
9.910152554512023926e-01
9.893360137939453125e-01
9.893489480018615723e-01
9.941447973251342773e-01
9.964570403099060059e-01
9.955570697784423828e-01
9.829887747764587402e-01
9.629997014999389648e-01
9.392434954643249512e-01
9.145170450210571289e-01
9.252983331680297852e-01
9.384293556213378906e-01
9.563494920730590820e-01
9.710734486579895020e-01
9.782516956329345703e-01
9.837548136711120605e-01
9.873644709587097168e-01
9.896841645240783691e-01
9.913018345832824707e-01
9.953439831733703613e-01
9.999440312385559082e-01
9.680155515670776367e-01
9.426149129867553711e-01
9.536359906196594238e-01
9.670588374137878418e-01
9.854375720024108887e-01
9.960114359855651855e-01
9.988864660263061523e-01
9.998830556869506836e-01
9.999645352363586426e-01
9.999814629554748535e-01
9.999854564666748047e-01
9.999307394027709961e-01
9.997507929801940918e-01
9.990078210830688477e-01
9.969564676284790039e-01
9.924752712249755859e-01
9.876578450202941895e-01
9.825066328048706055e-01
9.831002354621887207e-01
9.862970113754272461e-01
9.422167539596557617e-01
8.882154226303100586e-01
7.520286440849304199e-01
6.294415593147277832e-01
5.615172386169433594e-01
5.824789404869079590e-01
7.587655782699584961e-01
8.829173445701599121e-01
9.602392911911010742e-01
9.897744655609130859e-01
9.983936548233032227e-01
9.997226595878601074e-01
9.999024271965026855e-01
9.996120929718017578e-01
9.992141723632812500e-01
9.983850121498107910e-01
9.980421662330627441e-01
9.985399842262268066e-01
9.956064224243164062e-01
9.896503686904907227e-01
9.549847841262817383e-01
9.081566333770751953e-01
8.504967689514160156e-01
7.920838594436645508e-01
7.583080530166625977e-01
7.175235748291015625e-01
6.483075022697448730e-01
5.906529426574707031e-01
5.538342595100402832e-01
5.497536659240722656e-01
5.753039121627807617e-01
5.725352168083190918e-01
5.571327805519104004e-01
5.350777506828308105e-01
5.169343352317810059e-01
7.337961792945861816e-01
9.124926924705505371e-01
9.265574812889099121e-01
9.471173286437988281e-01
9.798592925071716309e-01
9.969069361686706543e-01
9.991350769996643066e-01
9.996125102043151855e-01
9.992523193359375000e-01
9.919399023056030273e-01
9.829887747764587402e-01
8.989073634147644043e-01
8.020703196525573730e-01
6.427769660949707031e-01
6.035893559455871582e-01
8.103173971176147461e-01
9.231613278388977051e-01
9.398031830787658691e-01
9.361026287078857422e-01
9.216852784156799316e-01
9.245777726173400879e-01
9.312926530838012695e-01
9.509578943252563477e-01
9.696550965309143066e-01
9.810209274291992188e-01
9.902974963188171387e-01
9.947303533554077148e-01
9.975026249885559082e-01
9.983260035514831543e-01
9.987310767173767090e-01
9.988808035850524902e-01
9.976828098297119141e-01
9.961098432540893555e-01
9.280251264572143555e-01
8.147453069686889648e-01
3.501622378826141357e-01
8.358839899301528931e-03
3.045701188966631889e-03
2.951245789972745115e-07
9.883608527161413804e-07
1.193505823612213135e-01
3.230206072330474854e-01
6.205162405967712402e-01
9.495958089828491211e-01
9.902174472808837891e-01
9.973625540733337402e-01
9.828087687492370605e-01
8.997523188591003418e-01
5.722081661224365234e-01
4.285563826560974121e-01
5.913888216018676758e-01
7.562072277069091797e-01
9.235039353370666504e-01
9.837772846221923828e-01
9.969230294227600098e-01
9.881157875061035156e-01
9.748794436454772949e-01
8.792815804481506348e-01
8.027288913726806641e-01
8.223906159400939941e-01
8.560183644294738770e-01
9.190172553062438965e-01
9.625495076179504395e-01
9.844802618026733398e-01
9.947046637535095215e-01
9.980833530426025391e-01
9.987100958824157715e-01
9.986048340797424316e-01
9.930456280708312988e-01
9.868649244308471680e-01
9.780864119529724121e-01
9.364076256752014160e-01
7.992194890975952148e-01
5.594059824943542480e-01
1.717806756496429443e-01
2.824059687554836273e-03
8.109461050480604172e-04
3.018183410167694092e-01
7.193022370338439941e-01
7.444612979888916016e-01
7.070274949073791504e-01
4.784419238567352295e-01
2.646712064743041992e-01
1.196255087852478027e-01
8.996322005987167358e-02
2.879010736942291260e-01
5.353156924247741699e-01
8.350845575332641602e-01
9.103067517280578613e-01
8.626055121421813965e-01
8.593757152557373047e-01
8.672387003898620605e-01
8.077052831649780273e-01
7.508341073989868164e-01
7.454943060874938965e-01
7.657291293144226074e-01
8.597425818443298340e-01
9.336186647415161133e-01
9.778572320938110352e-01
9.981141686439514160e-01
9.994097948074340820e-01
9.963701367378234863e-01
9.915722012519836426e-01
9.925793409347534180e-01
9.945024847984313965e-01
9.965912103652954102e-01
9.984753727912902832e-01
9.993734359741210938e-01
9.997832179069519043e-01
9.991514682769775391e-01
9.875273704528808594e-01
9.635211825370788574e-01
9.071136116981506348e-01
8.309018015861511230e-01
6.942936182022094727e-01
5.393881797790527344e-01
2.886615097522735596e-01
4.464473575353622437e-02
2.167757414281368256e-02
3.763495758175849915e-02
1.949587464332580566e-01
4.158967137336730957e-01
7.485258579254150391e-01
9.313796162605285645e-01
9.741883873939514160e-01
9.923045635223388672e-01
9.979863762855529785e-01
9.990513920783996582e-01
9.990451931953430176e-01
9.965077638626098633e-01
9.934843182563781738e-01
9.873617887496948242e-01
9.838796257972717285e-01
9.881493449211120605e-01
9.924463033676147461e-01
9.967685341835021973e-01
9.989772439002990723e-01
9.994652271270751953e-01
9.995685219764709473e-01
9.995049238204956055e-01
9.994071125984191895e-01
9.993033409118652344e-01
9.985565543174743652e-01
9.973593950271606445e-01
9.933403134346008301e-01
9.890450239181518555e-01
9.840639829635620117e-01
9.835032224655151367e-01
9.888523817062377930e-01
9.924980998039245605e-01
9.948620796203613281e-01
9.966464638710021973e-01
9.982101321220397949e-01
9.872992634773254395e-01
9.739133715629577637e-01
9.038144350051879883e-01
8.254927992820739746e-01
7.004235982894897461e-01
6.347161531448364258e-01
7.083995342254638672e-01
7.783266901969909668e-01
8.433877229690551758e-01
8.926925659179687500e-01
9.306754469871520996e-01
9.613490104675292969e-01
9.892681837081909180e-01
9.955095648765563965e-01
9.985831379890441895e-01
9.989928603172302246e-01
9.993360638618469238e-01
9.993212819099426270e-01
9.994229078292846680e-01
9.997943043708801270e-01
9.987295866012573242e-01
9.958664774894714355e-01
9.806108474731445312e-01
9.567531347274780273e-01
9.359631538391113281e-01
9.163706898689270020e-01
9.194876551628112793e-01
9.258521199226379395e-01
9.262954592704772949e-01
9.220694303512573242e-01
8.924487233161926270e-01
8.731405138969421387e-01
8.786310553550720215e-01
8.982590436935424805e-01
9.362533688545227051e-01
9.636006355285644531e-01
9.832571744918823242e-01
9.920961260795593262e-01
9.966791272163391113e-01
9.985638260841369629e-01
9.999979734420776367e-01
9.945406317710876465e-01
9.847230315208435059e-01
9.484418630599975586e-01
8.581988811492919922e-01
6.290708184242248535e-01
4.603220522403717041e-01
3.769213855266571045e-01
4.321040213108062744e-01
5.982742905616760254e-01
7.628320455551147461e-01
9.272586703300476074e-01
8.709279298782348633e-01
7.704917192459106445e-01
4.542470574378967285e-01
1.750508099794387817e-01
2.466484755277633667e-01
3.732020258903503418e-01
6.649361848831176758e-01
8.750143647193908691e-01
9.542824625968933105e-01
9.925295710563659668e-01
9.931793808937072754e-01
9.913066029548645020e-01
9.881283640861511230e-01
8.010809421539306641e-01
5.663638114929199219e-01
2.762804329395294189e-01
3.338707843795418739e-03
1.090951915830373764e-02
8.420024067163467407e-02
4.149790108203887939e-01
6.923262476921081543e-01
8.661881089210510254e-01
9.287940263748168945e-01
8.691117167472839355e-01
7.934104204177856445e-01
7.076727151870727539e-01
7.417867779731750488e-01
8.160670995712280273e-01
8.800761103630065918e-01
9.420739412307739258e-01
9.568606019020080566e-01
9.711476564407348633e-01
9.828631877899169922e-01
9.924222230911254883e-01
9.966597557067871094e-01
9.991530179977416992e-01
9.992433786392211914e-01
9.981215596199035645e-01
9.960296154022216797e-01
9.905757308006286621e-01
9.835984110832214355e-01
9.802212119102478027e-01
9.776058793067932129e-01
9.877782464027404785e-01
9.976952075958251953e-01
9.989114403724670410e-01
9.998698234558105469e-01
9.999285340309143066e-01
9.999710917472839355e-01
9.999843239784240723e-01
9.999929666519165039e-01
9.999967813491821289e-01
9.999984502792358398e-01
9.999988079071044922e-01
9.999828934669494629e-01
9.999614953994750977e-01
9.893994331359863281e-01
9.726062417030334473e-01
5.566467642784118652e-01
1.873701214790344238e-01
1.041960939764976501e-01
1.081450134515762329e-01
3.430769145488739014e-01
5.877586007118225098e-01
8.483524322509765625e-01
9.455849528312683105e-01
9.002063870429992676e-01
8.601325154304504395e-01
8.229057788848876953e-01
5.387477874755859375e-01
1.896642148494720459e-01
8.748028427362442017e-02
2.134597674012184143e-02
2.401267737150192261e-01
4.696112275123596191e-01
7.450341582298278809e-01
9.445570707321166992e-01
9.775074720382690430e-01
9.968098998069763184e-01
9.988735318183898926e-01
9.998271465301513672e-01
9.999379515647888184e-01
9.999819993972778320e-01
9.999965429306030273e-01
9.998896718025207520e-01
9.997563958168029785e-01
9.975857138633728027e-01
9.954941868782043457e-01
9.956833720207214355e-01
9.957249164581298828e-01
9.951879382133483887e-01
9.918367266654968262e-01
9.827761650085449219e-01
9.771712422370910645e-01
9.756256937980651855e-01
9.805821180343627930e-01
9.901106953620910645e-01
9.918007850646972656e-01
9.903075695037841797e-01
8.587810397148132324e-01
7.017704844474792480e-01
3.389945328235626221e-01
4.731448655093117850e-07
2.342966809010249563e-06
5.395948537625372410e-04
3.063296433538198471e-03
1.196709200739860535e-01
4.608677923679351807e-01
7.168132662773132324e-01
8.750666975975036621e-01
9.552659988403320312e-01
9.808166623115539551e-01
9.914262890815734863e-01
9.959867000579833984e-01
9.919527173042297363e-01
9.862503409385681152e-01
8.014788031578063965e-01
5.981391072273254395e-01
2.758091986179351807e-01
1.746446080505847931e-02
7.433474063873291016e-03
2.539805136620998383e-02
1.003429070115089417e-01
2.637462615966796875e-01
5.350413918495178223e-01
6.954546570777893066e-01
7.741086483001708984e-01
8.372692465782165527e-01
8.935199975967407227e-01
9.379435777664184570e-01
9.797536730766296387e-01
9.885989427566528320e-01
9.952403903007507324e-01
9.973875880241394043e-01
9.992132782936096191e-01
9.996121525764465332e-01
9.998924136161804199e-01
9.999073743820190430e-01
9.993594884872436523e-01
9.980541467666625977e-01
9.930117726325988770e-01
9.849148392677307129e-01
9.701879620552062988e-01
9.522283077239990234e-01
8.500022292137145996e-01
7.251887321472167969e-01
3.870021998882293701e-01
3.747451305389404297e-02
1.761513948440551758e-02
2.827213890850543976e-02
2.113495320081710815e-01
4.371104240417480469e-01
7.809630632400512695e-01
9.927130937576293945e-01
9.964582920074462891e-01
9.592938423156738281e-01
8.823897242546081543e-01
5.702273249626159668e-01
1.173817515373229980e-01
8.114081538224127144e-06
5.715292445529485121e-06
1.270789001137018204e-02
2.749319374561309814e-02
1.136999130249023438e-01
1.902123540639877319e-01
1.602824926376342773e-01
1.842067092657089233e-01
4.048563241958618164e-01
6.253558993339538574e-01
8.471786975860595703e-01
9.758404493331909180e-01
9.899910092353820801e-01
9.969047307968139648e-01
9.981955289840698242e-01
9.990859627723693848e-01
9.997860789299011230e-01
9.998031258583068848e-01
9.996459484100341797e-01
9.964645504951477051e-01
9.927449226379394531e-01
9.807247519493103027e-01
9.717844724655151367e-01
9.810306429862976074e-01
9.839918017387390137e-01
9.690429568290710449e-01
9.607902169227600098e-01
9.636307954788208008e-01
9.712596535682678223e-01
9.838440418243408203e-01
9.899942278861999512e-01
9.918836951255798340e-01
9.937724471092224121e-01
9.956672787666320801e-01
9.955273270606994629e-01
9.949739575386047363e-01
9.954796433448791504e-01
9.960517883300781250e-01
9.967257976531982422e-01
9.963213801383972168e-01
9.907138347625732422e-01
9.783957600593566895e-01
9.494857788085937500e-01
9.122899174690246582e-01
8.629100322723388672e-01
8.594890832901000977e-01
9.000020027160644531e-01
9.384157657623291016e-01
9.757171869277954102e-01
9.860424399375915527e-01
9.867064356803894043e-01
6.460389494895935059e-01
2.447923570871353149e-01
1.409662514925003052e-01
6.017414480447769165e-02
1.109100356698036194e-01
1.376537531614303589e-01
5.711414292454719543e-02
5.799175050924532115e-05
2.168858372897375375e-05
2.133913105353713036e-03
7.410814985632896423e-03
1.844591498374938965e-01
5.234901905059814453e-01
7.417042851448059082e-01
8.882445693016052246e-01
9.441980719566345215e-01
9.673414230346679688e-01
9.812279939651489258e-01
9.933517575263977051e-01
9.927925467491149902e-01
9.673122763633728027e-01
5.807248353958129883e-01
2.360774576663970947e-01
9.895341843366622925e-02
2.020854935835814103e-06
1.179101104753499385e-06
1.558544579893350601e-03
5.565496161580085754e-03
1.692754030227661133e-01
4.943482279777526855e-01
7.370613217353820801e-01
9.258760213851928711e-01
9.868958592414855957e-01
9.961792230606079102e-01
9.987241029739379883e-01
9.997729063034057617e-01
9.987359046936035156e-01
9.966600537300109863e-01
9.695335030555725098e-01
9.470248818397521973e-01
9.533554911613464355e-01
9.532875418663024902e-01
9.336588978767395020e-01
7.809472084045410156e-01
3.831580579280853271e-01
1.792401969432830811e-01
2.022619694471359253e-01
3.305347859859466553e-01
5.389469265937805176e-01
7.008169293403625488e-01
8.395224213600158691e-01
8.940597176551818848e-01
9.244795441627502441e-01
9.532167315483093262e-01
9.818050265312194824e-01
9.365544319152832031e-01
8.524601459503173828e-01
3.801171481609344482e-01
5.389910256781149656e-06
2.220637725258711725e-06
3.049071315539726216e-40
1.141105365468985037e-40
1.198851969093084335e-02
4.163616523146629333e-02
3.010590374469757080e-01
7.834504246711730957e-01
7.449064254760742188e-01
3.744032979011535645e-01
1.676491349935531616e-01
2.612924575805664062e-02
3.270571678876876831e-02
7.271952927112579346e-02
4.342059195041656494e-01
8.181366920471191406e-01
9.099426865577697754e-01
9.910410642623901367e-01
9.958453178405761719e-01
9.935733675956726074e-01
9.669318199157714844e-01
8.047223687171936035e-01
3.631413578987121582e-01
8.654968440532684326e-02
2.760831080377101898e-02
7.110687874956056476e-05
2.054842334473505616e-04
2.203076034784317017e-01
5.680750608444213867e-01
7.534022331237792969e-01
8.782836198806762695e-01
9.399137496948242188e-01
9.885677099227905273e-01
9.951014518737792969e-01
9.985005259513854980e-01
9.990328550338745117e-01
9.995172619819641113e-01
9.996772408485412598e-01
9.997878670692443848e-01
9.997360110282897949e-01
9.997173547744750977e-01
9.997655153274536133e-01
9.998287558555603027e-01
9.999114871025085449e-01
9.999588131904602051e-01
9.999744892120361328e-01
9.999856948852539062e-01
9.999942779541015625e-01
9.999809861183166504e-01
9.999595284461975098e-01
9.998430609703063965e-01
9.997059106826782227e-01
9.995648264884948730e-01
9.994297027587890625e-01
9.996128082275390625e-01
9.997429251670837402e-01
9.994714260101318359e-01
9.988912940025329590e-01
9.971899986267089844e-01
9.943748116493225098e-01
9.891300797462463379e-01
9.706730246543884277e-01
9.330815672874450684e-01
8.492909073829650879e-01
7.196513414382934570e-01
6.296648383140563965e-01
5.658528804779052734e-01
7.119768261909484863e-01
9.497856497764587402e-01
1.000000000000000000e+00
1.000000000000000000e+00
8.259345889091491699e-01
6.290357112884521484e-01
3.391758799552917480e-01
6.705703586339950562e-02
4.187079146504402161e-02
3.573672845959663391e-02
1.225956380367279053e-01
2.892786562442779541e-01
6.781835556030273438e-01
9.407307505607604980e-01
9.788931012153625488e-01
9.997583627700805664e-01
9.997009038925170898e-01
9.855082035064697266e-01
9.595847725868225098e-01
8.190494179725646973e-01
6.134389042854309082e-01
5.283088684082031250e-01
4.869885146617889404e-01
6.518810987472534180e-01
8.610430359840393066e-01
9.368972182273864746e-01
1.000000000000000000e+00
1.000000000000000000e+00
1.000000000000000000e+00
1.000000000000000000e+00
9.991719126701354980e-01
9.949716925621032715e-01
9.917111396789550781e-01
9.908117651939392090e-01
9.853597879409790039e-01
9.724052548408508301e-01
9.363480806350708008e-01
8.739575147628784180e-01
6.184429526329040527e-01
