9.838179349899291992e-01
9.873504042625427246e-01
9.733581542968750000e-01
9.025781154632568359e-01
6.230050921440124512e-01
4.626887664198875427e-02
8.724780054762959480e-04
1.490987541763466595e-11
1.240063086938025805e-11
4.635938405990600586e-01
8.059681057929992676e-01
9.987879991531372070e-01
9.995532035827636719e-01
9.999218583106994629e-01
9.999030232429504395e-01
9.993941187858581543e-01
9.974305033683776855e-01
9.938475489616394043e-01
9.845892190933227539e-01
9.725444316864013672e-01
9.627247452735900879e-01
9.851097464561462402e-01
9.829423427581787109e-01
9.419177770614624023e-01
7.609599232673645020e-01
5.183632969856262207e-01
3.614471256732940674e-01
7.277550101280212402e-01
9.106967449188232422e-01
9.928874373435974121e-01
9.970474839210510254e-01
9.984333515167236328e-01
9.988912343978881836e-01
9.995853900909423828e-01
9.998682737350463867e-01
8.141575455665588379e-01
1.615965664386749268e-01
1.432835217565298080e-02
4.155284166336059570e-02
1.728211343288421631e-01
5.633412003517150879e-01
8.852388262748718262e-01
9.785368442535400391e-01
9.765447974205017090e-01
9.413700699806213379e-01
8.767313361167907715e-01
8.332287669181823730e-01
8.082236051559448242e-01
8.063622117042541504e-01
6.598925590515136719e-01
4.697732031345367432e-01
2.388612329959869385e-01
3.060098588466644287e-01
3.679908812046051025e-01
4.067261815071105957e-01
2.220148593187332153e-01
3.378127515316009521e-01
7.627403140068054199e-01
7.837696671485900879e-01
8.584827780723571777e-01
9.731693267822265625e-01
8.445562720298767090e-01
6.954044699668884277e-01
5.333690643310546875e-01
4.321784377098083496e-01
2.385738044977188110e-01
4.601887937383253302e-08
1.314449260547689846e-08
5.104746087454259396e-04
4.456092044711112976e-02
4.262293577194213867e-01
6.119777560234069824e-01
6.649032235145568848e-01
6.204485893249511719e-01
6.548525691032409668e-01
7.317783832550048828e-01
8.099767565727233887e-01
8.756194710731506348e-01
9.333764314651489258e-01
9.827246665954589844e-01
9.815365076065063477e-01
8.796315789222717285e-01
4.762293994426727295e-01
4.251752495765686035e-01
5.543048977851867676e-01
8.232254385948181152e-01
9.288659691810607910e-01
9.679397344589233398e-01
9.802561402320861816e-01
9.917587637901306152e-01
9.998982548713684082e-01
9.996601343154907227e-01
9.129981398582458496e-01
7.252587080001831055e-01
3.502486646175384521e-01
4.406159818172454834e-01
6.692937612533569336e-01
9.454936385154724121e-01
9.982811212539672852e-01
9.999203085899353027e-01
9.999523758888244629e-01
9.999402165412902832e-01
9.999167323112487793e-01
9.998885393142700195e-01
9.988371133804321289e-01
9.924388527870178223e-01
9.769099354743957520e-01
9.440535902976989746e-01
9.217175841331481934e-01
9.212172627449035645e-01
9.576567411422729492e-01
9.856557846069335938e-01
9.929690361022949219e-01
9.958704113960266113e-01
9.978048205375671387e-01
9.990622997283935547e-01
9.994109869003295898e-01
9.996838569641113281e-01
9.999710917472839355e-01
9.986767768859863281e-01
9.957061409950256348e-01
9.907167553901672363e-01
9.957175850868225098e-01
9.991720318794250488e-01
9.999218583106994629e-01
9.999446272850036621e-01
9.999225139617919922e-01
9.998900294303894043e-01
9.999155998229980469e-01
9.998733401298522949e-01
9.997523427009582520e-01
9.990978240966796875e-01
9.976393580436706543e-01
9.953260421752929688e-01
9.983668923377990723e-01
9.999633431434631348e-01
9.999998211860656738e-01
9.985895156860351562e-01
9.982072114944458008e-01
9.988599419593811035e-01
9.995931386947631836e-01
9.999672174453735352e-01
9.999937415122985840e-01
9.999850988388061523e-01
9.999747276306152344e-01
9.999632835388183594e-01
9.999747276306152344e-01
9.999851584434509277e-01
9.999943971633911133e-01
9.999955296516418457e-01
9.999970197677612305e-01
9.999987483024597168e-01
9.999995827674865723e-01
1.000000000000000000e+00
1.000000000000000000e+00
9.999999403953552246e-01
9.999998807907104492e-01
9.999997019767761230e-01
9.999977946281433105e-01
9.999826550483703613e-01
9.999567270278930664e-01
9.999356865882873535e-01
9.999349117279052734e-01
9.999246597290039062e-01
9.994203448295593262e-01
9.974855780601501465e-01
9.944460391998291016e-01
9.925165772438049316e-01
9.938091039657592773e-01
9.975823760032653809e-01
9.991942048072814941e-01
9.999446272850036621e-01
1.000000000000000000e+00
1.000000000000000000e+00
1.000000000000000000e+00
9.999998211860656738e-01
9.999963641166687012e-01
9.999955296516418457e-01
9.999964833259582520e-01
9.999927282333374023e-01
9.999836683273315430e-01
9.999679327011108398e-01
9.999082088470458984e-01
9.998040795326232910e-01
9.995673894882202148e-01
9.976210594177246094e-01
9.942090511322021484e-01
9.900481700897216797e-01
9.939681291580200195e-01
9.972445368766784668e-01
9.998680949211120605e-01
9.999588727951049805e-01
9.998772144317626953e-01
9.996573328971862793e-01
9.995355606079101562e-01
9.996649622917175293e-01
9.999918937683105469e-01
9.999970793724060059e-01
9.999995827674865723e-01
9.999997615814208984e-01
9.999996423721313477e-01
9.999862313270568848e-01
9.999557137489318848e-01
9.997540712356567383e-01
9.994040727615356445e-01
9.989361166954040527e-01
9.989987611770629883e-01
9.993653893470764160e-01
9.999784231185913086e-01
9.988002777099609375e-01
9.982332587242126465e-01
9.982516765594482422e-01
9.990341663360595703e-01
9.995531439781188965e-01
9.998129010200500488e-01
9.998042583465576172e-01
9.997047185897827148e-01
9.995133876800537109e-01
9.995422959327697754e-01
9.995602369308471680e-01
9.995653629302978516e-01
9.993973970413208008e-01
9.961612820625305176e-01
9.895637035369873047e-01
3.972965478897094727e-01
2.043247371912002563e-01
4.866752326488494873e-01
7.888343930244445801e-01
9.676455855369567871e-01
9.972713589668273926e-01
9.889281392097473145e-01
9.696788787841796875e-01
9.392741918563842773e-01
9.592318534851074219e-01
9.787051081657409668e-01
9.931253790855407715e-01
9.971132874488830566e-01
9.988639354705810547e-01
9.986889958381652832e-01
9.886752963066101074e-01
9.658005237579345703e-01
9.251632690429687500e-01
9.162802696228027344e-01
9.339326024055480957e-01
9.877318143844604492e-01
9.975943565368652344e-01
9.998303055763244629e-01
9.994627237319946289e-01
9.976884126663208008e-01
9.965211749076843262e-01
9.968711137771606445e-01
9.986106157302856445e-01
9.999516606330871582e-01
9.999913573265075684e-01
9.999939203262329102e-01
9.999727010726928711e-01
9.999169111251831055e-01
9.997629523277282715e-01
9.990211725234985352e-01
9.969607591629028320e-01
7.493686079978942871e-01
4.269570112228393555e-01
7.986071705818176270e-02
2.599168899858362578e-21
1.376488733160914313e-28
6.666502983761906091e-28
5.389165505766868591e-02
2.401011735200881958e-01
7.922044396400451660e-01
9.684422612190246582e-01
9.921629428863525391e-01
9.699649810791015625e-01
6.157945990562438965e-01
2.000322043895721436e-01
9.761519730091094971e-02
4.752852022647857666e-01
9.714486598968505859e-01
9.884588718414306641e-01
9.846504330635070801e-01
9.715136885643005371e-01
9.656719565391540527e-01
9.721714258193969727e-01
9.846286773681640625e-01
9.897095561027526855e-01
9.934772253036499023e-01
9.963602423667907715e-01
9.986944794654846191e-01
9.995822906494140625e-01
9.992302656173706055e-01
9.961456060409545898e-01
9.862965941429138184e-01
9.719831943511962891e-01
9.721370339393615723e-01
9.693834185600280762e-01
9.641183018684387207e-01
9.587911963462829590e-01
9.637538194656372070e-01
9.786845445632934570e-01
9.890045523643493652e-01
9.959106445312500000e-01
9.991702437400817871e-01
9.995482563972473145e-01
9.981691241264343262e-01
9.947753548622131348e-01
9.234662055969238281e-01
6.754333376884460449e-01
1.924093514680862427e-01
5.998394638299942017e-02
1.307914555072784424e-01
4.613474011421203613e-01
7.891516685485839844e-01
9.990995526313781738e-01
9.998747110366821289e-01
9.998892545700073242e-01
9.997126460075378418e-01
9.994331598281860352e-01
9.993559122085571289e-01
9.979872703552246094e-01
9.934341907501220703e-01
9.524967074394226074e-01
9.213560819625854492e-01
9.461117386817932129e-01
9.746295809745788574e-01
9.979794621467590332e-01
9.995164871215820312e-01
9.999703764915466309e-01
9.999819397926330566e-01
9.999771118164062500e-01
9.993407130241394043e-01
9.955992102622985840e-01
9.771644473075866699e-01
9.658561944961547852e-01
9.613885879516601562e-01
9.770736694335937500e-01
9.881055951118469238e-01
9.956023097038269043e-01
9.975048303604125977e-01
9.978886246681213379e-01
9.961557388305664062e-01
9.765095710754394531e-01
9.529209733009338379e-01
9.263923764228820801e-01
9.408406615257263184e-01
9.627280235290527344e-01
9.921767711639404297e-01
9.969668388366699219e-01
9.994428753852844238e-01
9.998986721038818359e-01
9.999127388000488281e-01
9.988535642623901367e-01
9.963341355323791504e-01
9.945991635322570801e-01
9.951537251472473145e-01
9.993852972984313965e-01
9.968358278274536133e-01
9.840400218963623047e-01
9.530659914016723633e-01
9.699088335037231445e-01
9.914863109588623047e-01
9.976664185523986816e-01
9.992071986198425293e-01
9.990449547767639160e-01
9.979019165039062500e-01
9.961757063865661621e-01
9.948772788047790527e-01
9.960530996322631836e-01
9.962077140808105469e-01
9.960067868232727051e-01
9.964198470115661621e-01
9.971734285354614258e-01
9.981616139411926270e-01
9.994689226150512695e-01
9.986973404884338379e-01
9.964945912361145020e-01
9.942170381546020508e-01
9.945158362388610840e-01
9.968963265419006348e-01
9.981397390365600586e-01
9.981445670127868652e-01
9.969227910041809082e-01
9.968221783638000488e-01
9.977006316184997559e-01
9.997255206108093262e-01
9.999426603317260742e-01
9.998724460601806641e-01
9.995818138122558594e-01
9.994199872016906738e-01
9.989587068557739258e-01
9.979287981986999512e-01
9.974049925804138184e-01
9.974989295005798340e-01
9.987417459487915039e-01
9.978944063186645508e-01
9.890776276588439941e-01
9.592078328132629395e-01
8.435148596763610840e-01
7.084467411041259766e-01
6.182351112365722656e-01
5.411734580993652344e-01
4.628296792507171631e-01
3.438340723514556885e-01
3.695471286773681641e-01
5.037955045700073242e-01
8.421168923377990723e-01
9.901911616325378418e-01
9.999916553497314453e-01
9.998341202735900879e-01
9.998264312744140625e-01
9.999543428421020508e-01
9.999454617500305176e-01
9.997758269309997559e-01
9.994258880615234375e-01
9.905132651329040527e-01
9.027339816093444824e-01
7.054373025894165039e-01
2.871847152709960938e-01
2.039285376667976379e-03
2.902287524193525314e-04
9.351952030556276441e-05
1.394820958375930786e-01
5.923166275024414062e-01
8.437789082527160645e-01
9.878851175308227539e-01
9.810663461685180664e-01
9.888221025466918945e-01
9.997084140777587891e-01
9.999133348464965820e-01
9.999893903732299805e-01
9.999979734420776367e-01
9.999963045120239258e-01
9.999938607215881348e-01
9.999911785125732422e-01
9.999922513961791992e-01
9.999837875366210938e-01
9.999499320983886719e-01
9.988190531730651855e-01
9.977053999900817871e-01
9.966101646423339844e-01
9.475706219673156738e-01
8.365168571472167969e-01
6.441756486892700195e-01
5.540198087692260742e-01
5.999504923820495605e-01
8.649058341979980469e-01
9.535844326019287109e-01
9.921013712882995605e-01
9.968166351318359375e-01
9.984646439552307129e-01
9.986714720726013184e-01
9.972167015075683594e-01
9.925518035888671875e-01
9.856719970703125000e-01
9.746025800704956055e-01
9.615146517753601074e-01
9.440403580665588379e-01
8.999364376068115234e-01
7.897434234619140625e-01
6.344291567802429199e-01
5.503221750259399414e-01
6.402378678321838379e-01
8.953250646591186523e-01
8.715729713439941406e-01
7.904003858566284180e-01
6.451106667518615723e-01
6.721326708793640137e-01
7.704702615737915039e-01
9.589074254035949707e-01
9.937191605567932129e-01
9.976416826248168945e-01
9.952040314674377441e-01
9.752953648567199707e-01
9.550447463989257812e-01
9.492385983467102051e-01
9.620206356048583984e-01
9.805580973625183105e-01
9.904241561889648438e-01
9.912192225456237793e-01
9.844272732734680176e-01
9.564970135688781738e-01
8.716724514961242676e-01
7.501595020294189453e-01
7.976097464561462402e-01
8.639648556709289551e-01
9.494492411613464355e-01
9.288191795349121094e-01
9.112020134925842285e-01
9.030419588088989258e-01
9.370075464248657227e-01
9.698765873908996582e-01
9.912599325180053711e-01
8.942447900772094727e-01
6.612393260002136230e-01
1.498690545558929443e-01
1.708714477717876434e-02
1.362452842295169830e-02
1.078394986689090729e-02
5.620885640382766724e-03
1.475514000048860908e-04
5.276218871586024761e-05
2.243952185381203890e-04
4.853667225688695908e-03
7.785110920667648315e-02
1.305058747529983521e-01
1.645026803016662598e-01
1.143119931221008301e-01
3.094117045402526855e-01
8.101262450218200684e-01
9.352306127548217773e-01
9.877689480781555176e-01
9.809924364089965820e-01
9.440419673919677734e-01
9.080934524536132812e-01
8.896713852882385254e-01
8.979009389877319336e-01
9.215089082717895508e-01
9.694507122039794922e-01
8.339736461639404297e-01
6.008151173591613770e-01
3.123833239078521729e-01
3.954621255397796631e-01
7.226696014404296875e-01
8.946405649185180664e-01
9.768333435058593750e-01
9.741189479827880859e-01
8.444477319717407227e-01
7.618296742439270020e-01
7.453384995460510254e-01
7.693967223167419434e-01
7.959947586059570312e-01
8.180773258209228516e-01
9.101230502128601074e-01
9.911863207817077637e-01
9.979512691497802734e-01
9.997945427894592285e-01
9.993675351142883301e-01
9.970797896385192871e-01
9.597358703613281250e-01
9.151176810264587402e-01
9.741497039794921875e-01
9.696192741394042969e-01
9.168330430984497070e-01
9.331401586532592773e-01
9.550122618675231934e-01
9.830505847930908203e-01
9.881836771965026855e-01
9.918770194053649902e-01
9.958412647247314453e-01
9.982280135154724121e-01
9.996899366378784180e-01
9.996902346611022949e-01
9.812983274459838867e-01
8.290084600448608398e-01
2.196468710899353027e-01
1.221003476530313492e-02
6.024361122399568558e-03
4.623692110180854797e-02
4.181015193462371826e-01
9.997059106826782227e-01
9.924691319465637207e-01
9.579466581344604492e-01
8.958009481430053711e-01
9.569898247718811035e-01
9.974077343940734863e-01
9.985593557357788086e-01
9.983506798744201660e-01
9.977082610130310059e-01
9.965960979461669922e-01
9.970849156379699707e-01
9.980086684226989746e-01
9.987935423851013184e-01
9.986050724983215332e-01
9.980225563049316406e-01
9.978559017181396484e-01
9.986289143562316895e-01
9.999904036521911621e-01
9.997608065605163574e-01
9.981251358985900879e-01
9.950575828552246094e-01
9.773414134979248047e-01
9.516399502754211426e-01
9.152760505676269531e-01
9.568991661071777344e-01
9.956254363059997559e-01
9.982543587684631348e-01
9.977557063102722168e-01
9.965577721595764160e-01
9.964086413383483887e-01
9.976727962493896484e-01
9.994533061981201172e-01
9.997352957725524902e-01
9.999026060104370117e-01
9.999817609786987305e-01
9.999921321868896484e-01
9.998978376388549805e-01
9.996874928474426270e-01
9.829097390174865723e-01
9.342368245124816895e-01
8.347901701927185059e-01
8.740237355232238770e-01
9.348338246345520020e-01
9.759893417358398438e-01
9.894984364509582520e-01
9.922508001327514648e-01
9.931287169456481934e-01
9.957094192504882812e-01
9.990335702896118164e-01
9.993377923965454102e-01
9.992031455039978027e-01
9.986780285835266113e-01
9.947803616523742676e-01
9.904205799102783203e-01
9.855340719223022461e-01
9.815198779106140137e-01
9.775544404983520508e-01
9.734548926353454590e-01
9.777406454086303711e-01
9.853407144546508789e-01
9.960348010063171387e-01
9.996972084045410156e-01
9.999139904975891113e-01
9.998987317085266113e-01
9.999111294746398926e-01
9.999435544013977051e-01
9.999468326568603516e-01
9.996343255043029785e-01
9.989634752273559570e-01
9.978675842285156250e-01
9.974681138992309570e-01
9.983714818954467773e-01
9.905278682708740234e-01
9.620559811592102051e-01
8.793942928314208984e-01
8.664527535438537598e-01
8.881251811981201172e-01
9.378873109817504883e-01
9.680311679840087891e-01
9.842357039451599121e-01
9.864612221717834473e-01
9.808897376060485840e-01
9.671703577041625977e-01
8.683356046676635742e-01
8.267793059349060059e-01
8.888391852378845215e-01
9.343929290771484375e-01
9.665105342864990234e-01
9.720393419265747070e-01
9.488776326179504395e-01
8.498185873031616211e-01
4.125353097915649414e-01
2.870784699916839600e-01
3.781051039695739746e-01
7.369397282600402832e-01
9.409043788909912109e-01
9.878869652748107910e-01
9.954458475112915039e-01
9.989012479782104492e-01
9.997035264968872070e-01
9.997326731681823730e-01
9.989733695983886719e-01
9.965395927429199219e-01
9.930328726768493652e-01
9.904009103775024414e-01
9.946318268775939941e-01
9.975790977478027344e-01
9.995697736740112305e-01
9.994208812713623047e-01
9.955019354820251465e-01
9.876657128334045410e-01
9.662212133407592773e-01
9.605039358139038086e-01
9.824333786964416504e-01
9.922429323196411133e-01
9.978705048561096191e-01
9.992700815200805664e-01
9.998187422752380371e-01
9.999773502349853516e-01
9.999581575393676758e-01
9.997556209564208984e-01
9.993419051170349121e-01
9.961477518081665039e-01
9.953480958938598633e-01
9.972495436668395996e-01
9.987219572067260742e-01
9.997129440307617188e-01
9.998925924301147461e-01
9.999529123306274414e-01
9.999786019325256348e-01
9.999930858612060547e-01
9.999983906745910645e-01
9.999990463256835938e-01
9.999987483024597168e-01
9.999921321868896484e-01
9.999805688858032227e-01
9.995774626731872559e-01
9.987426400184631348e-01
9.973473548889160156e-01
9.974395632743835449e-01
9.971932172775268555e-01
9.957280755043029785e-01
9.706933498382568359e-01
9.447242021560668945e-01
9.479539394378662109e-01
9.651985168457031250e-01
9.892335534095764160e-01
9.916369318962097168e-01
9.909203648567199707e-01
9.871443510055541992e-01
9.852795004844665527e-01
9.850708842277526855e-01
9.873597621917724609e-01
9.903398156166076660e-01
9.934904575347900391e-01
9.966952800750732422e-01
9.985484480857849121e-01
9.996661543846130371e-01
9.998738169670104980e-01
9.999712705612182617e-01
9.999825954437255859e-01
9.994501471519470215e-01
9.993262887001037598e-01
9.997178912162780762e-01
9.936667084693908691e-01
9.905397891998291016e-01
9.957558512687683105e-01
9.984357953071594238e-01
9.999413490295410156e-01
9.999836087226867676e-01
9.999944567680358887e-01
9.999804496765136719e-01
9.998727440834045410e-01
9.996708035469055176e-01
9.993723034858703613e-01
9.991865158081054688e-01
9.992365837097167969e-01
9.996839761734008789e-01
9.998851418495178223e-01
9.999924898147583008e-01
9.999949932098388672e-01
9.999179244041442871e-01
9.976260066032409668e-01
9.765182733535766602e-01
9.674271941184997559e-01
9.686467647552490234e-01
9.834592342376708984e-01
9.944350123405456543e-01
9.992147088050842285e-01
9.999936223030090332e-01
9.999758601188659668e-01
9.998937249183654785e-01
9.986740350723266602e-01
9.958577752113342285e-01
9.860389232635498047e-01
9.777106046676635742e-01
9.705865979194641113e-01
9.820654988288879395e-01
9.916161298751831055e-01
9.986907243728637695e-01
9.998256564140319824e-01
9.999977946281433105e-01
9.999992847442626953e-01
9.999995231628417969e-01
9.999986290931701660e-01
9.999946951866149902e-01
9.993848204612731934e-01
9.920936226844787598e-01
7.621899843215942383e-01
6.180940270423889160e-01
5.753643512725830078e-01
5.145285129547119141e-01
5.141932964324951172e-01
6.459615230560302734e-01
7.867086529731750488e-01
9.110151529312133789e-01
9.481363296508789062e-01
9.738559126853942871e-01
9.918071031570434570e-01
9.964202046394348145e-01
9.969106912612915039e-01
9.927601218223571777e-01
9.718441367149353027e-01
9.572496414184570312e-01
9.592033624649047852e-01
9.300855994224548340e-01
9.003316760063171387e-01
9.100785851478576660e-01
9.347996115684509277e-01
9.667262434959411621e-01
9.582448005676269531e-01
9.507731795310974121e-01
9.444347023963928223e-01
9.486349821090698242e-01
9.431303143501281738e-01
9.157396554946899414e-01
8.694750666618347168e-01
8.232329487800598145e-01
8.027992248535156250e-01
8.310117721557617188e-01
8.895710706710815430e-01
9.451048374176025391e-01
9.813746213912963867e-01
9.960840344429016113e-01
9.988347887992858887e-01
9.998019933700561523e-01
9.998746514320373535e-01
9.998980164527893066e-01
9.999062418937683105e-01
9.999201297760009766e-01
9.999369382858276367e-01
9.999553561210632324e-01
9.999665021896362305e-01
9.999787211418151855e-01
9.999924302101135254e-01
9.999968409538269043e-01
9.999992251396179199e-01
9.999997019767761230e-01
9.999986886978149414e-01
9.999871850013732910e-01
9.999232888221740723e-01
9.987341165542602539e-01
9.966510534286499023e-01
9.831931591033935547e-01
9.369657635688781738e-01
8.476668000221252441e-01
6.505702137947082520e-01
4.362313747406005859e-01
2.233627140522003174e-01
9.284804016351699829e-02
8.460099808871746063e-03
2.956046024337410927e-03
5.654984852299094200e-04
6.714548217132687569e-04
2.349694492295384407e-03
2.542769163846969604e-02
8.057399839162826538e-02
5.551097393035888672e-01
9.834756851196289062e-01
9.958332180976867676e-01
9.998648762702941895e-01
9.997794032096862793e-01
9.998148679733276367e-01
9.998838305473327637e-01
9.999844431877136230e-01
9.999949932098388672e-01
9.999969005584716797e-01
9.999942183494567871e-01
9.999833106994628906e-01
9.999598264694213867e-01
9.998958110809326172e-01
9.996596574783325195e-01
9.991160631179809570e-01
9.942764639854431152e-01
9.024913907051086426e-01
7.110215425491333008e-01
3.243727087974548340e-01
5.919157713651657104e-02
1.218657568097114563e-01
4.089366793632507324e-01
7.429576516151428223e-01
8.674678802490234375e-01
8.414045572280883789e-01
7.021498084068298340e-01
5.414086580276489258e-01
4.796245098114013672e-01
5.609310865402221680e-01
7.343361377716064453e-01
8.966041803359985352e-01
9.679793119430541992e-01
9.847339391708374023e-01
9.739853739738464355e-01
9.603052735328674316e-01
9.613161087036132812e-01
9.766361713409423828e-01
9.896798729896545410e-01
9.975273609161376953e-01
9.958397746086120605e-01
9.946843981742858887e-01
9.943643212318420410e-01
9.970666766166687012e-01
9.986866116523742676e-01
9.995679259300231934e-01
9.997940063476562500e-01
9.999387860298156738e-01
9.999775290489196777e-01
9.999434351921081543e-01
9.995483160018920898e-01
9.982059597969055176e-01
9.963796734809875488e-01
9.946883916854858398e-01
9.961168766021728516e-01
9.960623979568481445e-01
9.946452975273132324e-01
9.644880294799804688e-01
9.177742600440979004e-01
8.440587520599365234e-01
7.799369692802429199e-01
7.540814280509948730e-01
8.857676386833190918e-01
9.606747031211853027e-01
9.970262050628662109e-01
9.987514615058898926e-01
9.971652626991271973e-01
9.911891818046569824e-01
6.216948628425598145e-01
2.536971867084503174e-01
8.025930821895599365e-02
1.829708814620971680e-01
4.286761879920959473e-01
7.852085828781127930e-01
9.728945493698120117e-01
9.937431812286376953e-01
9.954322576522827148e-01
9.882740378379821777e-01
9.667013287544250488e-01
8.700361847877502441e-01
7.006285786628723145e-01
2.811533212661743164e-01
6.660040467977523804e-02
5.514636170119047165e-03
1.715661957859992981e-02
2.575526833534240723e-01
8.401333689689636230e-01
9.751107692718505859e-01
9.993083477020263672e-01
9.987223744392395020e-01
9.983466267585754395e-01
9.981606602668762207e-01
9.993551373481750488e-01
9.989377856254577637e-01
9.966263771057128906e-01
9.931473731994628906e-01
9.896688461303710938e-01
9.866191148757934570e-01
9.872049093246459961e-01
9.897415637969970703e-01
9.952370524406433105e-01
9.984447956085205078e-01
9.995496273040771484e-01
9.997073411941528320e-01
9.998018145561218262e-01
9.999096989631652832e-01
9.999623298645019531e-01
9.999914765357971191e-01
9.999932646751403809e-01
9.999947547912597656e-01
9.999960064888000488e-01
9.999985098838806152e-01
9.999955296516418457e-01
9.999842643737792969e-01
9.999523758888244629e-01
9.999172091484069824e-01
9.998881816864013672e-01
9.997950792312622070e-01
9.995142221450805664e-01
9.944843649864196777e-01
9.612591266632080078e-01
8.920995593070983887e-01
7.324993610382080078e-01
5.909446477890014648e-01
5.491046905517578125e-01
6.990832090377807617e-01
9.308092594146728516e-01
9.742224812507629395e-01
9.352298378944396973e-01
8.071988821029663086e-01
3.496472537517547607e-01
1.028510956957440214e-10
2.347129955670990142e-11
7.867452365294064363e-34
7.696885149925947189e-03
7.657866179943084717e-02
2.770635187625885010e-01
6.000329256057739258e-01
4.410887956619262695e-01
3.273695707321166992e-01
3.852936327457427979e-01
6.345542669296264648e-01
9.072103500366210938e-01
9.146285057067871094e-01
7.985500693321228027e-01
5.819829106330871582e-01
2.904749214649200439e-01
1.155573204159736633e-01
1.514792442321777344e-01
2.822310030460357666e-01
4.666613936424255371e-01
7.715536355972290039e-01
9.312736988067626953e-01
9.845012426376342773e-01
9.292461872100830078e-01
8.943512439727783203e-01
8.949143886566162109e-01
9.317271113395690918e-01
9.724784493446350098e-01
9.900859594345092773e-01
9.978612661361694336e-01
9.991104602813720703e-01
9.972932338714599609e-01
9.933029413223266602e-01
9.861500263214111328e-01
9.105549454689025879e-01
7.826824784278869629e-01
5.216634273529052734e-01
4.224175512790679932e-01
4.281561076641082764e-01
6.520592570304870605e-01
8.063346147537231445e-01
8.662273287773132324e-01
7.662866711616516113e-01
6.132683157920837402e-01
3.954352140426635742e-01
5.079643130302429199e-01
8.045944571495056152e-01
9.277232289314270020e-01
9.978232979774475098e-01
9.994972348213195801e-01
9.994618296623229980e-01
9.993075132369995117e-01
9.998170137405395508e-01
9.825201630592346191e-01
9.308138489723205566e-01
3.347114026546478271e-01
2.384773222729563713e-03
3.390444908291101456e-04
3.001728793606162071e-03
1.383036524057388306e-01
6.748607754707336426e-01
9.126874804496765137e-01
9.846513271331787109e-01
9.894064068794250488e-01
9.935168623924255371e-01
9.968363642692565918e-01
9.985932707786560059e-01
9.997485280036926270e-01
9.999269247055053711e-01
9.999941587448120117e-01
9.999999403953552246e-01
9.999989867210388184e-01
9.999899864196777344e-01
9.999708533287048340e-01
9.993394613265991211e-01
9.982444047927856445e-01
9.960547685623168945e-01
9.950440526008605957e-01
9.948112368583679199e-01
9.974673986434936523e-01
9.992219209671020508e-01
9.998059272766113281e-01
9.999449849128723145e-01
9.999694228172302246e-01
9.999105930328369141e-01
9.989254474639892578e-01
9.973914027214050293e-01
9.958685636520385742e-01
9.963119029998779297e-01
9.994385242462158203e-01
9.842113852500915527e-01
9.576600790023803711e-01
9.047238230705261230e-01
8.914610147476196289e-01
9.035694599151611328e-01
9.462675452232360840e-01
9.762942790985107422e-01
9.876670241355895996e-01
9.891886711120605469e-01
9.877796173095703125e-01
9.844543933868408203e-01
9.852511882781982422e-01
9.888871908187866211e-01
9.780024290084838867e-01
9.648894071578979492e-01
9.484763145446777344e-01
9.716311693191528320e-01
9.986261129379272461e-01
9.907037615776062012e-01
9.745222926139831543e-01
9.520682096481323242e-01
9.794285297393798828e-01
9.985850453376770020e-01
9.993997216224670410e-01
9.940031766891479492e-01
9.660935401916503906e-01
8.175593614578247070e-01
5.153448581695556641e-01
8.104472607374191284e-02
2.205202169716358185e-02
3.463374823331832886e-02
1.395898759365081787e-01
5.285030007362365723e-01
9.728825092315673828e-01
9.848478436470031738e-01
9.936677813529968262e-01
9.994112253189086914e-01
1.000000000000000000e+00
9.979950189590454102e-01
9.910967946052551270e-01
9.891709089279174805e-01
9.899164438247680664e-01
9.951232671737670898e-01
9.925945401191711426e-01
9.812485575675964355e-01
9.619979858398437500e-01
9.489241242408752441e-01
9.580737352371215820e-01
9.741170406341552734e-01
9.934538602828979492e-01
9.973124265670776367e-01
9.996558427810668945e-01
9.999289512634277344e-01
9.999883174896240234e-01
9.999967813491821289e-01
9.999990463256835938e-01
9.999948143959045410e-01
9.999859929084777832e-01
9.998595714569091797e-01
9.996002316474914551e-01
9.991220831871032715e-01
9.989410042762756348e-01
9.988409876823425293e-01
9.986835122108459473e-01
9.986892342567443848e-01
9.988322854042053223e-01
9.993631243705749512e-01
9.996969103813171387e-01
9.995471835136413574e-01
9.848059415817260742e-01
9.535153508186340332e-01
8.227444887161254883e-01
7.313448786735534668e-01
6.819252371788024902e-01
8.471868038177490234e-01
9.884409308433532715e-01
9.729114174842834473e-01
9.728050231933593750e-01
9.798744916915893555e-01
9.550069570541381836e-01
9.287978410720825195e-01
9.007551074028015137e-01
9.236330986022949219e-01
9.564097523689270020e-01
9.802772998809814453e-01
9.917909502983093262e-01
9.944692850112915039e-01
9.935304522514343262e-01
9.916954040527343750e-01
9.884556531906127930e-01
9.737876057624816895e-01
9.561346173286437988e-01
9.448902010917663574e-01
9.430122971534729004e-01
9.499311447143554688e-01
9.599142074584960938e-01
9.661442041397094727e-01
9.621616601943969727e-01
9.674307703971862793e-01
9.772197604179382324e-01
9.869178533554077148e-01
9.918020367622375488e-01
9.905932545661926270e-01
9.854702353477478027e-01
9.823414087295532227e-01
9.896510243415832520e-01
9.950553774833679199e-01
9.991725683212280273e-01
9.996846318244934082e-01
9.998989105224609375e-01
9.997171163558959961e-01
9.993933439254760742e-01
9.975936412811279297e-01
9.862684607505798340e-01
9.495312571525573730e-01
8.888021707534790039e-01
9.054972529411315918e-01
9.369308948516845703e-01
9.835227727890014648e-01
9.995030164718627930e-01
9.999955892562866211e-01
9.999970793724060059e-01
9.999961853027343750e-01
9.999920725822448730e-01
9.999956488609313965e-01
9.999994635581970215e-01
9.999964833259582520e-01
9.999910593032836914e-01
9.999837279319763184e-01
9.999926090240478516e-01
9.999991655349731445e-01
9.999997019767761230e-01
9.999998211860656738e-01
9.999997615814208984e-01
9.999997019767761230e-01
9.999996423721313477e-01
9.999996423721313477e-01
9.999960064888000488e-01
9.999764561653137207e-01
9.999094009399414062e-01
9.998100399971008301e-01
9.996913075447082520e-01
9.997346401214599609e-01
9.996745586395263672e-01
9.994468092918395996e-01
9.994894862174987793e-01
9.996184110641479492e-01
9.997552633285522461e-01
9.998229742050170898e-01
9.998266100883483887e-01
9.997786283493041992e-01
9.997579455375671387e-01
9.998228549957275391e-01
9.998760223388671875e-01
9.999088644981384277e-01
9.995628595352172852e-01
9.952706694602966309e-01
9.853740930557250977e-01
9.783114194869995117e-01
9.449649453163146973e-01
7.784752845764160156e-01
6.945229172706604004e-01
6.791878342628479004e-01
8.034568428993225098e-01
9.167686700820922852e-01
9.782757163047790527e-01
9.987633228302001953e-01
9.997920393943786621e-01
9.998365640640258789e-01
9.998886585235595703e-01
9.999507069587707520e-01
9.999793767929077148e-01
9.999941587448120117e-01
9.999824762344360352e-01
9.999806880950927734e-01
9.999867081642150879e-01
9.999883174896240234e-01
9.999897480010986328e-01
9.999912977218627930e-01
9.999946355819702148e-01
9.999985098838806152e-01
9.999992251396179199e-01
9.999989271163940430e-01
9.999973177909851074e-01
9.999431967735290527e-01
9.997761845588684082e-01
9.991807937622070312e-01
9.956242442131042480e-01
9.897767901420593262e-01
9.766365885734558105e-01
9.692749381065368652e-01
9.756371974945068359e-01
9.848791360855102539e-01
9.949525594711303711e-01
9.973942637443542480e-01
9.990134239196777344e-01
9.995632767677307129e-01
9.994546175003051758e-01
9.979834556579589844e-01
9.911314249038696289e-01
9.697349071502685547e-01
9.367101192474365234e-01
7.498800158500671387e-01
5.091544389724731445e-01
1.717293858528137207e-01
3.773191571235656738e-02
6.155231036245822906e-03
4.349097236990928650e-02
1.538350433111190796e-01
3.662697970867156982e-01
4.822486937046051025e-01
5.880818963050842285e-01
7.764912843704223633e-01
9.047736525535583496e-01
9.799514412879943848e-01
9.938284754753112793e-01
9.990420937538146973e-01
9.984335303306579590e-01
8.810968995094299316e-01
6.959509849548339844e-01
2.731677293777465820e-01
8.907715231180191040e-02
2.856957614421844482e-01
6.429033875465393066e-01
9.998099803924560547e-01
9.992201924324035645e-01
9.979470372200012207e-01
9.959800243377685547e-01
9.957165718078613281e-01
9.963004589080810547e-01
9.987624883651733398e-01
9.998092055320739746e-01
9.999350309371948242e-01
9.999467134475708008e-01
9.999597668647766113e-01
9.999813437461853027e-01
9.999863505363464355e-01
9.999460577964782715e-01
9.994526505470275879e-01
9.902014732360839844e-01
9.701399803161621094e-01
9.726080298423767090e-01
9.807922840118408203e-01
9.917379617691040039e-01
9.977700710296630859e-01
9.998312592506408691e-01
9.999970197677612305e-01
9.999813437461853027e-01
9.999240040779113770e-01
9.998627901077270508e-01
9.998024702072143555e-01
9.998855590820312500e-01
9.999505281448364258e-01
9.999868273735046387e-01
9.999964237213134766e-01
9.999856352806091309e-01
9.998895525932312012e-01
9.988945722579956055e-01
9.969499111175537109e-01
9.954622983932495117e-01
9.946124553680419922e-01
9.957401752471923828e-01
9.901245832443237305e-01
9.797254800796508789e-01
9.664795994758605957e-01
9.615753293037414551e-01
9.751079082489013672e-01
9.877895116806030273e-01
9.995447993278503418e-01
9.997957944869995117e-01
9.991843700408935547e-01
9.973270297050476074e-01
9.963066577911376953e-01
9.958938956260681152e-01
9.977376461029052734e-01
9.990388751029968262e-01
9.998037219047546387e-01
9.997577071189880371e-01
9.985322952270507812e-01
9.937858581542968750e-01
7.842919826507568359e-01
4.342374503612518311e-01
1.743709743022918701e-01
9.358225305788892001e-11
3.867759168496576194e-10
1.877634413540363312e-02
7.057604938745498657e-02
6.468675732612609863e-01
9.915360212326049805e-01
9.983063936233520508e-01
9.999050498008728027e-01
9.999229311943054199e-01
9.996817708015441895e-01
9.991694688796997070e-01
9.983812570571899414e-01
9.981629848480224609e-01
9.934798479080200195e-01
9.722595810890197754e-01
8.766174316406250000e-01
7.266660928726196289e-01
6.943524479866027832e-01
7.270921468734741211e-01
8.942856788635253906e-01
9.707502722740173340e-01
9.996863007545471191e-01
9.998231530189514160e-01
9.997478723526000977e-01
9.993290305137634277e-01
9.989492297172546387e-01
9.986566901206970215e-01
9.990074038505554199e-01
9.994072318077087402e-01
9.998645782470703125e-01
9.999713897705078125e-01
9.999960660934448242e-01
9.999977946281433105e-01
9.999982118606567383e-01
9.999974966049194336e-01
9.999964833259582520e-01
9.999939203262329102e-01
9.999870657920837402e-01
9.999812841415405273e-01
9.999761581420898438e-01
9.999803304672241211e-01
9.999859333038330078e-01
9.999940991401672363e-01
9.999933242797851562e-01
9.999886751174926758e-01
9.999859333038330078e-01
9.999843239784240723e-01
9.999842047691345215e-01
9.999881386756896973e-01
9.999930262565612793e-01
9.999952316284179688e-01
9.999939799308776855e-01
9.999888539314270020e-01
9.999261498451232910e-01
9.998124837875366211e-01
9.995309710502624512e-01
9.993372559547424316e-01
9.992159008979797363e-01
9.992481470108032227e-01
9.993861317634582520e-01
9.997817277908325195e-01
9.998733401298522949e-01
9.997738003730773926e-01
9.997956156730651855e-01
9.998470544815063477e-01
9.999523758888244629e-01
9.999887347221374512e-01
9.999883174896240234e-01
9.998672008514404297e-01
9.997095465660095215e-01
9.994943141937255859e-01
9.995459318161010742e-01
9.996927976608276367e-01
9.998811483383178711e-01
9.999884963035583496e-01
9.999977350234985352e-01
9.999997019767761230e-01
9.999998807907104492e-01
9.999999403953552246e-01
9.999995231628417969e-01
9.999986886978149414e-01
9.999976158142089844e-01
9.999969601631164551e-01
9.999977350234985352e-01
9.999983310699462891e-01
9.999987483024597168e-01
9.999901056289672852e-01
9.999657273292541504e-01
9.999023079872131348e-01
9.998676180839538574e-01
9.998497366905212402e-01
9.994820952415466309e-01
9.941670298576354980e-01
9.790106415748596191e-01
9.502623677253723145e-01
9.177523851394653320e-01
9.487352967262268066e-01
9.752932190895080566e-01
9.949135184288024902e-01
9.995722770690917969e-01
9.987963438034057617e-01
9.960983395576477051e-01
9.960379600524902344e-01
9.992734193801879883e-01
9.999628067016601562e-01
9.999843835830688477e-01
9.999624490737915039e-01
9.999203085899353027e-01
9.998576045036315918e-01
9.998487234115600586e-01
9.998593330383300781e-01
9.999092817306518555e-01
9.999513626098632812e-01
9.999868273735046387e-01
9.999951720237731934e-01
9.999991059303283691e-01
9.999997615814208984e-01
1.000000000000000000e+00
1.000000000000000000e+00
1.000000000000000000e+00
9.999998211860656738e-01
9.999991655349731445e-01
9.999987483024597168e-01
9.999985098838806152e-01
9.999987483024597168e-01
9.999987483024597168e-01
9.999982714653015137e-01
9.999964833259582520e-01
9.999934434890747070e-01
9.999733567237854004e-01
9.999115467071533203e-01
9.997807741165161133e-01
9.994711875915527344e-01
9.990578293800354004e-01
9.981786608695983887e-01
9.978405833244323730e-01
9.982594847679138184e-01
9.990410804748535156e-01
9.998487234115600586e-01
9.999465942382812500e-01
1.000000000000000000e+00
1.000000000000000000e+00
9.998756647109985352e-01
9.997468590736389160e-01
9.997722506523132324e-01
9.994370937347412109e-01
9.987311363220214844e-01
9.951475858688354492e-01
9.921476840972900391e-01
9.941905736923217773e-01
9.964463114738464355e-01
9.988864064216613770e-01
9.995461106300354004e-01
9.998446106910705566e-01
9.997709393501281738e-01
9.994068741798400879e-01
9.988169074058532715e-01
9.993413686752319336e-01
9.998387694358825684e-01
9.999083280563354492e-01
9.980198740959167480e-01
9.947980642318725586e-01
9.971078038215637207e-01
9.990645051002502441e-01
9.992077350616455078e-01
9.946552515029907227e-01
9.873102903366088867e-01
9.449524283409118652e-01
9.220122694969177246e-01
9.446335434913635254e-01
9.701087474822998047e-01
9.970531463623046875e-01
9.988523721694946289e-01
9.999760985374450684e-01
9.999920725822448730e-01
9.999959468841552734e-01
9.999942779541015625e-01
9.999977946281433105e-01
9.999940991401672363e-01
9.999780058860778809e-01
9.998351335525512695e-01
9.996274113655090332e-01
9.991709589958190918e-01
9.989027976989746094e-01
9.989322423934936523e-01
9.986205697059631348e-01
9.980889558792114258e-01
9.962983131408691406e-01
9.952295422554016113e-01
9.952055215835571289e-01
9.963363409042358398e-01
9.977971315383911133e-01
9.986957311630249023e-01
9.993644356727600098e-01
9.997280836105346680e-01
9.982838034629821777e-01
9.901251196861267090e-01
9.321431517601013184e-01
7.205432057380676270e-01
3.198768794536590576e-01
1.411689221858978271e-01
4.679772630333900452e-02
1.184309646487236023e-01
3.764396011829376221e-01
8.502280712127685547e-01
9.684302806854248047e-01
9.934768676757812500e-01
9.879557490348815918e-01
9.575958847999572754e-01
9.001764059066772461e-01
7.171121239662170410e-01
5.163752436637878418e-01
3.710926473140716553e-01
2.978354990482330322e-01
2.989339828491210938e-01
3.765898942947387695e-01
4.743313491344451904e-01
5.939087271690368652e-01
6.747487187385559082e-01
7.170320749282836914e-01
7.142986655235290527e-01
7.057667374610900879e-01
7.111715078353881836e-01
7.472369670867919922e-01
8.127256035804748535e-01
8.593804836273193359e-01
8.709644675254821777e-01
7.419576048851013184e-01
6.119326353073120117e-01
4.809629917144775391e-01
5.617567300796508789e-01
6.821828484535217285e-01
8.166660666465759277e-01
8.808746337890625000e-01
8.808235526084899902e-01
6.667173504829406738e-01
4.189441800117492676e-01
1.789191663265228271e-01
5.052410811185836792e-02
2.271543815732002258e-02
7.841239869594573975e-02
2.335251122713088989e-01
7.422019839286804199e-01
9.860588312149047852e-01
9.947777390480041504e-01
9.979134202003479004e-01
9.997453689575195312e-01
9.999009370803833008e-01
9.999797344207763672e-01
9.999900460243225098e-01
9.999940991401672363e-01
9.999956488609313965e-01
9.999906420707702637e-01
9.998306035995483398e-01
9.995313286781311035e-01
9.969599246978759766e-01
9.948658943176269531e-01
9.963016510009765625e-01
9.920097589492797852e-01
9.825478196144104004e-01
9.325979351997375488e-01
8.825993537902832031e-01
8.611265420913696289e-01
8.897478580474853516e-01
9.648253321647644043e-01
9.856235980987548828e-01
9.948664307594299316e-01
9.955065846443176270e-01
9.711098074913024902e-01
9.227546453475952148e-01
5.019608139991760254e-01
1.112897247076034546e-01
1.974771469831466675e-01
4.135360419750213623e-01
7.578282356262207031e-01
9.001325368881225586e-01
9.861963391304016113e-01
9.916152358055114746e-01
9.946787357330322266e-01
9.953061342239379883e-01
9.759183526039123535e-01
8.701608180999755859e-01
2.987886965274810791e-01
4.766877682413905859e-04
7.721347355982288718e-05
1.164761128195889752e-29
5.887171253561973572e-03
4.904545098543167114e-02
3.020408749580383301e-01
7.965739965438842773e-01
8.466455340385437012e-01
8.030666112899780273e-01
9.180921316146850586e-01
9.863857030868530273e-01
9.971789121627807617e-01
9.995520114898681641e-01
9.993349909782409668e-01
9.978666305541992188e-01
9.936846494674682617e-01
9.858902096748352051e-01
9.701834917068481445e-01
9.538063406944274902e-01
9.579729437828063965e-01
9.688702225685119629e-01
9.894706010818481445e-01
9.965704083442687988e-01
9.986944198608398438e-01
9.988976716995239258e-01
9.991248846054077148e-01
9.993899464607238770e-01
9.994566440582275391e-01
9.993909597396850586e-01
9.980180859565734863e-01
9.965929985046386719e-01
9.950764775276184082e-01
9.941284060478210449e-01
9.934355020523071289e-01
9.924638271331787109e-01
9.921914935111999512e-01
9.932863116264343262e-01
9.950362443923950195e-01
9.971151947975158691e-01
9.958980679512023926e-01
9.825118184089660645e-01
9.424129128456115723e-01
7.113950252532958984e-01
3.713505566120147705e-01
7.046096324920654297e-01
9.171941876411437988e-01
7.494376301765441895e-01
5.914472937583923340e-01
4.401452243328094482e-01
6.251209974288940430e-01
7.869495749473571777e-01
8.032147288322448730e-01
6.938911676406860352e-01
4.919380843639373779e-01
3.435216248035430908e-01
2.507883608341217041e-01
3.332193195819854736e-01
5.011388063430786133e-01
7.408770918846130371e-01
7.935094237327575684e-01
7.679431438446044922e-01
5.272344350814819336e-01
3.673220276832580566e-01
2.867248356342315674e-01
6.310645341873168945e-01
1.000000000000000000e+00
1.000000000000000000e+00
8.898270726203918457e-01
6.554723978042602539e-01
4.941056072711944580e-01
4.078613221645355225e-01
7.654511928558349609e-01
9.717565774917602539e-01
9.783346056938171387e-01
9.760564565658569336e-01
9.719098210334777832e-01
9.819679260253906250e-01
9.895720481872558594e-01
9.933050274848937988e-01
9.724366068840026855e-01
9.393600225448608398e-01
8.322338461875915527e-01
7.549247145652770996e-01
7.339583635330200195e-01
8.351923227310180664e-01
9.975993633270263672e-01
1.000000000000000000e+00
9.862931966781616211e-01
9.413065910339355469e-01
9.475803375244140625e-01
9.850504994392395020e-01
9.939103126525878906e-01
9.980545639991760254e-01
9.939325451850891113e-01
9.731807112693786621e-01
9.400776624679565430e-01
9.311417937278747559e-01
9.333454966545104980e-01
9.665318727493286133e-01
9.868763089179992676e-01
9.956471323966979980e-01
9.906262159347534180e-01
9.752322435379028320e-01
9.192746877670288086e-01
6.944674849510192871e-01
2.839864790439605713e-01
1.079526618123054504e-01
4.352901503443717957e-02
3.946557939052581787e-01
6.925484538078308105e-01
9.175054430961608887e-01
9.558181762695312500e-01
9.244455695152282715e-01
8.400599956512451172e-01
8.061910271644592285e-01
8.592370748519897461e-01
8.793434500694274902e-01
8.841239809989929199e-01
9.445035457611083984e-01
9.877961874008178711e-01
9.933146834373474121e-01
9.959876537322998047e-01
9.969596266746520996e-01
9.967361688613891602e-01
9.958825111389160156e-01
9.933947920799255371e-01
9.934149384498596191e-01
9.953576326370239258e-01
9.961318969726562500e-01
9.917469024658203125e-01
9.665662646293640137e-01
8.991216421127319336e-01
7.904503941535949707e-01
7.400409579277038574e-01
7.131662368774414062e-01
7.563770413398742676e-01
6.078298091888427734e-01
2.202720344066619873e-01
6.976316869258880615e-02
8.619581289381126094e-19
3.299316631165558506e-19
0.000000000000000000e+00
0.000000000000000000e+00
7.941031799418851733e-05
1.996726961806416512e-03
5.880724787712097168e-01
9.849782586097717285e-01
9.687251448631286621e-01
9.302546977996826172e-01
8.785154223442077637e-01
7.482478618621826172e-01
6.261455416679382324e-01
5.447675585746765137e-01
5.262612700462341309e-01
5.575247406959533691e-01
5.356771349906921387e-01
5.149331688880920410e-01
5.375267267227172852e-01
5.745036005973815918e-01
6.266932487487792969e-01
6.729477643966674805e-01
7.218227982521057129e-01
8.062145113945007324e-01
8.750576376914978027e-01
9.221425056457519531e-01
8.793772459030151367e-01
8.003597259521484375e-01
6.617189645767211914e-01
5.811400413513183594e-01
6.120463013648986816e-01
7.025762796401977539e-01
8.253580927848815918e-01
8.977798223495483398e-01
9.401077628135681152e-01
9.054334163665771484e-01
8.750131726264953613e-01
8.477801084518432617e-01
8.855037689208984375e-01
9.305445551872253418e-01
9.687575101852416992e-01
9.913290739059448242e-01
9.979048967361450195e-01
9.995486140251159668e-01
9.999284148216247559e-01
9.999615550041198730e-01
9.999793171882629395e-01
9.999751448631286621e-01
9.999670982360839844e-01
9.999405145645141602e-01
9.992758631706237793e-01
9.971896409988403320e-01
9.922341704368591309e-01
9.896569252014160156e-01
9.884396195411682129e-01
9.918205738067626953e-01
9.946026802062988281e-01
9.947349429130554199e-01
9.925953149795532227e-01
9.886335730552673340e-01
9.853482246398925781e-01
9.829338788986206055e-01
9.844212532043457031e-01
9.887923598289489746e-01
9.964431524276733398e-01
9.985868334770202637e-01
9.990397691726684570e-01
9.988294243812561035e-01
9.984273910522460938e-01
9.977111816406250000e-01
9.962581992149353027e-01
9.944608807563781738e-01
9.907401800155639648e-01
9.877923727035522461e-01
9.868345260620117188e-01
9.908779859542846680e-01
9.983642101287841797e-01
9.994879364967346191e-01
9.987720847129821777e-01
9.936170578002929688e-01
9.916007518768310547e-01
9.927467703819274902e-01
9.947994947433471680e-01
9.963016510009765625e-01
9.909299015998840332e-01
9.865977168083190918e-01
9.838032126426696777e-01
9.560373425483703613e-01
9.167624711990356445e-01
7.411710023880004883e-01
6.136028766632080078e-01
5.936222076416015625e-01
6.862870454788208008e-01
8.513174057006835938e-01
9.256316423416137695e-01
9.795549511909484863e-01
9.902627468109130859e-01
9.967409968376159668e-01
9.991387128829956055e-01
9.995255470275878906e-01
9.991188049316406250e-01
9.960839748382568359e-01
9.893202781677246094e-01
9.771323800086975098e-01
9.799636006355285645e-01
9.889202713966369629e-01
9.923325777053833008e-01
9.934142827987670898e-01
9.892376065254211426e-01
9.879141449928283691e-01
9.884387254714965820e-01
9.940567016601562500e-01
9.990932941436767578e-01
9.996823668479919434e-01
9.999819993972778320e-01
9.999930858612060547e-01
9.969845414161682129e-01
9.632222056388854980e-01
6.441627144813537598e-01
3.688870966434478760e-01
1.603668481111526489e-01
1.315299570560455322e-01
1.828678399324417114e-01
5.163516998291015625e-01
7.603296041488647461e-01
7.752671837806701660e-01
8.201363086700439453e-01
8.864491581916809082e-01
9.424352049827575684e-01
9.865747690200805664e-01
9.819322228431701660e-01
9.786379933357238770e-01
9.768619537353515625e-01
9.858555197715759277e-01
9.974470734596252441e-01
9.989436268806457520e-01
9.963097572326660156e-01
9.862732291221618652e-01
6.052026748657226562e-01
2.860825508832931519e-02
1.750395184699216067e-12
0.000000000000000000e+00
0.000000000000000000e+00
0.000000000000000000e+00
0.000000000000000000e+00
2.220357231408343068e-10
3.776662924792617559e-04
3.405813127756118774e-03
2.455754429101943970e-01
8.191597461700439453e-01
9.905626177787780762e-01
9.994916915893554688e-01
9.994812011718750000e-01
9.993700981140136719e-01
9.990242123603820801e-01
9.988246560096740723e-01
9.987254738807678223e-01
9.988108873367309570e-01
9.982519745826721191e-01
9.946150779724121094e-01
9.890228509902954102e-01
9.812251329421997070e-01
9.344310164451599121e-01
8.515790104866027832e-01
3.540620505809783936e-01
2.277511358261108398e-02
6.062362343072891235e-03
2.593915748860808890e-09
2.428281464794679323e-10
1.849843002855777740e-02
1.532825231552124023e-01
6.917888522148132324e-01
9.555993080139160156e-01
9.587096571922302246e-01
9.567643404006958008e-01
9.544221162796020508e-01
9.601786732673645020e-01
9.692198634147644043e-01
9.835698008537292480e-01
9.917123317718505859e-01
9.968578219413757324e-01
9.984352588653564453e-01
9.995328187942504883e-01
9.996140003204345703e-01
9.972204566001892090e-01
9.927493333816528320e-01
9.861276149749755859e-01
9.809684157371520996e-01
9.893604516983032227e-01
9.941796064376831055e-01
9.939252734184265137e-01
9.902709126472473145e-01
9.851608872413635254e-01
9.877305030822753906e-01
9.913077950477600098e-01
9.972804188728332520e-01
9.999115467071533203e-01
9.999650120735168457e-01
9.999325275421142578e-01
9.998427629470825195e-01
9.994948506355285645e-01
9.909868240356445312e-01
9.716102480888366699e-01
9.195824861526489258e-01
8.553556799888610840e-01
9.034853577613830566e-01
9.457141757011413574e-01
9.735608100891113281e-01
9.876608848571777344e-01
9.916532635688781738e-01
9.954906702041625977e-01
9.988405108451843262e-01
9.995419979095458984e-01
9.999537467956542969e-01
9.999881386756896973e-01
9.999181032180786133e-01
9.998090863227844238e-01
9.999077916145324707e-01
9.998953342437744141e-01
9.996147155761718750e-01
9.993907213211059570e-01
9.992079138755798340e-01
9.987847208976745605e-01
9.984299540519714355e-01
9.986938834190368652e-01
9.988535642623901367e-01
9.988754391670227051e-01
9.986067414283752441e-01
9.982212185859680176e-01
9.986332058906555176e-01
9.990371465682983398e-01
9.994176030158996582e-01
9.996566176414489746e-01
9.997869729995727539e-01
9.997745752334594727e-01
9.997556209564208984e-01
9.998592138290405273e-01
9.999391436576843262e-01
9.999859333038330078e-01
9.991118907928466797e-01
9.978402853012084961e-01
9.644562602043151855e-01
9.018993973731994629e-01
7.586686015129089355e-01
6.699714064598083496e-01
6.267703175544738770e-01
7.816731333732604980e-01
9.597606658935546875e-01
9.837659597396850586e-01
9.986797571182250977e-01
9.994366168975830078e-01
9.997986555099487305e-01
9.999678134918212891e-01
9.999884366989135742e-01
9.999986290931701660e-01
9.999984502792358398e-01
9.999988675117492676e-01
9.999998211860656738e-01
9.990664720535278320e-01
9.913867115974426270e-01
9.038799405097961426e-01
7.419167757034301758e-01
4.447252452373504639e-01
3.144327998161315918e-01
2.802186906337738037e-01
3.937872946262359619e-01
5.080823898315429688e-01
5.694139003753662109e-01
6.236039996147155762e-01
6.697886586189270020e-01
7.345734834671020508e-01
8.047922253608703613e-01
8.583028912544250488e-01
9.088962674140930176e-01
9.528595805168151855e-01
9.766952395439147949e-01
9.865517616271972656e-01
9.923601150512695312e-01
9.969243407249450684e-01
9.977973699569702148e-01
9.984863996505737305e-01
9.989260435104370117e-01
9.985589981079101562e-01
9.978491663932800293e-01
9.911151528358459473e-01
9.758589267730712891e-01
9.365453720092773438e-01
8.420547842979431152e-01
6.994229555130004883e-01
5.278124213218688965e-01
3.745065927505493164e-01
4.842038154602050781e-01
6.465179920196533203e-01
9.016911387443542480e-01
9.943894147872924805e-01
9.955198764801025391e-01
9.975764751434326172e-01
9.992851018905639648e-01
9.991410374641418457e-01
9.991986751556396484e-01
9.994868040084838867e-01
9.997276067733764648e-01
9.999486207962036133e-01
9.999707937240600586e-01
9.999883770942687988e-01
9.999946355819702148e-01
9.999979138374328613e-01
9.999987483024597168e-01
9.999892115592956543e-01
9.999332427978515625e-01
9.995306730270385742e-01
9.931839704513549805e-01
9.774349927902221680e-01
8.736117482185363770e-01
7.248781323432922363e-01
5.101214647293090820e-01
3.869060575962066650e-01
6.265899538993835449e-01
8.150328993797302246e-01
9.482727646827697754e-01
9.890817403793334961e-01
9.997454881668090820e-01
9.998886585235595703e-01
9.999860525131225586e-01
9.999759793281555176e-01
9.999352097511291504e-01
9.998713731765747070e-01
9.970220923423767090e-01
9.850677251815795898e-01
9.073563218116760254e-01
7.072871327400207520e-01
3.132830858230590820e-01
1.106123253703117371e-01
7.143164053559303284e-03
1.475111162108078133e-06
9.210939424519892782e-07
5.489623617904726416e-06
2.085863351821899414e-01
6.517596840858459473e-01
8.202713727951049805e-01
8.900014758110046387e-01
6.636300086975097656e-01
5.428670644760131836e-01
6.921636462211608887e-01
7.553476095199584961e-01
7.488146424293518066e-01
8.193653821945190430e-01
9.028338193893432617e-01
9.484355449676513672e-01
9.791178703308105469e-01
9.836173057556152344e-01
7.872240543365478516e-01
4.737171530723571777e-01
2.522034645080566406e-01
7.740582525730133057e-02
8.124519884586334229e-02
1.473698765039443970e-01
2.940959334373474121e-01
5.271774530410766602e-01
7.961844801902770996e-01
9.119127392768859863e-01
9.970346093177795410e-01
9.990215897560119629e-01
9.999895095825195312e-01
9.999689459800720215e-01
9.999642968177795410e-01
9.998731017112731934e-01
9.978023171424865723e-01
8.804376125335693359e-01
5.085405707359313965e-01
2.344756126403808594e-01
3.211477398872375488e-02
4.515737760812044144e-03
3.078458458185195923e-02
2.301798313856124878e-01
4.698292613029479980e-01
7.767940163612365723e-01
9.271019101142883301e-01
9.891852736473083496e-01
9.975628256797790527e-01
9.999073743820190430e-01
9.999666213989257812e-01
1.000000000000000000e+00
1.000000000000000000e+00
9.999938607215881348e-01
9.999850988388061523e-01
9.998652338981628418e-01
9.996119737625122070e-01
9.989243149757385254e-01
9.934718012809753418e-01
9.831535220146179199e-01
9.302147626876831055e-01
8.651292920112609863e-01
8.647810816764831543e-01
8.845434188842773438e-01
9.544007778167724609e-01
9.846833348274230957e-01
9.825759530067443848e-01
8.426144719123840332e-01
6.545506119728088379e-01
2.689290344715118408e-01
1.172086969017982483e-02
3.338494338095188141e-03
3.468867838382720947e-01
9.220792651176452637e-01
1.000000000000000000e+00
1.000000000000000000e+00
1.000000000000000000e+00
1.000000000000000000e+00
1.000000000000000000e+00
6.260750293731689453e-01
5.090511962771415710e-02
2.355213946430012584e-04
3.727243747562170029e-04
1.439670741092413664e-04
1.117470765166217461e-05
2.675326641110586934e-06
7.037809118628501892e-03
1.714852266013622284e-02
5.471386909484863281e-01
9.825400114059448242e-01
9.938927292823791504e-01
9.998749494552612305e-01
9.999591708183288574e-01
9.999890327453613281e-01
9.999994635581970215e-01
9.999997615814208984e-01
1.000000000000000000e+00
1.000000000000000000e+00
1.000000000000000000e+00
1.000000000000000000e+00
1.000000000000000000e+00
1.000000000000000000e+00
9.999995827674865723e-01
9.997785091400146484e-01
9.990309476852416992e-01
9.851161241531372070e-01
9.605509638786315918e-01
8.780871033668518066e-01
7.861735224723815918e-01
7.476239800453186035e-01
7.604726552963256836e-01
8.793261647224426270e-01
9.466106891632080078e-01
9.771023988723754883e-01
8.316051959991455078e-01
6.423806548118591309e-01
3.554194867610931396e-01
1.884528845548629761e-01
2.367558032274246216e-01
5.182416439056396484e-01
9.450864791870117188e-01
9.840859174728393555e-01
9.671878814697265625e-01
9.597747921943664551e-01
9.556729793548583984e-01
9.568996429443359375e-01
9.105905294418334961e-01
8.372918367385864258e-01
8.186274766921997070e-01
8.205169439315795898e-01
9.023549556732177734e-01
9.621714949607849121e-01
9.897866845130920410e-01
9.994304776191711426e-01
9.999338388442993164e-01
9.999588131904602051e-01
9.999384284019470215e-01
9.999059438705444336e-01
9.998121857643127441e-01
9.996359348297119141e-01
9.951593279838562012e-01
9.886549711227416992e-01
7.874811887741088867e-01
5.485717058181762695e-01
2.055730521678924561e-01
1.031489484012126923e-02
2.441104268655180931e-03
1.600448414683341980e-02
3.897041454911231995e-02
5.457068681716918945e-01
9.740958809852600098e-01
9.901524782180786133e-01
9.985362887382507324e-01
9.977279305458068848e-01
9.967538714408874512e-01
9.957113265991210938e-01
9.797441959381103516e-01
9.565111398696899414e-01
9.086627364158630371e-01
8.303206562995910645e-01
7.165804505348205566e-01
5.166950821876525879e-01
2.820417284965515137e-01
2.068642377853393555e-01
1.911735385656356812e-01
3.691166043281555176e-01
5.297537446022033691e-01
6.710048913955688477e-01
5.692759752273559570e-01
3.740710020065307617e-01
6.323583722114562988e-01
8.623030185699462891e-01
9.454404115676879883e-01
9.914517402648925781e-01
9.959053993225097656e-01
9.891495704650878906e-01
9.780418872833251953e-01
6.265922188758850098e-01
3.011820614337921143e-01
1.044431328773498535e-01
1.486555395576607901e-17
3.267101410125433144e-18
0.000000000000000000e+00
0.000000000000000000e+00
1.220062002539634705e-02
1.932919770479202271e-02
6.745252758264541626e-03
2.590444637462496758e-03
8.151975460350513458e-03
2.234177887439727783e-01
5.233232378959655762e-01
7.145789265632629395e-01
8.732622265815734863e-01
9.241520166397094727e-01
9.433619976043701172e-01
9.246063828468322754e-01
8.017081022262573242e-01
6.343848705291748047e-01
7.458996176719665527e-01
8.642437458038330078e-01
9.510000944137573242e-01
9.988752603530883789e-01
9.981330037117004395e-01
9.738585948944091797e-01
9.390506744384765625e-01
8.107881546020507812e-01
6.868817806243896484e-01
6.115863323211669922e-01
6.340188980102539062e-01
7.873399853706359863e-01
8.985631465911865234e-01
9.892686009407043457e-01
9.981243610382080078e-01
9.992629885673522949e-01
9.986370801925659180e-01
9.983679652214050293e-01
9.986148476600646973e-01
9.991385936737060547e-01
9.998076558113098145e-01
9.999040961265563965e-01
9.998803138732910156e-01
9.995194077491760254e-01
9.986655712127685547e-01
9.970318078994750977e-01
9.915938377380371094e-01
9.839235544204711914e-01
9.663662910461425781e-01
9.499452710151672363e-01
9.529449939727783203e-01
9.637852311134338379e-01
9.884966015815734863e-01
9.988629817962646484e-01
9.998395442962646484e-01
9.999914765357971191e-01
9.999962449073791504e-01
9.999967813491821289e-01
9.999973177909851074e-01
9.999978542327880859e-01
9.999594092369079590e-01
9.998922348022460938e-01
9.985058903694152832e-01
9.968097805976867676e-01
9.948933720588684082e-01
9.926844239234924316e-01
9.897872805595397949e-01
9.766269922256469727e-01
9.547584652900695801e-01
6.157510876655578613e-01
1.966804116964340210e-01
8.358667790889739990e-02
5.533482879400253296e-03
2.443549036979675293e-02
2.764984667301177979e-01
7.556546926498413086e-01
9.181890487670898438e-01
9.726096987724304199e-01
9.803743958473205566e-01
9.872122406959533691e-01
9.933690428733825684e-01
9.973459839820861816e-01
9.987989664077758789e-01
9.991181492805480957e-01
9.989566802978515625e-01
9.968311786651611328e-01
9.924650788307189941e-01
9.785279631614685059e-01
9.229648113250732422e-01
8.098511695861816406e-01
6.190400719642639160e-01
3.881667554378509521e-01
3.502170443534851074e-01
3.655902147293090820e-01
5.830248594284057617e-01
7.771679759025573730e-01
9.324064254760742188e-01
9.955135583877563477e-01
9.993706345558166504e-01
9.999825358390808105e-01
9.999870061874389648e-01
9.998370409011840820e-01
9.997378587722778320e-01
9.997465014457702637e-01
8.506500720977783203e-01
5.835573077201843262e-01
3.119675219058990479e-01
5.326902493834495544e-02
2.409850209951400757e-01
4.553397297859191895e-01
7.421388030052185059e-01
8.798491358757019043e-01
8.692694306373596191e-01
8.692705631256103516e-01
8.730688095092773438e-01
9.187595844268798828e-01
9.601220488548278809e-01
9.803055524826049805e-01
9.926270842552185059e-01
9.950172901153564453e-01
9.950945973396301270e-01
9.940738677978515625e-01
9.961619377136230469e-01
9.982458949089050293e-01
9.985789656639099121e-01
9.990186691284179688e-01
9.996321797370910645e-01
9.998182654380798340e-01
9.997354149818420410e-01
9.988800287246704102e-01
9.975368380546569824e-01
9.922140836715698242e-01
9.768883585929870605e-01
9.396583437919616699e-01
8.833148479461669922e-01
8.112596273422241211e-01
7.661646008491516113e-01
7.278698682785034180e-01
6.304286718368530273e-01
4.964585006237030029e-01
2.517205178737640381e-01
9.054122120141983032e-02
2.042712084949016571e-02
2.795856016746256500e-05
1.547007400404254440e-06
9.658669587224721909e-04
7.846456766128540039e-02
5.236308574676513672e-01
8.257535696029663086e-01
9.160825014114379883e-01
9.619804620742797852e-01
9.824069142341613770e-01
9.918872714042663574e-01
9.989472627639770508e-01
9.992375373840332031e-01
9.994608163833618164e-01
9.995478391647338867e-01
9.987953305244445801e-01
9.973801374435424805e-01
9.863106608390808105e-01
9.729157090187072754e-01
9.740003347396850586e-01
9.776148796081542969e-01
9.889780282974243164e-01
9.960965514183044434e-01
9.985138177871704102e-01
8.986068964004516602e-01
7.558217048645019531e-01
7.251316905021667480e-01
6.775693297386169434e-01
5.026956796646118164e-01
4.788741469383239746e-01
6.894004940986633301e-01
8.413487076759338379e-01
9.576284885406494141e-01
9.706940650939941406e-01
9.637570381164550781e-01
9.371323585510253906e-01
9.303287863731384277e-01
9.696478843688964844e-01
9.909911155700683594e-01
9.963211417198181152e-01
9.935557842254638672e-01
9.881548881530761719e-01
9.844439625740051270e-01
9.829199910163879395e-01
9.895789623260498047e-01
9.945012331008911133e-01
9.971603751182556152e-01
9.955598115921020508e-01
9.917753934860229492e-01
9.856538176536560059e-01
9.798904061317443848e-01
9.793403744697570801e-01
9.817957878112792969e-01
9.901546835899353027e-01
9.956974983215332031e-01
9.990451335906982422e-01
9.959949254989624023e-01
9.861046671867370605e-01
5.650519132614135742e-01
2.136630564928054810e-01
8.682665973901748657e-02
1.216467171907424927e-01
3.455124199390411377e-01
6.179208755493164062e-01
9.125634431838989258e-01
9.678853750228881836e-01
9.952728152275085449e-01
9.921507239341735840e-01
9.875146746635437012e-01
9.801538586616516113e-01
9.300164580345153809e-01
8.489187955856323242e-01
5.787587165832519531e-01
2.774746417999267578e-01
5.325537919998168945e-01
7.595931887626647949e-01
9.018383026123046875e-01
9.830598831176757812e-01
9.956804513931274414e-01
9.997099637985229492e-01
9.999603629112243652e-01
9.999769330024719238e-01
9.999647140502929688e-01
9.999058842658996582e-01
9.998652338981628418e-01
9.998569488525390625e-01
9.996429085731506348e-01
9.992797374725341797e-01
9.974979162216186523e-01
9.954261779785156250e-01
9.960032701492309570e-01
9.967922568321228027e-01
9.982442259788513184e-01
9.992296099662780762e-01
9.996789097785949707e-01
9.998451471328735352e-01
9.998810291290283203e-01
9.997183680534362793e-01
9.992334246635437012e-01
9.966690540313720703e-01
9.590686559677124023e-01
8.548892736434936523e-01
7.233686447143554688e-01
5.709464550018310547e-01
6.816153526306152344e-01
8.655067682266235352e-01
9.326677918434143066e-01
9.863263964653015137e-01
9.916294217109680176e-01
9.892809391021728516e-01
9.771027565002441406e-01
9.504024982452392578e-01
9.160381555557250977e-01
9.367432594299316406e-01
9.642983078956604004e-01
9.820917248725891113e-01
9.948999881744384766e-01
9.966179132461547852e-01
9.944341778755187988e-01
9.887533783912658691e-01
9.671322703361511230e-01
9.400009512901306152e-01
9.365167617797851562e-01
9.387332201004028320e-01
9.628689885139465332e-01
9.656835198402404785e-01
9.354404807090759277e-01
8.354203104972839355e-01
6.907036900520324707e-01
7.227114439010620117e-01
7.923617959022521973e-01
8.665037751197814941e-01
9.326214194297790527e-01
9.753075242042541504e-01
9.967586994171142578e-01
9.944490194320678711e-01
9.829020500183105469e-01
9.671053886413574219e-01
9.430657625198364258e-01
9.232593178749084473e-01
9.430055618286132812e-01
9.640852808952331543e-01
9.879141449928283691e-01
9.963143467903137207e-01
9.918134808540344238e-01
5.780496001243591309e-01
3.369343280792236328e-02
8.526239544153213501e-03
3.996866196393966675e-02
2.523015439510345459e-01
5.134778618812561035e-01
8.479576110839843750e-01
9.850907325744628906e-01
9.969983100891113281e-01
9.993472695350646973e-01
9.996552467346191406e-01
9.996055364608764648e-01
9.995888471603393555e-01
9.996716380119323730e-01
9.997840523719787598e-01
9.999309182167053223e-01
9.999867081642150879e-01
9.999983906745910645e-01
9.999995827674865723e-01
9.999948740005493164e-01
9.999488592147827148e-01
9.986282587051391602e-01
9.944757819175720215e-01
9.428583979606628418e-01
8.477362990379333496e-01
6.097129583358764648e-01
3.192657530307769775e-01
1.890250593423843384e-01
9.576975554227828979e-02
1.518405973911285400e-01
3.284239470958709717e-01
7.171524763107299805e-01
9.180415272712707520e-01
9.783003926277160645e-01
9.936168789863586426e-01
9.964869618415832520e-01
9.969098567962646484e-01
9.972326755523681641e-01
9.972305893898010254e-01
9.970254302024841309e-01
9.965304136276245117e-01
9.967542886734008789e-01
9.974202513694763184e-01
9.984425306320190430e-01
9.995062947273254395e-01
9.996952414512634277e-01
9.997724890708923340e-01
9.995020031929016113e-01
9.992415308952331543e-01
9.989928603172302246e-01
9.990713000297546387e-01
9.993185400962829590e-01
9.991230964660644531e-01
9.988443255424499512e-01
9.983729124069213867e-01
9.982197880744934082e-01
9.988738298416137695e-01
9.992849230766296387e-01
9.994410276412963867e-01
9.984349012374877930e-01
9.969189167022705078e-01
9.859221577644348145e-01
9.729915857315063477e-01
9.528189301490783691e-01
9.488242864608764648e-01
9.803640842437744141e-01
9.968026876449584961e-01
9.992131590843200684e-01
9.999254941940307617e-01
9.999951720237731934e-01
9.999811649322509766e-01
9.999454021453857422e-01
9.998113512992858887e-01
9.995262026786804199e-01
9.989488720893859863e-01
9.981283545494079590e-01
9.971043467521667480e-01
9.941890239715576172e-01
9.906415343284606934e-01
9.792584180831909180e-01
9.680175185203552246e-01
9.596753120422363281e-01
9.579120278358459473e-01
9.678608179092407227e-01
9.779152274131774902e-01
9.880514740943908691e-01
9.889395833015441895e-01
9.870148301124572754e-01
9.899071455001831055e-01
9.931470751762390137e-01
9.973654747009277344e-01
9.967492222785949707e-01
9.880807995796203613e-01
9.887049198150634766e-01
9.961037635803222656e-01
9.985680580139160156e-01
9.996361136436462402e-01
9.993157982826232910e-01
9.982506036758422852e-01
9.939886331558227539e-01
9.894073605537414551e-01
9.843156337738037109e-01
9.876873493194580078e-01
9.970137476921081543e-01
9.994184374809265137e-01
9.999699592590332031e-01
9.999850988388061523e-01
9.999938607215881348e-01
9.999976158142089844e-01
9.999941587448120117e-01
9.999793171882629395e-01
9.994380474090576172e-01
9.985281825065612793e-01
9.868585467338562012e-01
9.723135828971862793e-01
9.545521140098571777e-01
9.427295923233032227e-01
9.568595290184020996e-01
9.724042415618896484e-01
9.902115464210510254e-01
9.983398318290710449e-01
9.996495246887207031e-01
9.999329447746276855e-01
9.999365210533142090e-01
9.991164207458496094e-01
9.702736139297485352e-01
8.155428767204284668e-01
7.297472357749938965e-01
7.568443417549133301e-01
8.424617648124694824e-01
9.709632396697998047e-01
6.441677808761596680e-01
1.838959306478500366e-01
4.112560451030731201e-01
6.504459381103515625e-01
8.512097597122192383e-01
9.823853373527526855e-01
9.930649995803833008e-01
9.983424544334411621e-01
9.994575381278991699e-01
9.997989535331726074e-01
9.998975396156311035e-01
9.996125698089599609e-01
9.993698000907897949e-01
9.994584321975708008e-01
9.995634555816650391e-01
9.996994733810424805e-01
9.998221993446350098e-01
9.999334812164306641e-01
9.999778866767883301e-01
9.999986290931701660e-01
9.999949932098388672e-01
9.998728036880493164e-01
9.989646077156066895e-01
9.963642954826354980e-01
9.902389645576477051e-01
9.893326759338378906e-01
9.932625889778137207e-01
9.938994646072387695e-01
9.932201504707336426e-01
9.243506193161010742e-01
8.209390044212341309e-01
4.675681889057159424e-01
2.901704013347625732e-01
5.359489917755126953e-01
7.348843812942504883e-01
8.842394351959228516e-01
9.474869966506958008e-01
9.698777794837951660e-01
9.756990075111389160e-01
9.796314835548400879e-01
9.913205504417419434e-01
1.000000000000000000e+00
1.000000000000000000e+00
1.000000000000000000e+00
1.000000000000000000e+00
9.970052838325500488e-01
9.923330545425415039e-01
9.925708770751953125e-01
9.938120841979980469e-01
9.959115982055664062e-01
9.925246834754943848e-01
9.690890908241271973e-01
8.894537687301635742e-01
7.271382212638854980e-01
6.804422736167907715e-01
7.114163041114807129e-01
8.133137822151184082e-01
9.339367151260375977e-01
9.700133800506591797e-01
9.985255002975463867e-01
9.994063973426818848e-01
9.999759197235107422e-01
9.999895095825195312e-01
9.999969601631164551e-01
9.999994039535522461e-01
9.999998807907104492e-01
9.999997019767761230e-01
9.996050000190734863e-01
9.973784089088439941e-01
9.814586639404296875e-01
9.735494852066040039e-01
9.838126301765441895e-01
9.911067485809326172e-01
9.953951239585876465e-01
9.873180985450744629e-01
9.735475778579711914e-01
6.901866197586059570e-01
3.844681084156036377e-01
3.388379514217376709e-01
3.834890723228454590e-01
7.011662125587463379e-01
8.990510702133178711e-01
9.395627379417419434e-01
9.635384082794189453e-01
9.773151278495788574e-01
9.876263737678527832e-01
9.971446394920349121e-01
9.963356256484985352e-01
9.959616661071777344e-01
9.978434443473815918e-01
9.991570711135864258e-01
9.995001554489135742e-01
9.997382164001464844e-01
9.998927712440490723e-01
9.999506473541259766e-01
9.999746680259704590e-01
9.997438788414001465e-01
9.993200898170471191e-01
9.974842667579650879e-01
9.929707646369934082e-01
9.821029305458068848e-01
7.182288765907287598e-01
1.811392158269882202e-01
5.659599899843215098e-09
7.382582323245401312e-10
5.877136119290492775e-17
1.836149953305721283e-02
5.574710369110107422e-01
9.824936985969543457e-01
9.934515953063964844e-01
9.990015625953674316e-01
9.965717196464538574e-01
7.618259191513061523e-01
3.625147938728332520e-01
1.558865010738372803e-01
7.239812053740024567e-03
3.286236460553482175e-05
8.357701823115348816e-03
7.074572890996932983e-02
2.201477885246276855e-01
5.551444292068481445e-01
7.885006666183471680e-01
9.191726446151733398e-01
9.720014929771423340e-01
9.884233474731445312e-01
9.922476410865783691e-01
9.941229224205017090e-01
9.956776499748229980e-01
9.971791505813598633e-01
9.984903335571289062e-01
9.981920719146728516e-01
9.955900311470031738e-01
9.911135435104370117e-01
9.853227138519287109e-01
9.813470244407653809e-01
9.779168963432312012e-01
9.839371442794799805e-01
9.889078736305236816e-01
9.837437272071838379e-01
9.609512686729431152e-01
8.994610309600830078e-01
7.696097493171691895e-01
5.696759819984436035e-01
5.347255468368530273e-01
5.809618234634399414e-01
7.114735245704650879e-01
8.520965576171875000e-01
8.419409990310668945e-01
7.968277931213378906e-01
6.192464828491210938e-01
4.023498892784118652e-01
1.218149438500404358e-01
2.841601781256031245e-05
5.811115443066228181e-06
2.929293783381581306e-03
6.860462017357349396e-03
4.355804324150085449e-01
8.408256173133850098e-01
7.057908773422241211e-01
5.356534719467163086e-01
2.749758362770080566e-01
1.809178143739700317e-01
2.866369485855102539e-01
4.469904303550720215e-01
6.388995647430419922e-01
5.462004542350769043e-01
3.865415751934051514e-01
1.768985688686370850e-01
5.427500127552775666e-06
2.160216808988479897e-06
1.112248003482818604e-01
4.418320357799530029e-01
6.897078156471252441e-01
8.602066040039062500e-01
5.683549046516418457e-01
6.940158456563949585e-02
8.932786295190453529e-04
3.825544807606750604e-43
1.681558157189780485e-43
0.000000000000000000e+00
0.000000000000000000e+00
1.952485996298491955e-03
6.922035012394189835e-03
2.871629297733306885e-01
7.791560888290405273e-01
9.411259889602661133e-01
9.878425598144531250e-01
9.591550827026367188e-01
9.180029034614562988e-01
8.216452598571777344e-01
7.821501493453979492e-01
9.029931426048278809e-01
9.767532944679260254e-01
9.897856712341308594e-01
9.531671404838562012e-01
8.849303126335144043e-01
6.069996356964111328e-01
2.718070447444915771e-01
2.308095544576644897e-01
2.600907683372497559e-01
6.690494418144226074e-01
9.629556536674499512e-01
9.871637225151062012e-01
9.999783039093017578e-01
9.999824166297912598e-01
9.999709725379943848e-01
9.999510645866394043e-01
9.998905658721923828e-01
9.998208284378051758e-01
9.997887015342712402e-01
9.997375607490539551e-01
9.995828866958618164e-01
9.829244017601013184e-01
9.327698349952697754e-01
7.921677231788635254e-01
5.629889369010925293e-01
4.917751252651214600e-01
4.974654316902160645e-01
7.231021523475646973e-01
9.867644309997558594e-01
9.935150146484375000e-01
9.960343837738037109e-01
9.794004559516906738e-01
9.644270539283752441e-01
9.526172280311584473e-01
9.548794627189636230e-01
9.701709747314453125e-01
9.829598069190979004e-01
9.946609139442443848e-01
9.952402114868164062e-01
9.939225316047668457e-01
9.906152486801147461e-01
9.705362319946289062e-01
8.808955550193786621e-01
6.934868693351745605e-01
3.356330692768096924e-01
3.179388344287872314e-01
6.021435856819152832e-01
7.982616424560546875e-01
9.556737542152404785e-01
9.862792491912841797e-01
9.967871308326721191e-01
9.951732158660888672e-01
9.924810528755187988e-01
9.854490160942077637e-01
9.784079790115356445e-01
9.713042974472045898e-01
9.534311890602111816e-01
9.260323643684387207e-01
9.397111535072326660e-01
9.708796739578247070e-01
9.858750700950622559e-01
9.970865249633789062e-01
9.685284495353698730e-01
8.624768853187561035e-01
4.412206113338470459e-01
1.384593248367309570e-01
4.729954525828361511e-02
8.013249374926090240e-03
1.574930362403392792e-02
2.083403915166854858e-01
4.840160310268402100e-01
7.208982706069946289e-01
9.475661516189575195e-01
9.715775251388549805e-01
9.910025596618652344e-01
9.906171560287475586e-01
9.906549453735351562e-01
9.914773702621459961e-01
9.937199354171752930e-01
9.972941875457763672e-01
9.990165233612060547e-01
9.998483061790466309e-01
9.160724878311157227e-01
8.153833150863647461e-01
5.426297187805175781e-01
2.973945736885070801e-01
1.935547739267349243e-01
1.284397393465042114e-01
1.428752243518829346e-01
1.884586811065673828e-01
2.663713693618774414e-01
4.687912762165069580e-01
7.374753355979919434e-01
4.823700487613677979e-01
1.120087951421737671e-01
2.576592266559600830e-01
4.294671118259429932e-01
6.977620720863342285e-01
9.021212458610534668e-01
9.584498405456542969e-01
7.402466535568237305e-01
2.034102380275726318e-01
3.470139745331835002e-06
6.151391858111310285e-07
2.791723272821400315e-05
6.361102714436128736e-05
2.812179736793041229e-02
5.193960666656494141e-02
2.484225668013095856e-02
4.298493731766939163e-03
1.694332924671471119e-03
1.550692686578258872e-04
4.558629370876587927e-05
7.040766547561361222e-08
1.452552123026862319e-08
5.564371186039807071e-11
5.061855448684760006e-12
1.793820725987584725e-21
3.283758088946342468e-02
5.750527381896972656e-01
9.999508261680603027e-01
9.998022913932800293e-01
9.985734224319458008e-01
9.955523610115051270e-01
9.887847900390625000e-01
9.787316918373107910e-01
9.761970639228820801e-01
9.769791960716247559e-01
9.859092831611633301e-01
9.961626529693603516e-01
9.976901412010192871e-01
9.989550113677978516e-01
9.988961219787597656e-01
9.939910173416137695e-01
9.788776040077209473e-01
7.287887930870056152e-01
2.219232022762298584e-01
2.297248132526874542e-02
3.987415693700313568e-03
1.349485501123126596e-07
3.063048552576219663e-07
1.443810611963272095e-01
3.019894659519195557e-01
4.996985197067260742e-01
6.946125626564025879e-01
8.833004832267761230e-01
9.949136972427368164e-01
9.972465038299560547e-01
9.972876906394958496e-01
9.955835938453674316e-01
9.944449663162231445e-01
9.935294985771179199e-01
9.957909584045410156e-01
9.984314441680908203e-01
9.985256195068359375e-01
9.984018206596374512e-01
9.973098635673522949e-01
9.968459010124206543e-01
9.976220726966857910e-01
9.983451962471008301e-01
9.990170001983642578e-01
9.993303418159484863e-01
9.994481801986694336e-01
9.936438202857971191e-01
9.863774180412292480e-01
9.645161628723144531e-01
9.448828101158142090e-01
9.505671858787536621e-01
9.605950713157653809e-01
9.831374883651733398e-01
9.971448779106140137e-01
9.986941814422607422e-01
9.985653758049011230e-01
9.971126317977905273e-01
9.950861334800720215e-01
9.928213357925415039e-01
9.935905933380126953e-01
9.948528409004211426e-01
9.970260858535766602e-01
9.980773925781250000e-01
9.935837984085083008e-01
9.446932077407836914e-01
8.004329800605773926e-01
5.971849560737609863e-01
3.278340697288513184e-01
1.956506222486495972e-01
1.487704068422317505e-01
3.689839243888854980e-01
6.703994274139404297e-01
7.757605910301208496e-01
8.279451727867126465e-01
3.821182847023010254e-01
2.808769978582859039e-02
1.091644261032342911e-02
1.930682659149169922e-01
7.217753529548645020e-01
9.801647663116455078e-01
9.854583740234375000e-01
9.781894087791442871e-01
9.646345376968383789e-01
9.725746512413024902e-01
9.854639768600463867e-01
9.929121732711791992e-01
9.993562698364257812e-01
9.994512796401977539e-01
9.989904761314392090e-01
9.969090223312377930e-01
9.050678014755249023e-01
6.795251965522766113e-01
5.277943015098571777e-01
4.358322918415069580e-01
5.668489336967468262e-01
7.952936291694641113e-01
9.052333831787109375e-01
9.931278824806213379e-01
9.929201602935791016e-01
9.864644408226013184e-01
9.454752206802368164e-01
9.144139885902404785e-01
9.084473848342895508e-01
9.219806194305419922e-01
9.614936113357543945e-01
9.846773147583007812e-01
9.955943226814270020e-01
9.986746311187744141e-01
9.986977577209472656e-01
9.988420605659484863e-01
9.989913105964660645e-01
9.973852038383483887e-01
9.947708845138549805e-01
9.865359663963317871e-01
9.800321459770202637e-01
9.775555133819580078e-01
9.723435044288635254e-01
9.637246727943420410e-01
9.588044285774230957e-01
9.565142989158630371e-01
9.645076394081115723e-01
9.763295650482177734e-01
9.648097157478332520e-01
9.499143362045288086e-01
9.374222159385681152e-01
9.321110844612121582e-01
9.650231599807739258e-01
9.897915124893188477e-01
9.959340095520019531e-01
9.993423223495483398e-01
9.993563890457153320e-01
9.991436600685119629e-01
9.987732768058776855e-01
9.988324046134948730e-01
9.990491867065429688e-01
9.993112087249755859e-01
9.995706081390380859e-01
9.992203116416931152e-01
9.985530376434326172e-01
9.961677789688110352e-01
9.906464815139770508e-01
9.776502847671508789e-01
9.513669610023498535e-01
9.077780842781066895e-01
8.622453212738037109e-01
8.150942921638488770e-01
8.409475684165954590e-01
8.953142762184143066e-01
9.114478230476379395e-01
9.212276935577392578e-01
9.062669277191162109e-01
8.981363773345947266e-01
9.318259954452514648e-01
9.599099159240722656e-01
9.732381701469421387e-01
9.627779722213745117e-01
9.189555644989013672e-01
7.963405847549438477e-01
6.102213263511657715e-01
3.758940696716308594e-01
1.194914802908897400e-01
1.787128746509552002e-01
3.010453581809997559e-01
5.941110849380493164e-01
8.673700690269470215e-01
9.421793222427368164e-01
9.985566139221191406e-01
9.992919564247131348e-01
9.962860345840454102e-01
9.873666167259216309e-01
9.714044332504272461e-01
9.490375518798828125e-01
9.503830671310424805e-01
9.639402627944946289e-01
9.801127314567565918e-01
9.970047473907470703e-01
9.989932179450988770e-01
9.998151063919067383e-01
9.995352625846862793e-01
9.961948990821838379e-01
9.808646440505981445e-01
9.549054503440856934e-01
9.085583686828613281e-01
9.001137018203735352e-01
9.332641363143920898e-01
9.598638415336608887e-01
9.822703599929809570e-01
9.838109612464904785e-01
9.783830642700195312e-01
9.804718494415283203e-01
9.835721254348754883e-01
9.874657392501831055e-01
9.913852214813232422e-01
9.955126047134399414e-01
9.986045956611633301e-01
9.991285800933837891e-01
9.994124770164489746e-01
9.993656277656555176e-01
9.993382096290588379e-01
9.993266463279724121e-01
9.994814991950988770e-01
9.997119903564453125e-01
9.998487234115600586e-01
9.999657869338989258e-01
9.999660253524780273e-01
9.999626278877258301e-01
9.999745488166809082e-01
9.999852776527404785e-01
9.999922513961791992e-01
9.999783039093017578e-01
9.999257922172546387e-01
9.998849630355834961e-01
9.998567700386047363e-01
9.995639324188232422e-01
9.991073012351989746e-01
9.969409108161926270e-01
9.941960573196411133e-01
9.886783361434936523e-01
9.828976392745971680e-01
9.879462122917175293e-01
9.928347468376159668e-01
9.966894388198852539e-01
9.995494484901428223e-01
9.997981190681457520e-01
9.999352097511291504e-01
9.999079704284667969e-01
9.998276233673095703e-01
9.997013211250305176e-01
9.997797012329101562e-01
9.999619722366333008e-01
1.000000000000000000e+00
1.000000000000000000e+00
9.999940991401672363e-01
9.999845027923583984e-01
9.999175071716308594e-01
9.998636841773986816e-01
9.998695254325866699e-01
9.998686313629150391e-01
9.998526573181152344e-01
9.996078610420227051e-01
9.990708827972412109e-01
9.959714412689208984e-01
9.909392595291137695e-01
9.776620268821716309e-01
9.608140587806701660e-01
9.281513690948486328e-01
8.920642137527465820e-01
8.525202870368957520e-01
8.200505971908569336e-01
8.753815889358520508e-01
9.283078312873840332e-01
9.713085293769836426e-01
1.000000000000000000e+00
1.000000000000000000e+00
1.000000000000000000e+00
1.000000000000000000e+00
9.987260103225708008e-01
9.965568780899047852e-01
9.973448514938354492e-01
9.993287920951843262e-01
9.997926354408264160e-01
9.999575614929199219e-01
9.999778270721435547e-01
9.999908804893493652e-01
9.999853968620300293e-01
9.999079108238220215e-01
9.995631575584411621e-01
9.905003309249877930e-01
9.642738103866577148e-01
9.361155033111572266e-01
9.055639505386352539e-01
9.134919643402099609e-01
9.482450485229492188e-01
9.374247193336486816e-01
9.083007574081420898e-01
9.453117847442626953e-01
9.951586127281188965e-01
9.985533952713012695e-01
1.000000000000000000e+00
1.000000000000000000e+00
9.691216945648193359e-01
8.198688626289367676e-01
6.409922242164611816e-01
4.006367325782775879e-01
2.525933384895324707e-01
2.154208868741989136e-01
2.949207723140716553e-01
4.598438739776611328e-01
6.766763329505920410e-01
9.151638746261596680e-01
9.760156273841857910e-01
9.979373812675476074e-01
9.995611310005187988e-01
9.999850392341613770e-01
9.999915361404418945e-01
9.999958872795104980e-01
9.999904632568359375e-01
9.999870657920837402e-01
9.999882578849792480e-01
9.999914169311523438e-01
9.999973177909851074e-01
1.000000000000000000e+00
1.000000000000000000e+00
1.000000000000000000e+00
1.000000000000000000e+00
9.999955892562866211e-01
9.999900460243225098e-01
9.999842047691345215e-01
9.999781847000122070e-01
9.999675154685974121e-01
9.999568462371826172e-01
9.999459981918334961e-01
9.999408125877380371e-01
9.999508857727050781e-01
9.999569058418273926e-01
9.999565482139587402e-01
9.995907545089721680e-01
9.988700747489929199e-01
8.555873036384582520e-01
6.268737912178039551e-01
3.437572419643402100e-01
4.186433181166648865e-02
4.486406032810918987e-05
1.191885985463159159e-05
1.040897667407989502e-01
2.415478378534317017e-01
6.669433116912841797e-01
1.000000000000000000e+00
1.000000000000000000e+00
9.771486520767211914e-01
9.080785512924194336e-01
7.916585803031921387e-01
6.174806952476501465e-01
6.232835054397583008e-01
7.681611180305480957e-01
8.511585593223571777e-01
9.047949910163879395e-01
9.472724795341491699e-01
9.870342612266540527e-01
9.936384558677673340e-01
9.968639016151428223e-01
9.926394224166870117e-01
9.866620898246765137e-01
9.701455831527709961e-01
9.468734860420227051e-01
9.041011929512023926e-01
8.638389706611633301e-01
8.278257250785827637e-01
8.568553924560546875e-01
9.535710811614990234e-01
9.491419792175292969e-01
8.778978586196899414e-01
9.095839262008666992e-01
9.818542599678039551e-01
9.966091513633728027e-01
9.997333288192749023e-01
9.999459981918334961e-01
9.999381303787231445e-01
9.991087317466735840e-01
9.923313856124877930e-01
9.567922949790954590e-01
8.480175137519836426e-01
5.581037998199462891e-01
3.261784613132476807e-01
1.825218051671981812e-01
8.423438668251037598e-02
2.953828498721122742e-02
7.873170077800750732e-03
5.993345752358436584e-03
3.597590839490294456e-03
1.008439925499260426e-03
1.851189583539962769e-01
4.023701846599578857e-01
7.081433534622192383e-01
9.957388043403625488e-01
9.976075887680053711e-01
9.895154833793640137e-01
9.369290471076965332e-01
8.686065077781677246e-01
7.629610896110534668e-01
7.001072764396667480e-01
7.006612420082092285e-01
7.360807657241821289e-01
8.043765425682067871e-01
6.839299798011779785e-01
4.497081935405731201e-01
3.707766532897949219e-01
3.480491936206817627e-01
2.080757766962051392e-01
4.668743163347244263e-02
2.169836685061454773e-02
6.692655384540557861e-03
3.707263246178627014e-02
9.280646592378616333e-02
2.702377438545227051e-01
4.446168243885040283e-01
6.100382804870605469e-01
7.563939690589904785e-01
8.738147616386413574e-01
9.482801556587219238e-01
9.799247384071350098e-01
9.944567084312438965e-01
9.978771805763244629e-01
9.992591142654418945e-01
9.998143911361694336e-01
9.999411702156066895e-01
9.999728202819824219e-01
9.999288320541381836e-01
9.998719692230224609e-01
9.996173381805419922e-01
9.987831115722656250e-01
9.943841099739074707e-01
9.836189746856689453e-01
9.532861113548278809e-01
9.112478494644165039e-01
8.474556207656860352e-01
7.933174371719360352e-01
7.505871653556823730e-01
6.939768791198730469e-01
6.269691586494445801e-01
6.055979728698730469e-01
6.067752242088317871e-01
6.613135933876037598e-01
7.314227819442749023e-01
8.060557842254638672e-01
8.815108537673950195e-01
9.323441982269287109e-01
9.783625006675720215e-01
9.802628159523010254e-01
9.814137816429138184e-01
9.794521927833557129e-01
9.790841937065124512e-01
9.824383854866027832e-01
9.823087453842163086e-01
9.770269989967346191e-01
8.942149877548217773e-01
7.361581921577453613e-01
5.113608837127685547e-01
2.431540936231613159e-01
1.273297071456909180e-01
7.247401028871536255e-02
3.871177509427070618e-02
9.796673431992530823e-03
4.884421825408935547e-03
3.600332653149962425e-03
7.742545753717422485e-02
1.819725036621093750e-01
5.045993328094482422e-01
7.655748724937438965e-01
8.111829757690429688e-01
8.504150509834289551e-01
8.762715458869934082e-01
9.045026898384094238e-01
9.360497593879699707e-01
9.544563889503479004e-01
9.613161683082580566e-01
9.301168918609619141e-01
8.768121600151062012e-01
6.818259954452514648e-01
4.353087544441223145e-01
4.663765430450439453e-01
5.542411804199218750e-01
7.377430796623229980e-01
9.233147501945495605e-01
9.475754499435424805e-01
9.683161973953247070e-01
9.654672145843505859e-01
9.643179774284362793e-01
9.687858223915100098e-01
9.760130047798156738e-01
9.888509511947631836e-01
9.956254363059997559e-01
9.944640398025512695e-01
9.511190056800842285e-01
8.705951571464538574e-01
6.188557744026184082e-01
2.655375003814697266e-01
2.435803413391113281e-01
3.464164733886718750e-01
5.159770250320434570e-01
7.003211379051208496e-01
6.787441372871398926e-01
6.360340118408203125e-01
3.998378515243530273e-01
1.856563687324523926e-01
1.348463594913482666e-01
1.393737494945526123e-01
3.451457917690277100e-01
5.532369017601013184e-01
7.648073434829711914e-01
9.066407680511474609e-01
9.466317296028137207e-01
9.663274288177490234e-01
9.661558270454406738e-01
9.748754501342773438e-01
9.895820021629333496e-01
9.961759448051452637e-01
9.991970062255859375e-01
9.994056224822998047e-01
9.988631606101989746e-01
9.800581932067871094e-01
9.588577747344970703e-01
8.561151623725891113e-01
7.537710070610046387e-01
6.787318587303161621e-01
6.467050313949584961e-01
8.248361349105834961e-01
9.608661532402038574e-01
9.817528128623962402e-01
9.956437349319458008e-01
9.971074461936950684e-01
9.982348680496215820e-01
9.989537596702575684e-01
9.991748332977294922e-01
9.989795088768005371e-01
9.984902143478393555e-01
9.978340864181518555e-01
9.804008603096008301e-01
9.567692875862121582e-01
8.434286117553710938e-01
7.107061147689819336e-01
7.116090059280395508e-01
7.254998683929443359e-01
8.401278257369995117e-01
9.456840753555297852e-01
9.749692082405090332e-01
9.986099600791931152e-01
9.991939067840576172e-01
9.992267489433288574e-01
9.978910088539123535e-01
9.972141981124877930e-01
9.976291060447692871e-01
9.983767271041870117e-01
9.995046257972717285e-01
9.929357767105102539e-01
