9.999903440475463867e-01
9.999854564666748047e-01
9.999886751174926758e-01
9.999910593032836914e-01
9.997192025184631348e-01
9.990427494049072266e-01
8.746377229690551758e-01
8.046149015426635742e-01
8.156675696372985840e-01
8.967440724372863770e-01
9.503663778305053711e-01
9.715601205825805664e-01
9.746595025062561035e-01
9.827814102172851562e-01
9.951345920562744141e-01
9.974839091300964355e-01
9.989663362503051758e-01
9.996853470802307129e-01
9.994993805885314941e-01
9.993325471878051758e-01
9.991873502731323242e-01
9.991098642349243164e-01
9.863650202751159668e-01
9.601010680198669434e-01
8.990746736526489258e-01
8.824220895767211914e-01
8.994863033294677734e-01
9.677722454071044922e-01
9.924961328506469727e-01
9.974287748336791992e-01
9.986580610275268555e-01
9.988751411437988281e-01
9.985982775688171387e-01
9.979417324066162109e-01
9.969331026077270508e-01
9.961628913879394531e-01
9.962584972381591797e-01
9.970027208328247070e-01
9.969445466995239258e-01
9.947971105575561523e-01
8.687000274658203125e-01
6.426594853401184082e-01
2.755408585071563721e-01
3.916164636611938477e-01
6.289305090904235840e-01
9.385123848915100098e-01
9.828004837036132812e-01
9.906600117683410645e-01
9.917424917221069336e-01
9.848647117614746094e-01
9.769755005836486816e-01
9.686224460601806641e-01
9.099392294883728027e-01
8.574870228767395020e-01
8.152020573616027832e-01
9.209177494049072266e-01
9.814158082008361816e-01
9.925321936607360840e-01
9.951388835906982422e-01
9.947469234466552734e-01
9.884750247001647949e-01
8.982818722724914551e-01
7.889356017112731934e-01
6.806976199150085449e-01
8.206401467323303223e-01
9.259936809539794922e-01
9.989055395126342773e-01
9.995261430740356445e-01
9.998111724853515625e-01
9.998719096183776855e-01
9.999275207519531250e-01
9.999409914016723633e-01
9.999070167541503906e-01
9.997338056564331055e-01
9.996036291122436523e-01
9.995422363281250000e-01
9.997164011001586914e-01
9.998643398284912109e-01
9.999752640724182129e-01
9.999786615371704102e-01
9.996328353881835938e-01
9.987927675247192383e-01
9.966417551040649414e-01
9.953718185424804688e-01
9.954432845115661621e-01
9.988613128662109375e-01
9.998681545257568359e-01
9.999783039093017578e-01
9.999532699584960938e-01
9.996888041496276855e-01
9.990240931510925293e-01
9.974844455718994141e-01
9.958887100219726562e-01
9.923021197319030762e-01
9.838911294937133789e-01
9.782271981239318848e-01
9.775603413581848145e-01
9.865928292274475098e-01
9.881336688995361328e-01
9.887472391128540039e-01
9.909361004829406738e-01
9.955655932426452637e-01
9.991529583930969238e-01
9.998189210891723633e-01
8.561726212501525879e-01
6.259127259254455566e-01
2.866416275501251221e-01
3.230342566967010498e-01
4.695433676242828369e-01
7.038633823394775391e-01
8.472274541854858398e-01
9.424395561218261719e-01
9.812628626823425293e-01
9.923179149627685547e-01
9.974043965339660645e-01
9.983879923820495605e-01
9.964309930801391602e-01
9.920333027839660645e-01
9.846481680870056152e-01
9.098858833312988281e-01
8.266325592994689941e-01
7.390483617782592773e-01
7.741448283195495605e-01
6.723946332931518555e-01
3.918944299221038818e-01
1.400948315858840942e-01
3.902592137455940247e-02
1.144542321562767029e-01
6.311203241348266602e-01
9.404810667037963867e-01
9.985573291778564453e-01
9.997961521148681641e-01
9.992294907569885254e-01
9.982280731201171875e-01
9.979914426803588867e-01
9.984483122825622559e-01
9.996122121810913086e-01
9.998059868812561035e-01
9.999148845672607422e-01
9.999428987503051758e-01
9.999676942825317383e-01
9.999837279319763184e-01
9.999909996986389160e-01
9.999780058860778809e-01
9.999714493751525879e-01
9.999711513519287109e-01
9.999830722808837891e-01
9.999907612800598145e-01
9.999943375587463379e-01
9.999883174896240234e-01
9.999819397926330566e-01
9.999755620956420898e-01
9.999766945838928223e-01
9.999461770057678223e-01
9.998898506164550781e-01
9.998725652694702148e-01
9.999133944511413574e-01
9.999154210090637207e-01
9.978955984115600586e-01
9.943187832832336426e-01
9.897957444190979004e-01
9.924755692481994629e-01
9.953659176826477051e-01
9.981012940406799316e-01
9.945939183235168457e-01
9.880385398864746094e-01
9.792162179946899414e-01
9.743595123291015625e-01
9.765381217002868652e-01
9.841672182083129883e-01
9.876447916030883789e-01
9.810105562210083008e-01
9.662058353424072266e-01
9.505521655082702637e-01
9.645633101463317871e-01
9.992107152938842773e-01
9.854787588119506836e-01
9.590409398078918457e-01
9.264321327209472656e-01
9.598688483238220215e-01
9.832197427749633789e-01
9.977583885192871094e-01
9.992988705635070801e-01
9.999911189079284668e-01
9.999988675117492676e-01
9.999976158142089844e-01
9.999969601631164551e-01
9.999969005584716797e-01
9.999989867210388184e-01
9.999999403953552246e-01
1.000000000000000000e+00
1.000000000000000000e+00
1.000000000000000000e+00
1.000000000000000000e+00
1.000000000000000000e+00
1.000000000000000000e+00
9.999999403953552246e-01
9.999993443489074707e-01
9.999547600746154785e-01
9.996784925460815430e-01
9.942850470542907715e-01
9.836691617965698242e-01
9.689090251922607422e-01
9.670336842536926270e-01
9.755688905715942383e-01
9.929890036582946777e-01
9.970735907554626465e-01
9.992802739143371582e-01
9.997581243515014648e-01
9.999209046363830566e-01
1.000000000000000000e+00
1.000000000000000000e+00
1.000000000000000000e+00
1.000000000000000000e+00
9.999985694885253906e-01
9.993425011634826660e-01
9.960054159164428711e-01
9.899639487266540527e-01
9.599532485008239746e-01
9.355599880218505859e-01
9.171438813209533691e-01
9.185534715652465820e-01
9.216577410697937012e-01
9.262613058090209961e-01
9.171522259712219238e-01
9.281444549560546875e-01
9.625585675239562988e-01
9.840878844261169434e-01
9.967295527458190918e-01
9.993281364440917969e-01
9.997882843017578125e-01
9.999866485595703125e-01
9.999992251396179199e-01
1.000000000000000000e+00
1.000000000000000000e+00
1.000000000000000000e+00
9.999238848686218262e-01
9.998252987861633301e-01
9.997040033340454102e-01
9.986840486526489258e-01
9.979092478752136230e-01
9.976369142532348633e-01
9.984799623489379883e-01
9.992340207099914551e-01
9.996301531791687012e-01
9.997484087944030762e-01
9.998329281806945801e-01
9.999255537986755371e-01
9.999239444732666016e-01
9.999262094497680664e-01
9.999633431434631348e-01
9.999863505363464355e-01
9.963716864585876465e-01
9.855206608772277832e-01
9.309103488922119141e-01
8.953422307968139648e-01
9.205290675163269043e-01
9.431490898132324219e-01
9.564331769943237305e-01
9.492318034172058105e-01
9.611947536468505859e-01
9.772959351539611816e-01
9.909662008285522461e-01
9.963198304176330566e-01
9.984389543533325195e-01
9.984410405158996582e-01
9.979041814804077148e-01
9.961239695549011230e-01
9.909404516220092773e-01
9.755353331565856934e-01
9.561027884483337402e-01
9.358864426612854004e-01
9.327750802040100098e-01
9.395275712013244629e-01
9.575299620628356934e-01
9.753277897834777832e-01
9.901160001754760742e-01
9.910894632339477539e-01
9.929302930831909180e-01
9.951415061950683594e-01
9.969626069068908691e-01
9.981709718704223633e-01
9.990081787109375000e-01
9.996851086616516113e-01
9.999104142189025879e-01
9.986386895179748535e-01
9.865693449974060059e-01
9.398975372314453125e-01
8.778185248374938965e-01
9.223400354385375977e-01
9.558858871459960938e-01
9.794152975082397461e-01
9.735934734344482422e-01
9.385229349136352539e-01
8.808054327964782715e-01
9.364227056503295898e-01
9.751132130622863770e-01
9.974061250686645508e-01
9.990639090538024902e-01
9.998500943183898926e-01
9.998401999473571777e-01
9.998605847358703613e-01
9.998881816864013672e-01
9.999232292175292969e-01
9.998116493225097656e-01
9.996197819709777832e-01
9.993316531181335449e-01
9.989416599273681641e-01
9.938208460807800293e-01
9.813774228096008301e-01
9.370093941688537598e-01
8.819407820701599121e-01
8.158816695213317871e-01
7.764312624931335449e-01
7.976525425910949707e-01
9.326775074005126953e-01
9.794870615005493164e-01
9.983312487602233887e-01
9.991366863250732422e-01
9.996529817581176758e-01
9.999775290489196777e-01
9.999918937683105469e-01
9.999915361404418945e-01
9.999862313270568848e-01
9.999809861183166504e-01
9.999864697456359863e-01
9.999951124191284180e-01
9.999985694885253906e-01
9.999998211860656738e-01
9.999998211860656738e-01
9.999992847442626953e-01
9.998128414154052734e-01
9.923914074897766113e-01
9.350239634513854980e-01
8.228143453598022461e-01
6.929833292961120605e-01
7.472366094589233398e-01
8.218325972557067871e-01
9.079953432083129883e-01
9.209443330764770508e-01
9.405847191810607910e-01
9.660091400146484375e-01
9.834221005439758301e-01
9.841710925102233887e-01
9.678595066070556641e-01
9.808831810951232910e-01
9.916157722473144531e-01
9.987424015998840332e-01
9.992722868919372559e-01
9.994358420372009277e-01
9.997115731239318848e-01
9.997565746307373047e-01
9.994794726371765137e-01
9.987081289291381836e-01
9.983609914779663086e-01
9.941002130508422852e-01
9.818716645240783691e-01
7.939951419830322266e-01
5.258141160011291504e-01
1.624687463045120239e-01
4.305205643177032471e-01
8.066588044166564941e-01
9.454743862152099609e-01
9.854102730751037598e-01
9.869866371154785156e-01
9.833280444145202637e-01
9.593198895454406738e-01
8.899800777435302734e-01
6.328382492065429688e-01
5.276558995246887207e-01
5.464573502540588379e-01
8.564777970314025879e-01
9.889540076255798340e-01
9.992051124572753906e-01
9.997320175170898438e-01
9.999781250953674316e-01
9.999935626983642578e-01
9.999945163726806641e-01
9.999962449073791504e-01
9.999986290931701660e-01
9.999995231628417969e-01
1.000000000000000000e+00
1.000000000000000000e+00
1.000000000000000000e+00
1.000000000000000000e+00
9.999999403953552246e-01
9.999988675117492676e-01
9.999926090240478516e-01
9.999772906303405762e-01
9.999688267707824707e-01
9.999604225158691406e-01
9.999492168426513672e-01
9.998975396156311035e-01
9.998337626457214355e-01
9.997673034667968750e-01
9.998205304145812988e-01
9.999029636383056641e-01
9.999312162399291992e-01
9.998169541358947754e-01
9.996509552001953125e-01
9.995632767677307129e-01
9.995230436325073242e-01
9.995192289352416992e-01
9.995892047882080078e-01
9.995181560516357422e-01
9.991278648376464844e-01
9.948447942733764648e-01
9.897316694259643555e-01
9.838607311248779297e-01
9.854274988174438477e-01
9.778860807418823242e-01
9.601069688796997070e-01
9.225854277610778809e-01
9.144340753555297852e-01
9.491135478019714355e-01
9.742453098297119141e-01
9.875208139419555664e-01
9.819703698158264160e-01
9.909798502922058105e-01
9.993612170219421387e-01
9.998490214347839355e-01
9.997648000717163086e-01
9.993987083435058594e-01
9.986724853515625000e-01
9.987971186637878418e-01
9.990885853767395020e-01
9.986897110939025879e-01
9.804806113243103027e-01
8.759876489639282227e-01
2.696671783924102783e-01
1.779870316386222839e-02
1.435175188817083836e-03
2.076263725757598877e-02
3.461217582225799561e-01
9.169740080833435059e-01
9.264190793037414551e-01
8.803206682205200195e-01
7.751429080963134766e-01
5.155920386314392090e-01
4.524162411689758301e-01
6.662243008613586426e-01
8.667875528335571289e-01
9.952830076217651367e-01
9.992684721946716309e-01
9.999622702598571777e-01
9.999775886535644531e-01
9.999631643295288086e-01
9.998263120651245117e-01
9.995653629302978516e-01
9.990279674530029297e-01
9.984888434410095215e-01
9.980608820915222168e-01
9.981641769409179688e-01
9.985666275024414062e-01
9.991142749786376953e-01
9.994916915893554688e-01
9.993203282356262207e-01
9.986759424209594727e-01
9.965049028396606445e-01
9.951073527336120605e-01
9.944418072700500488e-01
9.977004528045654297e-01
9.996758699417114258e-01
9.999693036079406738e-01
9.999962449073791504e-01
9.999907016754150391e-01
9.999724030494689941e-01
9.999060034751892090e-01
9.998436570167541504e-01
9.998096227645874023e-01
9.999024271965026855e-01
9.999650716781616211e-01
9.998216629028320312e-01
9.997370243072509766e-01
9.997043013572692871e-01
9.998013973236083984e-01
9.998761415481567383e-01
9.999244809150695801e-01
9.998553395271301270e-01
9.954744577407836914e-01
9.699749946594238281e-01
4.474245607852935791e-01
1.523372530937194824e-01
8.607804775238037109e-02
4.468565583229064941e-01
7.402784824371337891e-01
9.215154647827148438e-01
9.715381860733032227e-01
9.949579238891601562e-01
9.992284178733825684e-01
9.687959551811218262e-01
9.027269482612609863e-01
7.657656073570251465e-01
5.493358969688415527e-01
3.646893501281738281e-01
4.013987183570861816e-01
6.160610914230346680e-01
8.880531191825866699e-01
9.661183357238769531e-01
9.984329938888549805e-01
9.998074173927307129e-01
9.998173713684082031e-01
9.998135566711425781e-01
9.997969269752502441e-01
9.998745322227478027e-01
9.999380707740783691e-01
9.999822378158569336e-01
9.999713301658630371e-01
9.999566674232482910e-01
9.999452233314514160e-01
9.999116063117980957e-01
9.998914599418640137e-01
9.999154210090637207e-01
9.999439120292663574e-01
9.999666213989257812e-01
9.999624490737915039e-01
9.999423623085021973e-01
9.997893571853637695e-01
9.988195896148681641e-01
9.747949242591857910e-01
9.312175512313842773e-01
8.216723799705505371e-01
7.620102167129516602e-01
7.495076656341552734e-01
8.963866233825683594e-01
9.868225455284118652e-01
9.976875185966491699e-01
9.992663264274597168e-01
9.996218681335449219e-01
9.998035430908203125e-01
9.999191164970397949e-01
9.999935030937194824e-01
9.999978542327880859e-01
9.999969005584716797e-01
9.999690055847167969e-01
9.998331069946289062e-01
9.992477893829345703e-01
9.984222054481506348e-01
9.976466894149780273e-01
9.979059696197509766e-01
9.989615082740783691e-01
9.994443058967590332e-01
9.997338056564331055e-01
9.998103380203247070e-01
9.997884035110473633e-01
9.990102052688598633e-01
9.970660209655761719e-01
9.519852399826049805e-01
8.998937010765075684e-01
8.496038317680358887e-01
9.088967442512512207e-01
9.713889956474304199e-01
9.244176149368286133e-01
9.427213072776794434e-01
9.842956066131591797e-01
9.712975025177001953e-01
9.363147020339965820e-01
8.866458535194396973e-01
8.575148582458496094e-01
8.566980361938476562e-01
8.845005631446838379e-01
9.499772787094116211e-01
9.925443530082702637e-01
9.990105628967285156e-01
9.999446272850036621e-01
9.999846220016479492e-01
9.999794363975524902e-01
9.999890923500061035e-01
1.000000000000000000e+00
1.000000000000000000e+00
9.999087452888488770e-01
9.996889829635620117e-01
9.989139437675476074e-01
9.988794326782226562e-01
9.993589520454406738e-01
9.997050762176513672e-01
9.998622536659240723e-01
9.998270869255065918e-01
9.869878292083740234e-01
7.729510664939880371e-01
2.628728747367858887e-01
2.928686439990997314e-01
4.748927056789398193e-01
7.945804595947265625e-01
9.340273737907409668e-01
9.993870854377746582e-01
9.998460412025451660e-01
9.999848008155822754e-01
9.999591708183288574e-01
9.999128580093383789e-01
9.989900588989257812e-01
9.972966313362121582e-01
9.906641244888305664e-01
9.863369464874267578e-01
9.845796227455139160e-01
9.872970581054687500e-01
9.892421960830688477e-01
9.893063306808471680e-01
9.919117689132690430e-01
9.950470328330993652e-01
9.981795549392700195e-01
9.993399381637573242e-01
9.997016191482543945e-01
9.997842907905578613e-01
9.998809099197387695e-01
9.999095797538757324e-01
9.990548491477966309e-01
9.988676309585571289e-01
9.992738366127014160e-01
9.989494085311889648e-01
9.962472319602966309e-01
9.904049634933471680e-01
9.740206003189086914e-01
9.584777951240539551e-01
9.477342367172241211e-01
9.682710170745849609e-01
9.924255609512329102e-01
9.979510903358459473e-01
9.997723102569580078e-01
9.998092651367187500e-01
9.999427795410156250e-01
9.991501569747924805e-01
9.975230097770690918e-01
9.890272617340087891e-01
9.724748730659484863e-01
9.467688798904418945e-01
9.187099933624267578e-01
9.104881286621093750e-01
9.377733469009399414e-01
9.700937867164611816e-01
9.951543211936950684e-01
9.955192804336547852e-01
9.952464103698730469e-01
9.950000047683715820e-01
9.964579939842224121e-01
9.977513551712036133e-01
9.989050030708312988e-01
9.994180202484130859e-01
9.997811913490295410e-01
9.999864697456359863e-01
9.995615482330322266e-01
9.993062615394592285e-01
9.994013905525207520e-01
9.996733665466308594e-01
9.999157190322875977e-01
9.999774694442749023e-01
9.999971389770507812e-01
9.999985098838806152e-01
9.999917149543762207e-01
9.992785453796386719e-01
9.976361989974975586e-01
9.873262047767639160e-01
9.844748377799987793e-01
9.891924262046813965e-01
9.951046109199523926e-01
9.973090887069702148e-01
9.934682846069335938e-01
9.888162016868591309e-01
9.863883852958679199e-01
9.903637170791625977e-01
9.942485690116882324e-01
9.976643323898315430e-01
9.987941384315490723e-01
9.990504384040832520e-01
9.974530935287475586e-01
9.700091481208801270e-01
8.313320279121398926e-01
5.770795345306396484e-01
7.248253822326660156e-01
8.716519474983215332e-01
9.697064161300659180e-01
9.924165606498718262e-01
9.970152378082275391e-01
9.978384375572204590e-01
9.985595941543579102e-01
9.984278082847595215e-01
9.934741854667663574e-01
9.366039037704467773e-01
8.343297243118286133e-01
4.393262565135955811e-01
2.107830643653869629e-01
1.700081825256347656e-01
3.377918899059295654e-01
5.171605944633483887e-01
6.800116300582885742e-01
7.109012603759765625e-01
7.280975580215454102e-01
8.140106201171875000e-01
8.937093615531921387e-01
9.641823768615722656e-01
9.872330427169799805e-01
9.983205795288085938e-01
9.997396469116210938e-01
9.997012019157409668e-01
9.994078278541564941e-01
9.987953901290893555e-01
9.978187084197998047e-01
9.974851012229919434e-01
9.986816048622131348e-01
9.993646740913391113e-01
9.996001720428466797e-01
9.986462593078613281e-01
9.968615174293518066e-01
9.947988986968994141e-01
9.957714676856994629e-01
9.971154928207397461e-01
9.988237023353576660e-01
9.990759491920471191e-01
9.992719292640686035e-01
9.995190501213073730e-01
9.997237920761108398e-01
9.998781085014343262e-01
9.999142289161682129e-01
9.999076724052429199e-01
9.998879432678222656e-01
9.999043345451354980e-01
9.999403953552246094e-01
9.999901056289672852e-01
9.997172355651855469e-01
9.972152709960937500e-01
9.918957352638244629e-01
9.674177765846252441e-01
9.437282681465148926e-01
9.275513887405395508e-01
9.512796401977539062e-01
9.830007553100585938e-01
9.923220872879028320e-01
9.956518411636352539e-01
9.952570199966430664e-01
9.931865334510803223e-01
9.668346643447875977e-01
9.155921339988708496e-01
8.063772916793823242e-01
7.458787560462951660e-01
7.786333560943603516e-01
8.784291744232177734e-01
9.723051190376281738e-01
9.912005662918090820e-01
9.967979788780212402e-01
9.945604801177978516e-01
9.817434549331665039e-01
9.672896265983581543e-01
9.514313936233520508e-01
9.715695381164550781e-01
9.835009574890136719e-01
9.818561077117919922e-01
9.690545797348022461e-01
9.422716498374938965e-01
8.836022019386291504e-01
9.080738425254821777e-01
9.626811146736145020e-01
9.884943366050720215e-01
9.997175335884094238e-01
9.999713301658630371e-01
9.999718070030212402e-01
9.998251795768737793e-01
9.994896650314331055e-01
9.781168103218078613e-01
9.285455346107482910e-01
8.211864829063415527e-01
7.064249515533447266e-01
6.098747849464416504e-01
6.198204755783081055e-01
6.052500605583190918e-01
5.767590999603271484e-01
6.438735723495483398e-01
7.351368665695190430e-01
8.549276590347290039e-01
9.283343553543090820e-01
9.784690141677856445e-01
9.918888211250305176e-01
9.767146110534667969e-01
8.462570905685424805e-01
2.387256771326065063e-01
2.114913659170269966e-03
1.025156851812572692e-31
3.548187086286857535e-32
2.555204629898071289e-01
7.990502715110778809e-01
9.344310760498046875e-01
9.955788254737854004e-01
9.968888163566589355e-01
9.872084856033325195e-01
9.673720598220825195e-01
9.191454648971557617e-01
9.374318718910217285e-01
9.940126538276672363e-01
9.977596402168273926e-01
9.992638826370239258e-01
9.982898831367492676e-01
9.955613613128662109e-01
9.878011345863342285e-01
9.702510833740234375e-01
9.210537672042846680e-01
8.489101529121398926e-01
7.204867005348205566e-01
6.064739823341369629e-01
4.963722527027130127e-01
2.700053751468658447e-01
1.086499989032745361e-01
2.000298351049423218e-02
2.564396336674690247e-02
2.304692566394805908e-01
8.291867971420288086e-01
9.884209632873535156e-01
9.998297691345214844e-01
9.998473525047302246e-01
9.998844265937805176e-01
9.998391866683959961e-01
9.966965913772583008e-01
9.948521256446838379e-01
9.945585727691650391e-01
9.970903992652893066e-01
9.992012381553649902e-01
9.995055794715881348e-01
9.990583062171936035e-01
9.936156272888183594e-01
9.631699323654174805e-01
8.136531114578247070e-01
5.833731293678283691e-01
8.375034928321838379e-01
9.694953560829162598e-01
9.409511089324951172e-01
5.633642673492431641e-01
2.936207950115203857e-01
4.478055834770202637e-01
6.871078610420227051e-01
9.269061088562011719e-01
9.304075837135314941e-01
6.089630722999572754e-01
2.640744484961032867e-02
2.963874489068984985e-02
1.671411097049713135e-01
4.864531457424163818e-01
7.803601622581481934e-01
9.980459213256835938e-01
9.986947178840637207e-01
9.991357922554016113e-01
9.994503855705261230e-01
9.995288252830505371e-01
9.995373487472534180e-01
9.994798898696899414e-01
9.996215105056762695e-01
9.997681379318237305e-01
9.998992681503295898e-01
9.999505281448364258e-01
9.999641180038452148e-01
9.999173283576965332e-01
9.750347137451171875e-01
9.101155400276184082e-01
3.168702721595764160e-01
1.965035636430911836e-07
4.530336639163579093e-07
1.403283029794692993e-01
3.936091065406799316e-01
8.607103824615478516e-01
9.694602489471435547e-01
9.485138654708862305e-01
9.497039318084716797e-01
9.645808339118957520e-01
9.897580742835998535e-01
9.958540201187133789e-01
9.978328347206115723e-01
9.941320419311523438e-01
9.867287874221801758e-01
9.801658987998962402e-01
9.784442782402038574e-01
9.824436306953430176e-01
9.747969508171081543e-01
8.161725401878356934e-01
7.053359150886535645e-01
6.410457491874694824e-01
6.890776157379150391e-01
7.656790614128112793e-01
8.790482282638549805e-01
9.381015896797180176e-01
9.745298624038696289e-01
9.843926429748535156e-01
6.138255000114440918e-01
2.643405059643555433e-05
9.674448847363237292e-06
3.193383454345166683e-04
1.055131317116320133e-03
1.840785443782806396e-01
4.148652851581573486e-01
6.893727183341979980e-01
7.918481826782226562e-01
8.234990239143371582e-01
9.252809286117553711e-01
9.824952483177185059e-01
9.988194108009338379e-01
9.974693059921264648e-01
9.954915046691894531e-01
9.945453405380249023e-01
9.944207668304443359e-01
9.937642216682434082e-01
9.896400570869445801e-01
9.892287254333496094e-01
9.913442134857177734e-01
9.957253932952880859e-01
9.986711740493774414e-01
9.997140765190124512e-01
9.999306797981262207e-01
9.999820590019226074e-01
9.999944567680358887e-01
9.999991059303283691e-01
1.000000000000000000e+00
1.000000000000000000e+00
9.999976754188537598e-01
9.999930858612060547e-01
9.987655282020568848e-01
9.959561824798583984e-01
9.901694059371948242e-01
9.877638816833496094e-01
9.876335263252258301e-01
9.933952093124389648e-01
9.972746372222900391e-01
9.997444152832031250e-01
9.999080300331115723e-01
9.999876618385314941e-01
9.999939799308776855e-01
9.999786019325256348e-01
9.996834397315979004e-01
9.984335899353027344e-01
9.930430054664611816e-01
9.856876134872436523e-01
9.861830472946166992e-01
9.897956252098083496e-01
9.970749616622924805e-01
9.988652467727661133e-01
9.988232254981994629e-01
9.961806535720825195e-01
9.950223565101623535e-01
9.948438405990600586e-01
9.973816275596618652e-01
9.990391135215759277e-01
9.998875856399536133e-01
9.999777078628540039e-01
9.999993443489074707e-01
9.999974370002746582e-01
9.999763965606689453e-01
9.996352195739746094e-01
9.976683259010314941e-01
9.939991831779479980e-01
9.890652298927307129e-01
9.810014367103576660e-01
9.539837241172790527e-01
8.977355360984802246e-01
8.650648593902587891e-01
8.589519262313842773e-01
9.290828704833984375e-01
9.709755182266235352e-01
9.948887228965759277e-01
9.917449355125427246e-01
9.900534152984619141e-01
9.902075529098510742e-01
9.954331517219543457e-01
9.997676014900207520e-01
9.988577961921691895e-01
9.938442111015319824e-01
9.877868294715881348e-01
9.947177171707153320e-01
9.971187710762023926e-01
9.946310520172119141e-01
5.769417881965637207e-01
2.015152275562286377e-01
4.598711058497428894e-02
3.531400949441376724e-09
1.200310420244932175e-03
1.194225531071424484e-02
2.433737665414810181e-01
6.802037954330444336e-01
6.241336464881896973e-01
6.349845528602600098e-01
8.626593351364135742e-01
5.584144592285156250e-01
1.755863726139068604e-01
4.496038258075714111e-01
6.094905734062194824e-01
6.759180426597595215e-01
4.831544160842895508e-01
3.321999311447143555e-01
2.749375700950622559e-01
4.737429320812225342e-01
7.222243547439575195e-01
8.377341628074645996e-01
8.622702956199645996e-01
8.200718164443969727e-01
7.908135652542114258e-01
8.188779950141906738e-01
9.373687505722045898e-01
9.790154099464416504e-01
9.964573979377746582e-01
9.977709054946899414e-01
9.984490275382995605e-01
9.987051486968994141e-01
9.987019300460815430e-01
9.972966909408569336e-01
9.938525557518005371e-01
9.498248100280761719e-01
9.072483777999877930e-01
9.043257236480712891e-01
9.295577406883239746e-01
9.716929793357849121e-01
9.877371788024902344e-01
9.964937567710876465e-01
9.953717589378356934e-01
9.880327582359313965e-01
9.830058217048645020e-01
9.900118708610534668e-01
9.947063922882080078e-01
9.979453682899475098e-01
9.978697896003723145e-01
9.967122673988342285e-01
9.941657781600952148e-01
9.724789857864379883e-01
9.572232961654663086e-01
9.740068316459655762e-01
9.874729514122009277e-01
9.985893368721008301e-01
9.992927312850952148e-01
9.995908737182617188e-01
9.993815422058105469e-01
9.992523789405822754e-01
9.992035031318664551e-01
9.993539452552795410e-01
9.954377412796020508e-01
9.847398400306701660e-01
8.803776502609252930e-01
8.284863829612731934e-01
8.414075970649719238e-01
9.111304879188537598e-01
9.742814898490905762e-01
9.852151274681091309e-01
9.910085201263427734e-01
9.939156770706176758e-01
9.954208135604858398e-01
9.957067966461181641e-01
9.944583177566528320e-01
9.890112280845642090e-01
9.762035012245178223e-01
9.428101778030395508e-01
9.129666090011596680e-01
8.877593874931335449e-01
9.302495121955871582e-01
9.660146236419677734e-01
9.930487275123596191e-01
9.979180693626403809e-01
9.980408549308776855e-01
9.972304701805114746e-01
9.975898265838623047e-01
9.986184239387512207e-01
9.986916184425354004e-01
9.858423471450805664e-01
9.553859233856201172e-01
8.658873438835144043e-01
7.765682935714721680e-01
7.345634698867797852e-01
7.684614658355712891e-01
8.501216769218444824e-01
9.179472327232360840e-01
9.687952399253845215e-01
9.946499466896057129e-01
9.998447895050048828e-01
9.997295141220092773e-01
9.990242123603820801e-01
9.985061287879943848e-01
9.981170296669006348e-01
9.983757734298706055e-01
9.985980391502380371e-01
9.987492561340332031e-01
9.990185499191284180e-01
9.987379908561706543e-01
9.956785440444946289e-01
9.743491411209106445e-01
9.391575455665588379e-01
9.293357729911804199e-01
9.308722019195556641e-01
9.511714577674865723e-01
9.399756193161010742e-01
9.096297025680541992e-01
8.278195858001708984e-01
5.393119454383850098e-01
7.329550385475158691e-02
2.689963951706886292e-02
5.591266229748725891e-02
1.787269860506057739e-01
4.478023946285247803e-01
7.119548320770263672e-01
4.912882447242736816e-01
2.732703685760498047e-01
5.784314498305320740e-02
2.449866943061351776e-02
2.858019247651100159e-02
7.329499721527099609e-02
1.391603797674179077e-01
2.129253596067428589e-01
2.626633942127227783e-01
3.921328485012054443e-01
6.122136116027832031e-01
8.213421702384948730e-01
9.800797104835510254e-01
9.941664934158325195e-01
9.994496107101440430e-01
9.997996091842651367e-01
9.998051524162292480e-01
9.998518824577331543e-01
9.999548792839050293e-01
9.999871253967285156e-01
9.999979138374328613e-01
9.999886751174926758e-01
9.894413948059082031e-01
9.716810584068298340e-01
4.232945144176483154e-01
5.780207738280296326e-02
1.102114096283912659e-02
1.047475871018832549e-05
2.738633193075656891e-02
2.059942930936813354e-01
3.906069099903106689e-01
5.804637074470520020e-01
4.266089797019958496e-01
3.398920595645904541e-01
4.517674148082733154e-01
6.817961335182189941e-01
9.377992153167724609e-01
9.775172472000122070e-01
9.984258413314819336e-01
9.992508888244628906e-01
9.877825975418090820e-01
8.757043480873107910e-01
4.834257960319519043e-01
3.494451344013214111e-01
3.685193657875061035e-01
7.351167798042297363e-01
9.607314467430114746e-01
9.936620593070983887e-01
9.999635219573974609e-01
9.993971586227416992e-01
9.964651465415954590e-01
8.804913759231567383e-01
6.836711764335632324e-01
7.272047400474548340e-01
8.038079142570495605e-01
9.261375069618225098e-01
9.769104123115539551e-01
9.995849728584289551e-01
9.993938803672790527e-01
9.711906313896179199e-01
9.167590737342834473e-01
8.506771922111511230e-01
8.196894526481628418e-01
8.795393109321594238e-01
9.388291835784912109e-01
9.945917129516601562e-01
9.979519844055175781e-01
9.981268048286437988e-01
9.942697882652282715e-01
9.800500273704528809e-01
9.655788540840148926e-01
9.581892490386962891e-01
9.705573916435241699e-01
9.962737560272216797e-01
9.981465339660644531e-01
9.984927177429199219e-01
9.969863295555114746e-01
9.868972301483154297e-01
9.710102081298828125e-01
9.357437491416931152e-01
9.154561758041381836e-01
9.092620611190795898e-01
9.559959173202514648e-01
9.949312806129455566e-01
9.982332587242126465e-01
9.970728754997253418e-01
9.934806227684020996e-01
9.863079190254211426e-01
9.733828902244567871e-01
9.527907371520996094e-01
9.367459416389465332e-01
9.336201548576354980e-01
9.801639318466186523e-01
9.737101197242736816e-01
9.278384447097778320e-01
9.201728105545043945e-01
9.262778759002685547e-01
9.560313820838928223e-01
9.771193861961364746e-01
9.933874607086181641e-01
9.967110753059387207e-01
9.982749819755554199e-01
9.979386329650878906e-01
9.979793429374694824e-01
9.981777667999267578e-01
9.986782670021057129e-01
9.990805983543395996e-01
9.994233250617980957e-01
9.996898174285888672e-01
9.998890757560729980e-01
9.999786019325256348e-01
1.000000000000000000e+00
9.999824762344360352e-01
9.998571872711181641e-01
9.998189210891723633e-01
9.998612403869628906e-01
9.999039769172668457e-01
9.999170303344726562e-01
9.998530745506286621e-01
9.988973736763000488e-01
9.973279237747192383e-01
9.917002320289611816e-01
9.902935624122619629e-01
9.948816895484924316e-01
9.976618289947509766e-01
9.995666742324829102e-01
9.995396137237548828e-01
9.989132881164550781e-01
9.977888464927673340e-01
9.986584186553955078e-01
9.994955658912658691e-01
9.998773932456970215e-01
1.000000000000000000e+00
9.999830126762390137e-01
9.996803998947143555e-01
9.996033906936645508e-01
9.998202323913574219e-01
9.999176263809204102e-01
9.999732971191406250e-01
9.999688267707824707e-01
9.999673366546630859e-01
9.999682307243347168e-01
9.996631145477294922e-01
9.932470917701721191e-01
9.734263420104980469e-01
9.710458517074584961e-01
9.768970608711242676e-01
9.883620142936706543e-01
9.961047172546386719e-01
9.991260170936584473e-01
9.998393654823303223e-01
9.997901320457458496e-01
9.986915588378906250e-01
9.787775278091430664e-01
9.443106651306152344e-01
7.426683902740478516e-01
5.369130969047546387e-01
3.458331227302551270e-01
3.720734119415283203e-01
5.024589896202087402e-01
7.051660418510437012e-01
8.308864235877990723e-01
8.565176129341125488e-01
8.431013822555541992e-01
8.379805684089660645e-01
9.113414287567138672e-01
9.620624184608459473e-01
9.946827292442321777e-01
9.986272454261779785e-01
9.998522996902465820e-01
9.999635219573974609e-01
1.000000000000000000e+00
9.999957084655761719e-01
9.998977184295654297e-01
9.988254904747009277e-01
9.963899254798889160e-01
7.694672346115112305e-01
4.763480126857757568e-01
1.520325839519500732e-01
2.142992988228797913e-02
6.126806139945983887e-02
4.622093141078948975e-01
8.164485692977905273e-01
9.467140436172485352e-01
9.950777888298034668e-01
9.982047677040100098e-01
9.990997314453125000e-01
9.997277855873107910e-01
9.999301433563232422e-01
9.999890923500061035e-01
9.999992847442626953e-01
9.999937415122985840e-01
9.999933242797851562e-01
9.999980330467224121e-01
9.999979734420776367e-01
9.999910593032836914e-01
9.999648928642272949e-01
9.997558593750000000e-01
9.994279742240905762e-01
9.994571805000305176e-01
9.995870590209960938e-01
9.998916983604431152e-01
9.999862313270568848e-01
9.999876618385314941e-01
9.999000430107116699e-01
9.997813105583190918e-01
9.996241331100463867e-01
9.997953176498413086e-01
9.999872446060180664e-01
9.999402165412902832e-01
9.999343156814575195e-01
9.999616742134094238e-01
9.998775124549865723e-01
9.951106905937194824e-01
9.786789417266845703e-01
5.884547829627990723e-01
1.217621099203824997e-02
4.636611789464950562e-03
4.269432649016380310e-02
1.532282680273056030e-01
5.089338421821594238e-01
8.997982740402221680e-01
9.637845158576965332e-01
9.975585937500000000e-01
9.994931221008300781e-01
9.997781515121459961e-01
9.997845292091369629e-01
9.997980594635009766e-01
9.993722438812255859e-01
9.986346960067749023e-01
9.213563203811645508e-01
7.671368718147277832e-01
4.543602466583251953e-01
4.965793490409851074e-01
7.045953273773193359e-01
8.713080883026123047e-01
9.134433269500732422e-01
7.756228446960449219e-01
7.036922574043273926e-01
6.782441139221191406e-01
8.219506144523620605e-01
9.237826466560363770e-01
9.842211604118347168e-01
9.956725239753723145e-01
9.987181425094604492e-01
9.988327026367187500e-01
9.961233735084533691e-01
9.914755225181579590e-01
9.303031563758850098e-01
8.080962896347045898e-01
5.615683794021606445e-01
3.179612159729003906e-01
8.798605948686599731e-02
1.232898905873298645e-01
2.758088707923889160e-01
5.983459353446960449e-01
7.911012768745422363e-01
9.300292730331420898e-01
9.701027870178222656e-01
9.931380748748779297e-01
9.987021088600158691e-01
9.996145963668823242e-01
9.975298047065734863e-01
9.874223470687866211e-01
9.521437883377075195e-01
8.985027670860290527e-01
9.425562620162963867e-01
9.798112511634826660e-01
9.860941171646118164e-01
7.987108826637268066e-01
5.112386941909790039e-01
1.953230947256088257e-01
4.124390065585181731e-12
1.397485859672142894e-11
1.049231737852096558e-03
4.087923467159271240e-02
4.190869629383087158e-01
5.152864456176757812e-01
2.816873788833618164e-01
1.197177767753601074e-01
4.096564020925832122e-22
1.292395617297887385e-22
2.123140555856193261e-23
6.061327623413444386e-23
1.376832872629165649e-01
3.674733042716979980e-01
8.174791932106018066e-01
9.799968004226684570e-01
9.642756581306457520e-01
9.251334071159362793e-01
9.053099751472473145e-01
9.249593019485473633e-01
9.220334887504577637e-01
9.098061323165893555e-01
9.132443070411682129e-01
9.279465675354003906e-01
9.591550827026367188e-01
9.546285271644592285e-01
9.412959218025207520e-01
9.452285766601562500e-01
9.601140022277832031e-01
9.870170354843139648e-01
9.958065152168273926e-01
9.999956488609313965e-01
9.999948143959045410e-01
9.999288916587829590e-01
9.998092651367187500e-01
9.990511536598205566e-01
9.983178377151489258e-01
9.978541731834411621e-01
9.973801374435424805e-01
9.968991279602050781e-01
9.811567068099975586e-01
9.580636620521545410e-01
9.205973148345947266e-01
9.176245927810668945e-01
9.318165779113769531e-01
9.721879363059997559e-01
9.967516660690307617e-01
9.965800642967224121e-01
9.966291189193725586e-01
9.968467354774475098e-01
9.979128241539001465e-01
9.987382292747497559e-01
9.992727637290954590e-01
9.995085597038269043e-01
9.996686577796936035e-01
9.998072385787963867e-01
9.999125599861145020e-01
9.999862909317016602e-01
9.999972581863403320e-01
9.999936819076538086e-01
9.999729990959167480e-01
9.998780488967895508e-01
9.997276067733764648e-01
9.995893239974975586e-01
9.995373487472534180e-01
9.997056126594543457e-01
9.998247623443603516e-01
9.999151825904846191e-01
9.997283816337585449e-01
9.990877509117126465e-01
9.975529313087463379e-01
9.953052401542663574e-01
9.929048418998718262e-01
9.949818849563598633e-01
9.970616698265075684e-01
9.991458654403686523e-01
9.998065233230590820e-01
9.999565482139587402e-01
9.999830126762390137e-01
9.999962449073791504e-01
9.999929070472717285e-01
9.999846816062927246e-01
9.999768733978271484e-01
9.999794363975524902e-01
9.999698400497436523e-01
9.999477267265319824e-01
9.998157620429992676e-01
9.996544122695922852e-01
9.994568824768066406e-01
9.990916252136230469e-01
9.985857009887695312e-01
9.975465536117553711e-01
9.970188736915588379e-01
9.982783794403076172e-01
9.989393949508666992e-01
9.991904497146606445e-01
9.975916147232055664e-01
9.951675534248352051e-01
9.910126924514770508e-01
9.818738102912902832e-01
9.699017405509948730e-01
3.923251628875732422e-01
6.548334495164453983e-04
1.623399584786966443e-04
7.478354871273040771e-02
1.949913501739501953e-01
6.741369962692260742e-01
9.786962866783142090e-01
9.926825165748596191e-01
9.969418644905090332e-01
9.972460269927978516e-01
9.943403601646423340e-01
9.733226299285888672e-01
9.270623922348022461e-01
6.586198806762695312e-01
3.744966685771942139e-01
5.272664427757263184e-01
7.103382945060729980e-01
9.292404651641845703e-01
9.784449934959411621e-01
9.856594800949096680e-01
9.940538406372070312e-01
9.984768033027648926e-01
9.987960457801818848e-01
9.950247406959533691e-01
9.913681745529174805e-01
9.917104840278625488e-01
9.894405603408813477e-01
9.848499894142150879e-01
7.874718904495239258e-01
6.496393680572509766e-01
8.269922733306884766e-01
9.199763536453247070e-01
9.468958973884582520e-01
8.856986165046691895e-01
7.095974087715148926e-01
2.159993648529052734e-01
1.059868931770324707e-02
2.445568330585956573e-03
2.443208545446395874e-01
5.230451226234436035e-01
8.538997769355773926e-01
9.854435920715332031e-01
9.978311657905578613e-01
9.971539378166198730e-01
9.954073429107666016e-01
9.922180175781250000e-01
9.887152314186096191e-01
9.850522875785827637e-01
9.180049300193786621e-01
8.602608442306518555e-01
8.213384747505187988e-01
8.515555262565612793e-01
9.140432476997375488e-01
9.646532535552978516e-01
9.974806308746337891e-01
9.992458224296569824e-01
9.998497366905212402e-01
9.999647736549377441e-01
9.999838471412658691e-01
9.999918341636657715e-01
9.999823570251464844e-01
9.999423027038574219e-01
9.998910427093505859e-01
9.998411536216735840e-01
9.997934103012084961e-01
9.997485876083374023e-01
9.965667128562927246e-01
9.796223640441894531e-01
8.337615132331848145e-01
6.754266619682312012e-01
5.005399584770202637e-01
4.816434383392333984e-01
5.234351158142089844e-01
6.786891222000122070e-01
7.639104127883911133e-01
7.629385590553283691e-01
7.137003540992736816e-01
6.719602942466735840e-01
7.732744812965393066e-01
8.729222416877746582e-01
9.706406593322753906e-01
9.910082221031188965e-01
9.894831776618957520e-01
9.713072180747985840e-01
9.511722326278686523e-01
9.289030432701110840e-01
9.614959955215454102e-01
9.988898038864135742e-01
9.958859086036682129e-01
9.759510159492492676e-01
9.385373592376708984e-01
8.514081239700317383e-01
7.601564526557922363e-01
6.995311975479125977e-01
6.746394634246826172e-01
6.853144764900207520e-01
6.608676910400390625e-01
5.685461163520812988e-01
1.868952959775924683e-01
2.820919609014538310e-10
3.758837685552407493e-11
1.671202340958188870e-07
1.798674836754798889e-02
1.160284131765365601e-01
2.562462985515594482e-01
4.356009364128112793e-01
2.328502684831619263e-01
1.334544830024242401e-02
4.314002115279436111e-03
1.193337908489411348e-07
1.498699830904115515e-08
5.607599717905031866e-09
1.153575838543474674e-03
7.165746297687292099e-03
3.200128376483917236e-01
9.093396067619323730e-01
9.952207207679748535e-01
9.913952350616455078e-01
9.552377462387084961e-01
8.526245355606079102e-01
6.910040974617004395e-01
7.628648281097412109e-01
8.665258288383483887e-01
9.482241868972778320e-01
9.887182712554931641e-01
9.924338459968566895e-01
9.673511385917663574e-01
9.441432952880859375e-01
9.478025436401367188e-01
9.594441056251525879e-01
9.782506227493286133e-01
9.726313352584838867e-01
9.611487388610839844e-01
9.418020844459533691e-01
9.250624179840087891e-01
9.106757640838623047e-01
9.156821966171264648e-01
9.253642559051513672e-01
9.412922263145446777e-01
9.505074024200439453e-01
9.534971714019775391e-01
9.675737023353576660e-01
9.825223684310913086e-01
9.926000833511352539e-01
9.963296651840209961e-01
9.939846396446228027e-01
8.992898464202880859e-01
7.231765389442443848e-01
2.400366812944412231e-01
8.518602938998210035e-16
1.216419912736062454e-16
0.000000000000000000e+00
3.662750357761979103e-03
2.611797489225864410e-02
3.117213845252990723e-01
8.694778084754943848e-01
9.844468235969543457e-01
9.996079802513122559e-01
9.998565912246704102e-01
9.999696612358093262e-01
9.999347925186157227e-01
9.992877244949340820e-01
9.984738230705261230e-01
9.975250363349914551e-01
9.972833395004272461e-01
9.978555440902709961e-01
9.893114566802978516e-01
9.769377112388610840e-01
9.539582133293151855e-01
9.446004033088684082e-01
9.520031809806823730e-01
9.748554229736328125e-01
9.992311000823974609e-01
9.980024099349975586e-01
9.973036050796508789e-01
9.973102807998657227e-01
9.984228014945983887e-01
9.997758865356445312e-01
9.998601078987121582e-01
9.998380541801452637e-01
9.996627569198608398e-01
9.994696378707885742e-01
9.992818832397460938e-01
9.992634057998657227e-01
9.992991089820861816e-01
9.994201064109802246e-01
9.995604157447814941e-01
9.997052550315856934e-01
9.997745156288146973e-01
9.993977546691894531e-01
9.982392191886901855e-01
9.815695881843566895e-01
9.575551748275756836e-01
9.085015058517456055e-01
8.818211555480957031e-01
8.988791108131408691e-01
9.372619986534118652e-01
9.863908886909484863e-01
9.937226772308349609e-01
9.986308217048645020e-01
9.992336630821228027e-01
9.991105198860168457e-01
9.985713958740234375e-01
9.982206821441650391e-01
9.982652068138122559e-01
9.992959499359130859e-01
9.996455311775207520e-01
9.995501041412353516e-01
9.996451139450073242e-01
9.997369647026062012e-01
9.997760653495788574e-01
9.997847676277160645e-01
9.997709989547729492e-01
9.997270703315734863e-01
9.996763467788696289e-01
9.996137022972106934e-01
9.995490312576293945e-01
9.994829297065734863e-01
9.994775652885437012e-01
9.995110034942626953e-01
9.996736645698547363e-01
9.998282790184020996e-01
9.999747276306152344e-01
9.998165369033813477e-01
9.993560910224914551e-01
9.975226521492004395e-01
9.942453503608703613e-01
9.893452525138854980e-01
9.865694642066955566e-01
9.851693511009216309e-01
9.902419447898864746e-01
9.907722473144531250e-01
9.853217005729675293e-01
9.410444498062133789e-01
8.838320970535278320e-01
8.257448077201843262e-01
8.228732347488403320e-01
9.065785408020019531e-01
9.594752788543701172e-01
9.986241459846496582e-01
9.994210004806518555e-01
9.999538660049438477e-01
9.999884366989135742e-01
9.999939799308776855e-01
9.999848604202270508e-01
9.999674558639526367e-01
9.998271465301513672e-01
9.994069337844848633e-01
9.929029345512390137e-01
9.826964139938354492e-01
9.780296087265014648e-01
9.775514602661132812e-01
9.881657361984252930e-01
9.949826598167419434e-01
9.989793300628662109e-01
9.996397495269775391e-01
9.998470544815063477e-01
9.998855590820312500e-01
9.999192953109741211e-01
9.999486207962036133e-01
9.997724890708923340e-01
9.993519186973571777e-01
9.978600740432739258e-01
9.967661499977111816e-01
9.961097240447998047e-01
9.897216558456420898e-01
9.784627556800842285e-01
9.393091797828674316e-01
9.075867533683776855e-01
8.860456943511962891e-01
8.684071898460388184e-01
8.556935191154479980e-01
9.067302346229553223e-01
9.505507946014404297e-01
9.819557070732116699e-01
9.951224923133850098e-01
9.998062252998352051e-01
9.999188184738159180e-01
9.999858736991882324e-01
9.999685287475585938e-01
9.997889995574951172e-01
9.995121359825134277e-01
9.971573352813720703e-01
9.956807494163513184e-01
9.971848726272583008e-01
9.984216690063476562e-01
9.994550347328186035e-01
9.978163242340087891e-01
9.718915820121765137e-01
8.464879393577575684e-01
8.133611679077148438e-01
8.700264096260070801e-01
9.302157163619995117e-01
9.843361973762512207e-01
9.943861365318298340e-01
9.999685287475585938e-01
9.999935626983642578e-01
9.999988675117492676e-01
9.999980330467224121e-01
9.999987483024597168e-01
9.999970793724060059e-01
9.999914765357971191e-01
9.949815273284912109e-01
9.863116741180419922e-01
5.131326913833618164e-01
1.535833477973937988e-01
4.206012189388275146e-02
2.219698280096054077e-01
5.756947398185729980e-01
8.174905776977539062e-01
9.941409230232238770e-01
9.953871369361877441e-01
9.960764646530151367e-01
9.963253736495971680e-01
9.982255697250366211e-01
9.999631643295288086e-01
9.997537732124328613e-01
9.995843768119812012e-01
9.994570612907409668e-01
9.995915889739990234e-01
9.997789859771728516e-01
9.998432993888854980e-01
9.998939633369445801e-01
9.999255537986755371e-01
9.998218417167663574e-01
9.996572732925415039e-01
9.992239475250244141e-01
9.989466071128845215e-01
9.989686012268066406e-01
9.992674589157104492e-01
9.997162222862243652e-01
9.998316764831542969e-01
9.999200701713562012e-01
9.999760389328002930e-01
9.999558329582214355e-01
9.998785257339477539e-01
9.999194741249084473e-01
9.999682307243347168e-01
9.999804496765136719e-01
9.999703764915466309e-01
9.999374151229858398e-01
9.999144673347473145e-01
9.998499155044555664e-01
9.994243383407592773e-01
9.960992932319641113e-01
9.886732101440429688e-01
9.911226630210876465e-01
9.972882866859436035e-01
9.988224506378173828e-01
9.998737573623657227e-01
9.999505877494812012e-01
9.999856352806091309e-01
9.999969005584716797e-01
9.999891519546508789e-01
9.999814033508300781e-01
9.999772310256958008e-01
9.999765753746032715e-01
9.999787211418151855e-01
9.999280571937561035e-01
9.998661875724792480e-01
9.997909069061279297e-01
9.997229576110839844e-01
9.996635913848876953e-01
9.995552897453308105e-01
9.994500875473022461e-01
9.995672106742858887e-01
9.997166991233825684e-01
9.999188780784606934e-01
9.999892115592956543e-01
9.999979734420776367e-01
9.999992251396179199e-01
9.999814033508300781e-01
9.999170899391174316e-01
9.922336935997009277e-01
9.793055057525634766e-01
9.607146978378295898e-01
9.477080106735229492e-01
9.603460431098937988e-01
9.763793349266052246e-01
9.958333373069763184e-01
9.998434782028198242e-01
9.999589920043945312e-01
9.998892545700073242e-01
9.990689158439636230e-01
9.971382021903991699e-01
9.522256851196289062e-01
8.867123723030090332e-01
4.781109988689422607e-01
1.791143715381622314e-01
1.256677508354187012e-01
4.256420731544494629e-01
9.526720046997070312e-01
7.827127575874328613e-01
5.368741154670715332e-01
2.642925679683685303e-01
3.839408755302429199e-01
8.828858733177185059e-01
9.818376302719116211e-01
9.711560606956481934e-01
8.329267501831054688e-01
6.410029530525207520e-01
3.708544671535491943e-01
2.981802821159362793e-01
3.096055090427398682e-01
6.988955736160278320e-01
9.741538763046264648e-01
9.923972487449645996e-01
9.997117519378662109e-01
9.999492168426513672e-01
9.999803304672241211e-01
9.999870657920837402e-01
9.999837279319763184e-01
9.999842643737792969e-01
9.999886751174926758e-01
9.999929666519165039e-01
9.999970197677612305e-01
9.999986886978149414e-01
9.999992251396179199e-01
9.999982118606567383e-01
9.998419284820556641e-01
9.996163845062255859e-01
9.980263113975524902e-01
9.970465898513793945e-01
9.976152181625366211e-01
9.985496997833251953e-01
9.997461438179016113e-01
9.999241232872009277e-01
9.999319911003112793e-01
9.998043775558471680e-01
9.996914267539978027e-01
9.995948672294616699e-01
9.997068047523498535e-01
9.705824255943298340e-01
5.028626918792724609e-01
1.601210534572601318e-01
4.137066751718521118e-02
1.486197725171223283e-04
7.031845143501413986e-06
3.027217365669798710e-09
6.998756898663241986e-16
2.334612590952595901e-16
3.870932850986719131e-03
1.106149423867464066e-02
4.391983151435852051e-01
8.942332863807678223e-01
9.394947290420532227e-01
9.717541337013244629e-01
9.858622550964355469e-01
9.926158785820007324e-01
9.963809847831726074e-01
9.968532323837280273e-01
9.975643157958984375e-01
9.988308548927307129e-01
9.995232224464416504e-01
9.998217225074768066e-01
9.902878403663635254e-01
9.224888682365417480e-01
5.922764539718627930e-01
3.135433793067932129e-01
9.287834167480468750e-02
1.288228482007980347e-01
2.631370425224304199e-01
7.085661292076110840e-01
9.999942183494567871e-01
9.999902248382568359e-01
9.998765587806701660e-01
9.997003078460693359e-01
9.991099834442138672e-01
9.985742568969726562e-01
9.983395338058471680e-01
9.983769655227661133e-01
9.986729025840759277e-01
9.908493757247924805e-01
9.619065523147583008e-01
7.473511099815368652e-01
4.957501590251922607e-01
1.840927749872207642e-01
7.525552809238433838e-02
6.443854421377182007e-02
2.086777240037918091e-01
3.327587544918060303e-01
3.798711895942687988e-01
4.961293935775756836e-01
6.704914569854736328e-01
6.562600135803222656e-01
5.681720972061157227e-01
2.215878665447235107e-01
1.383555307984352112e-02
3.191551193594932556e-03
3.451216980465687811e-05
8.281012560473755002e-05
3.587911427021026611e-01
6.811376214027404785e-01
8.982061743736267090e-01
9.932579398155212402e-01
9.941868782043457031e-01
9.815805554389953613e-01
9.659060239791870117e-01
9.457125663757324219e-01
9.445251226425170898e-01
9.686517119407653809e-01
9.770073294639587402e-01
9.790679812431335449e-01
9.714826345443725586e-01
9.679733514785766602e-01
9.743985533714294434e-01
9.813732504844665527e-01
9.887359738349914551e-01
9.940714240074157715e-01
9.984659552574157715e-01
9.993153810501098633e-01
9.998435974121093750e-01
9.999531507492065430e-01
9.999808073043823242e-01
9.999644160270690918e-01
9.980995655059814453e-01
9.951387047767639160e-01
9.895465373992919922e-01
9.901793003082275391e-01
9.953386187553405762e-01
9.974514245986938477e-01
9.977214336395263672e-01
9.901266694068908691e-01
9.804261922836303711e-01
9.679442048072814941e-01
9.746723175048828125e-01
9.891092777252197266e-01
9.951869845390319824e-01
9.988688826560974121e-01
9.964751005172729492e-01
9.671933054924011230e-01
9.171482324600219727e-01
7.742716073989868164e-01
6.196322441101074219e-01
4.957379400730133057e-01
4.347178637981414795e-01
4.621115922927856445e-01
5.738305449485778809e-01
7.219673395156860352e-01
8.250963091850280762e-01
9.075208902359008789e-01
9.341239929199218750e-01
8.685534000396728516e-01
7.258647680282592773e-01
3.640990555286407471e-01
1.136102437158115208e-04
9.819557890295982361e-04
7.474761456251144409e-02
2.623952031135559082e-01
3.349376022815704346e-01
3.512600660324096680e-01
1.571186929941177368e-01
8.989085908979177475e-04
7.743997266516089439e-04
6.773955374956130981e-02
1.979631781578063965e-01
4.690031409263610840e-01
7.595107555389404297e-01
8.475672602653503418e-01
9.196007847785949707e-01
9.625332951545715332e-01
9.859634041786193848e-01
9.981508255004882812e-01
9.995833039283752441e-01
9.999234080314636230e-01
9.998399019241333008e-01
9.990249276161193848e-01
9.974064230918884277e-01
9.956332445144653320e-01
9.939842820167541504e-01
9.973682165145874023e-01
9.996886849403381348e-01
9.996553659439086914e-01
9.869727492332458496e-01
9.655049443244934082e-01
9.506819844245910645e-01
9.416763782501220703e-01
9.607120156288146973e-01
9.775918722152709961e-01
9.915495514869689941e-01
9.948402643203735352e-01
9.936073422431945801e-01
9.915870428085327148e-01
9.899431467056274414e-01
9.894193410873413086e-01
9.844502806663513184e-01
9.756060242652893066e-01
8.565443158149719238e-01
6.994003057479858398e-01
4.111861288547515869e-01
2.893051207065582275e-01
4.601956009864807129e-01
6.975788474082946777e-01
9.726257324218750000e-01
9.981594085693359375e-01
9.999165534973144531e-01
9.997023940086364746e-01
9.972040057182312012e-01
9.920943975448608398e-01
9.729490280151367188e-01
9.492262601852416992e-01
9.429954886436462402e-01
9.487866759300231934e-01
9.837444424629211426e-01
9.992635250091552734e-01
9.998370409011840820e-01
9.991146922111511230e-01
9.978690147399902344e-01
9.944728016853332520e-01
9.925085306167602539e-01
9.928092956542968750e-01
9.922212362289428711e-01
9.911790490150451660e-01
9.677563309669494629e-01
8.413102030754089355e-01
3.315270841121673584e-01
6.533298641443252563e-02
5.997470393776893616e-02
3.243708312511444092e-01
6.714786887168884277e-01
8.617564439773559570e-01
9.959755539894104004e-01
9.985861778259277344e-01
9.995529055595397949e-01
9.992864131927490234e-01
9.989911317825317383e-01
9.987596869468688965e-01
9.990620017051696777e-01
9.978438019752502441e-01
9.942158460617065430e-01
9.874135851860046387e-01
9.789531230926513672e-01
9.856880307197570801e-01
9.923358559608459473e-01
9.941763281822204590e-01
9.704836606979370117e-01
9.180752038955688477e-01
8.021253943443298340e-01
6.654750704765319824e-01
6.484165787696838379e-01
6.923364400863647461e-01
8.923274874687194824e-01
9.606464505195617676e-01
9.223355054855346680e-01
8.216505050659179688e-01
7.283212542533874512e-01
8.430752158164978027e-01
8.915832638740539551e-01
8.236448168754577637e-01
5.646017193794250488e-01
1.941510438919067383e-01
7.876191288232803345e-02
6.772071123123168945e-03
7.783853448927402496e-03
1.624204590916633606e-02
3.433639556169509888e-02
2.077678143978118896e-01
4.462483823299407959e-01
7.495040893554687500e-01
9.595966339111328125e-01
8.687807321548461914e-01
8.259030580520629883e-01
8.295238614082336426e-01
8.657637834548950195e-01
9.051269292831420898e-01
8.083195686340332031e-01
6.568902730941772461e-01
3.852484226226806641e-01
1.883064061403274536e-01
4.611422494053840637e-02
1.223206613212823868e-02
4.024918191134929657e-03
4.021501541137695312e-02
2.249054312705993652e-01
6.579267382621765137e-01
8.615964055061340332e-01
9.360819458961486816e-01
9.664171338081359863e-01
9.889029264450073242e-01
9.955222606658935547e-01
9.993873834609985352e-01
9.996998310089111328e-01
9.997600317001342773e-01
9.997138977050781250e-01
9.996196031570434570e-01
9.996058940887451172e-01
9.998678565025329590e-01
1.000000000000000000e+00
1.000000000000000000e+00
1.000000000000000000e+00
9.999945759773254395e-01
9.997457861900329590e-01
9.993960261344909668e-01
9.987940192222595215e-01
9.987114667892456055e-01
9.990540742874145508e-01
9.994620084762573242e-01
9.998579025268554688e-01
9.999417066574096680e-01
9.999970793724060059e-01
9.999973177909851074e-01
9.999305009841918945e-01
9.998195171356201172e-01
9.997175335884094238e-01
9.996480345726013184e-01
9.997937083244323730e-01
9.999072551727294922e-01
9.999698400497436523e-01
9.999948143959045410e-01
9.999995827674865723e-01
1.000000000000000000e+00
1.000000000000000000e+00
1.000000000000000000e+00
1.000000000000000000e+00
1.000000000000000000e+00
9.999703764915466309e-01
9.999278187751770020e-01
9.962295889854431152e-01
9.905939698219299316e-01
9.785555005073547363e-01
9.729843735694885254e-01
9.745176434516906738e-01
9.845436215400695801e-01
9.975961446762084961e-01
9.980353713035583496e-01
9.984066486358642578e-01
9.986988306045532227e-01
9.991363286972045898e-01
9.997099041938781738e-01
9.999021291732788086e-01
9.999814629554748535e-01
9.999790787696838379e-01
9.999781847000122070e-01
9.999806880950927734e-01
9.999876022338867188e-01
9.999980330467224121e-01
1.000000000000000000e+00
1.000000000000000000e+00
1.000000000000000000e+00
9.999913573265075684e-01
9.999647736549377441e-01
9.998981952667236328e-01
9.998033046722412109e-01
9.905914068222045898e-01
9.301522970199584961e-01
4.251701235771179199e-01
8.007038384675979614e-02
2.221594005823135376e-02
2.469168123298004502e-07
6.477537795035459567e-07
6.211030855774879456e-02
1.773426681756973267e-01
5.915406346321105957e-01
8.640127182006835938e-01
9.084258675575256348e-01
9.477751255035400391e-01
9.843033552169799805e-01
9.942193031311035156e-01
9.862830042839050293e-01
8.951573967933654785e-01
8.498018383979797363e-01
8.714711070060729980e-01
8.891403079032897949e-01
9.047846198081970215e-01
7.900513410568237305e-01
6.734826564788818359e-01
6.043329238891601562e-01
6.526835560798645020e-01
8.591043949127197266e-01
9.525835514068603516e-01
9.928081035614013672e-01
9.978376030921936035e-01
9.998790621757507324e-01
9.999521374702453613e-01
9.999947547912597656e-01
9.999986290931701660e-01
9.999963641166687012e-01
9.999914169311523438e-01
9.999758601188659668e-01
9.999436140060424805e-01
9.998479485511779785e-01
9.995321631431579590e-01
9.989541172981262207e-01
9.979113340377807617e-01
9.966763257980346680e-01
9.935570955276489258e-01
9.894884824752807617e-01
9.821991324424743652e-01
9.826077222824096680e-01
9.919524788856506348e-01
9.965714812278747559e-01
9.993022680282592773e-01
9.989732503890991211e-01
9.974511265754699707e-01
9.920285344123840332e-01
9.802352190017700195e-01
9.612188339233398438e-01
9.491493701934814453e-01
9.397454261779785156e-01
9.690057635307312012e-01
9.934710860252380371e-01
9.970192909240722656e-01
9.991243481636047363e-01
9.996145963668823242e-01
8.656907677650451660e-01
6.795842051506042480e-01
3.362724483013153076e-01
5.704678595066070557e-02
2.108147554099559784e-02
2.305455971509218216e-03
2.981063444167375565e-03
1.201914157718420029e-02
2.431562356650829315e-02
7.003744691610336304e-02
1.466358304023742676e-01
3.306962847709655762e-01
5.265675783157348633e-01
7.355241775512695312e-01
8.061323165893554688e-01
8.209010362625122070e-01
6.818147301673889160e-01
5.774698257446289062e-01
6.311693787574768066e-01
7.485548257827758789e-01
9.422622919082641602e-01
9.999988675117492676e-01
9.999997019767761230e-01
9.999974966049194336e-01
9.999892711639404297e-01
9.999574422836303711e-01
9.998050332069396973e-01
9.995014667510986328e-01
9.986183643341064453e-01
9.974756836891174316e-01
9.964281916618347168e-01
9.960237145423889160e-01
9.985033869743347168e-01
9.998654723167419434e-01
9.997334480285644531e-01
9.854481816291809082e-01
9.642649292945861816e-01
9.066869020462036133e-01
8.677036762237548828e-01
9.400492906570434570e-01
9.866912961006164551e-01
9.961565136909484863e-01
9.996330738067626953e-01
9.999385476112365723e-01
9.999571442604064941e-01
9.998006224632263184e-01
9.987837672233581543e-01
9.898668527603149414e-01
9.684371352195739746e-01
9.571965336799621582e-01
9.519351720809936523e-01
9.631038308143615723e-01
9.760662317276000977e-01
9.844943284988403320e-01
9.910867810249328613e-01
9.944317340850830078e-01
9.959772825241088867e-01
9.963452816009521484e-01
9.940065145492553711e-01
9.911696910858154297e-01
9.881747961044311523e-01
9.864374995231628418e-01
9.872191548347473145e-01
9.898365736007690430e-01
9.938092827796936035e-01
9.923608899116516113e-01
9.886363744735717773e-01
9.675745964050292969e-01
9.493471980094909668e-01
9.376770853996276855e-01
9.465826153755187988e-01
9.729467630386352539e-01
9.842908978462219238e-01
9.912739396095275879e-01
9.916783571243286133e-01
9.920166134834289551e-01
9.921717643737792969e-01
9.865542054176330566e-01
9.753125309944152832e-01
9.306171536445617676e-01
8.744986653327941895e-01
7.725111842155456543e-01
7.216400504112243652e-01
8.504096865653991699e-01
9.305472373962402344e-01
9.543754458427429199e-01
9.583562016487121582e-01
9.539197683334350586e-01
9.666429758071899414e-01
9.794933795928955078e-01
9.881918430328369141e-01
9.935722947120666504e-01
9.943773150444030762e-01
9.919726252555847168e-01
9.879164099693298340e-01
9.815562963485717773e-01
9.757913351058959961e-01
9.755921959877014160e-01
9.285420179367065430e-01
8.023334145545959473e-01
6.961243152618408203e-01
6.027771234512329102e-01
6.643903851509094238e-01
7.572900056838989258e-01
8.840121626853942871e-01
9.753787517547607422e-01
9.916892051696777344e-01
9.992117285728454590e-01
9.997441172599792480e-01
9.990348815917968750e-01
9.969856739044189453e-01
9.625326991081237793e-01
9.270831346511840820e-01
8.890491724014282227e-01
8.332604169845581055e-01
7.598121166229248047e-01
7.837665081024169922e-01
8.427042961120605469e-01
9.111118316650390625e-01
9.689372181892395020e-01
9.851706027984619141e-01
9.927321076393127441e-01
9.893319606781005859e-01
9.726170301437377930e-01
9.495708942413330078e-01
9.006148576736450195e-01
8.493442535400390625e-01
7.989785075187683105e-01
7.671610713005065918e-01
7.653739452362060547e-01
8.464230298995971680e-01
9.795814752578735352e-01
9.781951904296875000e-01
9.560191035270690918e-01
9.741830825805664062e-01
9.882338643074035645e-01
9.932777285575866699e-01
9.917767047882080078e-01
9.848558306694030762e-01
9.878345727920532227e-01
9.935666918754577637e-01
9.968114495277404785e-01
9.993557333946228027e-01
9.997506737709045410e-01
9.999409914016723633e-01
9.999082088470458984e-01
9.997169375419616699e-01
9.994604587554931641e-01
9.996760487556457520e-01
9.998747110366821289e-01
9.998506307601928711e-01
9.961903691291809082e-01
9.871324300765991211e-01
7.355120778083801270e-01
3.444827497005462646e-01
1.491067409515380859e-01
3.581930125274660250e-19
1.437663039824919441e-19
1.435313311824582659e-26
5.801776135061083949e-26
4.266748577356338501e-02
1.190093681216239929e-01
4.201284348964691162e-01
7.767751216888427734e-01
8.779692053794860840e-01
9.598523974418640137e-01
9.825904369354248047e-01
9.945309162139892578e-01
9.945280551910400391e-01
9.967045187950134277e-01
9.997941255569458008e-01
9.937074780464172363e-01
9.843828678131103516e-01
9.618711471557617188e-01
9.445669651031494141e-01
9.353418946266174316e-01
9.457610249519348145e-01
9.682164788246154785e-01
9.828315973281860352e-01
9.952098727226257324e-01
9.971576929092407227e-01
9.986336231231689453e-01
9.990129470825195312e-01
9.984951019287109375e-01
9.971762895584106445e-01
9.399417042732238770e-01
8.645027279853820801e-01
8.290018439292907715e-01
7.075586318969726562e-01
2.556818127632141113e-01
9.873818953565205447e-07
3.379648489953979151e-07
1.030646357685327530e-02
2.588459476828575134e-02
5.110160708427429199e-01
9.953263998031616211e-01
9.979418516159057617e-01
9.949821233749389648e-01
9.810655117034912109e-01
9.354324936866760254e-01
8.650769591331481934e-01
8.184033036231994629e-01
7.781113982200622559e-01
7.380358576774597168e-01
7.085703015327453613e-01
7.133044600486755371e-01
7.613273859024047852e-01
8.600205183029174805e-01
9.313039779663085938e-01
9.901580214500427246e-01
9.975743889808654785e-01
9.993910789489746094e-01
9.972585439682006836e-01
9.527076482772827148e-01
8.319970965385437012e-01
5.676981806755065918e-01
1.994749903678894043e-01
8.377557247877120972e-02
4.529487341642379761e-02
5.659084320068359375e-01
9.630107283592224121e-01
9.866058230400085449e-01
9.988873004913330078e-01
9.984574317932128906e-01
9.910785555839538574e-01
9.806429743766784668e-01
9.639953970909118652e-01
9.522163867950439453e-01
9.740806818008422852e-01
9.902098774909973145e-01
9.961404204368591309e-01
9.982824325561523438e-01
9.976840019226074219e-01
9.884898662567138672e-01
9.772401452064514160e-01
9.689463973045349121e-01
9.676293730735778809e-01
9.881035685539245605e-01
9.992792010307312012e-01
9.997569918632507324e-01
9.997625946998596191e-01
9.995508193969726562e-01
9.995596408843994141e-01
9.994595646858215332e-01
9.984493255615234375e-01
9.978756904602050781e-01
9.981317520141601562e-01
9.950737953186035156e-01
9.894544482231140137e-01
9.695256352424621582e-01
9.456191658973693848e-01
9.447036981582641602e-01
9.507758021354675293e-01
9.816840887069702148e-01
9.992483258247375488e-01
9.996699094772338867e-01
9.989171028137207031e-01
9.975462555885314941e-01
9.939812421798706055e-01
9.908104538917541504e-01
9.945233464241027832e-01
9.951946139335632324e-01
9.890904426574707031e-01
9.891829490661621094e-01
9.948261380195617676e-01
9.971802830696105957e-01
9.983975291252136230e-01
9.988981485366821289e-01
9.993361830711364746e-01
9.996274709701538086e-01
9.997876882553100586e-01
9.997448325157165527e-01
9.960513114929199219e-01
9.900162220001220703e-01
5.511551499366760254e-01
4.138191416859626770e-02
1.764345169067382812e-02
0.000000000000000000e+00
0.000000000000000000e+00
0.000000000000000000e+00
0.000000000000000000e+00
5.083311673704486814e-35
1.250367142073676558e-34
9.369935840368270874e-02
1.737669557332992554e-01
6.977910548448562622e-02
8.902449143855562852e-42
2.785781347077736337e-42
0.000000000000000000e+00
0.000000000000000000e+00
0.000000000000000000e+00
0.000000000000000000e+00
2.073040418326854706e-02
1.349803656339645386e-01
6.527388095855712891e-01
9.677859544754028320e-01
9.786073565483093262e-01
9.049382209777832031e-01
7.779194712638854980e-01
4.070330262184143066e-01
4.976135824108496308e-05
2.134388887498062104e-05
1.166509719041641802e-06
5.826958840771112591e-06
2.186454087495803833e-01
6.917614936828613281e-01
8.948982954025268555e-01
9.675891995429992676e-01
8.562849760055541992e-01
7.103704214096069336e-01
4.623895287513732910e-01
2.885283827781677246e-01
2.790497541427612305e-01
3.313888311386108398e-01
4.403714537620544434e-01
5.589554905891418457e-01
6.810618042945861816e-01
8.422356247901916504e-01
9.799469113349914551e-01
9.748889803886413574e-01
7.751890420913696289e-01
2.328496426343917847e-01
5.270029068924486637e-04
9.392500214744359255e-05
3.357915785969434235e-20
7.645772573495417350e-20
4.330399334430694580e-01
8.049348592758178711e-01
9.235714673995971680e-01
8.421985507011413574e-01
4.754619598388671875e-01
2.198266088962554932e-01
3.217574581503868103e-02
0.000000000000000000e+00
0.000000000000000000e+00
0.000000000000000000e+00
8.865574940841725038e-12
4.534073463902110745e-11
1.239397302269935608e-01
3.980876803398132324e-01
6.654692888259887695e-01
9.293590188026428223e-01
9.799668192863464355e-01
9.964420795440673828e-01
9.955742359161376953e-01
9.920053482055664062e-01
9.815863966941833496e-01
9.806261658668518066e-01
9.895550608634948730e-01
9.948570728302001953e-01
9.985678791999816895e-01
9.987849593162536621e-01
9.986861348152160645e-01
9.991695880889892578e-01
9.995708465576171875e-01
9.997916817665100098e-01
9.998728036880493164e-01
9.998240470886230469e-01
9.996877908706665039e-01
9.995182752609252930e-01
9.985585808753967285e-01
9.942477345466613770e-01
9.690185189247131348e-01
9.300456643104553223e-01
8.644624352455139160e-01
8.762137293815612793e-01
9.526793360710144043e-01
9.829896688461303711e-01
9.977069497108459473e-01
9.991009831428527832e-01
9.994564056396484375e-01
9.977959394454956055e-01
9.816735386848449707e-01
9.398732781410217285e-01
8.064821958541870117e-01
6.021662950515747070e-01
3.284492492675781250e-01
3.328058496117591858e-02
1.143170613795518875e-02
4.822193204745417461e-06
1.774659358488861471e-05
8.114145137369632721e-03
2.968241088092327118e-02
2.331754118204116821e-01
5.694723129272460938e-01
7.796667218208312988e-01
9.541807174682617188e-01
9.795621037483215332e-01
8.961116075515747070e-01
3.413068652153015137e-01
3.289827873231843114e-06
9.628771522329770960e-07
6.554259035182190884e-23
1.142860974261492499e-23
1.556849267558835237e-11
3.530517198035987292e-11
3.301920592784881592e-01
6.374939084053039551e-01
8.316160440444946289e-01
9.534981846809387207e-01
9.622709751129150391e-01
8.039824962615966797e-01
5.287039875984191895e-01
3.848875761032104492e-01
2.761088907718658447e-01
2.990232408046722412e-01
3.203798532485961914e-01
3.281760513782501221e-01
2.758856117725372314e-01
1.286776065826416016e-01
5.974596738815307617e-02
4.595810174942016602e-02
7.641801983118057251e-02
1.188752800226211548e-01
7.730954140424728394e-02
4.162421450018882751e-02
3.809209913015365601e-02
9.164983779191970825e-02
2.383014857769012451e-01
4.025659859180450439e-01
5.797373056411743164e-01
3.539278805255889893e-01
1.005672570317983627e-02
7.205857336521148682e-02
1.979267895221710205e-01
5.805750489234924316e-01
8.468078970909118652e-01
9.115179777145385742e-01
9.465905427932739258e-01
9.588336944580078125e-01
9.719097018241882324e-01
9.852470755577087402e-01
9.919691085815429688e-01
9.973784685134887695e-01
9.972161650657653809e-01
9.891836643218994141e-01
9.663524031639099121e-01
8.748229742050170898e-01
7.256076931953430176e-01
7.741016149520874023e-01
8.926795125007629395e-01
9.492992758750915527e-01
9.950949549674987793e-01
9.973966479301452637e-01
9.990341067314147949e-01
9.992880821228027344e-01
9.966057538986206055e-01
9.911987185478210449e-01
9.331668615341186523e-01
8.540678024291992188e-01
7.939787507057189941e-01
7.520270347595214844e-01
8.568801283836364746e-01
9.356380105018615723e-01
9.517968297004699707e-01
9.670510292053222656e-01
9.813476204872131348e-01
9.880768656730651855e-01
9.912133216857910156e-01
9.895936846733093262e-01
9.777944684028625488e-01
8.292714953422546387e-01
6.174690723419189453e-01
2.250338196754455566e-01
1.518940459936857224e-02
2.754251658916473389e-02
2.077221497893333435e-02
3.336868248879909515e-03
2.372867456870153546e-04
1.483973771502274802e-15
6.516384870091718792e-16
1.950138221984863895e-32
7.255503046896435922e-33
0.000000000000000000e+00
0.000000000000000000e+00
0.000000000000000000e+00
0.000000000000000000e+00
0.000000000000000000e+00
0.000000000000000000e+00
5.296695235301740468e-06
7.007059454917907715e-02
4.772881269454956055e-01
6.136195659637451172e-01
2.688105702400207520e-01
8.075860142707824707e-02
2.221330627799034119e-02
4.130286164581775665e-03
2.777242916636168957e-04
3.866214903780473833e-09
6.797699889449271987e-30
2.793215506875899655e-30
6.842074640189821366e-07
2.931463086497387849e-06
2.353311032056808472e-01
7.129213213920593262e-01
9.125234484672546387e-01
9.831998348236083984e-01
9.911963939666748047e-01
9.903330206871032715e-01
9.955561757087707520e-01
9.990313053131103516e-01
9.972096681594848633e-01
9.828612208366394043e-01
9.522530436515808105e-01
8.267952203750610352e-01
6.432309150695800781e-01
4.440642893314361572e-01
2.405844181776046753e-01
2.010838538408279419e-01
1.894216835498809814e-01
3.004956841468811035e-01
4.583613574504852295e-01
6.979249119758605957e-01
8.618161082267761230e-01
9.654130339622497559e-01
9.950045347213745117e-01
9.986756443977355957e-01
9.927562475204467773e-01
9.512599706649780273e-01
6.256135106086730957e-01
3.540458977222442627e-01
2.117015123367309570e-01
1.191126927733421326e-01
8.098857104778289795e-02
4.320266470313072205e-02
5.635508336126804352e-03
4.925738538612928232e-18
0.000000000000000000e+00
0.000000000000000000e+00
0.000000000000000000e+00
0.000000000000000000e+00
0.000000000000000000e+00
0.000000000000000000e+00
8.977198327578348704e-38
2.431317183229039414e-37
4.240029454231262207e-01
9.734525680541992188e-01
4.758135080337524414e-01
4.884091205894947052e-03
4.054569825530052185e-02
1.883133798837661743e-01
5.753042101860046387e-01
6.673572063446044922e-01
4.642959535121917725e-01
2.494892030954360962e-01
2.944283559918403625e-02
5.393847459345124662e-05
2.676272856660943944e-07
1.165478380471540731e-07
7.258324785652803257e-07
3.872492015943862498e-06
1.843906752765178680e-02
6.334781646728515625e-02
2.758671343326568604e-01
6.051332950592041016e-01
5.838338732719421387e-01
4.590806663036346436e-01
6.285511851310729980e-01
8.027511239051818848e-01
9.106599092483520508e-01
9.837492704391479492e-01
9.801149964332580566e-01
9.541161060333251953e-01
9.051076173782348633e-01
8.486199378967285156e-01
7.885214686393737793e-01
8.619309663772583008e-01
9.562314748764038086e-01
9.743682742118835449e-01
9.264286756515502930e-01
6.277536153793334961e-01
3.876114189624786377e-01
2.386575192213058472e-01
3.902324140071868896e-01
7.739742994308471680e-01
8.814026117324829102e-01
8.933893442153930664e-01
8.669672012329101562e-01
8.428060412406921387e-01
8.690989017486572266e-01
9.027439355850219727e-01
9.553573131561279297e-01
9.878214001655578613e-01
9.960135221481323242e-01
9.988741874694824219e-01
9.986292719841003418e-01
9.983671307563781738e-01
9.981001615524291992e-01
9.987980723381042480e-01
9.993857741355895996e-01
9.993188977241516113e-01
9.993501901626586914e-01
9.995744228363037109e-01
9.996020793914794922e-01
9.994431734085083008e-01
9.980636239051818848e-01
9.961388707160949707e-01
9.932960271835327148e-01
9.904976487159729004e-01
9.920273423194885254e-01
9.925181865692138672e-01
9.892814159393310547e-01
9.850707650184631348e-01
9.793753027915954590e-01
9.831148982048034668e-01
9.941233396530151367e-01
9.733240008354187012e-01
9.412962794303894043e-01
9.469379186630249023e-01
9.568822979927062988e-01
9.745679497718811035e-01
9.890835285186767578e-01
9.947754144668579102e-01
9.978181719779968262e-01
9.974378943443298340e-01
9.964960217475891113e-01
9.951978325843811035e-01
9.965415596961975098e-01
9.986134171485900879e-01
9.983304142951965332e-01
9.969574809074401855e-01
9.890190958976745605e-01
9.861813187599182129e-01
9.952174425125122070e-01
9.832257628440856934e-01
9.476886987686157227e-01
8.501040339469909668e-01
7.179569602012634277e-01
6.678863763809204102e-01
6.361410021781921387e-01
8.113825321197509766e-01
9.634624123573303223e-01
9.822368025779724121e-01
9.951514601707458496e-01
9.963122606277465820e-01
9.976360201835632324e-01
9.991167187690734863e-01
9.997423291206359863e-01
9.999508261680603027e-01
9.993485808372497559e-01
9.982141256332397461e-01
9.676723480224609375e-01
9.292919635772705078e-01
8.560082912445068359e-01
7.719241976737976074e-01
6.680881381034851074e-01
7.157502770423889160e-01
9.037935733795166016e-01
9.755438566207885742e-01
9.948953986167907715e-01
9.984121918678283691e-01
9.992349147796630859e-01
9.977334737777709961e-01
9.945682287216186523e-01
9.844873547554016113e-01
9.796893000602722168e-01
9.841372966766357422e-01
9.890531301498413086e-01
9.943613409996032715e-01
9.969973564147949219e-01
9.984627962112426758e-01
9.990869760513305664e-01
9.995184540748596191e-01
9.980323314666748047e-01
9.952353835105895996e-01
9.871579408645629883e-01
9.759915471076965332e-01
9.593963623046875000e-01
9.593223929405212402e-01
9.737356305122375488e-01
9.832014441490173340e-01
9.905337095260620117e-01
9.921956658363342285e-01
9.929572939872741699e-01
9.932296872138977051e-01
9.935002326965332031e-01
9.937622547149658203e-01
9.933685660362243652e-01
9.918178319931030273e-01
9.812433719635009766e-01
9.625274538993835449e-01
9.417856931686401367e-01
9.200675487518310547e-01
9.260349869728088379e-01
9.369597434997558594e-01
9.617485404014587402e-01
9.825910329818725586e-01
9.864414930343627930e-01
9.126423001289367676e-01
6.944041252136230469e-01
4.390017390251159668e-01
1.492283046245574951e-01
5.860836803913116455e-02
6.340827047824859619e-02
4.418070316314697266e-01
8.901907801628112793e-01
9.490357637405395508e-01
9.954901933670043945e-01
9.792168736457824707e-01
8.057456612586975098e-01
3.115347921848297119e-01
4.489845037460327148e-02
1.148977410048246384e-02
5.137228598073306784e-08
7.904080057130613568e-09
3.800972104072570801e-01
8.433564305305480957e-01
9.300210475921630859e-01
9.581240415573120117e-01
6.753413677215576172e-01
3.994073569774627686e-01
1.399497687816619873e-01
1.187600219054729678e-06
3.263311043610883644e-07
1.857112863490328891e-07
4.842688099415681791e-07
3.150771874516067328e-07
1.651965675364408526e-08
9.098282876940620976e-25
0.000000000000000000e+00
0.000000000000000000e+00
0.000000000000000000e+00
0.000000000000000000e+00
0.000000000000000000e+00
0.000000000000000000e+00
1.588240411365404725e-05
4.298578642192296684e-05
1.591076701879501343e-01
3.728423118591308594e-01
4.797868132591247559e-01
5.806866884231567383e-01
7.721971869468688965e-01
9.288932681083679199e-01
9.591128230094909668e-01
9.342848062515258789e-01
8.179869651794433594e-01
5.488814711570739746e-01
1.458017677068710327e-01
1.403496041893959045e-02
1.814898219890892506e-03
2.580039335953188129e-06
1.804211137823585887e-06
2.283158828504383564e-04
1.069545093923807144e-02
7.366880774497985840e-02
1.427827626466751099e-01
2.246781438589096069e-01
3.913090527057647705e-01
6.501461267471313477e-01
8.159858584403991699e-01
9.273213744163513184e-01
9.674745798110961914e-01
9.887683391571044922e-01
9.934869408607482910e-01
9.947209358215332031e-01
9.733436703681945801e-01
9.456464052200317383e-01
8.994150161743164062e-01
8.904738426208496094e-01
9.346719980239868164e-01
9.679195880889892578e-01
9.927465319633483887e-01
9.998174309730529785e-01
9.999795556068420410e-01
9.999994635581970215e-01
9.999987483024597168e-01
9.999966025352478027e-01
9.992831945419311523e-01
9.954158067703247070e-01
8.139992356300354004e-01
2.834487855434417725e-01
1.064326241612434387e-02
2.808532211929559708e-03
8.762700599618256092e-04
2.175363712012767792e-03
3.712666630744934082e-01
8.311333656311035156e-01
9.260509610176086426e-01
9.945446252822875977e-01
9.967644214630126953e-01
9.985972046852111816e-01
9.993083477020263672e-01
9.997867345809936523e-01
9.999247193336486816e-01
9.999899864196777344e-01
9.999977946281433105e-01
1.000000000000000000e+00
1.000000000000000000e+00
9.999966025352478027e-01
9.999927282333374023e-01
9.999911189079284668e-01
9.999256730079650879e-01
9.995433092117309570e-01
9.577478766441345215e-01
8.270218372344970703e-01
5.842739343643188477e-01
2.156427502632141113e-01
5.015273392200469971e-02
1.087499130517244339e-02
2.809440018609166145e-03
4.258143249899148941e-03
2.099847197532653809e-01
4.330283999443054199e-01
6.353990435600280762e-01
8.162761926651000977e-01
9.174111485481262207e-01
9.813056588172912598e-01
9.811056852340698242e-01
9.281228780746459961e-01
8.252291083335876465e-01
8.076446056365966797e-01
8.329096436500549316e-01
8.270161151885986328e-01
8.139315843582153320e-01
7.234656810760498047e-01
6.474662423133850098e-01
7.179997563362121582e-01
8.017553687095642090e-01
9.233616590499877930e-01
9.970968365669250488e-01
9.990788698196411133e-01
9.999778866767883301e-01
9.999940991401672363e-01
9.999991655349731445e-01
9.999994635581970215e-01
9.999986886978149414e-01
9.999977350234985352e-01
9.999989271163940430e-01
1.000000000000000000e+00
1.000000000000000000e+00
9.999973177909851074e-01
9.999878406524658203e-01
9.999505281448364258e-01
9.998762011528015137e-01
9.998074173927307129e-01
9.997429847717285156e-01
9.997451901435852051e-01
9.997734427452087402e-01
9.993953108787536621e-01
9.985787868499755859e-01
9.529150128364562988e-01
8.795875906944274902e-01
6.520226597785949707e-01
4.884211122989654541e-01
4.742538630962371826e-01
5.744974613189697266e-01
8.175184726715087891e-01
9.435589909553527832e-01
9.865387678146362305e-01
9.989210963249206543e-01
9.998790621757507324e-01
1.000000000000000000e+00
9.999998211860656738e-01
9.999880790710449219e-01
9.999661445617675781e-01
9.998900294303894043e-01
9.997915625572204590e-01
9.996407032012939453e-01
9.993374943733215332e-01
9.988424777984619141e-01
9.990003108978271484e-01
9.996129274368286133e-01
9.998530745506286621e-01
9.999553561210632324e-01
9.999269843101501465e-01
9.998794794082641602e-01
9.998322725296020508e-01
9.998089671134948730e-01
9.999158978462219238e-01
9.999809265136718750e-01
9.999453425407409668e-01
9.998481869697570801e-01
9.996709227561950684e-01
9.997212290763854980e-01
9.999387264251708984e-01
1.000000000000000000e+00
1.000000000000000000e+00
8.890912532806396484e-01
7.601997256278991699e-01
6.858863830566406250e-01
6.473011374473571777e-01
8.258644938468933105e-01
9.605909585952758789e-01
9.806705713272094727e-01
8.230066895484924316e-01
4.163375794887542725e-01
1.657463461160659790e-01
3.877801448106765747e-02
1.168083772063255310e-01
2.854757606983184814e-01
6.095629334449768066e-01
9.640080332756042480e-01
9.877059459686279297e-01
9.998545050621032715e-01
9.999366998672485352e-01
9.999982118606567383e-01
9.999972581863403320e-01
9.999942779541015625e-01
9.999880194664001465e-01
9.999805092811584473e-01
9.999718070030212402e-01
9.999449253082275391e-01
9.999084472656250000e-01
9.968744516372680664e-01
9.930633306503295898e-01
6.705008149147033691e-01
3.395444154739379883e-01
1.995577216148376465e-01
1.082102358341217041e-01
2.056832909584045410e-01
4.000231027603149414e-01
7.802725434303283691e-01
9.845242500305175781e-01
9.947880506515502930e-01
9.983777403831481934e-01
9.977315068244934082e-01
9.917232990264892578e-01
9.839034080505371094e-01
9.658374786376953125e-01
9.464284181594848633e-01
9.303396940231323242e-01
9.163608551025390625e-01
9.139896035194396973e-01
8.829957246780395508e-01
7.800195813179016113e-01
6.659666299819946289e-01
5.369709134101867676e-01
5.030582547187805176e-01
5.457727909088134766e-01
6.177914142608642578e-01
7.030619978904724121e-01
6.841646432876586914e-01
6.428776979446411133e-01
6.386734843254089355e-01
6.306988000869750977e-01
5.673827528953552246e-01
4.799424707889556885e-01
3.063564002513885498e-01
1.893755346536636353e-01
1.757168918848037720e-01
3.272628486156463623e-01
6.535360813140869141e-01
8.391099572181701660e-01
9.362314343452453613e-01
9.664626121520996094e-01
9.739700555801391602e-01
9.334110617637634277e-01
8.864358663558959961e-01
8.586778640747070312e-01
8.448888063430786133e-01
9.152925610542297363e-01
9.701972603797912598e-01
9.845069646835327148e-01
9.942722916603088379e-01
9.973716139793395996e-01
9.988823533058166504e-01
9.990049600601196289e-01
9.974458813667297363e-01
9.950366616249084473e-01
9.898149967193603516e-01
9.838550686836242676e-01
9.909945726394653320e-01
9.988461732864379883e-01
9.994485974311828613e-01
9.999284744262695312e-01
9.998478293418884277e-01
9.996749162673950195e-01
9.992961287498474121e-01
9.961882233619689941e-01
9.895945191383361816e-01
9.661676287651062012e-01
9.300518035888671875e-01
9.315187931060791016e-01
9.494695663452148438e-01
9.694989919662475586e-01
9.899702072143554688e-01
9.949578046798706055e-01
9.988580942153930664e-01
9.992431998252868652e-01
9.994302988052368164e-01
9.988394975662231445e-01
9.949498176574707031e-01
9.843678474426269531e-01
9.647400975227355957e-01
9.343032836914062500e-01
9.429343938827514648e-01
9.790894389152526855e-01
9.935160875320434570e-01
9.990851879119873047e-01
9.936090111732482910e-01
9.859655499458312988e-01
9.630129337310791016e-01
9.407041072845458984e-01
9.318259954452514648e-01
9.266529083251953125e-01
9.353073835372924805e-01
9.480101466178894043e-01
9.687443971633911133e-01
9.844132661819458008e-01
9.942798614501953125e-01
9.988223314285278320e-01
9.996393322944641113e-01
9.993674159049987793e-01
9.986582398414611816e-01
9.919533729553222656e-01
9.840865135192871094e-01
9.636306762695312500e-01
9.442284703254699707e-01
9.421384930610656738e-01
9.470435976982116699e-01
9.787845015525817871e-01
1.000000000000000000e+00
1.000000000000000000e+00
9.993722438812255859e-01
9.979817271232604980e-01
9.668081998825073242e-01
9.138553142547607422e-01
9.049853682518005371e-01
9.151794910430908203e-01
9.436693787574768066e-01
9.761503338813781738e-01
9.856579303741455078e-01
9.930762052536010742e-01
9.894767999649047852e-01
9.846227765083312988e-01
9.743301272392272949e-01
9.714885950088500977e-01
9.854386448860168457e-01
9.948537945747375488e-01
9.982449412345886230e-01
9.998334646224975586e-01
9.999387264251708984e-01
9.999830722808837891e-01
9.999970197677612305e-01
9.999814033508300781e-01
9.999577999114990234e-01
9.995854496955871582e-01
9.989317655563354492e-01
9.905653595924377441e-01
9.821610450744628906e-01
9.736579060554504395e-01
9.695787429809570312e-01
9.774893522262573242e-01
9.857744574546813965e-01
9.947052597999572754e-01
9.993245005607604980e-01
9.997346997261047363e-01
9.998977184295654297e-01
9.999110102653503418e-01
9.998466968536376953e-01
9.997553229331970215e-01
9.995067119598388672e-01
9.992319941520690918e-01
9.967182278633117676e-01
9.940117597579956055e-01
9.900115728378295898e-01
9.873772859573364258e-01
9.896956682205200195e-01
9.927002787590026855e-01
9.971100091934204102e-01
9.996482729911804199e-01
9.998864531517028809e-01
9.999929070472717285e-01
9.999972581863403320e-01
9.999905228614807129e-01
9.999785423278808594e-01
9.999490380287170410e-01
9.999150633811950684e-01
9.999189376831054688e-01
9.999271631240844727e-01
9.999613761901855469e-01
9.999873638153076172e-01
9.999648332595825195e-01
9.997128844261169434e-01
9.988038539886474609e-01
9.961630702018737793e-01
9.906649589538574219e-01
9.843858480453491211e-01
9.773234724998474121e-01
9.734653830528259277e-01
9.717304110527038574e-01
9.726213812828063965e-01
9.745480418205261230e-01
9.814960956573486328e-01
9.894837141036987305e-01
9.948610067367553711e-01
9.997742176055908203e-01
9.998576641082763672e-01
9.999219179153442383e-01
9.998949170112609863e-01
9.997143149375915527e-01
9.991537928581237793e-01
9.986429810523986816e-01
9.982097148895263672e-01
9.983852505683898926e-01
9.991422295570373535e-01
9.995844364166259766e-01
9.998390674591064453e-01
9.999129772186279297e-01
9.999222755432128906e-01
9.998627901077270508e-01
9.997911453247070312e-01
9.998623728752136230e-01
9.999365210533142090e-01
9.999683499336242676e-01
9.999924898147583008e-01
9.999818801879882812e-01
9.998959302902221680e-01
9.996291995048522949e-01
9.989809989929199219e-01
9.977717995643615723e-01
9.963340759277343750e-01
9.946750402450561523e-01
9.941022992134094238e-01
9.941793084144592285e-01
9.955135583877563477e-01
9.972980022430419922e-01
9.986000657081604004e-01
9.998085498809814453e-01
9.999060034751892090e-01
9.979676604270935059e-01
9.665877819061279297e-01
9.281200766563415527e-01
8.559564352035522461e-01
7.816081047058105469e-01
7.020994424819946289e-01
5.570269227027893066e-01
3.083856403827667236e-01
1.500914394855499268e-01
8.185320347547531128e-02
1.285882592201232910e-01
2.496244609355926514e-01
5.390717387199401855e-01
8.954328298568725586e-01
9.766001105308532715e-01
9.966795444488525391e-01
9.964780211448669434e-01
9.770888686180114746e-01
4.524417221546173096e-01
1.129525292742350473e-11
4.846984792694630784e-12
2.451747619175535521e-17
1.060958860493907386e-16
5.470940589447081948e-09
2.101123186548647936e-08
1.120154466480016708e-02
3.545914217829704285e-02
3.079489469528198242e-01
7.695749998092651367e-01
9.480443000793457031e-01
9.865537881851196289e-01
9.871011972427368164e-01
9.766951799392700195e-01
9.609928131103515625e-01
9.445270895957946777e-01
9.621996879577636719e-01
9.797381758689880371e-01
9.909577965736389160e-01
9.999731779098510742e-01
9.999032616615295410e-01
9.988554120063781738e-01
9.955266118049621582e-01
9.813889265060424805e-01
9.513499736785888672e-01
9.207893013954162598e-01
8.897934556007385254e-01
9.138268828392028809e-01
9.730069637298583984e-01
9.904156327247619629e-01
9.910622835159301758e-01
9.899356365203857422e-01
9.884111285209655762e-01
9.929874539375305176e-01
9.980251789093017578e-01
9.990382194519042969e-01
9.999312162399291992e-01
9.999688863754272461e-01
9.999952912330627441e-01
9.999822974205017090e-01
9.996289014816284180e-01
9.985737800598144531e-01
9.350897073745727539e-01
7.882934212684631348e-01
5.780573487281799316e-01
3.106962442398071289e-01
3.047826290130615234e-01
4.512608945369720459e-01
6.470297574996948242e-01
8.602991700172424316e-01
9.289199113845825195e-01
9.679015874862670898e-01
9.839611649513244629e-01
9.979630708694458008e-01
9.988148212432861328e-01
9.993050098419189453e-01
9.973984360694885254e-01
9.939168095588684082e-01
9.851821660995483398e-01
9.766286611557006836e-01
9.683766961097717285e-01
9.688499569892883301e-01
9.807181358337402344e-01
9.900758266448974609e-01
9.971659183502197266e-01
9.998022317886352539e-01
9.997828006744384766e-01
9.993194937705993652e-01
9.986873865127563477e-01
9.981964230537414551e-01
9.977342486381530762e-01
9.982708692550659180e-01
9.988886117935180664e-01
9.993677139282226562e-01
9.997960329055786133e-01
9.998456239700317383e-01
9.998809695243835449e-01
9.998641014099121094e-01
9.997739195823669434e-01
9.995229244232177734e-01
9.991382956504821777e-01
9.985609054565429688e-01
9.973294138908386230e-01
9.954485893249511719e-01
9.533563852310180664e-01
8.841769099235534668e-01
7.207615971565246582e-01
5.164294242858886719e-01
3.621400594711303711e-01
2.216812223196029663e-01
1.558918505907058716e-01
9.994246065616607666e-02
1.085697561502456665e-01
1.437668055295944214e-01
4.865552484989166260e-01
7.840696573257446289e-01
8.572375178337097168e-01
9.152915477752685547e-01
9.320950508117675781e-01
9.529081583023071289e-01
9.810403585433959961e-01
9.972073435783386230e-01
9.988967776298522949e-01
9.974963068962097168e-01
9.935239553451538086e-01
9.114190936088562012e-01
7.849324345588684082e-01
5.437610745429992676e-01
2.598114013671875000e-01
1.923009306192398071e-01
1.705420911312103271e-01
5.394132733345031738e-01
9.383627176284790039e-01
9.700337052345275879e-01
9.979735016822814941e-01
9.941759109497070312e-01
9.866374135017395020e-01
9.638741016387939453e-01
9.404989480972290039e-01
9.158030748367309570e-01
9.185415506362915039e-01
9.666128754615783691e-01
9.732055664062500000e-01
9.328907132148742676e-01
8.905000090599060059e-01
