9.996055364608764648e-01
9.515705108642578125e-01
8.200104236602783203e-01
9.183614253997802734e-01
7.721197009086608887e-01
2.201423197984695435e-01
9.090701490640640259e-02
1.272029578685760498e-01
3.277301490306854248e-01
7.614125013351440430e-01
9.937880635261535645e-01
9.999314546585083008e-01
9.999706149101257324e-01
9.999886751174926758e-01
9.999869465827941895e-01
9.999772310256958008e-01
9.999538064002990723e-01
9.999018311500549316e-01
9.996336102485656738e-01
9.994785189628601074e-01
9.994543194770812988e-01
9.998528957366943359e-01
1.000000000000000000e+00
9.998849630355834961e-01
9.991121292114257812e-01
9.974286556243896484e-01
9.919475913047790527e-01
9.714854955673217773e-01
8.230154514312744141e-01
6.223734021186828613e-01
4.310544729232788086e-01
4.927985668182373047e-01
6.621684432029724121e-01
8.790667057037353516e-01
9.644441604614257812e-01
9.977376461029052734e-01
9.995559453964233398e-01
9.999572038650512695e-01
9.999914765357971191e-01
9.999987483024597168e-01
1.000000000000000000e+00
9.999826550483703613e-01
9.999327063560485840e-01
9.998335242271423340e-01
9.990382790565490723e-01
9.971102476119995117e-01
9.573988318443298340e-01
9.343746304512023926e-01
9.421042799949645996e-01
9.705905914306640625e-01
9.910247921943664551e-01
9.989783763885498047e-01
9.997280836105346680e-01
9.999493956565856934e-01
9.999803304672241211e-01
9.999914169311523438e-01
9.999963045120239258e-01
9.999951124191284180e-01
9.999732375144958496e-01
9.997658133506774902e-01
9.990698695182800293e-01
9.898562431335449219e-01
8.612051606178283691e-01
6.230823397636413574e-01
2.191496640443801880e-01
2.996575273573398590e-02
8.143673650920391083e-03
8.264172822237014771e-02
1.031937599182128906e-01
8.547643572092056274e-02
4.931152239441871643e-02
3.490561544895172119e-01
8.009153008460998535e-01
9.457911849021911621e-01
9.976185560226440430e-01
9.992678165435791016e-01
9.990808367729187012e-01
7.874343395233154297e-01
4.654289484024047852e-01
1.082748547196388245e-01
0.000000000000000000e+00
6.823492158908944508e-34
3.977729252466629829e-33
1.697660535573959351e-01
4.313409328460693359e-01
7.782218456268310547e-01
9.108530282974243164e-01
9.597659111022949219e-01
9.845116138458251953e-01
9.918794631958007812e-01
9.917135834693908691e-01
9.859641790390014648e-01
9.866493940353393555e-01
9.879594445228576660e-01
9.863573312759399414e-01
9.751107692718505859e-01
9.689978957176208496e-01
9.799237251281738281e-01
9.905430674552917480e-01
9.981409907341003418e-01
9.996637105941772461e-01
9.980563521385192871e-01
9.077156782150268555e-01
6.483502984046936035e-01
4.607539176940917969e-01
3.967700302600860596e-01
5.293236374855041504e-01
7.810676097869873047e-01
9.612819552421569824e-01
9.925959110260009766e-01
9.983136057853698730e-01
9.987189769744873047e-01
9.960819482803344727e-01
9.781460165977478027e-01
9.596871733665466309e-01
9.429578185081481934e-01
9.637554883956909180e-01
9.826087355613708496e-01
9.939073920249938965e-01
9.979270696640014648e-01
9.999127984046936035e-01
9.999800920486450195e-01
9.998438954353332520e-01
9.994922876358032227e-01
9.988907575607299805e-01
9.994708299636840820e-01
9.998692274093627930e-01
9.999834299087524414e-01
9.999938607215881348e-01
9.999976158142089844e-01
9.999984502792358398e-01
9.999930262565612793e-01
9.999666213989257812e-01
9.999178647994995117e-01
9.997938275337219238e-01
9.996871352195739746e-01
9.995992183685302734e-01
9.996494650840759277e-01
9.997594356536865234e-01
9.999274611473083496e-01
9.999275207519531250e-01
9.992992877960205078e-01
9.979145526885986328e-01
9.845750331878662109e-01
9.813079237937927246e-01
9.873217940330505371e-01
9.888190627098083496e-01
9.895636439323425293e-01
9.897873997688293457e-01
9.953542947769165039e-01
9.982962608337402344e-01
9.988312125205993652e-01
9.967700839042663574e-01
9.968587160110473633e-01
9.987689256668090820e-01
9.995818138122558594e-01
9.999712109565734863e-01
9.999985694885253906e-01
9.999994039535522461e-01
9.999989271163940430e-01
9.999970793724060059e-01
9.999893307685852051e-01
9.999825358390808105e-01
9.999774694442749023e-01
9.999904632568359375e-01
9.999975562095642090e-01
9.999997019767761230e-01
9.999994039535522461e-01
9.999987483024597168e-01
9.999979734420776367e-01
9.999993443489074707e-01
9.999753236770629883e-01
9.990965127944946289e-01
9.839003682136535645e-01
9.150723218917846680e-01
8.158368468284606934e-01
9.179333448410034180e-01
9.756988286972045898e-01
9.970363974571228027e-01
9.988817572593688965e-01
9.997161626815795898e-01
9.997074604034423828e-01
9.990901947021484375e-01
9.985912442207336426e-01
9.982076883316040039e-01
9.981620907783508301e-01
9.987805485725402832e-01
9.998630881309509277e-01
9.995864629745483398e-01
9.995498061180114746e-01
9.997095465660095215e-01
9.999001622200012207e-01
9.999600648880004883e-01
9.996771812438964844e-01
9.945216774940490723e-01
9.273146986961364746e-01
8.096890449523925781e-01
7.333216667175292969e-01
7.542499899864196777e-01
8.579017519950866699e-01
9.456614255905151367e-01
9.912785291671752930e-01
9.998292922973632812e-01
9.999361634254455566e-01
9.999839663505554199e-01
9.999796748161315918e-01
9.999856352806091309e-01
9.999914765357971191e-01
9.999970793724060059e-01
9.999967813491821289e-01
9.999817609786987305e-01
9.999533295631408691e-01
9.999653697013854980e-01
9.999791979789733887e-01
9.999947547912597656e-01
9.999725222587585449e-01
9.979156851768493652e-01
9.938066005706787109e-01
7.905596494674682617e-01
4.961355924606323242e-01
1.078213974833488464e-01
1.224655210971832275e-01
3.962337374687194824e-01
9.468291401863098145e-01
9.862065315246582031e-01
9.992471337318420410e-01
9.985744357109069824e-01
9.978103637695312500e-01
9.977251291275024414e-01
9.984575510025024414e-01
9.993264675140380859e-01
9.998574852943420410e-01
9.999551773071289062e-01
9.999839663505554199e-01
9.999847412109375000e-01
9.999547004699707031e-01
9.995962977409362793e-01
9.990610480308532715e-01
9.983144402503967285e-01
9.992164373397827148e-01
9.998919963836669922e-01
9.999800920486450195e-01
9.999951124191284180e-01
9.998552203178405762e-01
9.994828701019287109e-01
9.823059439659118652e-01
9.346771240234375000e-01
8.392288088798522949e-01
5.760307312011718750e-01
3.679732978343963623e-01
3.091674447059631348e-01
4.896571636199951172e-01
7.158560156822204590e-01
9.453959465026855469e-01
9.928452968597412109e-01
9.981188774108886719e-01
9.947022795677185059e-01
9.712960124015808105e-01
9.515160322189331055e-01
9.514450430870056152e-01
9.740761518478393555e-01
9.543178677558898926e-01
8.105668425559997559e-01
4.660013616085052490e-01
2.308192551136016846e-01
4.754257798194885254e-01
7.351090908050537109e-01
8.863182663917541504e-01
6.744930744171142578e-01
3.742099702358245850e-01
2.158854454755783081e-01
6.864528059959411621e-01
9.065393805503845215e-01
9.999517202377319336e-01
9.999509453773498535e-01
9.993669390678405762e-01
9.938318729400634766e-01
9.661051630973815918e-01
8.808405995368957520e-01
7.954325079917907715e-01
8.743776679039001465e-01
9.352131485939025879e-01
9.807175993919372559e-01
9.909636378288269043e-01
9.967943429946899414e-01
9.995508193969726562e-01
9.996191263198852539e-01
9.987878799438476562e-01
9.973700642585754395e-01
9.964861273765563965e-01
9.969579577445983887e-01
9.983934164047241211e-01
9.982377886772155762e-01
9.975836873054504395e-01
9.964944124221801758e-01
9.951729178428649902e-01
9.948395490646362305e-01
9.954633712768554688e-01
9.928264617919921875e-01
9.882403016090393066e-01
9.815651774406433105e-01
9.916945695877075195e-01
9.982484579086303711e-01
9.997449517250061035e-01
9.990248680114746094e-01
9.969782829284667969e-01
9.933204650878906250e-01
9.951810240745544434e-01
9.971286654472351074e-01
9.983242154121398926e-01
9.890324473381042480e-01
9.690003991127014160e-01
9.324919581413269043e-01
8.123282790184020996e-01
7.639070153236389160e-01
8.934362530708312988e-01
9.530465006828308105e-01
9.845489859580993652e-01
9.876399636268615723e-01
9.874839782714843750e-01
9.885258674621582031e-01
9.954571723937988281e-01
9.982665181159973145e-01
9.993407726287841797e-01
9.992969036102294922e-01
9.995725750923156738e-01
9.999101161956787109e-01
9.999675750732421875e-01
9.999554753303527832e-01
9.998724460601806641e-01
9.995921254158020020e-01
9.979872703552246094e-01
9.920373558998107910e-01
9.608114361763000488e-01
8.877838850021362305e-01
7.928369641304016113e-01
7.505375146865844727e-01
6.987799406051635742e-01
6.409435272216796875e-01
6.045552492141723633e-01
6.744887828826904297e-01
8.371810913085937500e-01
9.386975765228271484e-01
9.926908016204833984e-01
9.979017972946166992e-01
9.875702857971191406e-01
9.786624312400817871e-01
9.719150066375732422e-01
9.756538271903991699e-01
9.808420538902282715e-01
9.870740175247192383e-01
9.914322495460510254e-01
9.949546456336975098e-01
9.974486827850341797e-01
9.987823367118835449e-01
9.996258020401000977e-01
9.998831152915954590e-01
9.998859167098999023e-01
9.996823072433471680e-01
9.991214275360107422e-01
9.973462224006652832e-01
9.960379004478454590e-01
9.972085952758789062e-01
9.986811280250549316e-01
9.999455809593200684e-01
9.999847412109375000e-01
9.999958276748657227e-01
9.996854066848754883e-01
9.977617263793945312e-01
9.927052855491638184e-01
9.856109619140625000e-01
9.764807224273681641e-01
9.758397936820983887e-01
9.815219044685363770e-01
9.937237501144409180e-01
9.995017051696777344e-01
9.999993443489074707e-01
9.999996423721313477e-01
9.999976754188537598e-01
9.999933838844299316e-01
9.996967911720275879e-01
9.972840547561645508e-01
9.923379421234130859e-01
9.827693104743957520e-01
9.823125004768371582e-01
9.956251382827758789e-01
9.985652565956115723e-01
9.996634125709533691e-01
9.999347329139709473e-01
9.999875426292419434e-01
9.998294115066528320e-01
9.992991685867309570e-01
9.868113398551940918e-01
9.468258619308471680e-01
8.379543423652648926e-01
8.709191679954528809e-01
9.462062716484069824e-01
9.866611957550048828e-01
9.995051026344299316e-01
9.994611740112304688e-01
9.994812011718750000e-01
9.984202384948730469e-01
9.919210672378540039e-01
9.441663026809692383e-01
8.670433759689331055e-01
7.758308649063110352e-01
8.148856759071350098e-01
6.154858469963073730e-01
1.999499499797821045e-01
6.968536972999572754e-02
4.186251759529113770e-02
1.286529302597045898e-01
6.524127125740051270e-01
9.808027148246765137e-01
9.977995157241821289e-01
9.985297918319702148e-01
9.962722063064575195e-01
9.923132658004760742e-01
9.926589131355285645e-01
9.945179224014282227e-01
9.978597164154052734e-01
9.992973804473876953e-01
9.999742507934570312e-01
9.999924898147583008e-01
9.998599886894226074e-01
9.995836019515991211e-01
9.989455938339233398e-01
9.989567399024963379e-01
9.993186593055725098e-01
9.997982382774353027e-01
9.999903440475463867e-01
9.999930858612060547e-01
9.999877810478210449e-01
9.999820590019226074e-01
9.999693632125854492e-01
9.995440244674682617e-01
9.979322552680969238e-01
9.950585365295410156e-01
9.905697107315063477e-01
9.904361367225646973e-01
9.963278770446777344e-01
9.986741542816162109e-01
9.999139308929443359e-01
9.999532699584960938e-01
9.999150633811950684e-01
9.998509883880615234e-01
9.997631311416625977e-01
9.998024106025695801e-01
9.998829960823059082e-01
9.999734759330749512e-01
1.000000000000000000e+00
1.000000000000000000e+00
1.000000000000000000e+00
9.999767541885375977e-01
9.999175667762756348e-01
9.996715784072875977e-01
9.936190247535705566e-01
9.796382784843444824e-01
8.864597678184509277e-01
8.791032433509826660e-01
9.531437158584594727e-01
9.811233878135681152e-01
9.970877766609191895e-01
9.993690848350524902e-01
9.992255568504333496e-01
9.982967972755432129e-01
9.964560270309448242e-01
9.963616132736206055e-01
9.971579313278198242e-01
9.992125630378723145e-01
9.998367428779602051e-01
1.000000000000000000e+00
1.000000000000000000e+00
9.990265369415283203e-01
9.980293512344360352e-01
9.987884759902954102e-01
9.991209506988525391e-01
9.992008209228515625e-01
9.991663098335266113e-01
9.992728233337402344e-01
9.994871616363525391e-01
9.997555017471313477e-01
9.999228715896606445e-01
9.999886751174926758e-01
9.999959468841552734e-01
9.999981522560119629e-01
9.999966621398925781e-01
9.997740387916564941e-01
9.978211522102355957e-01
9.927832484245300293e-01
9.867170453071594238e-01
9.828646183013916016e-01
9.851947426795959473e-01
9.891130924224853516e-01
9.920518994331359863e-01
9.892612099647521973e-01
9.829015135765075684e-01
9.758009910583496094e-01
9.752492308616638184e-01
9.791969656944274902e-01
9.861487746238708496e-01
9.925189018249511719e-01
9.899812936782836914e-01
9.792423248291015625e-01
8.957412838935852051e-01
8.784869313240051270e-01
9.447524547576904297e-01
9.796374440193176270e-01
9.997438192367553711e-01
9.999626278877258301e-01
9.881104230880737305e-01
9.790358543395996094e-01
9.827780723571777344e-01
9.897459745407104492e-01
9.966093301773071289e-01
9.991618990898132324e-01
9.999976158142089844e-01
9.999964237213134766e-01
9.999862909317016602e-01
9.998263716697692871e-01
9.995610117912292480e-01
9.992402195930480957e-01
9.986213445663452148e-01
9.977194666862487793e-01
9.921395778656005859e-01
9.778383970260620117e-01
9.522691369056701660e-01
9.382867217063903809e-01
9.363764524459838867e-01
9.541777372360229492e-01
9.711020588874816895e-01
9.835460186004638672e-01
9.843794703483581543e-01
9.802010059356689453e-01
9.760828018188476562e-01
9.802772998809814453e-01
9.875789880752563477e-01
9.959087967872619629e-01
9.983916282653808594e-01
9.996458888053894043e-01
9.999384880065917969e-01
9.999788403511047363e-01
1.000000000000000000e+00
1.000000000000000000e+00
9.999635815620422363e-01
9.996486306190490723e-01
9.989041686058044434e-01
9.126280546188354492e-01
6.747329831123352051e-01
1.289582997560501099e-01
1.009879542083217407e-19
0.000000000000000000e+00
0.000000000000000000e+00
1.289021074771881104e-01
3.543201088905334473e-01
8.100380897521972656e-01
9.992413520812988281e-01
9.998098015785217285e-01
9.998770356178283691e-01
9.999395608901977539e-01
9.999972581863403320e-01
1.000000000000000000e+00
9.998161196708679199e-01
9.993640184402465820e-01
9.994367361068725586e-01
9.995024204254150391e-01
9.993753433227539062e-01
9.991590380668640137e-01
9.989767670631408691e-01
9.990025758743286133e-01
9.977499246597290039e-01
9.955159425735473633e-01
9.908187389373779297e-01
9.918314218521118164e-01
9.967216253280639648e-01
9.986839890480041504e-01
9.997039437294006348e-01
9.997642636299133301e-01
9.998874664306640625e-01
9.990097880363464355e-01
9.966497421264648438e-01
9.955251216888427734e-01
9.956253767013549805e-01
9.980164170265197754e-01
9.989863038063049316e-01
9.976362586021423340e-01
9.893478155136108398e-01
9.685080647468566895e-01
9.451599121093750000e-01
9.508010745048522949e-01
9.695717692375183105e-01
9.976785182952880859e-01
9.989590048789978027e-01
9.996134042739868164e-01
9.995713829994201660e-01
9.979841113090515137e-01
9.922595024108886719e-01
9.798679947853088379e-01
9.392491579055786133e-01
9.066376090049743652e-01
9.102023839950561523e-01
9.405962228775024414e-01
9.677528738975524902e-01
9.334408640861511230e-01
7.210680246353149414e-01
4.073580205440521240e-01
1.355850845575332642e-01
5.104254931211471558e-03
1.075980690075084567e-04
2.396991621935740113e-04
2.301232069730758667e-01
7.651126980781555176e-01
8.188745379447937012e-01
8.493063449859619141e-01
9.691491723060607910e-01
9.977600574493408203e-01
9.995916485786437988e-01
9.997758269309997559e-01
9.987902045249938965e-01
9.969063997268676758e-01
9.926461577415466309e-01
9.914129972457885742e-01
9.925189614295959473e-01
9.970388412475585938e-01
9.995915293693542480e-01
9.999183416366577148e-01
9.999716877937316895e-01
9.999667406082153320e-01
9.999037981033325195e-01
9.996389150619506836e-01
9.989739060401916504e-01
9.972801804542541504e-01
9.772709012031555176e-01
9.365997910499572754e-01
8.227040767669677734e-01
7.495028376579284668e-01
7.133824825286865234e-01
8.934764266014099121e-01
9.899982810020446777e-01
9.987977147102355957e-01
9.996255636215209961e-01
9.998300075531005859e-01
9.999336004257202148e-01
9.999770522117614746e-01
9.999979734420776367e-01
9.999930262565612793e-01
9.999947547912597656e-01
9.999985098838806152e-01
9.999994635581970215e-01
9.999998807907104492e-01
9.999986290931701660e-01
9.999739527702331543e-01
9.985479712486267090e-01
9.956974983215332031e-01
9.705678224563598633e-01
9.638683795928955078e-01
9.888377785682678223e-01
9.967007637023925781e-01
9.998684525489807129e-01
9.999605417251586914e-01
9.999907612800598145e-01
9.999952912330627441e-01
9.999936819076538086e-01
9.933443665504455566e-01
9.531407356262207031e-01
3.226463198661804199e-01
5.663437023758888245e-02
1.693328619003295898e-01
6.451898813247680664e-01
9.679416418075561523e-01
9.948359131813049316e-01
9.987269043922424316e-01
8.663074970245361328e-01
3.587197363376617432e-01
1.365101337432861328e-01
1.135619804263114929e-01
5.579112768173217773e-01
8.378283977508544922e-01
9.969288706779479980e-01
9.981862902641296387e-01
9.987453818321228027e-01
9.985167384147644043e-01
9.989690780639648438e-01
9.994379878044128418e-01
9.998143315315246582e-01
9.999216198921203613e-01
9.999496340751647949e-01
9.999481439590454102e-01
9.999436736106872559e-01
9.998747706413269043e-01
9.993135929107666016e-01
9.946617484092712402e-01
9.867037534713745117e-01
9.376447200775146484e-01
8.710880875587463379e-01
7.820037007331848145e-01
7.870547771453857422e-01
8.332056403160095215e-01
9.398671388626098633e-01
9.821883440017700195e-01
9.993813633918762207e-01
9.997487664222717285e-01
9.995526671409606934e-01
9.965949058532714844e-01
9.598165154457092285e-01
8.780824542045593262e-01
7.522634267807006836e-01
7.295292019844055176e-01
7.549124360084533691e-01
8.480837941169738770e-01
9.171776175498962402e-01
9.699035286903381348e-01
9.907413125038146973e-01
9.982870221138000488e-01
9.997619986534118652e-01
9.998163580894470215e-01
9.998808503150939941e-01
9.999528527259826660e-01
9.999800324440002441e-01
9.999955296516418457e-01
9.999963641166687012e-01
9.999948740005493164e-01
9.999940395355224609e-01
9.999954700469970703e-01
9.999973177909851074e-01
9.999975562095642090e-01
9.999901652336120605e-01
9.989633560180664062e-01
9.972590208053588867e-01
9.946068525314331055e-01
9.939765930175781250e-01
9.954187870025634766e-01
9.979587793350219727e-01
9.996914267539978027e-01
9.998576641082763672e-01
9.999207258224487305e-01
9.999433159828186035e-01
9.999185800552368164e-01
9.997182488441467285e-01
9.993919134140014648e-01
9.987265467643737793e-01
9.977810978889465332e-01
9.965952038764953613e-01
9.952031970024108887e-01
9.949128627777099609e-01
9.962458014488220215e-01
9.959229230880737305e-01
9.956645965576171875e-01
9.964411854743957520e-01
9.900357723236083984e-01
9.833297133445739746e-01
9.935104846954345703e-01
9.986491203308105469e-01
9.999921321868896484e-01
9.999894499778747559e-01
9.999606609344482422e-01
9.998984336853027344e-01
9.997835755348205566e-01
9.996787905693054199e-01
9.996160268783569336e-01
9.955891370773315430e-01
9.789361357688903809e-01
9.053206443786621094e-01
7.310098409652709961e-01
4.924435913562774658e-01
3.869374096393585205e-01
4.979749917984008789e-01
8.648198843002319336e-01
9.569463729858398438e-01
9.790447354316711426e-01
9.256440997123718262e-01
5.326435565948486328e-01
1.059461683034896851e-01
2.957816421985626221e-02
3.156126439571380615e-01
8.142898082733154297e-01
9.253367781639099121e-01
9.841963052749633789e-01
9.843685030937194824e-01
9.923651218414306641e-01
9.960659146308898926e-01
9.893158078193664551e-01
7.824543714523315430e-01
4.951222240924835205e-01
1.365651488304138184e-01
9.488820840175549165e-11
0.000000000000000000e+00
0.000000000000000000e+00
2.221922672109248336e-19
6.889565608463087987e-19
2.828964591026306152e-01
5.950856804847717285e-01
9.054321050643920898e-01
9.898467659950256348e-01
9.999852180480957031e-01
9.999838471412658691e-01
9.999663829803466797e-01
9.999381303787231445e-01
9.998938441276550293e-01
9.996916651725769043e-01
9.993121027946472168e-01
9.944251179695129395e-01
9.877312779426574707e-01
9.783223271369934082e-01
9.865259528160095215e-01
9.982872605323791504e-01
9.994702339172363281e-01
9.999088048934936523e-01
9.998577237129211426e-01
9.998388290405273438e-01
9.998645782470703125e-01
9.999435544013977051e-01
9.999772310256958008e-01
9.999968409538269043e-01
9.999985098838806152e-01
9.999974966049194336e-01
9.999952912330627441e-01
9.999915361404418945e-01
9.999848008155822754e-01
9.999754428863525391e-01
9.999160170555114746e-01
9.997089505195617676e-01
9.993077516555786133e-01
9.882662892341613770e-01
9.664891958236694336e-01
9.218047857284545898e-01
9.192191958427429199e-01
9.367098212242126465e-01
9.709678292274475098e-01
9.894734621047973633e-01
9.953545928001403809e-01
9.976629614830017090e-01
9.973148107528686523e-01
9.931025505065917969e-01
7.569357752799987793e-01
4.808350503444671631e-01
2.343086004257202148e-01
2.038348764181137085e-01
3.121564686298370361e-01
7.317912578582763672e-01
9.564194083213806152e-01
9.968749880790710449e-01
9.977051019668579102e-01
9.948379993438720703e-01
9.901747107505798340e-01
9.881266355514526367e-01
9.876348972320556641e-01
9.903924465179443359e-01
9.929761886596679688e-01
9.954516291618347168e-01
9.979569315910339355e-01
9.992389678955078125e-01
9.991185069084167480e-01
9.982640147209167480e-01
9.976814389228820801e-01
9.979184865951538086e-01
9.987670183181762695e-01
9.996794462203979492e-01
9.996550679206848145e-01
9.996523261070251465e-01
9.996659159660339355e-01
9.997896552085876465e-01
9.998785853385925293e-01
9.999157190322875977e-01
9.998214840888977051e-01
9.997571110725402832e-01
9.998644590377807617e-01
9.999364018440246582e-01
9.999860525131225586e-01
9.999864697456359863e-01
9.998732209205627441e-01
9.996492862701416016e-01
9.964091181755065918e-01
9.859635233879089355e-01
9.623495936393737793e-01
9.586018323898315430e-01
9.641873240470886230e-01
9.842520952224731445e-01
9.950920939445495605e-01
9.996634721755981445e-01
9.998237490653991699e-01
9.998545646667480469e-01
9.997165203094482422e-01
9.957632422447204590e-01
9.867427349090576172e-01
9.657433032989501953e-01
9.618657231330871582e-01
9.673104286193847656e-01
9.856783747673034668e-01
9.936291575431823730e-01
9.920162558555603027e-01
9.836159944534301758e-01
9.796134829521179199e-01
9.845504164695739746e-01
9.923354387283325195e-01
9.994598031044006348e-01
9.998155236244201660e-01
9.999740123748779297e-01
9.999986290931701660e-01
9.999068975448608398e-01
9.991647005081176758e-01
9.975600838661193848e-01
9.580859541893005371e-01
8.494609594345092773e-01
5.652772188186645508e-01
4.120585024356842041e-01
3.529907166957855225e-01
6.133731007575988770e-01
8.057157993316650391e-01
9.305458068847656250e-01
7.558295130729675293e-01
4.990801215171813965e-01
1.308359205722808838e-01
2.895541787147521973e-01
5.891447663307189941e-01
6.772763729095458984e-01
7.796782255172729492e-01
8.927670717239379883e-01
9.564274549484252930e-01
9.772229194641113281e-01
9.348369240760803223e-01
8.362680673599243164e-01
7.601150274276733398e-01
8.069412112236022949e-01
8.524930477142333984e-01
8.939701318740844727e-01
8.689612746238708496e-01
7.978261709213256836e-01
6.724119186401367188e-01
3.135644197463989258e-01
3.495491296052932739e-02
4.318854585289955139e-02
4.250302314758300781e-01
9.153465628623962402e-01
9.574162364006042480e-01
9.677376151084899902e-01
9.488763809204101562e-01
9.064526557922363281e-01
8.251198530197143555e-01
6.724604368209838867e-01
5.444157719612121582e-01
4.678708612918853760e-01
6.160402894020080566e-01
7.824018001556396484e-01
9.620094895362854004e-01
9.851841330528259277e-01
9.981877207756042480e-01
9.996969103813171387e-01
9.999971389770507812e-01
9.999959468841552734e-01
9.999799728393554688e-01
9.999446272850036621e-01
9.998968839645385742e-01
9.998266696929931641e-01
9.791454076766967773e-01
9.322015643119812012e-01
8.881928324699401855e-01
8.720281720161437988e-01
9.354227781295776367e-01
9.729872941970825195e-01
9.959712028503417969e-01
9.985395669937133789e-01
9.999070167541503906e-01
9.999793767929077148e-01
9.999355077743530273e-01
9.880176186561584473e-01
9.481769800186157227e-01
8.638505339622497559e-01
7.737225890159606934e-01
7.870622873306274414e-01
8.313248157501220703e-01
9.043675661087036133e-01
9.317870140075683594e-01
9.483857750892639160e-01
9.506326317787170410e-01
9.586237668991088867e-01
9.688301086425781250e-01
9.800677895545959473e-01
9.546498656272888184e-01
8.993853926658630371e-01
7.674284577369689941e-01
6.806867718696594238e-01
6.794192790985107422e-01
7.676526308059692383e-01
8.774116635322570801e-01
9.608095884323120117e-01
9.974262118339538574e-01
9.997259378433227539e-01
9.995355010032653809e-01
9.992823600769042969e-01
9.990047812461853027e-01
9.776978492736816406e-01
9.457193613052368164e-01
8.926077485084533691e-01
9.105560779571533203e-01
9.753615856170654297e-01
9.905028343200683594e-01
9.996029138565063477e-01
9.999355077743530273e-01
9.999752640724182129e-01
9.988511800765991211e-01
9.937207698822021484e-01
9.810121059417724609e-01
9.639884829521179199e-01
9.649095535278320312e-01
9.727702736854553223e-01
9.900379776954650879e-01
9.953322410583496094e-01
9.975677728652954102e-01
9.979272484779357910e-01
9.981273412704467773e-01
9.982044696807861328e-01
9.974390268325805664e-01
9.958043098449707031e-01
9.930557012557983398e-01
9.746413826942443848e-01
9.396314620971679688e-01
8.615599274635314941e-01
8.013656735420227051e-01
7.559377551078796387e-01
8.139325976371765137e-01
8.791365027427673340e-01
9.533671140670776367e-01
9.826231598854064941e-01
9.986479282379150391e-01
9.995942711830139160e-01
9.999430775642395020e-01
9.999544024467468262e-01
9.997139573097229004e-01
9.968065619468688965e-01
9.905967712402343750e-01
9.305710196495056152e-01
8.701264262199401855e-01
8.386261463165283203e-01
8.703060150146484375e-01
9.355571269989013672e-01
9.751395583152770996e-01
9.979276061058044434e-01
9.996009469032287598e-01
9.996917843818664551e-01
9.994294643402099609e-01
9.989814162254333496e-01
9.974679946899414062e-01
9.935626983642578125e-01
9.443258047103881836e-01
8.574858903884887695e-01
7.218269109725952148e-01
7.005913257598876953e-01
7.256512045860290527e-01
8.282087445259094238e-01
7.831878662109375000e-01
6.538881063461303711e-01
6.509238481521606445e-01
7.265415191650390625e-01
9.092364907264709473e-01
9.716960191726684570e-01
1.000000000000000000e+00
1.000000000000000000e+00
9.981470108032226562e-01
9.948408603668212891e-01
9.601628780364990234e-01
7.345132231712341309e-01
2.277274578809738159e-01
6.326722353696823120e-02
5.985255938867339864e-06
1.734964484967349563e-06
1.969985078176250681e-06
5.294392849464202300e-06
1.213936950080096722e-03
9.945009648799896240e-02
3.531104028224945068e-01
6.806072592735290527e-01
9.713909626007080078e-01
9.882188439369201660e-01
9.970729947090148926e-01
9.998939633369445801e-01
1.000000000000000000e+00
1.000000000000000000e+00
1.000000000000000000e+00
9.996231794357299805e-01
9.992513060569763184e-01
9.996443986892700195e-01
9.998654127120971680e-01
9.999391436576843262e-01
9.993622899055480957e-01
9.939818382263183594e-01
9.788355827331542969e-01
9.243483543395996094e-01
8.687133193016052246e-01
9.240024685859680176e-01
9.639027118682861328e-01
9.887514114379882812e-01
9.844769835472106934e-01
9.778852462768554688e-01
9.737888574600219727e-01
9.826049208641052246e-01
9.964910745620727539e-01
9.987792372703552246e-01
1.000000000000000000e+00
1.000000000000000000e+00
9.983760714530944824e-01
9.972330927848815918e-01
9.983103871345520020e-01
9.990100860595703125e-01
9.994904994964599609e-01
9.997572898864746094e-01
9.999296069145202637e-01
9.999727606773376465e-01
9.999855756759643555e-01
9.999693036079406738e-01
9.998663067817687988e-01
9.944795966148376465e-01
9.854761958122253418e-01
8.871615529060363770e-01
8.656129240989685059e-01
9.744047522544860840e-01
1.000000000000000000e+00
9.928806424140930176e-01
9.464406371116638184e-01
9.279411435127258301e-01
9.329417943954467773e-01
9.645327925682067871e-01
9.885408282279968262e-01
9.920897483825683594e-01
9.796534776687622070e-01
9.542741775512695312e-01
8.689315319061279297e-01
7.912380695343017578e-01
7.216274142265319824e-01
7.308351397514343262e-01
7.501754760742187500e-01
7.657037973403930664e-01
7.024657726287841797e-01
6.038197875022888184e-01
7.035157084465026855e-01
8.236484527587890625e-01
9.717125892639160156e-01
9.496239423751831055e-01
8.318778276443481445e-01
4.878292679786682129e-01
2.845422625541687012e-01
1.819266825914382935e-01
2.960216104984283447e-01
4.544223546981811523e-01
6.798812150955200195e-01
7.609274983406066895e-01
7.966288924217224121e-01
8.622537851333618164e-01
9.249403476715087891e-01
9.847204685211181641e-01
9.950865507125854492e-01
9.985081553459167480e-01
9.981185793876647949e-01
9.988262057304382324e-01
9.998914599418640137e-01
9.979745745658874512e-01
9.851000905036926270e-01
9.583563208580017090e-01
8.472377061843872070e-01
7.124137878417968750e-01
5.547979474067687988e-01
6.363360881805419922e-01
8.794465065002441406e-01
9.528651833534240723e-01
9.979368448257446289e-01
9.995464086532592773e-01
9.999734759330749512e-01
9.999980926513671875e-01
9.999984502792358398e-01
9.999961853027343750e-01
9.999914765357971191e-01
9.999831914901733398e-01
9.999807476997375488e-01
9.999942779541015625e-01
9.999986290931701660e-01
9.999983310699462891e-01
9.999993443489074707e-01
1.000000000000000000e+00
1.000000000000000000e+00
1.000000000000000000e+00
1.000000000000000000e+00
1.000000000000000000e+00
9.999991059303283691e-01
9.999976158142089844e-01
9.998111724853515625e-01
9.992380142211914062e-01
9.979201555252075195e-01
9.947960972785949707e-01
9.911271333694458008e-01
9.889954328536987305e-01
9.762364625930786133e-01
9.520012140274047852e-01
8.449341058731079102e-01
7.604722380638122559e-01
7.883026599884033203e-01
8.445669412612915039e-01
9.180235862731933594e-01
9.443629980087280273e-01
9.655208587646484375e-01
9.781997799873352051e-01
5.218473076820373535e-01
2.186707220971584320e-03
7.103339885361492634e-04
0.000000000000000000e+00
0.000000000000000000e+00
8.931309726507411054e-38
7.200422714959131554e-06
3.308060695417225361e-05
6.308599375188350677e-03
2.196182683110237122e-02
2.020812332630157471e-01
4.326179027557373047e-01
7.347583770751953125e-01
8.929275870323181152e-01
9.932758212089538574e-01
9.978373646736145020e-01
9.997441768646240234e-01
9.994438290596008301e-01
9.980091452598571777e-01
9.966886043548583984e-01
9.958460927009582520e-01
9.973542690277099609e-01
9.998329877853393555e-01
9.999356865882873535e-01
9.999949336051940918e-01
9.999975562095642090e-01
9.999953508377075195e-01
9.999898076057434082e-01
9.999746084213256836e-01
9.998729825019836426e-01
9.997038245201110840e-01
9.994497299194335938e-01
9.986771345138549805e-01
9.967754483222961426e-01
9.956651926040649414e-01
9.951028823852539062e-01
9.973058700561523438e-01
9.988515973091125488e-01
9.995639324188232422e-01
9.985350966453552246e-01
9.886398315429687500e-01
9.428448677062988281e-01
7.428565621376037598e-01
4.235621094703674316e-01
3.316444754600524902e-01
3.447236120700836182e-01
5.561843514442443848e-01
7.786123752593994141e-01
9.926810860633850098e-01
9.972036480903625488e-01
9.998086690902709961e-01
9.999207258224487305e-01
9.999687671661376953e-01
9.999960660934448242e-01
9.999982714653015137e-01
9.999993443489074707e-01
9.999994635581970215e-01
9.999992847442626953e-01
9.999969601631164551e-01
9.999896287918090820e-01
9.995068311691284180e-01
9.978539943695068359e-01
9.757053852081298828e-01
9.617674350738525391e-01
9.593880176544189453e-01
9.785412549972534180e-01
9.993616342544555664e-01
9.986122250556945801e-01
9.873424172401428223e-01
9.668580293655395508e-01
7.647287249565124512e-01
6.242654919624328613e-01
6.973432898521423340e-01
8.119381070137023926e-01
9.475446939468383789e-01
9.790281653404235840e-01
9.986021518707275391e-01
9.991808533668518066e-01
9.989438652992248535e-01
9.981822371482849121e-01
9.956148862838745117e-01
9.649060964584350586e-01
9.056234955787658691e-01
4.834446609020233154e-01
1.017718762159347534e-01
2.877651154994964600e-02
1.646517426706850529e-03
4.358212929219007492e-03
3.472996950149536133e-01
6.593943238258361816e-01
8.955590724945068359e-01
9.655784368515014648e-01
9.615597724914550781e-01
8.825033307075500488e-01
8.153312206268310547e-01
7.627086043357849121e-01
7.613080739974975586e-01
7.556973099708557129e-01
6.795755624771118164e-01
4.324068725109100342e-01
4.655247926712036133e-02
1.241129357367753983e-02
5.306779593229293823e-02
2.041167914867401123e-01
4.861828386783599854e-01
8.282463550567626953e-01
7.143946290016174316e-01
6.993969678878784180e-01
8.414072990417480469e-01
8.474845886230468750e-01
7.566319108009338379e-01
2.813682556152343750e-01
2.633913792669773102e-02
3.397013759240508080e-03
8.515509217977523804e-02
1.999302953481674194e-01
3.682985007762908936e-01
5.325030684471130371e-01
6.939588189125061035e-01
8.037436008453369141e-01
8.917241096496582031e-01
9.380990862846374512e-01
9.693630337715148926e-01
9.926162958145141602e-01
9.964421987533569336e-01
9.988036751747131348e-01
9.990497827529907227e-01
9.850070476531982422e-01
9.511683583259582520e-01
8.205698728561401367e-01
5.424579381942749023e-01
1.185263544321060181e-01
2.919193916022777557e-02
4.020383137515182170e-09
1.163087626210312919e-09
7.228642702102661133e-03
1.941980794072151184e-02
3.568371534347534180e-01
5.143054127693176270e-01
2.542474865913391113e-01
1.000869572162628174e-01
2.379855686740484089e-06
8.861820788297336549e-07
2.491212338209152222e-01
8.598120212554931641e-01
1.000000000000000000e+00
9.918469190597534180e-01
9.305242300033569336e-01
9.218116402626037598e-01
9.668920040130615234e-01
9.870755672454833984e-01
9.996302723884582520e-01
9.997518658638000488e-01
9.998129010200500488e-01
9.998294711112976074e-01
9.974731802940368652e-01
9.859750866889953613e-01
9.534043669700622559e-01
8.929329514503479004e-01
8.148500919342041016e-01
5.824872255325317383e-01
4.667930305004119873e-01
5.400666594505310059e-01
7.164318561553955078e-01
9.125288128852844238e-01
9.693630933761596680e-01
1.000000000000000000e+00
1.000000000000000000e+00
9.997661113739013672e-01
9.993859529495239258e-01
9.985718727111816406e-01
9.842723608016967773e-01
9.584442973136901855e-01
4.320014417171478271e-01
1.568660650264064316e-07
4.341785597716807388e-08
3.666515979716677975e-10
9.606221373914536343e-10
3.134373128414154053e-01
6.153554916381835938e-01
8.799950480461120605e-01
9.722685813903808594e-01
9.870941638946533203e-01
9.934980869293212891e-01
9.979659914970397949e-01
9.996094703674316406e-01
1.000000000000000000e+00
1.000000000000000000e+00
1.000000000000000000e+00
9.999275207519531250e-01
9.997754693031311035e-01
9.997335076332092285e-01
9.994711875915527344e-01
9.981760978698730469e-01
9.970967173576354980e-01
9.961943626403808594e-01
9.967561960220336914e-01
9.974125623703002930e-01
9.978854060173034668e-01
9.985659718513488770e-01
9.993776082992553711e-01
9.994188547134399414e-01
9.988805651664733887e-01
9.971812367439270020e-01
9.975595474243164062e-01
9.988900423049926758e-01
9.995298385620117188e-01
9.999391436576843262e-01
9.999876618385314941e-01
9.999666810035705566e-01
9.998102188110351562e-01
9.986385703086853027e-01
9.841430187225341797e-01
9.534706473350524902e-01
9.294260144233703613e-01
9.062874317169189453e-01
8.795869350433349609e-01
8.014672398567199707e-01
6.742732524871826172e-01
4.295384883880615234e-01
2.073342204093933105e-01
1.294610798358917236e-01
1.677115410566329956e-01
2.927584052085876465e-01
6.016752719879150391e-01
8.529477715492248535e-01
9.178380966186523438e-01
9.553015828132629395e-01
9.767111539840698242e-01
9.600171446800231934e-01
9.259400963783264160e-01
8.585576415061950684e-01
7.932422161102294922e-01
7.360025048255920410e-01
8.606829047203063965e-01
9.496319890022277832e-01
9.825613498687744141e-01
9.945483207702636719e-01
9.988450407981872559e-01
9.995723366737365723e-01
9.999800920486450195e-01
9.999886155128479004e-01
9.999217391014099121e-01
9.997730255126953125e-01
9.992569088935852051e-01
9.987350106239318848e-01
9.982071518898010254e-01
9.983707666397094727e-01
9.987053275108337402e-01
9.992154240608215332e-01
9.995549917221069336e-01
9.997515082359313965e-01
9.998497366905212402e-01
9.999214410781860352e-01
9.999466538429260254e-01
9.997353553771972656e-01
9.993621110916137695e-01
9.977537393569946289e-01
9.969270229339599609e-01
9.982054829597473145e-01
9.991157054901123047e-01
9.998165965080261230e-01
9.987108111381530762e-01
9.758930206298828125e-01
9.097272157669067383e-01
6.759699583053588867e-01
3.767271935939788818e-01
5.320017933845520020e-01
7.001174092292785645e-01
8.889873027801513672e-01
9.647669196128845215e-01
9.952916502952575684e-01
9.980475306510925293e-01
9.997410178184509277e-01
9.999453425407409668e-01
9.999907016754150391e-01
9.999425411224365234e-01
9.995316267013549805e-01
9.932257533073425293e-01
9.798709750175476074e-01
9.492236375808715820e-01
9.221244454383850098e-01
9.407932162284851074e-01
9.606343507766723633e-01
9.816346764564514160e-01
9.895637035369873047e-01
9.941658377647399902e-01
9.951743483543395996e-01
9.958301782608032227e-01
9.961705207824707031e-01
9.934150576591491699e-01
9.792155623435974121e-01
9.253996610641479492e-01
9.092346429824829102e-01
9.224969148635864258e-01
9.572353363037109375e-01
9.872063994407653809e-01
9.961853027343750000e-01
9.998926520347595215e-01
9.999922513961791992e-01
9.999992251396179199e-01
9.999971389770507812e-01
9.999871253967285156e-01
9.997804760932922363e-01
9.994568228721618652e-01
9.991176128387451172e-01
9.990516901016235352e-01
9.995930790901184082e-01
9.997974634170532227e-01
9.998223185539245605e-01
9.995563626289367676e-01
9.993630051612854004e-01
9.993149042129516602e-01
9.963523745536804199e-01
9.920420050621032715e-01
9.886485934257507324e-01
9.777195453643798828e-01
9.536274075508117676e-01
8.187322616577148438e-01
6.506393551826477051e-01
7.364171743392944336e-01
8.318701982498168945e-01
9.426182508468627930e-01
9.817237854003906250e-01
9.933724403381347656e-01
9.969668388366699219e-01
9.989882111549377441e-01
9.987330436706542969e-01
9.990242123603820801e-01
9.994662404060363770e-01
9.995850324630737305e-01
9.992704391479492188e-01
9.983807802200317383e-01
9.967668056488037109e-01
9.301255345344543457e-01
3.406749069690704346e-01
1.129628531634807587e-02
2.003106055781245232e-03
8.825923032418359071e-06
3.696774947457015514e-04
3.316236194223165512e-03
3.785647824406623840e-02
1.089749336242675781e-01
1.901344060897827148e-01
2.844039499759674072e-01
4.443643987178802490e-01
5.600404143333435059e-01
6.274727582931518555e-01
7.328448891639709473e-01
8.402948975563049316e-01
9.137468934059143066e-01
9.624367356300354004e-01
9.855633378028869629e-01
9.933733344078063965e-01
9.974964261054992676e-01
9.990995526313781738e-01
9.999276995658874512e-01
9.999845027923583984e-01
9.999940395355224609e-01
9.999616742134094238e-01
9.997749924659729004e-01
9.974886775016784668e-01
9.931875467300415039e-01
9.894089698791503906e-01
9.854674935340881348e-01
9.803550839424133301e-01
9.809606671333312988e-01
9.868721961975097656e-01
9.937400221824645996e-01
9.994458556175231934e-01
9.994716644287109375e-01
9.982517361640930176e-01
9.958927631378173828e-01
9.790285825729370117e-01
9.377297759056091309e-01
8.036360740661621094e-01
7.284400463104248047e-01
7.063149809837341309e-01
7.675518393516540527e-01
8.404436707496643066e-01
9.059683084487915039e-01
9.408172369003295898e-01
9.484286904335021973e-01
9.089334011077880859e-01
8.017745018005371094e-01
4.475247859954833984e-01
1.915896683931350708e-01
2.340933680534362793e-02
2.394177272435626946e-06
2.493969805072993040e-05
1.530986482976004481e-04
1.250542700290679932e-01
3.619516193866729736e-01
6.543996334075927734e-01
9.085291624069213867e-01
9.663955569267272949e-01
9.927088022232055664e-01
9.905411005020141602e-01
9.945515394210815430e-01
9.984256029129028320e-01
9.973061680793762207e-01
9.956651329994201660e-01
9.935404658317565918e-01
9.941984415054321289e-01
9.956178069114685059e-01
9.982554316520690918e-01
9.983409643173217773e-01
9.959844350814819336e-01
9.556375741958618164e-01
9.130112528800964355e-01
8.934343457221984863e-01
9.187520742416381836e-01
9.883981347084045410e-01
1.000000000000000000e+00
9.513751268386840820e-01
6.532704830169677734e-01
5.094968676567077637e-01
5.253354310989379883e-01
7.305753827095031738e-01
9.453096389770507812e-01
9.800930619239807129e-01
9.987276792526245117e-01
9.997438192367553711e-01
9.998378753662109375e-01
9.994064569473266602e-01
9.970452785491943359e-01
9.862593412399291992e-01
9.657758474349975586e-01
8.922882676124572754e-01
8.269872665405273438e-01
9.191671013832092285e-01
9.778550267219543457e-01
9.953334331512451172e-01
9.996082186698913574e-01
1.000000000000000000e+00
1.000000000000000000e+00
9.999290704727172852e-01
9.997636675834655762e-01
9.995958209037780762e-01
9.993351101875305176e-01
9.980543255805969238e-01
9.880723953247070312e-01
9.655466675758361816e-01
9.204342961311340332e-01
8.706482052803039551e-01
8.701219558715820312e-01
8.866507411003112793e-01
9.300674200057983398e-01
8.941178917884826660e-01
8.284054994583129883e-01
8.150891661643981934e-01
8.436764478683471680e-01
9.457120895385742188e-01
9.867882132530212402e-01
1.000000000000000000e+00
1.000000000000000000e+00
1.000000000000000000e+00
1.000000000000000000e+00
9.999644756317138672e-01
9.999110102653503418e-01
9.999316930770874023e-01
9.999563694000244141e-01
9.999881982803344727e-01
9.999961853027343750e-01
9.999904632568359375e-01
9.995658397674560547e-01
9.990338087081909180e-01
9.982738494873046875e-01
9.979858398437500000e-01
9.980062246322631836e-01
9.986366629600524902e-01
9.992449879646301270e-01
9.996483922004699707e-01
9.998483061790466309e-01
9.998974800109863281e-01
9.999319911003112793e-01
9.999631643295288086e-01
9.999884366989135742e-01
1.000000000000000000e+00
1.000000000000000000e+00
9.995864629745483398e-01
9.981076121330261230e-01
9.922066926956176758e-01
9.863342642784118652e-01
9.805037975311279297e-01
9.845169782638549805e-01
9.905404448509216309e-01
9.963048696517944336e-01
9.995073080062866211e-01
9.998070001602172852e-01
9.986079931259155273e-01
9.862416982650756836e-01
8.882449865341186523e-01
6.220210790634155273e-01
1.351020187139511108e-01
3.257170319557189941e-02
9.495834261178970337e-02
6.566392779350280762e-01
8.564432263374328613e-01
4.882655739784240723e-01
2.929801046848297119e-01
1.851341575384140015e-01
6.557219624519348145e-01
9.579950571060180664e-01
9.426881074905395508e-01
9.077399373054504395e-01
8.629594445228576660e-01
8.874469995498657227e-01
9.202896952629089355e-01
9.697254300117492676e-01
9.152560830116271973e-01
7.975516319274902344e-01
3.495533168315887451e-01
2.160454676063231242e-16
6.456031522668583748e-17
1.216444508487194025e-27
1.385593807714248019e-28
9.813946171286347211e-30
1.334456959739327431e-03
7.719620596617460251e-03
2.711636126041412354e-01
7.662808895111083984e-01
8.404034972190856934e-01
8.494811654090881348e-01
9.283016920089721680e-01
9.777657389640808105e-01
9.949482679367065430e-01
9.989060759544372559e-01
9.993414878845214844e-01
9.995222091674804688e-01
9.996424913406372070e-01
9.996799826622009277e-01
9.995040893554687500e-01
9.992876648902893066e-01
9.997199177742004395e-01
9.999946355819702148e-01
9.999982714653015137e-01
9.999972581863403320e-01
9.999940991401672363e-01
9.998953342437744141e-01
9.997105598449707031e-01
9.993369579315185547e-01
9.898848533630371094e-01
9.749838113784790039e-01
9.361949563026428223e-01
8.982133865356445312e-01
8.671070337295532227e-01
8.919847607612609863e-01
9.598097801208496094e-01
9.751590490341186523e-01
9.824726581573486328e-01
9.858766198158264160e-01
9.083217382431030273e-01
7.518577575683593750e-01
4.677160978317260742e-01
1.834207326173782349e-01
7.702758908271789551e-02
1.328585203737020493e-02
2.587355440482497215e-03
1.419639374944381416e-05
9.104485070565715432e-05
9.537524892948567867e-04
1.860576681792736053e-03
2.840618835762143135e-03
3.805158138275146484e-01
9.242511987686157227e-01
9.685719013214111328e-01
9.989491701126098633e-01
9.988745450973510742e-01
9.753043651580810547e-01
9.377145767211914062e-01
8.288559317588806152e-01
7.410427927970886230e-01
7.317488789558410645e-01
8.141697049140930176e-01
9.692984223365783691e-01
7.980436682701110840e-01
5.838218331336975098e-01
4.027529656887054443e-01
3.789526522159576416e-01
5.209388136863708496e-01
7.454684972763061523e-01
9.674776196479797363e-01
9.868242144584655762e-01
9.984697699546813965e-01
9.993000626564025879e-01
9.997024536132812500e-01
9.999351501464843750e-01
9.999694228172302246e-01
9.999901056289672852e-01
9.999846816062927246e-01
9.999356269836425781e-01
9.998629689216613770e-01
9.995084404945373535e-01
9.991109967231750488e-01
9.986286163330078125e-01
9.986469149589538574e-01
9.990402460098266602e-01
9.994941353797912598e-01
9.998819231986999512e-01
9.999488592147827148e-01
9.999774694442749023e-01
9.999668598175048828e-01
9.997119307518005371e-01
9.984990358352661133e-01
9.899364113807678223e-01
9.807028770446777344e-01
9.705204963684082031e-01
9.697194695472717285e-01
9.726629853248596191e-01
9.790370464324951172e-01
9.838018417358398438e-01
9.853187799453735352e-01
9.826912283897399902e-01
9.777075052261352539e-01
9.339265227317810059e-01
8.827030062675476074e-01
8.160410523414611816e-01
8.205108046531677246e-01
8.821681737899780273e-01
9.418312311172485352e-01
9.919105172157287598e-01
9.945083260536193848e-01
9.948723912239074707e-01
9.926862120628356934e-01
9.906932115554809570e-01
9.889932870864868164e-01
9.902442097663879395e-01
9.928845167160034180e-01
9.978035688400268555e-01
9.994602203369140625e-01
9.995923042297363281e-01
9.984902143478393555e-01
9.968972206115722656e-01
9.941490292549133301e-01
9.777221083641052246e-01
9.518790245056152344e-01
7.969689369201660156e-01
6.063234210014343262e-01
3.331875205039978027e-01
1.901440322399139404e-01
1.781697869300842285e-01
2.352309823036193848e-01
3.132131099700927734e-01
4.220310449600219727e-01
5.783361792564392090e-01
8.048800826072692871e-01
9.225798845291137695e-01
9.942407011985778809e-01
9.949673414230346680e-01
9.951419830322265625e-01
9.940800070762634277e-01
9.804505109786987305e-01
9.587434530258178711e-01
8.881016969680786133e-01
8.246455788612365723e-01
8.065716624259948730e-01
8.310332894325256348e-01
8.966419100761413574e-01
9.323531985282897949e-01
9.592210054397583008e-01
9.711679220199584961e-01
9.822511076927185059e-01
9.920934438705444336e-01
9.970231652259826660e-01
9.998959302902221680e-01
9.975634217262268066e-01
9.862941503524780273e-01
9.548424482345581055e-01
9.010207056999206543e-01
8.326587677001953125e-01
8.840461969375610352e-01
9.370920658111572266e-01
9.463139176368713379e-01
9.181073307991027832e-01
8.525160551071166992e-01
9.145509004592895508e-01
9.999353289604187012e-01
9.996990561485290527e-01
9.972460269927978516e-01
9.913824796676635742e-01
9.803034067153930664e-01
9.668971896171569824e-01
9.488553404808044434e-01
9.369627237319946289e-01
9.404127597808837891e-01
9.513110518455505371e-01
9.675454497337341309e-01
9.807685017585754395e-01
9.920977354049682617e-01
9.965464472770690918e-01
9.991195797920227051e-01
9.995808005332946777e-01
9.969854950904846191e-01
9.818677902221679688e-01
7.932012677192687988e-01
6.602612733840942383e-01
6.271969079971313477e-01
7.265621423721313477e-01
8.957821130752563477e-01
9.542077183723449707e-01
9.933454990386962891e-01
9.906263351440429688e-01
9.836318492889404297e-01
9.729770421981811523e-01
9.586870670318603516e-01
9.437947273254394531e-01
9.298434257507324219e-01
9.036014676094055176e-01
8.603667020797729492e-01
8.445367217063903809e-01
8.403181433677673340e-01
9.341771602630615234e-01
8.755063414573669434e-01
4.604262113571166992e-01
2.041132003068923950e-01
5.671504512429237366e-02
9.729534387588500977e-02
2.364717572927474976e-01
7.175025939941406250e-01
9.785953164100646973e-01
9.916008114814758301e-01
9.848005175590515137e-01
9.690041542053222656e-01
9.047936797142028809e-01
7.752420902252197266e-01
5.220385193824768066e-01
3.501589894294738770e-01
2.244168668985366821e-01
3.823248744010925293e-01
5.828369855880737305e-01
8.580862283706665039e-01
9.944797158241271973e-01
9.990960359573364258e-01
1.000000000000000000e+00
1.000000000000000000e+00
1.000000000000000000e+00
9.999768137931823730e-01
9.999162554740905762e-01
9.998908042907714844e-01
9.998823404312133789e-01
9.998471736907958984e-01
9.995228648185729980e-01
9.983457326889038086e-01
9.923844337463378906e-01
9.824051856994628906e-01
9.762246608734130859e-01
9.720755815505981445e-01
9.770199060440063477e-01
9.821821451187133789e-01
9.876632690429687500e-01
9.922131299972534180e-01
9.963642954826354980e-01
9.983349442481994629e-01
9.997812509536743164e-01
9.999336600303649902e-01
1.000000000000000000e+00
1.000000000000000000e+00
1.000000000000000000e+00
9.999973177909851074e-01
9.999784231185913086e-01
9.999713897705078125e-01
9.999802112579345703e-01
9.999896883964538574e-01
9.999993443489074707e-01
9.999996423721313477e-01
9.999985694885253906e-01
9.999942779541015625e-01
9.999259710311889648e-01
9.998109340667724609e-01
9.997674226760864258e-01
9.997314214706420898e-01
9.996732473373413086e-01
9.979240298271179199e-01
9.939836859703063965e-01
9.809302091598510742e-01
9.645363688468933105e-01
9.755656123161315918e-01
9.862179160118103027e-01
9.959166646003723145e-01
9.982583522796630859e-01
9.952502250671386719e-01
9.905714392662048340e-01
9.872860312461853027e-01
9.936144351959228516e-01
9.964580535888671875e-01
9.946985840797424316e-01
9.876995086669921875e-01
9.785915017127990723e-01
9.691907763481140137e-01
9.642505645751953125e-01
9.706814885139465332e-01
9.802178144454956055e-01
9.921596646308898926e-01
9.968333840370178223e-01
9.997857809066772461e-01
9.998904466629028320e-01
9.999075531959533691e-01
9.998013973236083984e-01
9.989501237869262695e-01
9.977771639823913574e-01
9.786419272422790527e-01
8.869734406471252441e-01
5.912373065948486328e-01
3.119961917400360107e-01
4.625880718231201172e-02
2.663323584783938713e-06
1.723554285404382824e-11
1.777540892256013194e-10
9.611319005489349365e-02
3.423745632171630859e-01
6.457985043525695801e-01
9.771418571472167969e-01
9.966273903846740723e-01
9.998896121978759766e-01
9.999601840972900391e-01
9.999924302101135254e-01
9.999886751174926758e-01
9.999819397926330566e-01
9.999682307243347168e-01
9.998782277107238770e-01
9.859955310821533203e-01
9.470624923706054688e-01
5.879473090171813965e-01
4.568304494023323059e-02
1.353140429566357383e-11
1.057173348861795148e-09
6.465306956471295052e-09
8.179471641778945923e-02
2.534798383712768555e-01
1.757593899965286255e-01
3.003807552158832550e-02
2.488019913434982300e-01
4.372777640819549561e-01
5.582353472709655762e-01
3.995460569858551025e-01
4.663513973355293274e-02
1.865063609329808969e-06
6.770943181133581845e-12
5.288867607755598499e-11
1.442245207726955414e-03
4.839374683797359467e-03
1.300677359104156494e-01
3.071607351303100586e-01
1.536769866943359375e-01
2.996063977479934692e-02
9.510389529168605804e-03
4.250007012984724497e-09
6.730675461419366457e-10
2.394940468164463709e-09
1.512921066023409367e-03
1.889619976282119751e-02
2.310246527194976807e-01
7.863672375679016113e-01
9.794216156005859375e-01
9.682877063751220703e-01
9.621473550796508789e-01
9.479884505271911621e-01
8.975889682769775391e-01
6.483968496322631836e-01
1.719081699848175049e-01
2.792910486459732056e-02
4.677635151892900467e-03
2.805365025997161865e-01
5.489503145217895508e-01
8.001068234443664551e-01
9.055898785591125488e-01
8.990713953971862793e-01
7.988412976264953613e-01
6.835834383964538574e-01
5.900850892066955566e-01
6.311315894126892090e-01
8.849961161613464355e-01
9.820778965950012207e-01
9.986940026283264160e-01
9.998813867568969727e-01
9.999827742576599121e-01
9.999843239784240723e-01
9.999817609786987305e-01
9.999747276306152344e-01
9.999270439147949219e-01
9.995725750923156738e-01
9.887630939483642578e-01
8.109235763549804688e-01
2.433001995086669922e-01
3.506894685756378749e-08
4.766781191989366562e-09
1.109287495637545362e-05
5.878702923655509949e-02
5.678751468658447266e-01
9.023412466049194336e-01
9.600346088409423828e-01
9.822865128517150879e-01
9.861441254615783691e-01
9.911217689514160156e-01
9.953319430351257324e-01
9.961723685264587402e-01
9.954760670661926270e-01
9.930523633956909180e-01
9.623888731002807617e-01
9.186283349990844727e-01
5.967344045639038086e-01
3.648531734943389893e-01
3.629928529262542725e-01
4.895278513431549072e-01
7.202304005622863770e-01
8.711403608322143555e-01
9.929303526878356934e-01
9.972279071807861328e-01
9.999716281890869141e-01
9.999876022338867188e-01
9.998887777328491211e-01
9.997229576110839844e-01
9.997594952583312988e-01
9.989014267921447754e-01
9.935106039047241211e-01
9.622464776039123535e-01
8.975005149841308594e-01
8.109102845191955566e-01
7.152802348136901855e-01
7.395504117012023926e-01
7.855504751205444336e-01
8.895776271820068359e-01
9.431771636009216309e-01
9.478433132171630859e-01
9.441972970962524414e-01
9.391843080520629883e-01
9.564675688743591309e-01
9.730361700057983398e-01
9.879593849182128906e-01
9.956945776939392090e-01
9.981614947319030762e-01
9.992542862892150879e-01
9.999010562896728516e-01
9.989923834800720215e-01
9.966821074485778809e-01
9.920279979705810547e-01
9.849793314933776855e-01
9.765708446502685547e-01
9.782338142395019531e-01
9.822288155555725098e-01
9.924562573432922363e-01
9.986306428909301758e-01
9.995777606964111328e-01
9.999028444290161133e-01
9.999657273292541504e-01
9.999833703041076660e-01
9.999924898147583008e-01
9.999782443046569824e-01
9.996312856674194336e-01
9.989445209503173828e-01
9.986613392829895020e-01
9.985288977622985840e-01
9.993878602981567383e-01
9.991629123687744141e-01
9.962404966354370117e-01
9.885875582695007324e-01
9.770630002021789551e-01
9.529455900192260742e-01
9.267575144767761230e-01
9.097527265548706055e-01
9.076031446456909180e-01
9.342384338378906250e-01
9.551565051078796387e-01
9.722577929496765137e-01
9.802602529525756836e-01
9.864190816879272461e-01
9.896783828735351562e-01
9.923394322395324707e-01
9.940490722656250000e-01
9.961258769035339355e-01
9.984002113342285156e-01
9.987041354179382324e-01
9.982928633689880371e-01
9.953975081443786621e-01
9.928764700889587402e-01
9.908403158187866211e-01
9.920541048049926758e-01
9.946845173835754395e-01
9.973531365394592285e-01
9.994502067565917969e-01
9.994801282882690430e-01
9.994517564773559570e-01
9.993594288825988770e-01
9.993468523025512695e-01
9.993626475334167480e-01
9.944849610328674316e-01
9.805796742439270020e-01
9.404726028442382812e-01
9.172599911689758301e-01
9.097862243652343750e-01
9.435712695121765137e-01
9.878466129302978516e-01
9.949375391006469727e-01
9.999256730079650879e-01
9.999171495437622070e-01
9.998446106910705566e-01
9.997202157974243164e-01
9.996752142906188965e-01
9.996590018272399902e-01
9.997797608375549316e-01
9.998638629913330078e-01
9.998720884323120117e-01
9.997020363807678223e-01
9.994055032730102539e-01
9.980769753456115723e-01
9.964134693145751953e-01
9.934718012809753418e-01
9.928822517395019531e-01
9.965034723281860352e-01
9.956467151641845703e-01
9.919984936714172363e-01
9.664911627769470215e-01
9.374028444290161133e-01
9.061774015426635742e-01
9.093554019927978516e-01
9.678937196731567383e-01
9.927524924278259277e-01
9.985592961311340332e-01
9.992693066596984863e-01
9.993059039115905762e-01
9.989058971405029297e-01
9.919263124465942383e-01
9.752953052520751953e-01
9.337654113769531250e-01
8.795377612113952637e-01
8.911776542663574219e-01
9.129348993301391602e-01
9.550979733467102051e-01
9.838705658912658691e-01
9.946856498718261719e-01
9.988216757774353027e-01
9.998083710670471191e-01
9.999293088912963867e-01
9.999755620956420898e-01
9.999682903289794922e-01
9.999375343322753906e-01
9.998769760131835938e-01
9.993379116058349609e-01
9.985893368721008301e-01
9.990406632423400879e-01
9.950357079505920410e-01
9.731854796409606934e-01
9.552592039108276367e-01
9.420705437660217285e-01
9.624884724617004395e-01
9.968017339706420898e-01
9.991757273674011230e-01
9.999701380729675293e-01
9.999808073043823242e-01
9.999623298645019531e-01
9.999101161956787109e-01
9.997578859329223633e-01
9.995654225349426270e-01
9.990720152854919434e-01
9.969336986541748047e-01
9.889352917671203613e-01
9.888014197349548340e-01
9.975665807723999023e-01
9.829091429710388184e-01
9.592386484146118164e-01
7.662608623504638672e-01
5.637873411178588867e-01
3.450206220149993896e-01
3.705763518810272217e-01
6.700681447982788086e-01
8.490045070648193359e-01
9.811382889747619629e-01
9.919092655181884766e-01
9.930725097656250000e-01
9.737178683280944824e-01
8.374294638633728027e-01
5.688171386718750000e-01
3.098247647285461426e-01
5.503788962960243225e-02
5.401043295860290527e-01
9.461722373962402344e-01
9.811928868293762207e-01
9.999694824218750000e-01
9.999932050704956055e-01
1.000000000000000000e+00
9.999999403953552246e-01
9.999995827674865723e-01
9.999992847442626953e-01
9.999994635581970215e-01
9.999991655349731445e-01
9.999982714653015137e-01
9.999967217445373535e-01
9.999948740005493164e-01
9.999940395355224609e-01
9.999208450317382812e-01
9.995532035827636719e-01
9.900097846984863281e-01
9.689675569534301758e-01
8.546217083930969238e-01
6.985014677047729492e-01
7.247135639190673828e-01
7.815312743186950684e-01
9.205013513565063477e-01
9.816210269927978516e-01
9.386037588119506836e-01
8.927525877952575684e-01
8.455203175544738770e-01
8.808983564376831055e-01
9.229183197021484375e-01
9.611608386039733887e-01
9.842966794967651367e-01
9.855827093124389648e-01
9.552549719810485840e-01
9.082781076431274414e-01
8.820663094520568848e-01
8.705174922943115234e-01
9.332078695297241211e-01
9.770942330360412598e-01
9.909917116165161133e-01
9.963771104812622070e-01
9.967672824859619141e-01
9.968755841255187988e-01
9.949265718460083008e-01
9.778881669044494629e-01
8.360362052917480469e-01
4.733679294586181641e-01
2.170174419879913330e-01
3.004052676260471344e-02
9.674169705249369144e-04
3.163938224315643311e-02
3.747937679290771484e-01
6.782298088073730469e-01
9.024144411087036133e-01
9.983026385307312012e-01
9.997190237045288086e-01
9.999880790710449219e-01
9.999984502792358398e-01
9.999955892562866211e-01
9.999539852142333984e-01
9.998220801353454590e-01
9.996071457862854004e-01
9.993217587471008301e-01
9.991852641105651855e-01
9.990962147712707520e-01
9.992405772209167480e-01
9.993882179260253906e-01
9.995448589324951172e-01
9.996866583824157715e-01
9.998137354850769043e-01
9.998798370361328125e-01
9.999251365661621094e-01
9.999387860298156738e-01
9.999420046806335449e-01
9.999108910560607910e-01
9.898836612701416016e-01
9.682824015617370605e-01
9.743191003799438477e-01
9.920909404754638672e-01
9.963135719299316406e-01
9.981442093849182129e-01
9.929063916206359863e-01
9.824373722076416016e-01
9.647316336631774902e-01
9.282301664352416992e-01
8.820433616638183594e-01
8.366407155990600586e-01
8.091835975646972656e-01
8.974388241767883301e-01
9.618811011314392090e-01
9.862715005874633789e-01
9.971826672554016113e-01
9.994252324104309082e-01
9.998517632484436035e-01
9.999163746833801270e-01
9.996536374092102051e-01
9.970643520355224609e-01
9.895360469818115234e-01
9.822947978973388672e-01
9.752971529960632324e-01
9.716963171958923340e-01
9.653894901275634766e-01
8.452857732772827148e-01
6.661102175712585449e-01
3.249311447143554688e-01
2.107011824846267700e-01
3.222044408321380615e-01
2.224217504262924194e-01
4.669468104839324951e-02
1.926919445395469666e-02
1.194904278963804245e-02
6.542064994573593140e-02
3.019194304943084717e-01
7.702572345733642578e-01
9.420576691627502441e-01
9.731702804565429688e-01
9.821051955223083496e-01
9.886554479598999023e-01
9.936976432800292969e-01
9.974455237388610840e-01
9.991008639335632324e-01
9.998220801353454590e-01
9.999557733535766602e-01
9.999674558639526367e-01
9.999519586563110352e-01
9.998787045478820801e-01
9.994391798973083496e-01
9.981976151466369629e-01
9.864720106124877930e-01
9.660855531692504883e-01
9.402122497558593750e-01
9.134640097618103027e-01
9.369353055953979492e-01
9.598535299301147461e-01
9.809713363647460938e-01
9.940190315246582031e-01
9.982716441154479980e-01
9.996904730796813965e-01
9.999483823776245117e-01
9.999044537544250488e-01
9.998442530632019043e-01
9.997960925102233887e-01
9.994778037071228027e-01
9.987583756446838379e-01
9.928292036056518555e-01
9.839054942131042480e-01
9.884781837463378906e-01
9.947727918624877930e-01
9.976220130920410156e-01
9.990931749343872070e-01
9.977570176124572754e-01
6.973056197166442871e-01
1.607839316129684448e-01
2.596582658588886261e-02
3.359787660883739591e-05
1.957400469109416008e-03
1.332480311393737793e-01
6.607629060745239258e-01
9.541420936584472656e-01
9.884516596794128418e-01
9.988027215003967285e-01
9.991141557693481445e-01
9.995114207267761230e-01
9.998580217361450195e-01
9.999102354049682617e-01
9.997439384460449219e-01
9.992387890815734863e-01
9.968549609184265137e-01
9.933182597160339355e-01
9.891838431358337402e-01
9.818376898765563965e-01
9.359875917434692383e-01
8.821026682853698730e-01
8.094518184661865234e-01
8.144591450691223145e-01
8.887519836425781250e-01
9.465517401695251465e-01
9.989819526672363281e-01
9.661644101142883301e-01
9.446026682853698730e-01
9.721659421920776367e-01
9.903976917266845703e-01
9.964686036109924316e-01
9.968938231468200684e-01
9.944199323654174805e-01
8.873485326766967773e-01
7.458590865135192871e-01
4.364353418350219727e-01
2.385987788438796997e-01
2.609942555427551270e-01
3.865719139575958252e-01
5.925786495208740234e-01
7.347382307052612305e-01
8.578542470932006836e-01
8.304999470710754395e-01
8.319977521896362305e-01
9.264965057373046875e-01
9.832735657691955566e-01
9.960169792175292969e-01
9.276609420776367188e-01
8.223735690116882324e-01
8.592165112495422363e-01
9.095553755760192871e-01
9.580973386764526367e-01
9.913505911827087402e-01
9.972617626190185547e-01
9.998190999031066895e-01
9.999489784240722656e-01
9.999018907546997070e-01
9.996749162673950195e-01
9.943581223487854004e-01
9.650178551673889160e-01
8.630290627479553223e-01
7.990955710411071777e-01
7.779773473739624023e-01
8.363772630691528320e-01
9.297564625740051270e-01
9.657222032546997070e-01
9.924321174621582031e-01
9.938920140266418457e-01
9.958280324935913086e-01
9.986106753349304199e-01
9.997648596763610840e-01
9.997413754463195801e-01
9.995164871215820312e-01
9.992347955703735352e-01
9.986470341682434082e-01
9.982967376708984375e-01
9.986878633499145508e-01
9.991459846496582031e-01
9.996818304061889648e-01
9.999026060104370117e-01
9.999783039093017578e-01
9.895136952400207520e-01
9.758975505828857422e-01
9.480656981468200684e-01
9.387826919555664062e-01
9.647479653358459473e-01
9.830212593078613281e-01
9.952945709228515625e-01
9.971946477890014648e-01
9.962059259414672852e-01
9.938452839851379395e-01
9.827713966369628906e-01
9.407472610473632812e-01
9.139195084571838379e-01
9.066140651702880859e-01
9.311578869819641113e-01
9.724687337875366211e-01
9.878377318382263184e-01
9.985034465789794922e-01
9.993600249290466309e-01
9.998043179512023926e-01
9.993306994438171387e-01
9.901558756828308105e-01
9.731771349906921387e-01
8.548106551170349121e-01
7.013965249061584473e-01
4.234125614166259766e-01
2.053016871213912964e-01
2.903710901737213135e-01
3.786940276622772217e-01
4.720614552497863770e-01
6.763965487480163574e-01
9.517224431037902832e-01
9.998727440834045410e-01
9.998759031295776367e-01
9.997515082359313965e-01
9.995470643043518066e-01
9.991130828857421875e-01
9.989391565322875977e-01
9.990563392639160156e-01
9.993599653244018555e-01
9.997494816780090332e-01
9.998835921287536621e-01
9.999762177467346191e-01
9.999654889106750488e-01
9.998471140861511230e-01
9.995086789131164551e-01
9.987627863883972168e-01
9.976751208305358887e-01
9.965510964393615723e-01
9.954154491424560547e-01
9.863598346710205078e-01
9.616189002990722656e-01
8.697240948677062988e-01
7.124994993209838867e-01
4.572289288043975830e-01
2.381286770105361938e-01
4.236650839447975159e-02
3.447877615690231323e-02
6.393631547689437866e-02
2.823369950056076050e-02
3.270447952672839165e-03
1.067201141268014908e-02
1.548859626054763794e-01
4.583404064178466797e-01
7.075217366218566895e-01
9.307343959808349609e-01
9.759966135025024414e-01
9.965804219245910645e-01
9.980766177177429199e-01
9.987964034080505371e-01
9.977931976318359375e-01
9.968268275260925293e-01
9.958930611610412598e-01
9.938082098960876465e-01
9.913011193275451660e-01
9.939351081848144531e-01
9.897226095199584961e-01
9.456917643547058105e-01
9.173589944839477539e-01
9.166603088378906250e-01
9.401730895042419434e-01
9.817069768905639648e-01
9.943879246711730957e-01
9.990782737731933594e-01
9.994117021560668945e-01
9.996718764305114746e-01
9.997650980949401855e-01
9.998332858085632324e-01
9.998656511306762695e-01
9.997335672378540039e-01
9.995002150535583496e-01
9.472810626029968262e-01
8.871636390686035156e-01
9.044200778007507324e-01
9.157275557518005371e-01
9.085294604301452637e-01
9.183085560798645020e-01
9.486524462699890137e-01
9.732015728950500488e-01
9.947602748870849609e-01
9.987710118293762207e-01
9.999908804893493652e-01
9.999933838844299316e-01
9.998618364334106445e-01
9.993903636932373047e-01
7.265795469284057617e-01
1.697885543107986450e-01
1.200310739690735318e-09
1.085432022041032951e-10
5.301792547106742859e-02
1.584102660417556763e-01
6.500805616378784180e-01
9.897965788841247559e-01
9.957507252693176270e-01
9.989754557609558105e-01
9.996650218963623047e-01
9.996976852416992188e-01
9.994817376136779785e-01
9.771392941474914551e-01
9.023081660270690918e-01
5.044364929199218750e-01
3.801972866058349609e-01
7.836443781852722168e-01
9.767644405364990234e-01
9.938808679580688477e-01
9.915969967842102051e-01
9.827835559844970703e-01
7.712032198905944824e-01
5.528181791305541992e-01
3.525753319263458252e-01
3.560161888599395752e-01
7.218666076660156250e-01
9.169942736625671387e-01
9.799198508262634277e-01
9.759453535079956055e-01
9.516096711158752441e-01
4.369598329067230225e-01
1.321007497608661652e-03
8.806126192212104797e-03
1.517443172633647919e-02
1.969060488045215607e-02
3.212535679340362549e-01
8.396314382553100586e-01
9.717606306076049805e-01
9.946014881134033203e-01
9.964668154716491699e-01
9.976555705070495605e-01
9.976649284362792969e-01
9.891753196716308594e-01
9.670993089675903320e-01
9.458691477775573730e-01
9.252790212631225586e-01
9.353701472282409668e-01
9.536756277084350586e-01
9.760193824768066406e-01
9.944603443145751953e-01
9.960222840309143066e-01
9.891751408576965332e-01
9.691616296768188477e-01
9.098111391067504883e-01
8.228867650032043457e-01
7.095598578453063965e-01
5.891497135162353516e-01
6.240172982215881348e-01
6.348865032196044922e-01
5.334742069244384766e-01
4.089236855506896973e-01
2.476209700107574463e-01
2.430561184883117676e-01
3.489091992378234863e-01
5.115750432014465332e-01
6.894534230232238770e-01
6.148594021797180176e-01
5.750349164009094238e-01
7.086786031723022461e-01
8.356020450592041016e-01
9.511392116546630859e-01
9.999082088470458984e-01
9.997490644454956055e-01
9.996750354766845703e-01
9.996258020401000977e-01
9.998241066932678223e-01
9.999929070472717285e-01
9.999819397926330566e-01
9.999694228172302246e-01
9.999540448188781738e-01
9.999476075172424316e-01
9.999480247497558594e-01
9.999563694000244141e-01
9.999671578407287598e-01
9.999750852584838867e-01
9.999682307243347168e-01
9.998794794082641602e-01
9.998138546943664551e-01
9.997917413711547852e-01
9.998473525047302246e-01
9.999683499336242676e-01
9.994133114814758301e-01
9.986187219619750977e-01
9.970942735671997070e-01
9.956089258193969727e-01
9.947529435157775879e-01
9.945370554924011230e-01
9.956547021865844727e-01
9.970299601554870605e-01
9.986457824707031250e-01
9.994370341300964355e-01
9.998990297317504883e-01
9.999613165855407715e-01
9.999507665634155273e-01
9.996520280838012695e-01
9.987412095069885254e-01
9.963539242744445801e-01
9.947893023490905762e-01
9.940953850746154785e-01
9.954801797866821289e-01
9.978460669517517090e-01
9.989228844642639160e-01
9.997486472129821777e-01
9.996762871742248535e-01
9.995477795600891113e-01
9.992586970329284668e-01
9.881295561790466309e-01
9.637801647186279297e-01
9.254943728446960449e-01
8.793094754219055176e-01
8.794532418251037598e-01
8.895754218101501465e-01
9.285858273506164551e-01
9.510066509246826172e-01
9.131764769554138184e-01
8.489406108856201172e-01
7.456954717636108398e-01
7.142382860183715820e-01
7.310122847557067871e-01
8.044639229774475098e-01
8.929044604301452637e-01
9.487144351005554199e-01
9.945237636566162109e-01
9.955005049705505371e-01
9.955553412437438965e-01
9.939754605293273926e-01
9.929142594337463379e-01
9.922825098037719727e-01
9.887670278549194336e-01
9.842214584350585938e-01
9.692422151565551758e-01
9.510971903800964355e-01
9.153531193733215332e-01
8.895369172096252441e-01
8.861140012741088867e-01
8.916003108024597168e-01
9.062414169311523438e-01
7.943347692489624023e-01
6.242321729660034180e-01
3.173734843730926514e-01
1.036624703556299210e-02
4.451750312000513077e-03
4.914488177746534348e-03
2.466964349150657654e-02
2.385452687740325928e-01
7.044358849525451660e-01
9.170922636985778809e-01
9.737923145294189453e-01
9.862201809883117676e-01
9.881569147109985352e-01
9.900292158126831055e-01
9.843059182167053223e-01
9.440310597419738770e-01
7.985831499099731445e-01
4.708981215953826904e-01
3.377215862274169922e-01
3.607981204986572266e-01
5.854798555374145508e-01
8.800291419029235840e-01
9.475686550140380859e-01
9.908825755119323730e-01
9.879033565521240234e-01
9.745934605598449707e-01
9.367570281028747559e-01
9.038739800453186035e-01
8.765335679054260254e-01
8.304704427719116211e-01
7.749484777450561523e-01
7.126796245574951172e-01
6.526418328285217285e-01
6.949833631515502930e-01
7.519207596778869629e-01
8.608553409576416016e-01
9.357346296310424805e-01
9.606051445007324219e-01
8.865603804588317871e-01
7.425550818443298340e-01
6.050911545753479004e-01
4.699137508869171143e-01
5.762573480606079102e-01
7.003541588783264160e-01
8.622580766677856445e-01
8.807427883148193359e-01
5.926790237426757812e-01
3.369415998458862305e-01
1.147475317120552063e-01
3.931610658764839172e-02
3.249768912792205811e-02
2.595987319946289062e-01
5.233663916587829590e-01
7.852348685264587402e-01
9.887005686759948730e-01
9.952324032783508301e-01
9.992526769638061523e-01
9.997044801712036133e-01
9.999028444290161133e-01
9.999267458915710449e-01
9.999178647994995117e-01
9.998993277549743652e-01
9.999108910560607910e-01
9.999255537986755371e-01
9.999504685401916504e-01
9.999584555625915527e-01
9.999293088912963867e-01
9.998671412467956543e-01
9.997712373733520508e-01
9.997915029525756836e-01
9.998688101768493652e-01
9.999218583106994629e-01
9.999697208404541016e-01
9.999845027923583984e-01
9.999966025352478027e-01
9.999985694885253906e-01
9.999997019767761230e-01
9.999993443489074707e-01
9.997264146804809570e-01
9.992422461509704590e-01
9.783782362937927246e-01
9.505450129508972168e-01
9.742105603218078613e-01
9.995167851448059082e-01
9.997974038124084473e-01
9.987174868583679199e-01
9.941149353981018066e-01
9.918567538261413574e-01
9.924143552780151367e-01
9.949056506156921387e-01
9.985182881355285645e-01
9.994909763336181641e-01
9.998480677604675293e-01
9.998024702072143555e-01
9.996864199638366699e-01
9.992341995239257812e-01
9.982835054397583008e-01
9.963464736938476562e-01
9.834817051887512207e-01
9.601791501045227051e-01
8.091249465942382812e-01
6.010184288024902344e-01
6.202343106269836426e-01
6.799573302268981934e-01
8.595146536827087402e-01
1.000000000000000000e+00
1.000000000000000000e+00
1.000000000000000000e+00
1.000000000000000000e+00
9.325597882270812988e-01
8.132389187812805176e-01
8.267982006072998047e-01
8.870232105255126953e-01
9.447092413902282715e-01
9.973989725112915039e-01
9.988327026367187500e-01
9.996690750122070312e-01
9.988251924514770508e-01
9.871251583099365234e-01
9.612614512443542480e-01
8.316141963005065918e-01
6.360058784484863281e-01
4.274028539657592773e-01
2.158474475145339966e-01
2.873512506484985352e-01
3.921873271465301514e-01
6.328632831573486328e-01
8.317493200302124023e-01
9.319275617599487305e-01
9.888387322425842285e-01
9.970793724060058594e-01
1.000000000000000000e+00
1.000000000000000000e+00
9.998759031295776367e-01
9.997234344482421875e-01
9.986087679862976074e-01
9.978411197662353516e-01
9.989548921585083008e-01
9.995774030685424805e-01
9.992108941078186035e-01
9.979696273803710938e-01
9.958713650703430176e-01
9.942811131477355957e-01
9.929431676864624023e-01
9.948927760124206543e-01
9.974401593208312988e-01
9.983714222908020020e-01
9.991800785064697266e-01
9.994240999221801758e-01
9.995519518852233887e-01
9.994629025459289551e-01
9.995844364166259766e-01
9.999014735221862793e-01
1.000000000000000000e+00
1.000000000000000000e+00
9.992552995681762695e-01
9.983246326446533203e-01
9.949884414672851562e-01
9.898187518119812012e-01
9.770069718360900879e-01
9.679116606712341309e-01
9.653348922729492188e-01
9.692940115928649902e-01
9.790340065956115723e-01
9.863674640655517578e-01
9.926414489746093750e-01
9.955543279647827148e-01
9.979053735733032227e-01
9.988681674003601074e-01
9.996744990348815918e-01
9.998391866683959961e-01
9.999477863311767578e-01
9.999598860740661621e-01
9.999715685844421387e-01
9.999828934669494629e-01
9.999688267707824707e-01
9.999440312385559082e-01
9.998782873153686523e-01
9.998049736022949219e-01
9.996861219406127930e-01
9.993367791175842285e-01
9.980500936508178711e-01
9.890592694282531738e-01
9.665045142173767090e-01
9.226155281066894531e-01
8.595199584960937500e-01
8.283450603485107422e-01
8.112893700599670410e-01
7.598661780357360840e-01
6.965324878692626953e-01
3.559833168983459473e-01
7.168960571289062500e-02
2.978798747062683105e-02
2.865862660109996796e-02
1.030930951237678528e-01
2.359537929296493530e-01
4.235049784183502197e-01
5.711664557456970215e-01
6.992489695549011230e-01
7.960453033447265625e-01
8.865570425987243652e-01
9.203320145606994629e-01
9.341138601303100586e-01
8.475763201713562012e-01
6.499128341674804688e-01
2.258872240781784058e-01
1.091472711414098740e-02
1.033711247146129608e-02
1.268165409564971924e-01
3.053196072578430176e-01
5.081889629364013672e-01
7.159540653228759766e-01
7.910500764846801758e-01
8.596045374870300293e-01
9.064930081367492676e-01
8.725527524948120117e-01
6.521823406219482422e-01
3.992854654788970947e-01
1.098359301686286926e-01
1.089848155970685184e-04
1.931726365000940859e-05
6.673652736254595888e-15
1.360986196923550176e-14
7.752005755901336670e-02
1.963707655668258667e-01
6.277712583541870117e-01
9.489586353302001953e-01
9.682278037071228027e-01
9.826532006263732910e-01
9.906177520751953125e-01
9.941169619560241699e-01
9.944419860839843750e-01
9.522787332534790039e-01
8.955087661743164062e-01
8.903180360794067383e-01
8.904212713241577148e-01
8.836758136749267578e-01
7.742021679878234863e-01
2.979204356670379639e-01
3.380600674063316546e-06
1.071030510502168909e-06
0.000000000000000000e+00
0.000000000000000000e+00
8.179177990550335481e-15
2.000514283308912900e-14
2.909821225330233574e-03
6.455817725509405136e-03
2.775900065898895264e-02
4.150098189711570740e-02
1.679567061364650726e-02
7.743265014141798019e-04
3.105828771367669106e-03
1.251773387193679810e-01
3.781260251998901367e-01
6.474554538726806641e-01
9.259604215621948242e-01
9.739073514938354492e-01
9.605145454406738281e-01
9.295197129249572754e-01
9.001999497413635254e-01
8.955934047698974609e-01
7.745085358619689941e-01
3.155390322208404541e-01
3.604052588343620300e-02
1.088878791779279709e-02
0.000000000000000000e+00
0.000000000000000000e+00
0.000000000000000000e+00
0.000000000000000000e+00
4.796092776399030200e-12
1.393748192413113429e-07
4.763690412801224738e-06
8.885276503860950470e-03
5.712078139185905457e-02
2.057832032442092896e-01
5.517043471336364746e-01
7.960533499717712402e-01
9.366629123687744141e-01
9.910059571266174316e-01
9.982206225395202637e-01
9.997744560241699219e-01
9.999135732650756836e-01
9.997707605361938477e-01
9.995565414428710938e-01
9.988416433334350586e-01
9.969934225082397461e-01
9.918780326843261719e-01
9.795621037483215332e-01
9.568800330162048340e-01
9.454156160354614258e-01
9.428243637084960938e-01
9.588531255722045898e-01
9.824438691139221191e-01
9.894563555717468262e-01
9.938132166862487793e-01
9.935863614082336426e-01
9.939551949501037598e-01
9.972814321517944336e-01
9.996134638786315918e-01
9.998360872268676758e-01
9.999526739120483398e-01
9.999493360519409180e-01
9.987628459930419922e-01
9.968498349189758301e-01
9.496353268623352051e-01
8.886556029319763184e-01
8.734140992164611816e-01
8.638217449188232422e-01
8.765332698822021484e-01
8.400213718414306641e-01
6.248843073844909668e-01
4.167406260967254639e-01
2.193228453397750854e-01
2.350687533617019653e-01
4.514393508434295654e-01
6.716732978820800781e-01
8.933086395263671875e-01
9.610490202903747559e-01
9.929810166358947754e-01
9.919071793556213379e-01
9.901815652847290039e-01
9.947690963745117188e-01
9.984359741210937500e-01
9.993762373924255371e-01
9.998837113380432129e-01
9.997431039810180664e-01
9.980354905128479004e-01
9.950370788574218750e-01
9.831227064132690430e-01
9.672891497611999512e-01
9.644291400909423828e-01
9.639602303504943848e-01
9.522868394851684570e-01
9.008630514144897461e-01
5.988394021987915039e-01
4.070050716400146484e-01
4.933198690414428711e-01
6.218200325965881348e-01
8.059584498405456543e-01
9.189227223396301270e-01
9.783987402915954590e-01
9.812113046646118164e-01
9.618526101112365723e-01
9.148828387260437012e-01
8.641164898872375488e-01
8.977700471878051758e-01
9.314021468162536621e-01
9.654529094696044922e-01
9.908103942871093750e-01
9.958838224411010742e-01
9.986492991447448730e-01
9.985228180885314941e-01
9.965472221374511719e-01
9.932751655578613281e-01
9.821327924728393555e-01
9.680649042129516602e-01
8.993505239486694336e-01
8.214833140373229980e-01
6.808260679244995117e-01
5.792652368545532227e-01
6.867483258247375488e-01
7.916836738586425781e-01
8.915788531303405762e-01
9.582663774490356445e-01
9.838691949844360352e-01
9.951388239860534668e-01
9.963887929916381836e-01
9.898517727851867676e-01
9.804729223251342773e-01
9.819157123565673828e-01
9.849261045455932617e-01
9.864522814750671387e-01
9.823699593544006348e-01
9.477694630622863770e-01
7.808867096900939941e-01
2.983239591121673584e-01
2.069155126810073853e-02
6.140601821243762970e-03
1.708009367901677358e-18
3.755136834158377212e-19
6.003647159106611240e-20
1.434269919102832780e-19
6.142449751496315002e-02
1.328084021806716919e-01
5.470191240310668945e-01
9.083241224288940430e-01
9.436578750610351562e-01
9.564114809036254883e-01
9.106068015098571777e-01
8.705269694328308105e-01
8.386219143867492676e-01
8.135738372802734375e-01
7.938952445983886719e-01
5.004326105117797852e-01
8.525384962558746338e-02
8.723471313714981079e-03
2.497067034710198641e-04
9.358407278281521968e-12
1.106676738709211349e-02
1.130632385611534119e-01
2.967612743377685547e-01
7.260400652885437012e-01
9.919735193252563477e-01
9.972063302993774414e-01
9.993314146995544434e-01
9.986099600791931152e-01
8.302347660064697266e-01
5.749306678771972656e-01
2.999329864978790283e-01
1.904650405049324036e-02
1.971844758372753859e-04
3.669168800115585327e-02
5.721176266670227051e-01
9.976195693016052246e-01
9.990156888961791992e-01
9.999319911003112793e-01
9.999227523803710938e-01
9.997093081474304199e-01
9.992731809616088867e-01
9.982939958572387695e-01
9.969721436500549316e-01
9.749270677566528320e-01
9.458843469619750977e-01
9.464997053146362305e-01
9.508703351020812988e-01
9.462167620658874512e-01
9.314626455307006836e-01
8.598217368125915527e-01
8.108434677124023438e-01
8.182286024093627930e-01
8.340778946876525879e-01
8.615192770957946777e-01
8.821071386337280273e-01
8.970918655395507812e-01
9.136686921119689941e-01
9.309514760971069336e-01
7.671471834182739258e-01
5.640314817428588867e-01
2.712091803550720215e-01
1.387397496728226542e-04
6.166091043269261718e-05
3.190460556652396917e-04
1.760197221301496029e-03
8.955835551023483276e-02
3.368338346481323242e-01
5.735349059104919434e-01
7.984511256217956543e-01
9.061856269836425781e-01
9.404379129409790039e-01
9.615383148193359375e-01
9.781582951545715332e-01
9.877322912216186523e-01
9.962900280952453613e-01
9.976773858070373535e-01
9.988499879837036133e-01
9.987143874168395996e-01
9.985616803169250488e-01
9.983620047569274902e-01
9.982650279998779297e-01
9.983194470405578613e-01
9.967533349990844727e-01
9.937785863876342773e-01
9.751586914062500000e-01
9.486452937126159668e-01
8.574802279472351074e-01
7.493270635604858398e-01
4.107071161270141602e-01
6.990590691566467285e-02
5.469588935375213623e-02
1.315015107393264771e-01
6.241656541824340820e-01
9.669830799102783203e-01
9.805405139923095703e-01
9.860774278640747070e-01
9.814513921737670898e-01
9.844709038734436035e-01
9.932723641395568848e-01
9.973643422126770020e-01
9.993757009506225586e-01
9.982864260673522949e-01
9.965229630470275879e-01
8.318272233009338379e-01
6.447361707687377930e-01
2.972571551799774170e-01
1.773960702121257782e-02
7.115979213267564774e-03
1.039787605404853821e-01
4.186699390411376953e-01
6.851763725280761719e-01
8.960860967636108398e-01
9.871895313262939453e-01
9.936011433601379395e-01
9.910620450973510742e-01
9.849031567573547363e-01
9.815910458564758301e-01
9.788398146629333496e-01
9.818811416625976562e-01
9.850929379463195801e-01
9.876808524131774902e-01
9.900264739990234375e-01
9.914497137069702148e-01
9.927753210067749023e-01
9.939188361167907715e-01
9.953884482383728027e-01
9.972447156906127930e-01
9.984075427055358887e-01
9.990837574005126953e-01
9.991639256477355957e-01
9.990039467811584473e-01
9.985449910163879395e-01
9.980280399322509766e-01
9.955753087997436523e-01
9.930027723312377930e-01
9.900306463241577148e-01
9.880624413490295410e-01
9.899705648422241211e-01
9.924262762069702148e-01
9.960121512413024902e-01
9.982839226722717285e-01
9.989781975746154785e-01
9.959240555763244629e-01
9.901265501976013184e-01
9.073352813720703125e-01
7.915903925895690918e-01
5.491760373115539551e-01
2.791537940502166748e-01
5.020678043365478516e-01
7.381389141082763672e-01
7.502003908157348633e-01
7.388443946838378906e-01
6.251322627067565918e-01
5.735079050064086914e-01
6.615794897079467773e-01
7.633721232414245605e-01
8.841369152069091797e-01
9.531139731407165527e-01
9.794219732284545898e-01
9.909772872924804688e-01
9.951775074005126953e-01
9.977123141288757324e-01
9.997977018356323242e-01
9.996905922889709473e-01
9.993869066238403320e-01
9.996716380119323730e-01
9.999151229858398438e-01
9.999220371246337891e-01
9.999092817306518555e-01
9.998428821563720703e-01
9.997518062591552734e-01
9.996210336685180664e-01
9.985273480415344238e-01
9.964988231658935547e-01
9.854658246040344238e-01
9.690445065498352051e-01
9.708933830261230469e-01
9.791274070739746094e-01
9.871730804443359375e-01
9.952111840248107910e-01
9.914643168449401855e-01
9.884729385375976562e-01
9.949381351470947266e-01
9.920699000358581543e-01
9.551214575767517090e-01
9.038366675376892090e-01
8.232831954956054688e-01
7.756202816963195801e-01
7.683911919593811035e-01
8.080471158027648926e-01
8.837671875953674316e-01
9.373848438262939453e-01
9.804877042770385742e-01
9.933128952980041504e-01
9.984551668167114258e-01
9.993679523468017578e-01
9.998646378517150879e-01
9.999219179153442383e-01
9.999704957008361816e-01
9.999679923057556152e-01
9.999676346778869629e-01
9.999734163284301758e-01
9.999791383743286133e-01
9.999849200248718262e-01
9.999287128448486328e-01
9.998081922531127930e-01
9.993841052055358887e-01
9.987601637840270996e-01
9.959168434143066406e-01
9.921910762786865234e-01
9.156761169433593750e-01
8.241618275642395020e-01
4.224254488945007324e-01
2.719030715525150299e-02
1.230081170797348022e-02
1.781214364659763709e-31
7.413290976038456249e-32
0.000000000000000000e+00
0.000000000000000000e+00
4.018314044734805151e-17
1.403083210300452789e-16
2.986619994044303894e-02
8.820775151252746582e-02
7.383076846599578857e-02
1.565291360020637512e-02
1.914603053592145443e-04
3.150826887576840818e-05
4.917585174553096294e-04
1.062468742020428181e-03
3.180061280727386475e-01
6.355105042457580566e-01
7.860978841781616211e-01
9.155526161193847656e-01
9.502522945404052734e-01
9.785658121109008789e-01
9.912666678428649902e-01
9.990688562393188477e-01
9.996100068092346191e-01
9.997141957283020020e-01
9.994089603424072266e-01
9.990774989128112793e-01
9.987289905548095703e-01
9.974266886711120605e-01
9.957835674285888672e-01
9.937499165534973145e-01
9.916494488716125488e-01
9.865003228187561035e-01
9.819940328598022461e-01
9.893587827682495117e-01
9.958674311637878418e-01
9.981473088264465332e-01
9.998067021369934082e-01
9.998573660850524902e-01
9.998967051506042480e-01
9.999184608459472656e-01
9.999470114707946777e-01
9.999824762344360352e-01
9.999974370002746582e-01
9.999990463256835938e-01
9.999994039535522461e-01
9.999992847442626953e-01
9.999980330467224121e-01
9.999965429306030273e-01
9.999659061431884766e-01
9.999101161956787109e-01
9.992004632949829102e-01
9.983531236648559570e-01
9.966686964035034180e-01
9.913168549537658691e-01
9.747007489204406738e-01
8.637543320655822754e-01
5.790761709213256836e-01
3.219534754753112793e-01
9.764274954795837402e-02
3.534937277436256409e-04
8.660580497235059738e-04
1.194227486848831177e-01
2.960944771766662598e-01
5.868033170700073242e-01
9.113369584083557129e-01
9.587606787681579590e-01
9.686571955680847168e-01
9.638490676879882812e-01
9.595789909362792969e-01
9.630373120307922363e-01
9.663656353950500488e-01
9.691935181617736816e-01
9.699543118476867676e-01
9.658861756324768066e-01
9.503758549690246582e-01
9.180356264114379883e-01
9.140326380729675293e-01
9.376127719879150391e-01
9.617125988006591797e-01
9.862399697303771973e-01
9.957240819931030273e-01
9.991827607154846191e-01
9.998341798782348633e-01
9.998498558998107910e-01
9.995968937873840332e-01
9.993205666542053223e-01
9.990574121475219727e-01
9.988551735877990723e-01
9.990860819816589355e-01
9.993348717689514160e-01
9.996426105499267578e-01
9.998093843460083008e-01
9.996840953826904297e-01
9.991916418075561523e-01
9.982084035873413086e-01
9.949547052383422852e-01
9.896762967109680176e-01
9.599936604499816895e-01
9.161601662635803223e-01
8.693519830703735352e-01
8.216043710708618164e-01
8.114877939224243164e-01
8.090780973434448242e-01
8.136650323867797852e-01
8.210186362266540527e-01
8.958889842033386230e-01
9.637153148651123047e-01
9.839105010032653809e-01
9.993941783905029297e-01
9.994376897811889648e-01
9.987794160842895508e-01
9.967027902603149414e-01
9.932771325111389160e-01
9.880977869033813477e-01
9.861102700233459473e-01
9.869600534439086914e-01
9.838244915008544922e-01
9.783204793930053711e-01
9.829552769660949707e-01
9.914262890815734863e-01
9.947053790092468262e-01
9.968830943107604980e-01
9.983010292053222656e-01
9.996269345283508301e-01
9.996874332427978516e-01
9.997328519821166992e-01
9.996641278266906738e-01
9.996382594108581543e-01
9.997682571411132812e-01
9.998597502708435059e-01
9.998658299446105957e-01
9.997220635414123535e-01
9.993610382080078125e-01
9.940023422241210938e-01
9.837019443511962891e-01
9.489321112632751465e-01
8.976417183876037598e-01
9.147562980651855469e-01
9.618196487426757812e-01
9.827616214752197266e-01
9.966683983802795410e-01
9.990777969360351562e-01
9.999745488166809082e-01
9.999934434890747070e-01
9.999936819076538086e-01
9.999721050262451172e-01
9.998520612716674805e-01
9.992530345916748047e-01
9.958763718605041504e-01
9.847893714904785156e-01
9.744161367416381836e-01
9.652497172355651855e-01
9.609127640724182129e-01
9.624139070510864258e-01
9.238787889480590820e-01
8.521101474761962891e-01
5.699919462203979492e-01
1.684734374284744263e-01
3.774123638868331909e-02
5.675905849784612656e-03
2.032520808279514313e-02
4.493581131100654602e-02
4.559442698955535889e-01
8.963454961776733398e-01
9.501606225967407227e-01
9.983766078948974609e-01
9.991164803504943848e-01
9.991714358329772949e-01
9.964355826377868652e-01
9.951536655426025391e-01
9.974926710128784180e-01
9.869504570960998535e-01
9.551604390144348145e-01
9.399331212043762207e-01
9.433706402778625488e-01
9.521674513816833496e-01
