9.904730916023254395e-01
9.831045269966125488e-01
9.774735569953918457e-01
9.792618155479431152e-01
9.800513982772827148e-01
9.779195189476013184e-01
9.807957410812377930e-01
9.792127609252929688e-01
9.715054035186767578e-01
9.396002888679504395e-01
9.261680245399475098e-01
9.336168169975280762e-01
9.776984453201293945e-01
9.992964267730712891e-01
9.999998807907104492e-01
9.999974966049194336e-01
9.999915957450866699e-01
9.999834299087524414e-01
9.999812245368957520e-01
9.999706745147705078e-01
9.999573826789855957e-01
9.999675154685974121e-01
9.999801516532897949e-01
9.999862313270568848e-01
9.999459385871887207e-01
9.994674324989318848e-01
9.985999464988708496e-01
9.969750642776489258e-01
9.977694749832153320e-01
9.992945194244384766e-01
9.997089505195617676e-01
9.999086856842041016e-01
9.998786449432373047e-01
9.993935823440551758e-01
9.987418055534362793e-01
9.983805418014526367e-01
9.988752603530883789e-01
9.995198249816894531e-01
9.999895691871643066e-01
9.999977946281433105e-01
9.999916553497314453e-01
9.999701976776123047e-01
9.999255537986755371e-01
9.997996091842651367e-01
9.991999268531799316e-01
9.978418350219726562e-01
9.826866984367370605e-01
9.719287157058715820e-01
9.699358940124511719e-01
9.852036237716674805e-01
9.956027269363403320e-01
9.979645013809204102e-01
9.980855584144592285e-01
9.984817504882812500e-01
9.993208646774291992e-01
9.997394680976867676e-01
9.989822506904602051e-01
9.967821836471557617e-01
9.625893235206604004e-01
8.526617288589477539e-01
6.724633574485778809e-01
4.650211632251739502e-01
4.228905439376831055e-01
5.294217467308044434e-01
8.278571963310241699e-01
5.849909782409667969e-01
4.001987690571695566e-04
2.478411421179771423e-03
1.175023168325424194e-01
2.640520930290222168e-01
7.194344699382781982e-02
4.185654520988464355e-01
9.945838451385498047e-01
9.866653680801391602e-01
9.581935405731201172e-01
8.449843525886535645e-01
3.530606627464294434e-01
1.076455786824226379e-01
9.577910415828227997e-03
3.719574213027954102e-02
3.264266550540924072e-01
6.349958777427673340e-01
5.817711353302001953e-01
6.885434985160827637e-01
8.437861800193786621e-01
9.507982730865478516e-01
9.841588139533996582e-01
9.900196790695190430e-01
9.914205670356750488e-01
9.948072433471679688e-01
9.981237649917602539e-01
9.995673298835754395e-01
9.999397397041320801e-01
9.999818801879882812e-01
9.999531507492065430e-01
9.997760057449340820e-01
9.994171857833862305e-01
9.987332224845886230e-01
9.983276724815368652e-01
9.982588887214660645e-01
9.987559914588928223e-01
9.980101585388183594e-01
9.969156980514526367e-01
9.956241846084594727e-01
9.966394305229187012e-01
9.980639219284057617e-01
9.995090365409851074e-01
9.998740553855895996e-01
1.000000000000000000e+00
1.000000000000000000e+00
1.000000000000000000e+00
9.999606013298034668e-01
9.998598694801330566e-01
9.997350573539733887e-01
9.996945858001708984e-01
9.997811317443847656e-01
9.999037384986877441e-01
9.999802708625793457e-01
9.999885559082031250e-01
9.999502897262573242e-01
9.998294115066528320e-01
9.996058344841003418e-01
9.991990923881530762e-01
9.986266493797302246e-01
9.978648424148559570e-01
9.956963658332824707e-01
9.948663711547851562e-01
9.957008361816406250e-01
9.984873533248901367e-01
1.000000000000000000e+00
1.000000000000000000e+00
1.000000000000000000e+00
9.994385242462158203e-01
9.982707500457763672e-01
9.990620613098144531e-01
9.996207952499389648e-01
9.999146461486816406e-01
9.997425079345703125e-01
9.935196042060852051e-01
9.807304739952087402e-01
8.522895574569702148e-01
8.285783529281616211e-01
9.057973623275756836e-01
9.583893418312072754e-01
9.886633753776550293e-01
9.980056285858154297e-01
9.992471337318420410e-01
9.998939633369445801e-01
1.000000000000000000e+00
9.999994039535522461e-01
9.999871850013732910e-01
9.999659657478332520e-01
9.999826550483703613e-01
9.998964667320251465e-01
9.994584918022155762e-01
9.923747777938842773e-01
9.340806007385253906e-01
8.280977010726928711e-01
6.290733814239501953e-01
6.602195501327514648e-01
8.766787052154541016e-01
9.596271514892578125e-01
9.977346062660217285e-01
9.987210035324096680e-01
9.950802922248840332e-01
9.958547353744506836e-01
9.998790025711059570e-01
9.975359439849853516e-01
9.946859478950500488e-01
9.917086958885192871e-01
9.935784339904785156e-01
9.934265613555908203e-01
9.917729496955871582e-01
9.922119975090026855e-01
9.940567016601562500e-01
9.965605139732360840e-01
9.915273189544677734e-01
9.853067994117736816e-01
9.789865612983703613e-01
9.868177771568298340e-01
9.938398599624633789e-01
9.998577237129211426e-01
9.996969699859619141e-01
9.996231198310852051e-01
9.996308088302612305e-01
9.998397827148437500e-01
9.999567866325378418e-01
9.999966621398925781e-01
9.999889135360717773e-01
9.999254941940307617e-01
9.998252987861633301e-01
9.998871684074401855e-01
8.288992047309875488e-01
5.367460846900939941e-01
6.741865873336791992e-01
8.045657277107238770e-01
9.162827730178833008e-01
7.274506092071533203e-01
7.215434908866882324e-01
8.699038624763488770e-01
9.524462223052978516e-01
9.941433072090148926e-01
9.999843835830688477e-01
9.997950196266174316e-01
9.991951584815979004e-01
9.982791543006896973e-01
9.991937875747680664e-01
9.997507929801940918e-01
9.999467134475708008e-01
9.983606934547424316e-01
9.491603970527648926e-01
8.550724387168884277e-01
7.749763131141662598e-01
7.757883667945861816e-01
8.556511998176574707e-01
9.503974318504333496e-01
9.986404180526733398e-01
9.999761581420898438e-01
9.998413324356079102e-01
9.839325547218322754e-01
9.516004323959350586e-01
8.848970532417297363e-01
8.753896355628967285e-01
9.291436076164245605e-01
9.535250663757324219e-01
9.756748080253601074e-01
9.962143301963806152e-01
9.988732933998107910e-01
9.999453425407409668e-01
9.999952316284179688e-01
9.999874830245971680e-01
9.996821284294128418e-01
9.990068674087524414e-01
9.962630271911621094e-01
9.945998787879943848e-01
9.945423007011413574e-01
9.949111938476562500e-01
9.943988323211669922e-01
9.925922155380249023e-01
9.711657166481018066e-01
9.324878454208374023e-01
8.709530830383300781e-01
8.715623021125793457e-01
8.957639932632446289e-01
9.455807209014892578e-01
9.722909927368164062e-01
9.771071672439575195e-01
9.501435160636901855e-01
4.508677124977111816e-01
6.103436276316642761e-02
8.306243456900119781e-03
4.938531128573231399e-05
5.926201629335992038e-05
1.852379355113953352e-04
1.040790230035781860e-03
1.692856848239898682e-02
6.484462320804595947e-02
4.343279600143432617e-01
7.949088811874389648e-01
9.540187120437622070e-01
9.936143159866333008e-01
9.979302883148193359e-01
9.931484460830688477e-01
9.135779142379760742e-01
7.092900872230529785e-01
2.135003656148910522e-01
4.514694213867187500e-02
3.905723860953003168e-04
4.612273187376558781e-04
3.009425401687622070e-01
6.774408817291259766e-01
9.250339865684509277e-01
9.987213015556335449e-01
9.999565482139587402e-01
9.999741315841674805e-01
9.999754428863525391e-01
9.999735355377197266e-01
9.999917745590209961e-01
9.999978542327880859e-01
9.999942779541015625e-01
9.999712109565734863e-01
9.997271299362182617e-01
9.991641044616699219e-01
9.972461462020874023e-01
9.975347518920898438e-01
9.991043210029602051e-01
9.997220635414123535e-01
9.999105334281921387e-01
9.997736215591430664e-01
9.993374347686767578e-01
9.990749955177307129e-01
9.989738464355468750e-01
9.993893504142761230e-01
9.995459318161010742e-01
9.994819164276123047e-01
9.995905756950378418e-01
9.997279644012451172e-01
9.998930692672729492e-01
9.999217391014099121e-01
9.999119043350219727e-01
9.998615980148315430e-01
9.980217218399047852e-01
9.522150754928588867e-01
8.529792428016662598e-01
4.367077052593231201e-01
1.330391317605972290e-01
1.133686117827892303e-02
2.729702019976798510e-10
1.587837564881923128e-27
5.639278877491321944e-27
2.409270964562892914e-02
9.534085541963577271e-02
2.444733679294586182e-01
1.971504241228103638e-01
1.108465120196342468e-01
1.913804933428764343e-02
9.277641074731945992e-04
2.224413864314556122e-02
9.723035991191864014e-02
3.336499333381652832e-01
5.685243606567382812e-01
6.725285053253173828e-01
6.903805732727050781e-01
6.920642256736755371e-01
7.380731105804443359e-01
8.428914546966552734e-01
9.507291913032531738e-01
9.723879098892211914e-01
9.797999262809753418e-01
9.821351766586303711e-01
9.935386180877685547e-01
9.985096454620361328e-01
9.997258186340332031e-01
9.996905326843261719e-01
9.996770620346069336e-01
9.996456503868103027e-01
9.992848038673400879e-01
9.938691854476928711e-01
9.830291271209716797e-01
9.427721500396728516e-01
9.153636097908020020e-01
8.995046019554138184e-01
9.026055335998535156e-01
9.000011086463928223e-01
8.915625214576721191e-01
9.266655445098876953e-01
9.565776586532592773e-01
9.790043234825134277e-01
9.349384903907775879e-01
8.754485845565795898e-01
8.005781173706054688e-01
8.025038838386535645e-01
8.483371138572692871e-01
9.526881575584411621e-01
9.837526082992553711e-01
9.965403676033020020e-01
9.976822137832641602e-01
9.987062811851501465e-01
9.994359016418457031e-01
9.995148181915283203e-01
9.996670484542846680e-01
9.998183250427246094e-01
9.999014735221862793e-01
9.999301433563232422e-01
9.998801946640014648e-01
9.996063113212585449e-01
9.990780353546142578e-01
9.984785318374633789e-01
9.981214404106140137e-01
9.959515929222106934e-01
9.933595657348632812e-01
9.953276515007019043e-01
9.974163770675659180e-01
9.994603395462036133e-01
9.998323917388916016e-01
9.999914765357971191e-01
9.999753236770629883e-01
9.999348521232604980e-01
9.999045133590698242e-01
9.998842477798461914e-01
9.999062418937683105e-01
9.999412298202514648e-01
9.999907612800598145e-01
9.999960064888000488e-01
9.999971985816955566e-01
9.999974370002746582e-01
9.999979734420776367e-01
9.999976158142089844e-01
9.999955296516418457e-01
9.999943375587463379e-01
9.999949336051940918e-01
9.999991059303283691e-01
1.000000000000000000e+00
9.999970793724060059e-01
9.999859929084777832e-01
9.999330639839172363e-01
9.997116923332214355e-01
9.989055395126342773e-01
9.965060353279113770e-01
9.939160943031311035e-01
9.942772388458251953e-01
9.963637590408325195e-01
9.990947246551513672e-01
9.986843466758728027e-01
9.929426908493041992e-01
9.840625524520874023e-01
9.882737994194030762e-01
9.933992624282836914e-01
9.993588328361511230e-01
9.997693896293640137e-01
9.997346997261047363e-01
9.992080926895141602e-01
9.945744276046752930e-01
9.760498404502868652e-01
9.384629726409912109e-01
8.420223593711853027e-01
8.139043450355529785e-01
9.192726612091064453e-01
9.708247184753417969e-01
9.992409944534301758e-01
9.998191595077514648e-01
9.998909235000610352e-01
9.975494146347045898e-01
9.883428215980529785e-01
9.870441555976867676e-01
9.893004894256591797e-01
9.936369657516479492e-01
9.830887913703918457e-01
9.662200212478637695e-01
9.579530954360961914e-01
9.645180106163024902e-01
9.803670048713684082e-01
9.905967712402343750e-01
9.935082793235778809e-01
9.896159172058105469e-01
9.420205950736999512e-01
6.308639645576477051e-01
3.936729952692985535e-02
2.392568066716194153e-02
2.361325025558471680e-01
7.198742628097534180e-01
9.043258428573608398e-01
9.993091225624084473e-01
9.998990297317504883e-01
9.997420310974121094e-01
9.784746766090393066e-01
9.084085822105407715e-01
7.505843043327331543e-01
6.116139888763427734e-01
6.170810461044311523e-01
7.701355218887329102e-01
9.498555660247802734e-01
9.653275609016418457e-01
9.761173129081726074e-01
9.845249652862548828e-01
9.949813485145568848e-01
9.992927312850952148e-01
9.989919066429138184e-01
9.963439106941223145e-01
9.936191439628601074e-01
9.908183813095092773e-01
9.480098485946655273e-01
8.045668005943298340e-01
5.375456213951110840e-01
2.544592618942260742e-01
6.587001681327819824e-02
3.372601419687271118e-02
1.529513001441955566e-01
3.542100787162780762e-01
6.746728420257568359e-01
8.603203296661376953e-01
9.755342602729797363e-01
9.914294481277465820e-01
9.926395416259765625e-01
9.866800308227539062e-01
9.753394722938537598e-01
9.800146818161010742e-01
9.923249483108520508e-01
9.933733344078063965e-01
9.956193566322326660e-01
9.968738555908203125e-01
9.455228447914123535e-01
7.836008667945861816e-01
5.100715756416320801e-01
5.560507178306579590e-01
6.901348233222961426e-01
9.261349439620971680e-01
9.763581752777099609e-01
9.947522878646850586e-01
9.966794252395629883e-01
9.959520101547241211e-01
9.953738451004028320e-01
9.966567158699035645e-01
9.894224405288696289e-01
9.784255623817443848e-01
9.641221165657043457e-01
9.652127623558044434e-01
9.745216965675354004e-01
9.882448315620422363e-01
9.947478771209716797e-01
9.949855804443359375e-01
9.728944301605224609e-01
9.124806523323059082e-01
8.167230486869812012e-01
8.199014663696289062e-01
8.683682680130004883e-01
9.710193872451782227e-01
9.909555315971374512e-01
9.960201382637023926e-01
9.899367690086364746e-01
9.656907916069030762e-01
9.334549903869628906e-01
8.907797932624816895e-01
8.145550489425659180e-01
7.555021047592163086e-01
8.009274005889892578e-01
8.715362548828125000e-01
9.466332793235778809e-01
9.711209535598754883e-01
9.848918318748474121e-01
9.912282228469848633e-01
9.950513243675231934e-01
9.977284073829650879e-01
9.993237257003784180e-01
9.981568455696105957e-01
9.956101775169372559e-01
9.913514852523803711e-01
9.597840309143066406e-01
8.293986320495605469e-01
5.229850411415100098e-01
2.889210283756256104e-01
1.206124946475028992e-01
8.489256352186203003e-02
2.582145631313323975e-01
5.155663490295410156e-01
8.001939654350280762e-01
9.293611645698547363e-01
9.654612541198730469e-01
9.326554536819458008e-01
9.431701898574829102e-01
9.804382324218750000e-01
6.476636528968811035e-01
5.000924468040466309e-01
5.566612482070922852e-01
7.631746530532836914e-01
9.213852882385253906e-01
9.879480600357055664e-01
9.990625977516174316e-01
9.999077320098876953e-01
9.999496936798095703e-01
9.999549984931945801e-01
9.999513030052185059e-01
9.999560117721557617e-01
9.994519948959350586e-01
9.988733530044555664e-01
9.994270205497741699e-01
9.760019183158874512e-01
9.249599575996398926e-01
6.224935650825500488e-01
3.648791909217834473e-01
1.522836834192276001e-01
5.226156115531921387e-01
8.139717578887939453e-01
9.478406310081481934e-01
9.840002655982971191e-01
9.985037446022033691e-01
9.996220469474792480e-01
9.998761415481567383e-01
9.998412728309631348e-01
9.996931552886962891e-01
9.973663687705993652e-01
9.919016957283020020e-01
9.727277159690856934e-01
9.781975150108337402e-01
9.871850609779357910e-01
6.811818480491638184e-01
4.863819181919097900e-01
4.048260152339935303e-01
6.239789724349975586e-01
8.148570656776428223e-01
9.405955672264099121e-01
9.733672142028808594e-01
9.874085187911987305e-01
9.945703744888305664e-01
9.966201782226562500e-01
9.967096447944641113e-01
9.954826235771179199e-01
9.957681298255920410e-01
9.969097375869750977e-01
9.987350702285766602e-01
9.995662569999694824e-01
9.996451139450073242e-01
9.996812343597412109e-01
9.997193217277526855e-01
9.997594952583312988e-01
9.988573789596557617e-01
9.921764135360717773e-01
9.760208725929260254e-01
9.778709411621093750e-01
9.846646189689636230e-01
9.944745302200317383e-01
9.984575510025024414e-01
9.999423623085021973e-01
9.999631643295288086e-01
9.997539520263671875e-01
9.989863038063049316e-01
9.933174252510070801e-01
9.822679162025451660e-01
9.664203524589538574e-01
9.042900204658508301e-01
8.502819538116455078e-01
8.082603812217712402e-01
8.239204287528991699e-01
8.377189636230468750e-01
8.311620950698852539e-01
8.773081302642822266e-01
9.342487454414367676e-01
9.760129451751708984e-01
9.940977692604064941e-01
9.998781681060791016e-01
9.999523758888244629e-01
9.996693730354309082e-01
9.991081953048706055e-01
9.980395436286926270e-01
9.980503916740417480e-01
9.992845654487609863e-01
9.996998906135559082e-01
9.999325871467590332e-01
9.999770522117614746e-01
9.999920725822448730e-01
9.999965429306030273e-01
9.999906420707702637e-01
9.476585388183593750e-01
7.992613315582275391e-01
2.302168160676956177e-01
8.506355698045808822e-06
6.444165948778390884e-03
1.600965410470962524e-01
4.685255885124206543e-01
9.382020235061645508e-01
9.815612435340881348e-01
9.905849695205688477e-01
9.925873279571533203e-01
9.955831766128540039e-01
9.982447624206542969e-01
9.994448423385620117e-01
9.998823404312133789e-01
9.999898672103881836e-01
9.999586939811706543e-01
9.998700022697448730e-01
9.996983408927917480e-01
9.986861944198608398e-01
9.977902173995971680e-01
9.970111846923828125e-01
9.960341453552246094e-01
9.944193363189697266e-01
9.918048977851867676e-01
9.860326051712036133e-01
9.762030839920043945e-01
9.573286771774291992e-01
9.493508934974670410e-01
9.512876272201538086e-01
9.827383160591125488e-01
9.967054128646850586e-01
9.989946484565734863e-01
9.983953237533569336e-01
9.986915588378906250e-01
9.999182224273681641e-01
9.933075308799743652e-01
9.846507906913757324e-01
9.735137820243835449e-01
9.796583652496337891e-01
9.889225363731384277e-01
9.961078166961669922e-01
9.990026354789733887e-01
9.999243021011352539e-01
9.999082684516906738e-01
9.997384548187255859e-01
9.994019269943237305e-01
9.970942735671997070e-01
9.864902496337890625e-01
9.665278196334838867e-01
9.815762042999267578e-01
9.836458563804626465e-01
9.556270837783813477e-01
9.293305277824401855e-01
9.136543869972229004e-01
9.315534234046936035e-01
9.466305375099182129e-01
9.585931301116943359e-01
9.571374654769897461e-01
9.562684297561645508e-01
9.558734893798828125e-01
9.626154899597167969e-01
9.716455936431884766e-01
9.836054444313049316e-01
9.920930266380310059e-01
9.980105161666870117e-01
9.993861317634582520e-01
9.995304346084594727e-01
9.989880323410034180e-01
9.972468614578247070e-01
9.936308264732360840e-01
9.890377521514892578e-01
9.864059090614318848e-01
9.885491728782653809e-01
9.953751564025878906e-01
9.981591105461120605e-01
9.995397329330444336e-01
9.990383982658386230e-01
9.930012822151184082e-01
9.738163352012634277e-01
9.202903509140014648e-01
8.044804334640502930e-01
6.278144717216491699e-01
2.292081713676452637e-01
1.007928550243377686e-01
1.795399039983749390e-01
6.516311168670654297e-01
9.381057620048522949e-01
9.907187223434448242e-01
9.964077472686767578e-01
9.961612820625305176e-01
9.971962571144104004e-01
9.983534812927246094e-01
9.994058012962341309e-01
9.998283982276916504e-01
9.999904036521911621e-01
9.999945759773254395e-01
9.999908208847045898e-01
9.999831318855285645e-01
9.999715089797973633e-01
9.995132684707641602e-01
9.974875450134277344e-01
9.927866458892822266e-01
9.934109449386596680e-01
9.955963492393493652e-01
9.985020160675048828e-01
9.996889233589172363e-01
9.999768733978271484e-01
9.998878836631774902e-01
9.976344108581542969e-01
9.935238361358642578e-01
8.849127888679504395e-01
6.411966681480407715e-01
2.035390734672546387e-01
2.865577638149261475e-01
5.071223378181457520e-01
8.275437355041503906e-01
9.568952322006225586e-01
9.995495676994323730e-01
9.988138675689697266e-01
9.387793540954589844e-01
8.343029618263244629e-01
7.832640409469604492e-01
8.042554259300231934e-01
9.177337288856506348e-01
9.698545932769775391e-01
9.989691376686096191e-01
9.959750175476074219e-01
9.648990035057067871e-01
9.025519490242004395e-01
7.330043911933898926e-01
6.764649152755737305e-01
6.995359659194946289e-01
8.211150169372558594e-01
8.985860347747802734e-01
9.239513278007507324e-01
9.452288746833801270e-01
9.665698409080505371e-01
9.891752004623413086e-01
9.971987605094909668e-01
9.998095035552978516e-01
9.996252059936523438e-01
9.900617003440856934e-01
9.712293744087219238e-01
8.754705786705017090e-01
8.037942051887512207e-01
7.591453790664672852e-01
8.502354621887207031e-01
9.374318122863769531e-01
9.865426421165466309e-01
9.990590214729309082e-01
9.997062087059020996e-01
9.991458654403686523e-01
9.964426159858703613e-01
9.923735260963439941e-01
9.873446822166442871e-01
9.859033823013305664e-01
9.884238243103027344e-01
9.943762421607971191e-01
9.984274506568908691e-01
9.978962540626525879e-01
9.916538000106811523e-01
9.831420779228210449e-01
9.726152420043945312e-01
9.634159207344055176e-01
9.444397091865539551e-01
6.847849488258361816e-01
4.003486633300781250e-01
8.772311359643936157e-02
4.635307565331459045e-02
2.278810888528823853e-01
8.109313249588012695e-01
9.426749944686889648e-01
9.360392689704895020e-01
9.801991581916809082e-01
9.983842968940734863e-01
9.994149208068847656e-01
9.991872906684875488e-01
9.758372902870178223e-01
9.248637557029724121e-01
7.959549427032470703e-01
6.945403218269348145e-01
6.787844896316528320e-01
8.019375801086425781e-01
9.523749351501464844e-01
9.812496304512023926e-01
9.948619604110717773e-01
9.975379705429077148e-01
9.991082549095153809e-01
9.991260170936584473e-01
9.971033334732055664e-01
9.960241913795471191e-01
9.953110218048095703e-01
9.951242208480834961e-01
9.945822954177856445e-01
9.936249256134033203e-01
9.908657073974609375e-01
9.725668430328369141e-01
9.417781829833984375e-01
9.294808506965637207e-01
9.328240156173706055e-01
9.590047001838684082e-01
9.761095046997070312e-01
9.888541102409362793e-01
9.941674470901489258e-01
9.971598386764526367e-01
9.981914162635803223e-01
9.912066459655761719e-01
9.914078712463378906e-01
9.983958601951599121e-01
9.995074272155761719e-01
9.999706745147705078e-01
9.999865293502807617e-01
9.999586343765258789e-01
9.998767375946044922e-01
9.996308088302612305e-01
9.994300007820129395e-01
9.990150332450866699e-01
9.935198426246643066e-01
8.746008276939392090e-01
6.256387233734130859e-01
2.734367847442626953e-01
7.098995149135589600e-02
2.336028367280960083e-01
5.600490570068359375e-01
8.984171152114868164e-01
9.560242891311645508e-01
9.850397109985351562e-01
9.925928115844726562e-01
9.812532067298889160e-01
9.625052213668823242e-01
9.332979321479797363e-01
7.148593068122863770e-01
4.401106238365173340e-01
1.126185730099678040e-01
2.229363191872835159e-03
4.892286285758018494e-02
6.050462722778320312e-01
9.116265177726745605e-01
9.751461744308471680e-01
9.598008990287780762e-01
9.142518639564514160e-01
8.236189484596252441e-01
7.828286290168762207e-01
7.298555374145507812e-01
5.529524087905883789e-01
3.135672211647033691e-01
3.723568469285964966e-02
1.586301438510417938e-02
8.919218555092811584e-03
2.081157825887203217e-02
2.476964294910430908e-01
5.282212495803833008e-01
8.530297875404357910e-01
9.740161299705505371e-01
9.988248348236083984e-01
9.993869662284851074e-01
9.981316328048706055e-01
9.952047467231750488e-01
9.455510973930358887e-01
9.110056161880493164e-01
9.100473523139953613e-01
9.395574927330017090e-01
9.714280962944030762e-01
9.729343056678771973e-01
8.863600492477416992e-01
7.406099438667297363e-01
5.997683405876159668e-01
6.207462549209594727e-01
8.562401533126831055e-01
9.477512836456298828e-01
9.957625865936279297e-01
9.951371550559997559e-01
9.967595934867858887e-01
9.909856915473937988e-01
8.993613719940185547e-01
6.464903354644775391e-01
2.353375852108001709e-01
1.155952438712120056e-01
1.887280493974685669e-01
5.990655422210693359e-01
8.294662237167358398e-01
9.734616279602050781e-01
9.888282418251037598e-01
9.962072968482971191e-01
9.976044297218322754e-01
9.986512064933776855e-01
9.994492530822753906e-01
9.998832345008850098e-01
9.999760985374450684e-01
9.999863505363464355e-01
9.999839067459106445e-01
9.999898076057434082e-01
9.999443292617797852e-01
9.987941384315490723e-01
9.855206608772277832e-01
9.579878449440002441e-01
9.566623568534851074e-01
9.594554901123046875e-01
9.630333781242370605e-01
9.459383487701416016e-01
9.247289896011352539e-01
9.436414241790771484e-01
9.656499624252319336e-01
9.905044436454772949e-01
9.966579079627990723e-01
9.998416304588317871e-01
9.999642372131347656e-01
9.999968409538269043e-01
9.999891519546508789e-01
9.999266862869262695e-01
9.973010420799255371e-01
9.927646517753601074e-01
9.787004590034484863e-01
9.704220294952392578e-01
9.713501334190368652e-01
9.842708706855773926e-01
9.945505261421203613e-01
9.843400716781616211e-01
8.411108255386352539e-01
6.138082146644592285e-01
2.784019410610198975e-01
7.328345626592636108e-02
3.365590050816535950e-02
3.362761139869689941e-01
6.678641438484191895e-01
9.051828980445861816e-01
9.910216927528381348e-01
9.999520778656005859e-01
9.992963671684265137e-01
9.989816546440124512e-01
9.990347027778625488e-01
9.989707469940185547e-01
9.980394840240478516e-01
9.951000213623046875e-01
9.938921332359313965e-01
9.937553405761718750e-01
9.963604807853698730e-01
9.982592463493347168e-01
9.995006322860717773e-01
9.996420145034790039e-01
9.996120929718017578e-01
9.994184970855712891e-01
9.995253682136535645e-01
9.989386200904846191e-01
9.935929775238037109e-01
9.792834520339965820e-01
9.576930403709411621e-01
9.532815814018249512e-01
9.507458806037902832e-01
9.501711130142211914e-01
9.442440271377563477e-01
9.409129619598388672e-01
9.577843546867370605e-01
9.726995825767517090e-01
9.861798882484436035e-01
9.709538221359252930e-01
9.370671510696411133e-01
8.744372725486755371e-01
8.602328896522521973e-01
8.658912181854248047e-01
9.007222652435302734e-01
9.428439140319824219e-01
9.896231889724731445e-01
9.957914352416992188e-01
9.995768666267395020e-01
9.999043941497802734e-01
9.996018409729003906e-01
9.955724477767944336e-01
9.784545302391052246e-01
9.718732237815856934e-01
9.719096422195434570e-01
9.762389063835144043e-01
9.739609956741333008e-01
9.627268314361572266e-01
9.784101247787475586e-01
9.955250024795532227e-01
9.986281991004943848e-01
9.997882843017578125e-01
9.998089671134948730e-01
9.993196725845336914e-01
9.944415092468261719e-01
9.839298725128173828e-01
9.110903143882751465e-01
8.138175606727600098e-01
6.770561337471008301e-01
5.151932239532470703e-01
3.378093838691711426e-01
1.207047998905181885e-01
6.792012971206900596e-33
9.114048512306753407e-34
0.000000000000000000e+00
1.177605390548706055e-01
5.940865278244018555e-01
8.572484254837036133e-01
9.976143240928649902e-01
9.990788102149963379e-01
9.999089241027832031e-01
9.999558329582214355e-01
9.998223185539245605e-01
9.994175434112548828e-01
9.982758164405822754e-01
9.895166754722595215e-01
9.725937843322753906e-01
8.693963885307312012e-01
7.918521761894226074e-01
7.465082406997680664e-01
8.624750971794128418e-01
9.749865531921386719e-01
9.828781485557556152e-01
9.685777425765991211e-01
9.430045485496520996e-01
9.495161771774291992e-01
9.648985862731933594e-01
9.917976856231689453e-01
9.982259273529052734e-01
9.999240040779113770e-01
9.995944499969482422e-01
9.987264275550842285e-01
9.975525736808776855e-01
9.969029426574707031e-01
9.967482686042785645e-01
9.972697496414184570e-01
9.971664547920227051e-01
9.971162676811218262e-01
9.977520704269409180e-01
9.986174702644348145e-01
9.996189475059509277e-01
9.998364448547363281e-01
9.999611973762512207e-01
9.999495744705200195e-01
9.998304843902587891e-01
9.996937513351440430e-01
9.995934367179870605e-01
9.997177124023437500e-01
9.999965429306030273e-01
9.999305009841918945e-01
9.998894333839416504e-01
9.998951554298400879e-01
9.999239444732666016e-01
9.999572634696960449e-01
9.999808669090270996e-01
9.999940991401672363e-01
9.999995827674865723e-01
9.999997019767761230e-01
9.998983740806579590e-01
9.996138215065002441e-01
9.731343984603881836e-01
9.451909065246582031e-01
9.597702622413635254e-01
9.741409420967102051e-01
9.883503317832946777e-01
9.199955463409423828e-01
7.006285190582275391e-01
1.832862347364425659e-01
2.133741416037082672e-02
4.311658358346903697e-06
1.427996267011621967e-06
4.912288859486579895e-04
1.462916610762476921e-03
3.118030428886413574e-01
6.358486413955688477e-01
9.056481719017028809e-01
9.943786859512329102e-01
9.976404309272766113e-01
9.850993752479553223e-01
9.447224140167236328e-01
8.726986050605773926e-01
7.488783001899719238e-01
6.429249644279479980e-01
6.153139472007751465e-01
7.043724656105041504e-01
8.560422062873840332e-01
9.392125606536865234e-01
9.892874956130981445e-01
9.941395521163940430e-01
9.846164584159851074e-01
9.697225689888000488e-01
9.467232823371887207e-01
9.304817318916320801e-01
9.188656210899353027e-01
3.597974181175231934e-01
5.186810623854398727e-03
5.705865565687417984e-03
2.143087238073348999e-01
4.976855218410491943e-01
8.408092856407165527e-01
9.983617067337036133e-01
9.998696446418762207e-01
9.999032616615295410e-01
9.996161460876464844e-01
9.988771080970764160e-01
9.953909516334533691e-01
9.916360974311828613e-01
9.960701465606689453e-01
9.951444268226623535e-01
9.884876012802124023e-01
9.754762053489685059e-01
9.521427154541015625e-01
9.021707177162170410e-01
8.768289089202880859e-01
8.671576976776123047e-01
9.197781682014465332e-01
9.623363614082336426e-01
9.911422729492187500e-01
9.977690577507019043e-01
9.987229704856872559e-01
9.978914260864257812e-01
9.971292018890380859e-01
9.964166283607482910e-01
9.977809190750122070e-01
9.982376694679260254e-01
9.969379305839538574e-01
9.888685345649719238e-01
9.808087348937988281e-01
9.884468317031860352e-01
9.946411252021789551e-01
9.994654655456542969e-01
9.999732971191406250e-01
9.996560215950012207e-01
9.984602332115173340e-01
9.277874231338500977e-01
8.129603266716003418e-01
5.277428627014160156e-01
4.857306480407714844e-01
7.515481114387512207e-01
8.955802917480468750e-01
9.901943206787109375e-01
9.970946311950683594e-01
9.999219179153442383e-01
9.999976158142089844e-01
9.999989271163940430e-01
9.999990463256835938e-01
9.999995231628417969e-01
9.999997615814208984e-01
9.999998211860656738e-01
9.999998211860656738e-01
9.999995231628417969e-01
9.999989867210388184e-01
9.999978542327880859e-01
9.999969005584716797e-01
9.999963045120239258e-01
9.987320303916931152e-01
9.966496825218200684e-01
9.909250736236572266e-01
9.893800616264343262e-01
9.933924078941345215e-01
9.929076433181762695e-01
9.903010725975036621e-01
9.831684827804565430e-01
9.845309257507324219e-01
9.922121167182922363e-01
9.950608015060424805e-01
9.954923987388610840e-01
9.916031360626220703e-01
9.903810620307922363e-01
9.907562136650085449e-01
9.960751533508300781e-01
9.985751509666442871e-01
9.980310201644897461e-01
9.970258474349975586e-01
9.966695904731750488e-01
9.985677003860473633e-01
9.995164275169372559e-01
9.998874664306640625e-01
9.991957545280456543e-01
9.608212113380432129e-01
8.613984584808349609e-01
7.718079686164855957e-01
6.926709413528442383e-01
6.588273644447326660e-01
6.911175251007080078e-01
7.845124602317810059e-01
8.925124406814575195e-01
9.760466814041137695e-01
9.918608069419860840e-01
9.978826045989990234e-01
9.987812638282775879e-01
9.992603063583374023e-01
9.996297955513000488e-01
9.998435378074645996e-01
9.996944069862365723e-01
9.990808367729187012e-01
9.966527223587036133e-01
9.943802356719970703e-01
9.922372102737426758e-01
9.587674736976623535e-01
8.669196367263793945e-01
6.458653211593627930e-01
6.463004946708679199e-01
7.529012560844421387e-01
8.833908438682556152e-01
9.680436849594116211e-01
9.930937290191650391e-01
9.973576068878173828e-01
9.967917799949645996e-01
9.965114593505859375e-01
9.970049858093261719e-01
9.981021285057067871e-01
9.990683794021606445e-01
9.997450709342956543e-01
9.998048543930053711e-01
9.992970824241638184e-01
9.981206655502319336e-01
9.910099506378173828e-01
9.712033867835998535e-01
9.352362751960754395e-01
9.158061146736145020e-01
9.083761572837829590e-01
9.361608624458312988e-01
9.629153013229370117e-01
9.889068603515625000e-01
9.959787726402282715e-01
9.998497366905212402e-01
9.993693828582763672e-01
9.994258880615234375e-01
9.997189640998840332e-01
9.998742341995239258e-01
9.999675750732421875e-01
9.999805092811584473e-01
9.999894499778747559e-01
9.999963641166687012e-01
9.999982714653015137e-01
9.999881386756896973e-01
9.999685287475585938e-01
9.993957281112670898e-01
9.982868432998657227e-01
9.960323572158813477e-01
9.951528906822204590e-01
9.950582385063171387e-01
9.974532127380371094e-01
9.991466403007507324e-01
9.998509883880615234e-01
1.000000000000000000e+00
1.000000000000000000e+00
1.000000000000000000e+00
9.999253749847412109e-01
9.997853636741638184e-01
9.997475743293762207e-01
9.982854127883911133e-01
9.930307865142822266e-01
9.836198091506958008e-01
9.722417593002319336e-01
9.802103042602539062e-01
9.878085255622863770e-01
9.948162436485290527e-01
9.979455471038818359e-01
9.996083378791809082e-01
9.998425245285034180e-01
9.999675154685974121e-01
9.999815821647644043e-01
9.999917149543762207e-01
9.999991655349731445e-01
9.999997615814208984e-01
1.000000000000000000e+00
1.000000000000000000e+00
1.000000000000000000e+00
9.999983906745910645e-01
9.999937415122985840e-01
9.999855756759643555e-01
9.999775886535644531e-01
9.999886751174926758e-01
9.999955296516418457e-01
9.999971985816955566e-01
9.999955892562866211e-01
9.999897480010986328e-01
9.999682903289794922e-01
9.999246597290039062e-01
9.998631477355957031e-01
9.998301863670349121e-01
9.998276829719543457e-01
9.998948574066162109e-01
9.999418258666992188e-01
9.999775886535644531e-01
9.999851584434509277e-01
9.999922513961791992e-01
9.999984502792358398e-01
1.000000000000000000e+00
1.000000000000000000e+00
1.000000000000000000e+00
9.999929666519165039e-01
9.999784231185913086e-01
9.999679327011108398e-01
9.999602437019348145e-01
9.999603033065795898e-01
9.999597668647766113e-01
9.999588131904602051e-01
9.997757077217102051e-01
9.992962479591369629e-01
9.981935024261474609e-01
9.983008503913879395e-01
9.989707469940185547e-01
9.994442462921142578e-01
9.988442659378051758e-01
9.966936111450195312e-01
9.975679516792297363e-01
9.673651456832885742e-01
7.386407256126403809e-01
6.519580483436584473e-01
7.056861519813537598e-01
8.278676271438598633e-01
9.349879026412963867e-01
9.559440612792968750e-01
9.204654097557067871e-01
8.462437987327575684e-01
9.066076874732971191e-01
9.611337184906005859e-01
9.895675182342529297e-01
9.991908073425292969e-01
9.998481869697570801e-01
9.965589046478271484e-01
9.881121516227722168e-01
9.721899032592773438e-01
9.733641147613525391e-01
9.778563380241394043e-01
9.707673192024230957e-01
9.538851380348205566e-01
9.270353317260742188e-01
8.975822925567626953e-01
8.698946237564086914e-01
8.502002358436584473e-01
8.041397929191589355e-01
7.388645410537719727e-01
6.845147013664245605e-01
6.886557340621948242e-01
8.282781839370727539e-01
9.227302670478820801e-01
9.922201037406921387e-01
9.921993613243103027e-01
9.835579991340637207e-01
9.609540104866027832e-01
9.567810297012329102e-01
9.460890293121337891e-01
8.214923739433288574e-01
5.759178400039672852e-01
1.888640969991683960e-01
3.078976869583129883e-01
5.361661911010742188e-01
7.572889328002929688e-01
8.714864253997802734e-01
8.942747116088867188e-01
9.147089719772338867e-01
9.371999502182006836e-01
9.664419293403625488e-01
9.848924279212951660e-01
9.966523647308349609e-01
9.986315965652465820e-01
9.997748732566833496e-01
9.997321367263793945e-01
9.988391995429992676e-01
9.960926175117492676e-01
9.639616012573242188e-01
7.116297483444213867e-01
1.366814970970153809e-01
5.045656507718376815e-05
5.469817668199539185e-03
5.113023892045021057e-02
3.389061689376831055e-01
8.922812342643737793e-01
9.906921982765197754e-01
9.868450760841369629e-01
9.342522025108337402e-01
6.075007319450378418e-01
5.408463254570960999e-02
3.733912948518991470e-03
6.549321115016937256e-02
2.940643727779388428e-01
5.315683484077453613e-01
7.748709321022033691e-01
8.142285346984863281e-01
8.052585124969482422e-01
7.089688181877136230e-01
5.080287456512451172e-01
2.608691155910491943e-01
9.956435114145278931e-02
8.791713626123964787e-04
1.780179300112649798e-04
1.230644244287759648e-07
9.859610330598784109e-19
3.489440993033574844e-19
0.000000000000000000e+00
0.000000000000000000e+00
0.000000000000000000e+00
3.045922517776489258e-02
2.214830070734024048e-01
4.888294637203216553e-01
8.292030692100524902e-01
9.246877431869506836e-01
9.295889735221862793e-01
7.463188767433166504e-01
4.492084681987762451e-01
6.669130921363830566e-02
2.260823175311088562e-02
1.439972817897796631e-01
6.239939332008361816e-01
8.738506436347961426e-01
9.889196157455444336e-01
9.738855957984924316e-01
9.666873812675476074e-01
9.795875549316406250e-01
9.885005354881286621e-01
9.953987598419189453e-01
9.973735809326171875e-01
9.988489747047424316e-01
9.995415210723876953e-01
9.997871518135070801e-01
9.998136162757873535e-01
9.992287158966064453e-01
9.782794117927551270e-01
9.318839311599731445e-01
8.379673361778259277e-01
7.652199268341064453e-01
8.913440108299255371e-01
9.660926461219787598e-01
9.882582426071166992e-01
9.827370047569274902e-01
9.584944248199462891e-01
8.779864311218261719e-01
7.240349650382995605e-01
5.084835290908813477e-01
3.752675354480743408e-01
3.160616159439086914e-01
4.562901258468627930e-01
6.242799162864685059e-01
8.112833499908447266e-01
8.465944528579711914e-01
8.886006474494934082e-01
9.698273539543151855e-01
9.994251132011413574e-01
9.996735453605651855e-01
9.997733235359191895e-01
9.915808439254760742e-01
9.668144583702087402e-01
6.269060373306274414e-01
1.504500806331634521e-01
6.406020373106002808e-02
5.030138418078422546e-02
1.570599526166915894e-01
4.438887536525726318e-01
7.698192596435546875e-01
7.085517048835754395e-01
6.884611845016479492e-01
7.259567975997924805e-01
8.252656459808349609e-01
9.351968169212341309e-01
9.749246835708618164e-01
9.947944879531860352e-01
9.908085465431213379e-01
7.382600307464599609e-01
4.283492565155029297e-01
1.443240493535995483e-01
5.500536604285609791e-21
7.645100186325130411e-22
0.000000000000000000e+00
6.725745648145675659e-02
4.326511323451995850e-01
7.053806185722351074e-01
8.949741721153259277e-01
9.465018510818481445e-01
9.743967652320861816e-01
9.892203211784362793e-01
9.970304965972900391e-01
9.993487000465393066e-01
9.946829080581665039e-01
9.838036894798278809e-01
9.564461112022399902e-01
9.397835135459899902e-01
9.304592609405517578e-01
9.600422978401184082e-01
9.838490486145019531e-01
9.865378141403198242e-01
9.912416934967041016e-01
9.971384406089782715e-01
9.987143874168395996e-01
9.997425675392150879e-01
9.998631477355957031e-01
9.996949434280395508e-01
9.993736147880554199e-01
9.962329268455505371e-01
9.942886829376220703e-01
9.947185516357421875e-01
9.966942071914672852e-01
9.993403553962707520e-01
9.995849132537841797e-01
9.997648596763610840e-01
9.998319745063781738e-01
9.998249411582946777e-01
9.997825026512145996e-01
9.996473789215087891e-01
9.996041059494018555e-01
9.997058510780334473e-01
9.998183250427246094e-01
9.999271035194396973e-01
9.999350905418395996e-01
9.999443888664245605e-01
9.999555945396423340e-01
9.999724626541137695e-01
9.999884366989135742e-01
9.999752640724182129e-01
9.995572566986083984e-01
9.986019730567932129e-01
8.443126678466796875e-01
6.224380731582641602e-01
2.228552848100662231e-01
2.485781675204634666e-03
2.684226259589195251e-03
4.562310278415679932e-01
9.628997445106506348e-01
9.870314002037048340e-01
9.999848604202270508e-01
9.999965429306030273e-01
9.999853968620300293e-01
9.999046921730041504e-01
9.994339942932128906e-01
9.991756081581115723e-01
9.991486668586730957e-01
9.975224137306213379e-01
9.959078431129455566e-01
9.962874650955200195e-01
9.971093535423278809e-01
9.983878135681152344e-01
9.989934563636779785e-01
9.993295073509216309e-01
9.990125894546508789e-01
9.984125494956970215e-01
9.975306391716003418e-01
9.982110857963562012e-01
9.991131424903869629e-01
9.996323585510253906e-01
9.999200105667114258e-01
9.999854564666748047e-01
9.999955892562866211e-01
9.999945163726806641e-01
9.999883174896240234e-01
9.999783039093017578e-01
9.999647736549377441e-01
9.997803568840026855e-01
9.984029531478881836e-01
9.920058250427246094e-01
9.554737210273742676e-01
8.913858532905578613e-01
8.992466926574707031e-01
9.213054776191711426e-01
9.525127410888671875e-01
9.702724814414978027e-01
9.759150147438049316e-01
9.763249158859252930e-01
9.777730107307434082e-01
9.869892597198486328e-01
9.879432320594787598e-01
9.815608263015747070e-01
9.792326092720031738e-01
9.781960248947143555e-01
9.797923564910888672e-01
9.799801707267761230e-01
9.789107441902160645e-01
9.288634061813354492e-01
8.658244609832763672e-01
7.814351916313171387e-01
8.014973402023315430e-01
9.153150916099548340e-01
9.664128422737121582e-01
9.993970394134521484e-01
9.998008608818054199e-01
9.999948143959045410e-01
9.999993443489074707e-01
1.000000000000000000e+00
9.999984502792358398e-01
9.999901652336120605e-01
9.999235868453979492e-01
9.998030662536621094e-01
9.997905492782592773e-01
9.998101592063903809e-01
9.998883605003356934e-01
9.997694492340087891e-01
9.994618296623229980e-01
9.850010871887207031e-01
9.532428979873657227e-01
8.513690829277038574e-01
8.364368081092834473e-01
9.073494672775268555e-01
9.556026458740234375e-01
9.928852915763854980e-01
9.974473118782043457e-01
9.998333454132080078e-01
9.999690055847167969e-01
9.999966621398925781e-01
1.000000000000000000e+00
1.000000000000000000e+00
9.999993443489074707e-01
9.999980330467224121e-01
9.999986886978149414e-01
9.999958872795104980e-01
9.999686479568481445e-01
9.929163455963134766e-01
9.777777791023254395e-01
9.847533106803894043e-01
9.962058663368225098e-01
9.985563755035400391e-01
9.998859763145446777e-01
9.999595284461975098e-01
9.997438192367553711e-01
9.994469285011291504e-01
9.991711378097534180e-01
9.992540478706359863e-01
9.998146295547485352e-01
9.991199970245361328e-01
9.980592727661132812e-01
9.974242448806762695e-01
9.975281953811645508e-01
9.986974596977233887e-01
9.991329312324523926e-01
9.986839890480041504e-01
9.890719652175903320e-01
9.848332405090332031e-01
9.890658259391784668e-01
9.938740134239196777e-01
9.987379312515258789e-01
9.994294643402099609e-01
9.997917413711547852e-01
9.995768666267395020e-01
9.993509054183959961e-01
9.991257786750793457e-01
9.992957711219787598e-01
9.991464018821716309e-01
9.983729124069213867e-01
9.973527789115905762e-01
9.962093830108642578e-01
9.949544072151184082e-01
9.866745471954345703e-01
9.629301428794860840e-01
9.248216748237609863e-01
8.785502314567565918e-01
8.893259167671203613e-01
9.112199544906616211e-01
9.552416801452636719e-01
9.823914170265197754e-01
9.984819889068603516e-01
9.997121691703796387e-01
9.996406435966491699e-01
9.990861415863037109e-01
9.701929688453674316e-01
9.204071760177612305e-01
6.493117809295654297e-01
4.558776915073394775e-01
6.248658895492553711e-01
7.976554036140441895e-01
9.732665419578552246e-01
9.876120090484619141e-01
9.780362248420715332e-01
9.752940535545349121e-01
9.743753075599670410e-01
9.752399325370788574e-01
9.737247228622436523e-01
9.720340371131896973e-01
9.721921682357788086e-01
9.571202397346496582e-01
9.248813390731811523e-01
7.746277451515197754e-01
6.363219618797302246e-01
8.410140275955200195e-01
9.682652950286865234e-01
9.932172894477844238e-01
9.995154738426208496e-01
9.843237400054931641e-01
7.653722167015075684e-01
4.850573539733886719e-01
1.094140410423278809e-01
5.270537795506986163e-23
1.413187058693643472e-14
5.271596418936208561e-13
1.107513681054115295e-01
4.293832182884216309e-01
7.193065285682678223e-01
9.948584437370300293e-01
9.995493292808532715e-01
9.999853968620300293e-01
9.999831914901733398e-01
9.999548196792602539e-01
9.999105334281921387e-01
9.996277093887329102e-01
9.994205236434936523e-01
9.994784593582153320e-01
9.996317625045776367e-01
9.998559355735778809e-01
9.999392628669738770e-01
9.999923110008239746e-01
9.999953508377075195e-01
9.999961853027343750e-01
9.999949336051940918e-01
9.999290704727172852e-01
9.966334104537963867e-01
9.765886068344116211e-01
8.272545933723449707e-01
5.357491374015808105e-01
2.674688398838043213e-01
3.119328431785106659e-02
1.356445439159870148e-02
6.353765260428190231e-03
1.341690309345722198e-02
2.965292520821094513e-02
5.353365465998649597e-02
1.553549766540527344e-01
3.644869029521942139e-01
7.582492232322692871e-01
9.271929860115051270e-01
9.915746450424194336e-01
9.966058731079101562e-01
9.999828934669494629e-01
9.999281167984008789e-01
9.995808601379394531e-01
9.990580677986145020e-01
9.994969367980957031e-01
9.998859763145446777e-01
9.999473094940185547e-01
9.999805092811584473e-01
9.999922513961791992e-01
9.999924898147583008e-01
9.999837279319763184e-01
9.999437928199768066e-01
9.998483061790466309e-01
9.996986985206604004e-01
9.995438456535339355e-01
9.992994666099548340e-01
9.984865188598632812e-01
9.976713657379150391e-01
9.968525171279907227e-01
9.981555938720703125e-01
1.000000000000000000e+00
1.000000000000000000e+00
9.987012147903442383e-01
9.952779412269592285e-01
9.912199378013610840e-01
9.868806004524230957e-01
9.834699630737304688e-01
9.829296469688415527e-01
9.886649847030639648e-01
9.934964776039123535e-01
9.977928996086120605e-01
9.902827739715576172e-01
9.536290764808654785e-01
8.305671215057373047e-01
6.293083429336547852e-01
3.659316301345825195e-01
1.616714745759963989e-01
1.543439342640340328e-03
5.457242485135793686e-03
5.317034199833869934e-03
9.022708400152623653e-04
7.275662698961767896e-38
4.418695345520973206e-03
4.664020612835884094e-02
2.702576816082000732e-01
7.494792938232421875e-01
9.154916405677795410e-01
9.611909389495849609e-01
9.749488830566406250e-01
9.867920279502868652e-01
9.949802756309509277e-01
9.985727667808532715e-01
9.996793270111083984e-01
9.997962117195129395e-01
9.998514056205749512e-01
9.998614788055419922e-01
9.998310804367065430e-01
9.997702240943908691e-01
9.997094273567199707e-01
9.996578097343444824e-01
9.996457099914550781e-01
9.994406104087829590e-01
9.990381598472595215e-01
9.989363551139831543e-01
9.989641308784484863e-01
9.994432926177978516e-01
9.997761249542236328e-01
9.999021291732788086e-01
9.999134540557861328e-01
9.998806118965148926e-01
9.998672604560852051e-01
9.998835921287536621e-01
9.999597072601318359e-01
9.999630451202392578e-01
9.999248981475830078e-01
9.995099902153015137e-01
9.989071488380432129e-01
9.978047013282775879e-01
9.978457689285278320e-01
9.988062381744384766e-01
9.966029524803161621e-01
9.905774593353271484e-01
9.675926566123962402e-01
9.490457177162170410e-01
9.356119632720947266e-01
9.435108900070190430e-01
9.577215313911437988e-01
9.715194106101989746e-01
9.792189002037048340e-01
9.768536686897277832e-01
9.466333985328674316e-01
9.033963680267333984e-01
8.194296360015869141e-01
7.712606787681579590e-01
8.130302429199218750e-01
8.753808140754699707e-01
9.518988728523254395e-01
8.955852985382080078e-01
7.919681668281555176e-01
5.598532557487487793e-01
4.128423631191253662e-01
3.515746295452117920e-01
6.189804077148437500e-01
9.343264102935791016e-01
9.418455958366394043e-01
9.581766128540039062e-01
9.875413775444030762e-01
9.974182844161987305e-01
9.991217851638793945e-01
9.994970560073852539e-01
9.997439980506896973e-01
9.997034668922424316e-01
9.990870952606201172e-01
9.981006979942321777e-01
9.948760867118835449e-01
9.923638105392456055e-01
9.933756589889526367e-01
9.954422712326049805e-01
9.985311627388000488e-01
9.995065331459045410e-01
9.999279975891113281e-01
9.998819231986999512e-01
9.998204112052917480e-01
9.997363686561584473e-01
9.994593858718872070e-01
9.990989565849304199e-01
9.982308149337768555e-01
9.974524378776550293e-01
9.968757629394531250e-01
9.965586066246032715e-01
9.964093565940856934e-01
9.940372109413146973e-01
9.882991313934326172e-01
9.701356291770935059e-01
9.419059753417968750e-01
9.035968184471130371e-01
9.078757762908935547e-01
9.244981408119201660e-01
9.558326601982116699e-01
9.404885768890380859e-01
8.533962965011596680e-01
8.448358178138732910e-01
8.713162541389465332e-01
9.406294226646423340e-01
9.918500781059265137e-01
9.971713423728942871e-01
9.992760419845581055e-01
9.990763664245605469e-01
9.987356066703796387e-01
9.985511898994445801e-01
9.991943240165710449e-01
9.996404647827148438e-01
9.998646974563598633e-01
9.999294877052307129e-01
9.999465346336364746e-01
9.999790787696838379e-01
9.999967813491821289e-01
9.999877810478210449e-01
9.999646544456481934e-01
9.999340772628784180e-01
9.999525547027587891e-01
9.999641776084899902e-01
9.999467134475708008e-01
9.981969594955444336e-01
9.949617385864257812e-01
9.459090828895568848e-01
8.778595924377441406e-01
7.416375279426574707e-01
6.939155459403991699e-01
7.692415118217468262e-01
8.625600934028625488e-01
9.626184105873107910e-01
9.676845073699951172e-01
9.695982933044433594e-01
9.641336798667907715e-01
9.751413464546203613e-01
9.974491000175476074e-01
1.000000000000000000e+00
9.982673525810241699e-01
9.885552525520324707e-01
9.825504422187805176e-01
9.807274341583251953e-01
9.788620471954345703e-01
9.766387939453125000e-01
9.684438109397888184e-01
9.658224582672119141e-01
9.737485647201538086e-01
9.832610487937927246e-01
9.936891794204711914e-01
9.966812729835510254e-01
9.986879229545593262e-01
9.991947412490844727e-01
9.983223080635070801e-01
9.961380958557128906e-01
9.963114261627197266e-01
9.971536993980407715e-01
9.989139437675476074e-01
1.000000000000000000e+00
1.000000000000000000e+00
9.985759258270263672e-01
9.964622855186462402e-01
9.969995021820068359e-01
9.975270032882690430e-01
9.977276325225830078e-01
9.903528094291687012e-01
9.766176939010620117e-01
9.629479646682739258e-01
9.356334805488586426e-01
8.104802370071411133e-01
5.969753265380859375e-01
2.574317753314971924e-01
2.392744868993759155e-01
3.587098419666290283e-01
7.109036445617675781e-01
9.724678397178649902e-01
9.909874200820922852e-01
9.992636442184448242e-01
9.996383190155029297e-01
9.998463392257690430e-01
9.999305009841918945e-01
9.994382262229919434e-01
9.992029666900634766e-01
9.993100762367248535e-01
9.986861348152160645e-01
9.976496696472167969e-01
9.735187888145446777e-01
9.344840049743652344e-01
8.591244816780090332e-01
8.615270256996154785e-01
9.209333658218383789e-01
9.593827128410339355e-01
9.888429641723632812e-01
9.858725070953369141e-01
9.618923068046569824e-01
9.106947779655456543e-01
8.570692539215087891e-01
8.021070361137390137e-01
6.878837347030639648e-01
6.381036639213562012e-01
7.439716458320617676e-01
8.461790084838867188e-01
9.457244277000427246e-01
9.681675434112548828e-01
9.782857894897460938e-01
9.877124428749084473e-01
9.946537017822265625e-01
9.983119964599609375e-01
9.993803501129150391e-01
9.994118213653564453e-01
9.985030889511108398e-01
9.971095919609069824e-01
9.944835901260375977e-01
9.920461177825927734e-01
9.897509217262268066e-01
9.907134771347045898e-01
9.921176433563232422e-01
9.926366806030273438e-01
9.834821224212646484e-01
9.607018828392028809e-01
9.306827783584594727e-01
8.975266218185424805e-01
7.869074344635009766e-01
6.020971536636352539e-01
2.118464708328247070e-01
2.763171121478080750e-02
1.546149235218763351e-02
2.699502110481262207e-01
5.742272138595581055e-01
8.256204724311828613e-01
9.466202855110168457e-01
8.643981218338012695e-01
5.982912182807922363e-01
2.423709481954574585e-01
3.241563439369201660e-01
4.554804265499114990e-01
6.788923144340515137e-01
8.365103006362915039e-01
9.320914149284362793e-01
9.699965119361877441e-01
9.915108680725097656e-01
9.954810142517089844e-01
9.983713030815124512e-01
9.993004202842712402e-01
9.997079372406005859e-01
9.998152256011962891e-01
9.998333454132080078e-01
9.997695088386535645e-01
9.994020462036132812e-01
9.991404414176940918e-01
9.989962577819824219e-01
9.993000030517578125e-01
9.997363090515136719e-01
9.998180270195007324e-01
9.995313882827758789e-01
9.984337687492370605e-01
9.909808039665222168e-01
9.791139960289001465e-01
9.754551053047180176e-01
9.756645560264587402e-01
9.911112189292907715e-01
1.000000000000000000e+00
1.000000000000000000e+00
9.271616935729980469e-01
8.233180046081542969e-01
6.350153684616088867e-01
4.533975124359130859e-01
2.955387830734252930e-01
4.242505431175231934e-01
8.025487065315246582e-01
9.316456913948059082e-01
9.968132376670837402e-01
9.970559477806091309e-01
9.026344418525695801e-01
6.413896679878234863e-01
3.444944322109222412e-01
2.728887461125850677e-02
2.883458137512207031e-01
5.929690599441528320e-01
8.532858490943908691e-01
9.941369295120239258e-01
9.987977743148803711e-01
9.998104572296142578e-01
9.994565248489379883e-01
9.933763742446899414e-01
9.907045364379882812e-01
9.962887763977050781e-01
9.983630180358886719e-01
9.977385997772216797e-01
9.796176552772521973e-01
9.503379464149475098e-01
8.600422739982604980e-01
8.410199284553527832e-01
9.347350597381591797e-01
9.660733938217163086e-01
9.654114842414855957e-01
7.446167469024658203e-01
4.907649159431457520e-01
1.691540926694869995e-01
1.827624067664146423e-02
5.012966692447662354e-02
4.698739051818847656e-01
1.000000000000000000e+00
1.000000000000000000e+00
9.983226060867309570e-01
9.927302598953247070e-01
9.872440695762634277e-01
9.818374514579772949e-01
9.902316331863403320e-01
9.999507665634155273e-01
9.999793767929077148e-01
9.999493956565856934e-01
9.998265504837036133e-01
9.987636208534240723e-01
9.972106814384460449e-01
9.947623014450073242e-01
9.929517507553100586e-01
9.939308762550354004e-01
9.954344630241394043e-01
9.975291490554809570e-01
9.986045360565185547e-01
9.993227124214172363e-01
9.997167587280273438e-01
1.000000000000000000e+00
1.000000000000000000e+00
9.993768930435180664e-01
9.982481598854064941e-01
9.945585131645202637e-01
9.903168082237243652e-01
9.861062169075012207e-01
9.832707047462463379e-01
9.828483462333679199e-01
9.811550378799438477e-01
9.787207245826721191e-01
9.647986888885498047e-01
9.532063007354736328e-01
9.593707919120788574e-01
9.699109196662902832e-01
9.861134886741638184e-01
9.940125942230224609e-01
9.984047412872314453e-01
9.972995519638061523e-01
9.965795278549194336e-01
9.975746870040893555e-01
9.986330866813659668e-01
9.997501969337463379e-01
9.958951473236083984e-01
9.888393282890319824e-01
9.433689117431640625e-01
8.913767933845520020e-01
8.251644372940063477e-01
8.265520334243774414e-01
8.774858117103576660e-01
9.092227220535278320e-01
9.187108278274536133e-01
7.752272486686706543e-01
5.375773906707763672e-01
1.424571722745895386e-01
1.721840453683398664e-05
1.476933675803593360e-06
3.209529827044345086e-34
2.179396506107877940e-05
1.489663263782858849e-04
7.671412825584411621e-02
2.520963251590728760e-01
3.935787081718444824e-01
5.208410620689392090e-01
4.062897264957427979e-01
2.828773558139801025e-01
1.575854867696762085e-01
1.241768971085548401e-01
1.844238787889480591e-01
3.959593176841735840e-01
6.539292931556701660e-01
8.315240144729614258e-01
9.521425366401672363e-01
9.313703775405883789e-01
9.403782486915588379e-01
9.737594723701477051e-01
9.860150814056396484e-01
9.926797747611999512e-01
9.906885623931884766e-01
9.854905009269714355e-01
9.740785360336303711e-01
9.620946645736694336e-01
9.497575759887695312e-01
8.058973550796508789e-01
6.576260328292846680e-01
6.217292547225952148e-01
6.783731579780578613e-01
8.806919455528259277e-01
9.316734075546264648e-01
9.012057781219482422e-01
8.386430144309997559e-01
7.922522425651550293e-01
8.377206325531005859e-01
8.960739374160766602e-01
9.711156487464904785e-01
9.963034391403198242e-01
9.998142719268798828e-01
9.695678949356079102e-01
9.319554567337036133e-01
8.731670379638671875e-01
8.507685661315917969e-01
8.683556318283081055e-01
9.151214361190795898e-01
9.722910523414611816e-01
9.876188635826110840e-01
9.988610744476318359e-01
9.986377358436584473e-01
9.958015680313110352e-01
9.905238747596740723e-01
9.892045259475708008e-01
9.891998767852783203e-01
9.938973784446716309e-01
9.976254701614379883e-01
9.990543127059936523e-01
9.996188282966613770e-01
9.994841814041137695e-01
9.573127031326293945e-01
8.740772008895874023e-01
3.687779903411865234e-01
2.314190752804279327e-02
6.798383314162492752e-03
1.247630478928840603e-07
3.164138320244092029e-07
5.973245576024055481e-02
1.678805947303771973e-01
6.105652451515197754e-01
9.124722480773925781e-01
9.614644646644592285e-01
9.852216839790344238e-01
9.932481646537780762e-01
9.967247843742370605e-01
9.992214441299438477e-01
9.995899796485900879e-01
9.993407726287841797e-01
9.980976581573486328e-01
9.979409575462341309e-01
9.983996152877807617e-01
9.986498355865478516e-01
9.982839822769165039e-01
9.945786595344543457e-01
9.916333556175231934e-01
9.897983074188232422e-01
9.833613634109497070e-01
9.745782613754272461e-01
8.956615924835205078e-01
7.531755566596984863e-01
3.336977362632751465e-01
7.053361088037490845e-02
1.711663976311683655e-02
1.389000415802001953e-01
3.432944118976593018e-01
6.739383339881896973e-01
9.516901969909667969e-01
9.628279209136962891e-01
9.675875902175903320e-01
9.642578363418579102e-01
9.170691370964050293e-01
8.506776690483093262e-01
6.363903284072875977e-01
4.659485220909118652e-01
5.000857710838317871e-01
6.055281758308410645e-01
7.959047555923461914e-01
9.093990325927734375e-01
9.911049008369445801e-01
9.973762035369873047e-01
9.997932314872741699e-01
9.998944997787475586e-01
9.999086856842041016e-01
9.998216629028320312e-01
9.997162222862243652e-01
9.996032118797302246e-01
9.996758103370666504e-01
9.997663497924804688e-01
9.998981952667236328e-01
9.999155402183532715e-01
9.998032450675964355e-01
9.996291995048522949e-01
9.994312524795532227e-01
9.995399713516235352e-01
9.996695518493652344e-01
9.998415112495422363e-01
9.998195171356201172e-01
9.995800852775573730e-01
9.988546967506408691e-01
9.979405999183654785e-01
9.987342953681945801e-01
9.994244575500488281e-01
9.995607137680053711e-01
9.978578686714172363e-01
9.940739274024963379e-01
8.668614029884338379e-01
6.915448904037475586e-01
3.068666160106658936e-01
3.552112029865384102e-04
1.239303092006593943e-04
1.342121998864425497e-19
2.998654766948888611e-20
4.064314663410186768e-01
9.769044518470764160e-01
4.540405869483947754e-01
7.629336416721343994e-02
4.309664964675903320e-01
6.850771307945251465e-01
8.186722993850708008e-01
8.778817653656005859e-01
9.055393338203430176e-01
9.510695338249206543e-01
9.890980124473571777e-01
9.927908778190612793e-01
9.898561239242553711e-01
9.786204695701599121e-01
9.614480137825012207e-01
9.416120052337646484e-01
8.079878091812133789e-01
7.236435413360595703e-01
8.978645205497741699e-01
9.109785556793212891e-01
7.084019780158996582e-01
5.584475994110107422e-01
4.341405034065246582e-01
5.649907588958740234e-01
7.101876139640808105e-01
8.123493790626525879e-01
8.819603919982910156e-01
9.044911265373229980e-01
9.059521555900573730e-01
8.962766528129577637e-01
8.494168519973754883e-01
8.055075407028198242e-01
8.044198751449584961e-01
8.337549567222595215e-01
9.112917780876159668e-01
9.582199454307556152e-01
9.871862530708312988e-01
9.950887560844421387e-01
9.994150400161743164e-01
9.997719526290893555e-01
9.999979734420776367e-01
9.999924302101135254e-01
9.999883174896240234e-01
9.999850988388061523e-01
9.999919533729553223e-01
9.999997615814208984e-01
9.999998807907104492e-01
9.999998211860656738e-01
9.999993443489074707e-01
9.999716281890869141e-01
9.999238252639770508e-01
9.996654391288757324e-01
9.993675947189331055e-01
9.991974830627441406e-01
9.991724491119384766e-01
9.994856119155883789e-01
9.996854066848754883e-01
9.997890591621398926e-01
9.998955130577087402e-01
9.999948740005493164e-01
9.997841715812683105e-01
9.996226429939270020e-01
9.995973110198974609e-01
9.996460676193237305e-01
9.997669458389282227e-01
9.998065233230590820e-01
9.998183846473693848e-01
9.998197555541992188e-01
9.998067617416381836e-01
9.997447729110717773e-01
9.993333220481872559e-01
9.985172152519226074e-01
9.979344010353088379e-01
9.974499344825744629e-01
9.979431033134460449e-01
9.984376430511474609e-01
9.986692667007446289e-01
9.989607930183410645e-01
9.993353486061096191e-01
9.995719194412231445e-01
9.997376799583435059e-01
9.997894167900085449e-01
9.997673034667968750e-01
9.993507266044616699e-01
9.988836050033569336e-01
9.983303546905517578e-01
9.985218644142150879e-01
9.991923570632934570e-01
9.996026754379272461e-01
9.999282956123352051e-01
9.998511672019958496e-01
9.998172521591186523e-01
9.998749494552612305e-01
9.999246001243591309e-01
9.999678134918212891e-01
9.992926716804504395e-01
9.969360828399658203e-01
9.470407962799072266e-01
8.739885091781616211e-01
7.374413609504699707e-01
7.147616147994995117e-01
8.053392171859741211e-01
7.436541318893432617e-01
6.272523403167724609e-01
6.818929314613342285e-01
7.599663138389587402e-01
9.090788960456848145e-01
9.936120510101318359e-01
9.965481162071228027e-01
9.748563766479492188e-01
9.414594173431396484e-01
6.570419073104858398e-01
4.417832791805267334e-01
7.676901221275329590e-01
9.757140874862670898e-01
9.928935170173645020e-01
9.990440011024475098e-01
9.982565641403198242e-01
9.961488246917724609e-01
9.939941167831420898e-01
9.939901828765869141e-01
9.941264390945434570e-01
9.945697188377380371e-01
9.957163333892822266e-01
9.974431395530700684e-01
9.986245036125183105e-01
9.994497895240783691e-01
9.850852489471435547e-01
9.149597287178039551e-01
6.750853061676025391e-01
4.590501487255096436e-01
2.689959406852722168e-01
2.741096019744873047e-01
3.593053519725799561e-01
6.746733188629150391e-01
9.451780319213867188e-01
9.310257434844970703e-01
7.126131653785705566e-01
1.909745186567306519e-01
5.311499699018895626e-04
6.286212737904861569e-05
2.256678754974927870e-08
2.561201051183613700e-16
1.027977647459091075e-16
0.000000000000000000e+00
0.000000000000000000e+00
1.517419349894577607e-11
4.232429684503102862e-11
1.154763922095298767e-01
2.653879523277282715e-01
6.130622029304504395e-01
7.535528540611267090e-01
2.594821751117706299e-01
7.513926703062168144e-10
1.867182408687995121e-09
1.322971954209606338e-09
8.314950117327413182e-11
1.566009322218064881e-09
3.002549707889556885e-02
2.139327079057693481e-01
4.196566045284271240e-01
6.592277288436889648e-01
7.348913550376892090e-01
7.103243470191955566e-01
8.153792023658752441e-01
9.365170598030090332e-01
9.699535965919494629e-01
9.942269921302795410e-01
9.972041249275207520e-01
9.986661076545715332e-01
9.987780451774597168e-01
9.991087913513183594e-01
9.995107650756835938e-01
9.997340440750122070e-01
9.998777508735656738e-01
9.997329711914062500e-01
9.980696439743041992e-01
9.944273829460144043e-01
9.788135290145874023e-01
9.570829272270202637e-01
9.746557474136352539e-01
9.950172305107116699e-01
9.977883100509643555e-01
9.996134042739868164e-01
9.995711445808410645e-01
9.988130927085876465e-01
9.974972009658813477e-01
9.963807463645935059e-01
9.953510165214538574e-01
9.970562458038330078e-01
9.983407258987426758e-01
9.982693195343017578e-01
9.979373812675476074e-01
9.973005056381225586e-01
9.973888993263244629e-01
9.978072643280029297e-01
9.988611936569213867e-01
9.998397827148437500e-01
9.999346733093261719e-01
9.999961853027343750e-01
9.999978542327880859e-01
9.999936223030090332e-01
9.999849796295166016e-01
9.999490976333618164e-01
9.999063014984130859e-01
9.998558163642883301e-01
9.997286796569824219e-01
9.993698000907897949e-01
9.985710382461547852e-01
9.972814321517944336e-01
9.963815212249755859e-01
9.956530928611755371e-01
9.916142225265502930e-01
9.525384902954101562e-01
6.993074417114257812e-01
4.297446310520172119e-01
1.311398595571517944e-01
4.020040854811668396e-03
9.070431115105748177e-04
1.090910937637090683e-02
2.606773376464843750e-02
1.251956373453140259e-01
2.820033729076385498e-01
6.191720962524414062e-01
8.492005467414855957e-01
9.561086893081665039e-01
9.934509992599487305e-01
9.987640976905822754e-01
9.984732866287231445e-01
9.974487423896789551e-01
9.954069852828979492e-01
9.947200417518615723e-01
9.966077208518981934e-01
9.981973767280578613e-01
9.995526671409606934e-01
9.999116659164428711e-01
9.999932646751403809e-01
9.999969601631164551e-01
9.999998211860656738e-01
9.999998211860656738e-01
9.999968409538269043e-01
9.999899864196777344e-01
9.992570281028747559e-01
9.981415271759033203e-01
9.648282527923583984e-01
9.196163415908813477e-01
8.033476471900939941e-01
7.164868116378784180e-01
6.950356960296630859e-01
6.076259613037109375e-01
4.610407948493957520e-01
3.148562908172607422e-01
1.688102930784225464e-01
1.135214492678642273e-01
1.382887661457061768e-01
5.189860463142395020e-01
6.000121235847473145e-01
2.164137810468673706e-01
4.805927723646163940e-02
1.853729225695133209e-02
6.923647969961166382e-02
1.488566696643829346e-01
5.069074034690856934e-01
8.047692179679870605e-01
9.278146624565124512e-01
9.939081072807312012e-01
9.962751269340515137e-01
9.929010272026062012e-01
9.868903756141662598e-01
8.714190721511840820e-01
7.308825850486755371e-01
4.899687170982360840e-01
3.749639987945556641e-01
5.169623494148254395e-01
7.090812921524047852e-01
9.433337450027465820e-01
9.547097086906433105e-01
8.949676156044006348e-01
7.143835425376892090e-01
5.946660041809082031e-01
7.532581686973571777e-01
8.793781995773315430e-01
9.567644596099853516e-01
9.882119297981262207e-01
9.905101060867309570e-01
9.838332533836364746e-01
9.751573204994201660e-01
9.639958739280700684e-01
9.462539553642272949e-01
9.088419675827026367e-01
7.889484167098999023e-01
5.730518102645874023e-01
3.426670134067535400e-01
1.049873083829879761e-01
7.538130134344100952e-02
1.239528656005859375e-01
6.425561308860778809e-01
1.000000000000000000e+00
1.000000000000000000e+00
9.221512079238891602e-01
7.729562520980834961e-01
6.170299053192138672e-01
4.586341381072998047e-01
6.794127821922302246e-01
8.954594135284423828e-01
9.557976126670837402e-01
9.951454401016235352e-01
9.975425601005554199e-01
9.981518983840942383e-01
9.974254369735717773e-01
9.969087839126586914e-01
9.964501857757568359e-01
9.970414042472839355e-01
9.965009093284606934e-01
9.915111660957336426e-01
9.863439798355102539e-01
9.809235930442810059e-01
9.861682653427124023e-01
9.979754686355590820e-01
1.000000000000000000e+00
9.994254112243652344e-01
9.833924174308776855e-01
9.733671545982360840e-01
9.820316433906555176e-01
9.899646043777465820e-01
9.970238208770751953e-01
9.995158314704895020e-01
9.996508955955505371e-01
9.987627863883972168e-01
9.977581501007080078e-01
9.972268939018249512e-01
9.970039129257202148e-01
9.975630640983581543e-01
9.975058436393737793e-01
9.968044161796569824e-01
9.860680103302001953e-01
9.709290266036987305e-01
9.788069128990173340e-01
9.888308048248291016e-01
9.954509735107421875e-01
9.525035023689270020e-01
8.006826043128967285e-01
6.767014861106872559e-01
5.784674882888793945e-01
6.316213011741638184e-01
7.421207427978515625e-01
8.204336762428283691e-01
8.859572410583496094e-01
8.855589628219604492e-01
8.453842997550964355e-01
7.283655405044555664e-01
4.708684384822845459e-01
9.581766277551651001e-02
7.096280460245907307e-04
3.228880814276635647e-05
8.731437264941632748e-04
2.408995665609836578e-02
1.682551801204681396e-01
3.906694650650024414e-01
7.515611052513122559e-01
9.281591176986694336e-01
9.620462656021118164e-01
8.685983419418334961e-01
7.362908124923706055e-01
8.667751550674438477e-01
9.826636314392089844e-01
9.927381873130798340e-01
9.992263317108154297e-01
9.997498989105224609e-01
9.999796748161315918e-01
9.999955892562866211e-01
9.999993443489074707e-01
9.999995827674865723e-01
9.999973177909851074e-01
9.999333024024963379e-01
9.995945096015930176e-01
9.984335899353027344e-01
9.959583282470703125e-01
9.965885877609252930e-01
9.994051456451416016e-01
9.756574630737304688e-01
9.447976946830749512e-01
9.447206854820251465e-01
9.488356709480285645e-01
9.694489240646362305e-01
9.845306277275085449e-01
9.909513592720031738e-01
9.920503497123718262e-01
9.894300699234008789e-01
9.729202985763549805e-01
9.526982903480529785e-01
9.363067746162414551e-01
8.818348050117492676e-01
6.616676449775695801e-01
4.135776758193969727e-01
1.209474951028823853e-01
3.519664460327476263e-06
8.253616215370129794e-06
5.968236178159713745e-02
1.355063617229461670e-01
5.819640159606933594e-01
9.547079205513000488e-01
9.709032177925109863e-01
9.848560690879821777e-01
9.951006174087524414e-01
9.994707703590393066e-01
9.995360374450683594e-01
9.991768598556518555e-01
9.986931681632995605e-01
9.990314245223999023e-01
9.993838071823120117e-01
9.996897578239440918e-01
9.998976588249206543e-01
9.999359846115112305e-01
9.999431371688842773e-01
9.999262094497680664e-01
9.999419450759887695e-01
9.999679923057556152e-01
9.999430775642395020e-01
9.998621344566345215e-01
9.994821548461914062e-01
9.979845285415649414e-01
9.943854212760925293e-01
9.882062077522277832e-01
9.798666834831237793e-01
9.846226572990417480e-01
9.940206408500671387e-01
9.973414540290832520e-01
9.998665452003479004e-01
9.999359250068664551e-01
9.999803304672241211e-01
9.999729394912719727e-01
9.999495744705200195e-01
9.999114274978637695e-01
9.998556971549987793e-01
9.997928738594055176e-01
9.988564252853393555e-01
9.950444698333740234e-01
9.659484028816223145e-01
9.395145177841186523e-01
9.194127917289733887e-01
9.224368929862976074e-01
9.499381184577941895e-01
9.725501537322998047e-01
9.928082227706909180e-01
9.914226531982421875e-01
9.870662093162536621e-01
9.855794310569763184e-01
9.857332110404968262e-01
9.905952811241149902e-01
9.940996170043945312e-01
9.959542751312255859e-01
9.964070916175842285e-01
9.960817694664001465e-01
9.922839999198913574e-01
9.879466295242309570e-01
9.902726411819458008e-01
9.928796887397766113e-01
9.965411424636840820e-01
9.986920356750488281e-01
9.986463785171508789e-01
9.948770403861999512e-01
9.886190295219421387e-01
9.711548686027526855e-01
9.507362246513366699e-01
9.458830952644348145e-01
9.463543891906738281e-01
9.708296656608581543e-01
9.887195825576782227e-01
9.948140382766723633e-01
9.930738806724548340e-01
9.848834276199340820e-01
9.298427104949951172e-01
8.580735921859741211e-01
7.538381814956665039e-01
6.592561602592468262e-01
6.594305038452148438e-01
6.936558485031127930e-01
8.056710362434387207e-01
8.855462074279785156e-01
9.328886270523071289e-01
9.567759633064270020e-01
9.697681069374084473e-01
9.521299600601196289e-01
9.183212518692016602e-01
6.994875669479370117e-01
5.069262385368347168e-01
3.943183720111846924e-01
3.157255053520202637e-01
2.819446027278900146e-01
2.516135573387145996e-01
2.234482020139694214e-01
3.331806063652038574e-01
4.760397672653198242e-01
6.983819007873535156e-01
8.777604699134826660e-01
8.572548031806945801e-01
7.615035772323608398e-01
5.354269742965698242e-01
4.431955218315124512e-01
4.584822654724121094e-01
6.820027828216552734e-01
9.777088165283203125e-01
9.999177455902099609e-01
9.999473690986633301e-01
9.999718666076660156e-01
9.995065331459045410e-01
9.978778362274169922e-01
9.925315976142883301e-01
9.831782579421997070e-01
9.857414364814758301e-01
9.943580627441406250e-01
9.974154233932495117e-01
9.993891119956970215e-01
9.982782006263732910e-01
9.956517219543457031e-01
9.875971674919128418e-01
9.786792993545532227e-01
9.684282541275024414e-01
9.618430733680725098e-01
9.578118324279785156e-01
9.692493081092834473e-01
9.852733016014099121e-01
9.925788044929504395e-01
9.985234141349792480e-01
9.986537098884582520e-01
9.866086840629577637e-01
9.485729932785034180e-01
6.734313964843750000e-01
1.627446115016937256e-01
4.108702341909520328e-05
4.833859748032409698e-06
4.355700866653933190e-08
1.461474318057298660e-02
3.142203390598297119e-01
6.007471680641174316e-01
8.412074446678161621e-01
9.576541781425476074e-01
8.974118232727050781e-01
7.795062661170959473e-01
6.212510466575622559e-01
6.544013023376464844e-01
7.439838051795959473e-01
8.521610498428344727e-01
9.504088163375854492e-01
9.781252741813659668e-01
9.975653290748596191e-01
9.987637400627136230e-01
9.985418319702148438e-01
9.968516230583190918e-01
9.970764517784118652e-01
9.982429146766662598e-01
9.990621209144592285e-01
9.997987151145935059e-01
9.997659921646118164e-01
9.996813535690307617e-01
9.994000792503356934e-01
9.991758465766906738e-01
9.990406036376953125e-01
9.988990426063537598e-01
9.987519979476928711e-01
9.988754987716674805e-01
9.990918040275573730e-01
9.995460510253906250e-01
9.999744296073913574e-01
9.999884963035583496e-01
9.999983906745910645e-01
9.999974370002746582e-01
9.999952316284179688e-01
9.999917149543762207e-01
9.999780058860778809e-01
9.999583363533020020e-01
9.998756051063537598e-01
9.997777342796325684e-01
9.998121857643127441e-01
9.998509287834167480e-01
9.999017119407653809e-01
9.999310970306396484e-01
9.999185800552368164e-01
9.998566508293151855e-01
9.997473359107971191e-01
9.996135830879211426e-01
9.994691014289855957e-01
9.992045760154724121e-01
9.989303350448608398e-01
9.988558888435363770e-01
9.988493919372558594e-01
9.990865588188171387e-01
9.992775917053222656e-01
9.993960857391357422e-01
9.994560480117797852e-01
9.994708299636840820e-01
9.993940591812133789e-01
9.992848634719848633e-01
9.988786578178405762e-01
9.983760118484497070e-01
9.971693158149719238e-01
9.949837327003479004e-01
9.900110363960266113e-01
9.835039973258972168e-01
9.749678969383239746e-01
9.739494323730468750e-01
9.777343869209289551e-01
9.846737384796142578e-01
9.924658536911010742e-01
9.954759478569030762e-01
9.980021715164184570e-01
9.987557530403137207e-01
9.993687868118286133e-01
9.996503591537475586e-01
9.998414516448974609e-01
9.999305605888366699e-01
9.999663233757019043e-01
9.999727606773376465e-01
9.999600052833557129e-01
9.999428391456604004e-01
9.999354481697082520e-01
9.999241232872009277e-01
9.998909831047058105e-01
9.996490478515625000e-01
9.989832043647766113e-01
9.929509758949279785e-01
9.816577434539794922e-01
9.683970212936401367e-01
9.542296528816223145e-01
8.108438849449157715e-01
6.433993577957153320e-01
4.934209883213043213e-01
4.007921814918518066e-01
5.685530304908752441e-01
7.349251508712768555e-01
8.979519009590148926e-01
9.820842742919921875e-01
9.936244487762451172e-01
9.973255395889282227e-01
9.974904656410217285e-01
9.330312609672546387e-01
8.477262258529663086e-01
3.776031434535980225e-01
1.825572102268046709e-20
7.101528927907439403e-21
0.000000000000000000e+00
0.000000000000000000e+00
2.893795669078826904e-01
8.341884016990661621e-01
6.196707487106323242e-01
7.352986186742782593e-02
0.000000000000000000e+00
2.433778255695963803e-38
7.855066655420198836e-37
8.607278764247894287e-02
5.198466181755065918e-01
8.351892828941345215e-01
9.473569393157958984e-01
9.997341036796569824e-01
9.999207258224487305e-01
9.999625086784362793e-01
9.999423623085021973e-01
9.999458193778991699e-01
9.999526739120483398e-01
9.999501705169677734e-01
9.999187588691711426e-01
9.997696280479431152e-01
9.981140494346618652e-01
9.938054680824279785e-01
9.836729764938354492e-01
9.682933092117309570e-01
9.614254236221313477e-01
9.583277106285095215e-01
9.688692092895507812e-01
9.813536405563354492e-01
9.766119718551635742e-01
9.578660130500793457e-01
8.776022791862487793e-01
8.116147518157958984e-01
7.716277837753295898e-01
7.893910408020019531e-01
8.614888191223144531e-01
9.242227673530578613e-01
9.822595715522766113e-01
9.953588247299194336e-01
9.998006820678710938e-01
9.990586638450622559e-01
9.966733455657958984e-01
9.860939383506774902e-01
9.741398096084594727e-01
9.594326615333557129e-01
9.583083391189575195e-01
9.711775779724121094e-01
9.831055402755737305e-01
9.945828318595886230e-01
9.979105591773986816e-01
9.994272589683532715e-01
9.997168183326721191e-01
9.999467134475708008e-01
9.999745488166809082e-01
9.999940991401672363e-01
9.999943971633911133e-01
9.999564290046691895e-01
9.998741149902343750e-01
9.987787008285522461e-01
9.970678091049194336e-01
9.877851009368896484e-01
9.763878583908081055e-01
9.676671624183654785e-01
9.564214944839477539e-01
9.224501252174377441e-01
8.893448114395141602e-01
8.583304286003112793e-01
8.490059375762939453e-01
8.689297437667846680e-01
8.520626425743103027e-01
8.091539740562438965e-01
4.762503206729888916e-01
4.380021244287490845e-02
2.675261930562555790e-04
3.000359776830642201e-21
1.318254881667815625e-21
3.398488456701871124e-29
1.307759846702234509e-29
3.503126702920555915e-36
1.109848831492446548e-36
1.514128214075322692e-39
4.350504843505970874e-39
1.017849594354629517e-01
2.489520013332366943e-01
5.378100872039794922e-01
8.480627536773681641e-01
8.414765596389770508e-01
7.727645635604858398e-01
3.854404389858245850e-01
1.011545732617378235e-01
3.486119583249092102e-02
1.915318220853805542e-01
5.922660231590270996e-01
8.144609332084655762e-01
9.321537017822265625e-01
9.497363567352294922e-01
9.406747817993164062e-01
8.778339028358459473e-01
8.030349612236022949e-01
6.508630514144897461e-01
5.681151747703552246e-01
6.852813959121704102e-01
8.083122372627258301e-01
9.404383897781372070e-01
9.983471035957336426e-01
9.995929002761840820e-01
9.998814463615417480e-01
9.997978210449218750e-01
9.996789097785949707e-01
9.995552301406860352e-01
9.994409680366516113e-01
9.993625283241271973e-01
9.994444847106933594e-01
9.995661973953247070e-01
9.997657537460327148e-01
9.998965263366699219e-01
9.999570250511169434e-01
9.999814629554748535e-01
9.999861717224121094e-01
9.926961064338684082e-01
9.836054444313049316e-01
7.280501127243041992e-01
4.700751304626464844e-01
2.937589883804321289e-01
2.613168656826019287e-01
6.442856788635253906e-01
8.709453344345092773e-01
8.696266412734985352e-01
6.056594252586364746e-01
1.349606513977050781e-01
2.810727710311766714e-05
3.348705604366841726e-06
3.275326676543954818e-08
8.356954902410507202e-03
5.268339514732360840e-01
9.610717892646789551e-01
9.841505885124206543e-01
9.998434782028198242e-01
9.998536705970764160e-01
9.996118545532226562e-01
9.990859627723693848e-01
9.984450340270996094e-01
9.977355599403381348e-01
9.954093098640441895e-01
9.925923347473144531e-01
9.807410240173339844e-01
9.692536592483520508e-01
9.744256734848022461e-01
9.792590737342834473e-01
9.828188419342041016e-01
9.853399991989135742e-01
9.860784411430358887e-01
9.879138469696044922e-01
9.907900691032409668e-01
9.921916127204895020e-01
9.928497672080993652e-01
9.945496916770935059e-01
9.964855313301086426e-01
9.961224794387817383e-01
9.957852363586425781e-01
9.964736104011535645e-01
9.965466260910034180e-01
9.948199987411499023e-01
9.927754998207092285e-01
9.902638196945190430e-01
9.882165789604187012e-01
9.865405559539794922e-01
9.863318204879760742e-01
9.867604374885559082e-01
9.900133609771728516e-01
9.937773346900939941e-01
9.967775344848632812e-01
9.994004964828491211e-01
9.997381567955017090e-01
9.999822974205017090e-01
9.999901652336120605e-01
9.999942779541015625e-01
9.999935030937194824e-01
9.999936223030090332e-01
9.999943375587463379e-01
9.999957084655761719e-01
9.999972581863403320e-01
9.999970197677612305e-01
9.999957680702209473e-01
9.999036192893981934e-01
9.184249043464660645e-01
3.853237032890319824e-01
1.001462154090404510e-02
3.579203970730304718e-03
1.230644475214148770e-10
3.996253328253374093e-10
2.392088174819946289e-01
6.461980342864990234e-01
8.016145229339599609e-01
8.630506992340087891e-01
7.641065120697021484e-01
6.416458487510681152e-01
5.195470452308654785e-01
4.305638968944549561e-01
5.186846256256103516e-01
6.105753779411315918e-01
7.119257450103759766e-01
7.636240720748901367e-01
7.536287307739257812e-01
7.858777046203613281e-01
8.474981188774108887e-01
9.082994461059570312e-01
9.685967564582824707e-01
9.864210486412048340e-01
9.977892041206359863e-01
9.952979087829589844e-01
9.921742081642150879e-01
9.856511950492858887e-01
9.821352362632751465e-01
9.858380556106567383e-01
9.818770289421081543e-01
9.679971337318420410e-01
9.020052552223205566e-01
7.975243330001831055e-01
6.713891029357910156e-01
5.370852351188659668e-01
4.314599931240081787e-01
3.308663368225097656e-01
2.688442170619964600e-01
2.418598979711532593e-01
4.279325902462005615e-01
6.247284412384033203e-01
8.475576043128967285e-01
9.827141165733337402e-01
9.943187236785888672e-01
9.995961785316467285e-01
9.998406767845153809e-01
9.998966455459594727e-01
9.998697638511657715e-01
9.994665980339050293e-01
9.989889860153198242e-01
9.989241361618041992e-01
9.989257454872131348e-01
9.993689060211181641e-01
9.996921420097351074e-01
9.996535181999206543e-01
9.988837242126464844e-01
9.969593286514282227e-01
9.821841120719909668e-01
9.556902647018432617e-01
7.985877990722656250e-01
5.736683607101440430e-01
3.069712519645690918e-01
2.875440567731857300e-02
1.649505086243152618e-02
4.965171590447425842e-02
4.415494799613952637e-01
7.314494848251342773e-01
6.265667676925659180e-01
6.207779049873352051e-01
8.056722283363342285e-01
9.267441630363464355e-01
9.772295355796813965e-01
9.978404045104980469e-01
9.994837045669555664e-01
9.999179840087890625e-01
9.999495744705200195e-01
9.999589920043945312e-01
9.999650716781616211e-01
9.999456405639648438e-01
9.999054670333862305e-01
9.997482299804687500e-01
9.985166192054748535e-01
9.945825934410095215e-01
9.593963027000427246e-01
8.813512921333312988e-01
6.077334880828857422e-01
1.780151724815368652e-01
2.747508697211742401e-02
4.114250186830759048e-03
1.215987652540206909e-02
2.696292661130428314e-02
5.134781002998352051e-01
9.779005646705627441e-01
9.888671636581420898e-01
9.973535537719726562e-01
9.971771240234375000e-01
9.969643354415893555e-01
9.966831803321838379e-01
9.972223043441772461e-01
9.986295104026794434e-01
9.989368915557861328e-01
9.985573291778564453e-01
9.967180490493774414e-01
9.943848252296447754e-01
9.951920509338378906e-01
9.963277578353881836e-01
9.890489578247070312e-01
9.834454655647277832e-01
9.879972338676452637e-01
9.921060204505920410e-01
9.950774908065795898e-01
9.973089098930358887e-01
9.984585642814636230e-01
9.991859197616577148e-01
9.995433688163757324e-01
9.997612833976745605e-01
9.999074339866638184e-01
9.999606013298034668e-01
9.999891519546508789e-01
9.999756813049316406e-01
9.999531507492065430e-01
9.998310208320617676e-01
9.997016787528991699e-01
9.995411038398742676e-01
9.995253086090087891e-01
9.998299479484558105e-01
9.999073743820190430e-01
9.996965527534484863e-01
9.997137784957885742e-01
9.999036192893981934e-01
9.999754428863525391e-01
9.999952912330627441e-01
9.999988079071044922e-01
9.999988079071044922e-01
9.999904632568359375e-01
9.999799132347106934e-01
9.999489784240722656e-01
9.999195933341979980e-01
9.998967051506042480e-01
9.998179078102111816e-01
9.996253252029418945e-01
9.995182752609252930e-01
9.995118379592895508e-01
9.996539354324340820e-01
9.999004006385803223e-01
9.999632835388183594e-01
9.999514818191528320e-01
9.999695420265197754e-01
9.999934434890747070e-01
9.999858736991882324e-01
9.997988343238830566e-01
9.977636933326721191e-01
9.866293668746948242e-01
9.417523741722106934e-01
9.049161076545715332e-01
8.835827112197875977e-01
8.893479704856872559e-01
9.266266226768493652e-01
9.571461677551269531e-01
9.828758239746093750e-01
9.935213327407836914e-01
9.980599284172058105e-01
9.987632632255554199e-01
9.987208843231201172e-01
9.985793232917785645e-01
9.983671307563781738e-01
9.974391460418701172e-01
9.960481524467468262e-01
9.928910136222839355e-01
9.908787012100219727e-01
9.911761879920959473e-01
9.928540587425231934e-01
9.962108731269836426e-01
9.908820986747741699e-01
9.791925549507141113e-01
8.763639330863952637e-01
7.345445156097412109e-01
3.987368643283843994e-01
2.063028141856193542e-02
4.527733779013942694e-07
0.000000000000000000e+00
0.000000000000000000e+00
1.540148453216261260e-09
9.803699185795267113e-09
1.256395131349563599e-01
5.357967615127563477e-01
8.179084062576293945e-01
9.300208091735839844e-01
9.815026521682739258e-01
9.831011295318603516e-01
9.851830005645751953e-01
9.874969720840454102e-01
9.535339474678039551e-01
9.098402857780456543e-01
8.010413050651550293e-01
6.886716485023498535e-01
6.739267706871032715e-01
6.771286725997924805e-01
7.817744612693786621e-01
8.745033144950866699e-01
9.356779456138610840e-01
9.730117321014404297e-01
9.728010296821594238e-01
9.029781818389892578e-01
7.655500769615173340e-01
6.174994707107543945e-01
4.636204242706298828e-01
4.222916364669799805e-01
4.203423559665679932e-01
3.755922317504882812e-01
3.238186240196228027e-01
2.416551709175109863e-01
1.739349663257598877e-01
2.486848235130310059e-01
3.709606230258941650e-01
6.679952740669250488e-01
8.865168094635009766e-01
9.484290480613708496e-01
9.784415364265441895e-01
9.692779779434204102e-01
9.588816761970520020e-01
9.475776553153991699e-01
9.510412812232971191e-01
9.614850878715515137e-01
9.783132672309875488e-01
9.968213438987731934e-01
9.990485310554504395e-01
9.996677041053771973e-01
9.984901547431945801e-01
9.965344667434692383e-01
9.899125695228576660e-01
8.524544835090637207e-01
3.402847945690155029e-01
1.666798256337642670e-02
5.642272531986236572e-03
1.003025470594839065e-27
2.856644256697117322e-28
9.823067516736075366e-14
2.612000242832590580e-13
2.721820771694183350e-01
6.523241996765136719e-01
8.190017342567443848e-01
9.428418278694152832e-01
9.505392313003540039e-01
9.525495171546936035e-01
9.721089005470275879e-01
9.888654351234436035e-01
9.923525452613830566e-01
9.740005135536193848e-01
9.015979170799255371e-01
7.804729342460632324e-01
5.871088504791259766e-01
3.715593516826629639e-01
1.353083997964859009e-01
9.714809805154800415e-02
1.780018210411071777e-01
4.376313984394073486e-01
7.623785734176635742e-01
8.753743767738342285e-01
9.499976634979248047e-01
9.135279655456542969e-01
8.643171787261962891e-01
7.074759006500244141e-01
5.876718163490295410e-01
6.336743831634521484e-01
7.005781531333923340e-01
8.172534704208374023e-01
9.090822339057922363e-01
9.638945460319519043e-01
9.899186491966247559e-01
9.890590906143188477e-01
9.887799024581909180e-01
9.888480305671691895e-01
9.579445123672485352e-01
9.159452319145202637e-01
7.569385170936584473e-01
5.766164064407348633e-01
4.712166190147399902e-01
3.913387358188629150e-01
6.345093250274658203e-01
8.398534655570983887e-01
8.595287799835205078e-01
8.685495257377624512e-01
8.500683307647705078e-01
8.682889342308044434e-01
9.440909624099731445e-01
9.867094755172729492e-01
9.961752891540527344e-01
9.997469782829284668e-01
9.994951486587524414e-01
9.995554089546203613e-01
9.997413158416748047e-01
9.997671842575073242e-01
9.997575879096984863e-01
9.998653531074523926e-01
9.999789595603942871e-01
9.999893307685852051e-01
9.999936223030090332e-01
9.999601840972900391e-01
9.997227191925048828e-01
9.988591074943542480e-01
9.970676302909851074e-01
9.935624599456787109e-01
9.925717115402221680e-01
9.945204257965087891e-01
9.963805675506591797e-01
9.981648921966552734e-01
9.987701177597045898e-01
9.987925887107849121e-01
9.978318810462951660e-01
9.965843558311462402e-01
9.941580891609191895e-01
9.915649294853210449e-01
9.874167442321777344e-01
9.834645390510559082e-01
9.816575646400451660e-01
9.801710844039916992e-01
9.800035357475280762e-01
9.782401323318481445e-01
9.727545380592346191e-01
9.666909575462341309e-01
9.598092436790466309e-01
9.599752426147460938e-01
9.669986367225646973e-01
9.765462279319763184e-01
9.877398014068603516e-01
9.938429594039916992e-01
9.979171156883239746e-01
9.971950650215148926e-01
9.953913092613220215e-01
9.817900657653808594e-01
9.676154851913452148e-01
9.771174788475036621e-01
9.863436222076416016e-01
9.935867786407470703e-01
9.993073344230651855e-01
9.997169971466064453e-01
9.999942183494567871e-01
9.999964833259582520e-01
9.999978542327880859e-01
9.999980926513671875e-01
9.999713897705078125e-01
9.999207258224487305e-01
9.998111128807067871e-01
9.996674060821533203e-01
9.994834661483764648e-01
9.992853403091430664e-01
9.991431236267089844e-01
9.990124106407165527e-01
9.990859031677246094e-01
9.991239905357360840e-01
9.976474642753601074e-01
9.892886877059936523e-01
9.355952739715576172e-01
8.496558666229248047e-01
6.560194492340087891e-01
4.609630405902862549e-01
2.616094648838043213e-01
1.248909682035446167e-01
7.031400501728057861e-02
9.388719499111175537e-02
1.865995228290557861e-01
4.736361801624298096e-01
8.759599328041076660e-01
9.910562038421630859e-01
9.983036518096923828e-01
9.995995759963989258e-01
9.996255636215209961e-01
9.996134042739868164e-01
9.995975494384765625e-01
9.995563626289367676e-01
9.995188713073730469e-01
9.995083808898925781e-01
9.993025064468383789e-01
9.983865618705749512e-01
9.932258129119873047e-01
9.787633419036865234e-01
9.662173390388488770e-01
9.565008282661437988e-01
9.589147567749023438e-01
9.732720851898193359e-01
9.674593806266784668e-01
9.481220245361328125e-01
9.568963050842285156e-01
9.779740571975708008e-01
9.883996248245239258e-01
9.959504008293151855e-01
9.971759915351867676e-01
9.975693821907043457e-01
9.930655360221862793e-01
9.884105324745178223e-01
9.832127690315246582e-01
9.801502823829650879e-01
9.875384569168090820e-01
9.935747981071472168e-01
9.959290623664855957e-01
9.971652030944824219e-01
9.964082241058349609e-01
9.969456195831298828e-01
9.990434646606445312e-01
9.823220372200012207e-01
9.499728083610534668e-01
8.943130373954772949e-01
8.254554867744445801e-01
8.326630592346191406e-01
8.677332997322082520e-01
9.141035079956054688e-01
9.630102515220642090e-01
9.776592254638671875e-01
9.890906810760498047e-01
9.887952804565429688e-01
9.889005422592163086e-01
9.924874901771545410e-01
9.957829117774963379e-01
9.978827238082885742e-01
9.994679093360900879e-01
9.997615218162536621e-01
9.999492764472961426e-01
9.999613165855407715e-01
9.999734759330749512e-01
9.999859333038330078e-01
9.999837279319763184e-01
