9.994018077850341797e-01
9.999819993972778320e-01
9.999961853027343750e-01
9.999971985816955566e-01
9.999976158142089844e-01
9.999998211860656738e-01
1.000000000000000000e+00
1.000000000000000000e+00
1.000000000000000000e+00
9.999992251396179199e-01
9.999985694885253906e-01
9.999980330467224121e-01
9.999925494194030762e-01
9.999600052833557129e-01
9.999002814292907715e-01
9.997857809066772461e-01
9.996665120124816895e-01
9.994739890098571777e-01
9.984284639358520508e-01
9.617412686347961426e-01
8.663353919982910156e-01
5.020340681076049805e-01
3.586186468601226807e-01
4.121063053607940674e-01
8.526629805564880371e-01
1.000000000000000000e+00
9.902329444885253906e-01
9.366577267646789551e-01
9.314259886741638184e-01
9.516540169715881348e-01
9.887456297874450684e-01
9.982964396476745605e-01
9.955631494522094727e-01
9.859653115272521973e-01
9.775587320327758789e-01
9.735297560691833496e-01
9.796031713485717773e-01
9.872109293937683105e-01
9.927902221679687500e-01
9.931225776672363281e-01
9.950160384178161621e-01
9.900365471839904785e-01
9.714974761009216309e-01
9.772054553031921387e-01
9.861805438995361328e-01
9.941464066505432129e-01
9.973793029785156250e-01
9.991653561592102051e-01
9.996757507324218750e-01
9.993682503700256348e-01
9.988504648208618164e-01
9.981487989425659180e-01
9.987056851387023926e-01
9.991909861564636230e-01
9.995204806327819824e-01
9.995027780532836914e-01
9.989519119262695312e-01
9.976413846015930176e-01
9.677628278732299805e-01
9.282623529434204102e-01
8.830825686454772949e-01
9.219501614570617676e-01
9.528219103813171387e-01
9.758695363998413086e-01
9.798139929771423340e-01
9.814016819000244141e-01
9.814534187316894531e-01
9.835621714591979980e-01
9.886589646339416504e-01
9.951520562171936035e-01
9.971132278442382812e-01
9.975718855857849121e-01
9.973937869071960449e-01
9.988651275634765625e-01
9.996280074119567871e-01
9.999544620513916016e-01
9.999870657920837402e-01
9.999938011169433594e-01
9.996497035026550293e-01
9.978304505348205566e-01
9.974751472473144531e-01
9.979737401008605957e-01
9.993035197257995605e-01
9.998256564140319824e-01
9.999850392341613770e-01
9.999960064888000488e-01
9.999994039535522461e-01
9.999994635581970215e-01
9.999971985816955566e-01
9.999827742576599121e-01
9.998981952667236328e-01
9.996350407600402832e-01
9.970735907554626465e-01
9.917083978652954102e-01
9.810810089111328125e-01
9.780934453010559082e-01
9.804527163505554199e-01
9.905226826667785645e-01
9.961909651756286621e-01
9.994238615036010742e-01
9.996858835220336914e-01
9.997792840003967285e-01
9.998604059219360352e-01
9.999821186065673828e-01
1.000000000000000000e+00
9.999807476997375488e-01
9.999275207519531250e-01
9.983941912651062012e-01
9.968174099922180176e-01
9.955444335937500000e-01
9.954783916473388672e-01
9.946267008781433105e-01
9.923055171966552734e-01
9.912962913513183594e-01
9.928668737411499023e-01
9.979854822158813477e-01
9.992301464080810547e-01
9.995418190956115723e-01
9.990726709365844727e-01
9.911296367645263672e-01
9.644935727119445801e-01
9.143372178077697754e-01
9.671492576599121094e-01
1.000000000000000000e+00
1.000000000000000000e+00
9.930334091186523438e-01
9.595831632614135742e-01
8.952347636222839355e-01
9.488507509231567383e-01
9.799697995185852051e-01
9.808518886566162109e-01
7.994784116744995117e-01
4.771454036235809326e-01
7.221467792987823486e-03
5.318896146491169930e-04
3.770782579315938121e-23
1.625102768561860632e-25
1.434038095830505538e-27
1.653434336185455322e-01
4.955576062202453613e-01
8.311142325401306152e-01
9.840193986892700195e-01
9.605653285980224609e-01
9.534263610839843750e-01
9.555749297142028809e-01
9.664872288703918457e-01
9.824441671371459961e-01
9.892052412033081055e-01
9.876668453216552734e-01
9.867290854454040527e-01
9.901003241539001465e-01
9.970813393592834473e-01
9.982901811599731445e-01
9.977592229843139648e-01
9.950369000434875488e-01
9.750358462333679199e-01
9.341593384742736816e-01
8.780420422554016113e-01
8.800862431526184082e-01
9.186087846755981445e-01
9.848047494888305664e-01
9.947792887687683105e-01
9.993582367897033691e-01
9.994680285453796387e-01
9.989756345748901367e-01
9.985527396202087402e-01
9.981420040130615234e-01
9.969165325164794922e-01
9.933472871780395508e-01
9.884529709815979004e-01
9.934293627738952637e-01
9.955927133560180664e-01
9.949778914451599121e-01
9.854633808135986328e-01
9.733157157897949219e-01
9.592211842536926270e-01
9.477059841156005859e-01
9.483047723770141602e-01
9.591690897941589355e-01
9.801622033119201660e-01
9.902374148368835449e-01
9.905411601066589355e-01
9.727583527565002441e-01
9.366170763969421387e-01
8.896672129631042480e-01
9.111941456794738770e-01
9.205995202064514160e-01
9.214380979537963867e-01
9.453404545783996582e-01
9.691244959831237793e-01
9.919195771217346191e-01
9.973077178001403809e-01
9.998286366462707520e-01
9.999721050262451172e-01
9.999758601188659668e-01
9.999611973762512207e-01
9.999336004257202148e-01
9.999647736549377441e-01
9.998499751091003418e-01
9.995888471603393555e-01
9.987610578536987305e-01
9.986912608146667480e-01
9.992773532867431641e-01
9.996765851974487305e-01
9.999043345451354980e-01
9.999784231185913086e-01
9.999874234199523926e-01
9.999802112579345703e-01
9.999586939811706543e-01
9.999687075614929199e-01
9.999816417694091797e-01
9.999971985816955566e-01
9.999990463256835938e-01
9.999999403953552246e-01
9.999999403953552246e-01
9.999988675117492676e-01
9.999552369117736816e-01
9.998686313629150391e-01
9.949046969413757324e-01
9.494173526763916016e-01
8.617403507232666016e-01
5.354401469230651855e-01
2.546663582324981689e-01
2.775624766945838928e-02
9.332356974482536316e-03
8.391905575990676880e-03
2.075308933854103088e-02
2.725830376148223877e-01
5.796547532081604004e-01
9.402598142623901367e-01
9.846542477607727051e-01
9.998579025268554688e-01
9.995374083518981934e-01
9.982969164848327637e-01
9.931625723838806152e-01
9.829629659652709961e-01
7.677838206291198730e-01
4.767655134201049805e-01
1.025343611836433411e-01
3.281617909669876099e-02
9.972137957811355591e-02
3.252179026603698730e-01
6.810624599456787109e-01
9.296610355377197266e-01
9.815987348556518555e-01
9.932559132575988770e-01
9.972471594810485840e-01
9.977052807807922363e-01
9.974858760833740234e-01
9.963893294334411621e-01
9.938871264457702637e-01
9.954723119735717773e-01
9.975306987762451172e-01
9.990322589874267578e-01
9.995815753936767578e-01
9.998486638069152832e-01
9.999374747276306152e-01
9.999397993087768555e-01
9.998969435691833496e-01
9.997967481613159180e-01
9.997311234474182129e-01
9.992334246635437012e-01
9.976058602333068848e-01
9.349980950355529785e-01
8.124385476112365723e-01
5.708760023117065430e-01
6.656348705291748047e-01
8.472344279289245605e-01
9.468173980712890625e-01
8.908925652503967285e-01
7.185769081115722656e-01
3.359694182872772217e-01
3.006102740764617920e-01
4.472596943378448486e-01
7.478043437004089355e-01
8.999515771865844727e-01
9.692148566246032715e-01
9.674453735351562500e-01
9.752671718597412109e-01
9.871977567672729492e-01
9.947632551193237305e-01
9.964795112609863281e-01
9.936359524726867676e-01
9.821293354034423828e-01
9.769723415374755859e-01
9.577666521072387695e-01
7.780309319496154785e-01
4.348308742046356201e-01
3.091453202068805695e-02
2.772063612937927246e-01
5.917705893516540527e-01
9.426399469375610352e-01
9.806805253028869629e-01
9.989065527915954590e-01
9.999194145202636719e-01
9.999523162841796875e-01
9.978146553039550781e-01
9.935742020606994629e-01
4.352498650550842285e-01
9.806973487138748169e-02
3.224172163754701614e-03
2.885555732063949108e-04
2.207737267017364502e-01
7.092073559761047363e-01
8.975295424461364746e-01
9.960412979125976562e-01
9.988327026367187500e-01
9.994730949401855469e-01
9.997882246971130371e-01
9.999401569366455078e-01
9.999724030494689941e-01
9.999807476997375488e-01
9.999765753746032715e-01
9.995492696762084961e-01
9.120668768882751465e-01
6.468250155448913574e-01
7.127414345741271973e-01
8.463563919067382812e-01
9.592605233192443848e-01
9.873875379562377930e-01
9.766881465911865234e-01
9.237676262855529785e-01
7.575586438179016113e-01
6.569430828094482422e-01
9.072294831275939941e-01
9.887749552726745605e-01
9.993417263031005859e-01
9.987612962722778320e-01
9.986170530319213867e-01
9.985734820365905762e-01
9.979665875434875488e-01
9.960176348686218262e-01
9.936134815216064453e-01
9.932436943054199219e-01
9.950277209281921387e-01
9.980252981185913086e-01
9.991953969001770020e-01
9.998081922531127930e-01
9.999900460243225098e-01
9.999966621398925781e-01
9.999990463256835938e-01
9.999975562095642090e-01
9.999842643737792969e-01
9.998136162757873535e-01
9.994822740554809570e-01
9.502821564674377441e-01
7.897011637687683105e-01
4.978791773319244385e-01
4.880470931529998779e-01
5.876298546791076660e-01
8.136709332466125488e-01
9.265184402465820312e-01
9.915060997009277344e-01
9.985969662666320801e-01
9.998002648353576660e-01
9.999495744705200195e-01
9.999920129776000977e-01
9.999487400054931641e-01
9.998756647109985352e-01
9.997784495353698730e-01
9.998000860214233398e-01
9.998543858528137207e-01
9.999011158943176270e-01
9.993742108345031738e-01
9.889690876007080078e-01
9.413599967956542969e-01
7.214112281799316406e-01
4.551543295383453369e-01
3.637320995330810547e-01
5.882358551025390625e-01
9.481950998306274414e-01
9.835449457168579102e-01
9.987226128578186035e-01
1.000000000000000000e+00
1.000000000000000000e+00
9.991075396537780762e-01
9.974731802940368652e-01
9.954626560211181641e-01
9.933977723121643066e-01
9.912840127944946289e-01
9.904266595840454102e-01
9.911780953407287598e-01
9.938286542892456055e-01
9.949726462364196777e-01
9.922212958335876465e-01
9.839591979980468750e-01
9.406917691230773926e-01
7.283970117568969727e-01
2.209811210632324219e-01
8.603551238775253296e-02
9.937963634729385376e-02
2.787609696388244629e-01
6.580922603607177734e-01
9.739197492599487305e-01
9.507876634597778320e-01
9.709364771842956543e-01
9.994232058525085449e-01
9.998217821121215820e-01
9.997563362121582031e-01
9.963911175727844238e-01
9.764291644096374512e-01
9.358645677566528320e-01
8.899389505386352539e-01
9.015586376190185547e-01
9.401932358741760254e-01
9.953595995903015137e-01
9.953027367591857910e-01
9.930560588836669922e-01
9.888239502906799316e-01
9.896749854087829590e-01
9.926472306251525879e-01
9.979938864707946777e-01
9.987685680389404297e-01
9.972591400146484375e-01
9.929382801055908203e-01
9.184982776641845703e-01
6.663912534713745117e-01
1.161588653922080994e-01
1.211071666330099106e-02
1.354330033063888550e-01
5.706363916397094727e-01
8.362941145896911621e-01
9.996114373207092285e-01
9.997621178627014160e-01
9.996001124382019043e-01
9.992647171020507812e-01
9.987087845802307129e-01
9.970812201499938965e-01
9.946641921997070312e-01
9.906982183456420898e-01
9.903985857963562012e-01
9.923565983772277832e-01
9.924615621566772461e-01
9.948987364768981934e-01
9.992039203643798828e-01
9.990390539169311523e-01
9.869151115417480469e-01
9.620707631111145020e-01
8.623403906822204590e-01
8.543533086776733398e-01
9.759894013404846191e-01
9.758707284927368164e-01
9.638788700103759766e-01
9.568070769309997559e-01
9.780363440513610840e-01
9.974487423896789551e-01
9.992868304252624512e-01
9.998140335083007812e-01
9.999272227287292480e-01
9.999729990959167480e-01
9.999902248382568359e-01
9.999875426292419434e-01
9.999469518661499023e-01
9.996631741523742676e-01
9.991363286972045898e-01
9.977339506149291992e-01
9.963143467903137207e-01
9.930924177169799805e-01
9.512857198715209961e-01
8.305771946907043457e-01
6.348873376846313477e-01
5.058745145797729492e-01
5.754830241203308105e-01
8.890426754951477051e-01
8.903453350067138672e-01
8.532061576843261719e-01
8.007090687751770020e-01
7.778660655021667480e-01
7.868611812591552734e-01
8.540843129158020020e-01
7.851839661598205566e-01
7.456064820289611816e-01
9.180242419242858887e-01
9.820871353149414062e-01
9.966229200363159180e-01
9.877581596374511719e-01
9.683752655982971191e-01
9.487209916114807129e-01
9.764520525932312012e-01
9.926658272743225098e-01
9.999860525131225586e-01
9.998874068260192871e-01
9.996413588523864746e-01
9.992465972900390625e-01
9.996695518493652344e-01
9.999483823776245117e-01
9.999921917915344238e-01
9.999954700469970703e-01
9.998545646667480469e-01
9.994613528251647949e-01
9.883772730827331543e-01
9.528825283050537109e-01
8.615201711654663086e-01
8.387333750724792480e-01
8.567867875099182129e-01
9.408670663833618164e-01
9.820303916931152344e-01
9.995276331901550293e-01
9.998632073402404785e-01
9.999989867210388184e-01
9.999999403953552246e-01
9.999999403953552246e-01
9.999940991401672363e-01
9.999828338623046875e-01
9.379051327705383301e-01
6.408684253692626953e-01
5.388599634170532227e-02
2.158320844173431396e-01
5.090246200561523438e-01
8.962212800979614258e-01
9.794154167175292969e-01
9.804942607879638672e-01
9.329195618629455566e-01
5.573600530624389648e-01
2.110671550035476685e-01
3.742393851280212402e-01
5.705400109291076660e-01
7.747379541397094727e-01
9.255004525184631348e-01
9.914336800575256348e-01
9.992147088050842285e-01
9.997130632400512695e-01
9.999699592590332031e-01
9.999983906745910645e-01
9.994564652442932129e-01
9.694426655769348145e-01
9.008170366287231445e-01
9.282968044281005859e-01
9.635071754455566406e-01
9.912743568420410156e-01
9.983386397361755371e-01
9.999610185623168945e-01
9.999641776084899902e-01
9.999633431434631348e-01
9.999589920043945312e-01
9.999459981918334961e-01
9.999042153358459473e-01
9.998515844345092773e-01
9.998406767845153809e-01
9.998708367347717285e-01
9.999325275421142578e-01
9.999671578407287598e-01
9.998585581779479980e-01
9.995918273925781250e-01
9.993224143981933594e-01
9.992852210998535156e-01
9.996098279953002930e-01
9.998386502265930176e-01
9.999869465827941895e-01
9.999908804893493652e-01
9.999306201934814453e-01
9.994177818298339844e-01
9.973621964454650879e-01
9.645503759384155273e-01
8.953261971473693848e-01
6.819390654563903809e-01
6.629454493522644043e-01
7.777357101440429688e-01
8.032079339027404785e-01
8.584861755371093750e-01
9.439607858657836914e-01
8.073153495788574219e-01
5.300184488296508789e-01
6.366683542728424072e-02
5.092922970652580261e-02
2.482428550720214844e-01
7.425187826156616211e-01
9.269653558731079102e-01
9.989771246910095215e-01
9.997345805168151855e-01
9.999868869781494141e-01
9.999994635581970215e-01
9.999998211860656738e-01
9.999999403953552246e-01
1.000000000000000000e+00
9.999998211860656738e-01
9.999997615814208984e-01
9.999996423721313477e-01
9.999988079071044922e-01
9.999796152114868164e-01
9.999334812164306641e-01
9.989563226699829102e-01
9.983397126197814941e-01
9.988882541656494141e-01
9.993900656700134277e-01
9.996594786643981934e-01
9.991218447685241699e-01
9.917353987693786621e-01
9.780404567718505859e-01
9.430747032165527344e-01
9.174951314926147461e-01
8.979647755622863770e-01
8.307119011878967285e-01
8.191708922386169434e-01
8.694937229156494141e-01
9.382265806198120117e-01
9.862448573112487793e-01
9.973898530006408691e-01
9.994848966598510742e-01
9.996510744094848633e-01
9.997610449790954590e-01
9.998739957809448242e-01
9.999684691429138184e-01
9.999721646308898926e-01
9.999234676361083984e-01
9.998499751091003418e-01
9.998472929000854492e-01
9.998936057090759277e-01
9.999834299087524414e-01
9.998037815093994141e-01
9.989863634109497070e-01
9.973285794258117676e-01
9.921143651008605957e-01
9.807706475257873535e-01
9.578876495361328125e-01
9.137163162231445312e-01
8.877131342887878418e-01
9.455556869506835938e-01
9.787735342979431152e-01
9.971221685409545898e-01
9.949368834495544434e-01
9.955834746360778809e-01
9.983139038085937500e-01
9.991167187690734863e-01
9.995431303977966309e-01
9.995436072349548340e-01
9.995819926261901855e-01
9.996509552001953125e-01
9.997679591178894043e-01
9.996447563171386719e-01
9.992243647575378418e-01
9.981020092964172363e-01
9.968218803405761719e-01
9.958461523056030273e-01
9.970027208328247070e-01
9.984400272369384766e-01
9.999936819076538086e-01
9.998422265052795410e-01
9.995921254158020020e-01
9.992392659187316895e-01
9.993048310279846191e-01
9.994488358497619629e-01
9.996730089187622070e-01
9.998592734336853027e-01
9.999909996986389160e-01
9.999977946281433105e-01
9.999997615814208984e-01
9.999998211860656738e-01
9.999995827674865723e-01
9.999991059303283691e-01
9.999984502792358398e-01
9.999981522560119629e-01
9.999986290931701660e-01
9.999999403953552246e-01
9.999991655349731445e-01
9.999982714653015137e-01
9.999974966049194336e-01
9.999768733978271484e-01
9.997445344924926758e-01
9.989588856697082520e-01
9.950137138366699219e-01
9.795989394187927246e-01
9.102657437324523926e-01
6.012390255928039551e-01
1.619414389133453369e-01
2.657099068164825439e-01
5.090420246124267578e-01
8.973858952522277832e-01
9.691973328590393066e-01
9.998850822448730469e-01
9.999818205833435059e-01
9.999951720237731934e-01
9.999876618385314941e-01
9.999734163284301758e-01
9.998604655265808105e-01
9.996942877769470215e-01
9.994605183601379395e-01
9.994847774505615234e-01
9.996721148490905762e-01
9.991741776466369629e-01
9.976918697357177734e-01
9.950992465019226074e-01
9.958083033561706543e-01
9.971685409545898438e-01
9.991315007209777832e-01
9.996442794799804688e-01
9.997845292091369629e-01
9.999468326568603516e-01
1.000000000000000000e+00
1.000000000000000000e+00
1.000000000000000000e+00
9.996932744979858398e-01
9.991386532783508301e-01
9.813907146453857422e-01
9.447994828224182129e-01
8.837489485740661621e-01
9.074034094810485840e-01
9.449088573455810547e-01
9.859676957130432129e-01
9.964824914932250977e-01
9.945885539054870605e-01
9.826763272285461426e-01
9.778478145599365234e-01
9.778992533683776855e-01
9.874400496482849121e-01
9.944477081298828125e-01
9.989711642265319824e-01
9.996947050094604492e-01
1.000000000000000000e+00
1.000000000000000000e+00
1.000000000000000000e+00
9.993818998336791992e-01
9.969849586486816406e-01
9.726120829582214355e-01
9.294173717498779297e-01
8.255673646926879883e-01
6.906450390815734863e-01
5.324403047561645508e-01
4.554463922977447510e-01
5.170288085937500000e-01
7.536306977272033691e-01
8.932401537895202637e-01
9.791331887245178223e-01
9.772082567214965820e-01
9.844871163368225098e-01
9.936829805374145508e-01
9.980273246765136719e-01
9.997964501380920410e-01
9.999979138374328613e-01
9.999992847442626953e-01
9.999936819076538086e-01
9.999809265136718750e-01
9.985317587852478027e-01
9.647032618522644043e-01
8.745368719100952148e-01
6.073846220970153809e-01
3.736781477928161621e-01
3.964758515357971191e-01
5.778697133064270020e-01
8.219957947731018066e-01
9.306052923202514648e-01
9.868392944335937500e-01
9.981334805488586426e-01
9.993895888328552246e-01
9.999691247940063477e-01
9.999952316284179688e-01
9.999991655349731445e-01
9.999722242355346680e-01
9.998735189437866211e-01
9.943633079528808594e-01
9.720935225486755371e-01
8.592531085014343262e-01
6.854840517044067383e-01
4.676596522331237793e-01
6.556655764579772949e-01
8.229669928550720215e-01
9.636836051940917969e-01
9.919297695159912109e-01
9.999217987060546875e-01
9.999806880950927734e-01
9.999884963035583496e-01
9.999712109565734863e-01
9.999209046363830566e-01
9.999102950096130371e-01
9.999266862869262695e-01
9.999462366104125977e-01
9.995878934860229492e-01
9.987831115722656250e-01
9.913114905357360840e-01
9.816540479660034180e-01
9.691109657287597656e-01
9.812880754470825195e-01
9.980753660202026367e-01
9.990606307983398438e-01
9.994679093360900879e-01
9.995124340057373047e-01
9.996128082275390625e-01
9.989527463912963867e-01
9.974356293678283691e-01
9.870999455451965332e-01
9.709725379943847656e-01
9.450651407241821289e-01
9.521847367286682129e-01
9.698911309242248535e-01
9.880346655845642090e-01
9.969193339347839355e-01
9.999581575393676758e-01
9.999753832817077637e-01
9.999561309814453125e-01
9.998965859413146973e-01
9.995915293693542480e-01
9.994562864303588867e-01
9.997172355651855469e-01
9.998677968978881836e-01
9.999536275863647461e-01
9.999118447303771973e-01
9.998437166213989258e-01
9.997283816337585449e-01
9.989162683486938477e-01
9.952404499053955078e-01
9.883472323417663574e-01
9.798716902732849121e-01
9.774447083473205566e-01
9.880198836326599121e-01
9.946582913398742676e-01
9.991529583930969238e-01
9.997237324714660645e-01
9.999110102653503418e-01
9.998441934585571289e-01
9.997358322143554688e-01
9.996804594993591309e-01
9.996885061264038086e-01
9.996504187583923340e-01
9.996515512466430664e-01
9.997546672821044922e-01
9.998779892921447754e-01
9.999874234199523926e-01
9.999847412109375000e-01
9.987065196037292480e-01
9.963769912719726562e-01
9.765105843544006348e-01
9.699923992156982422e-01
9.810189604759216309e-01
9.728649258613586426e-01
8.792291283607482910e-01
5.753671526908874512e-01
2.690931558609008789e-01
5.035354569554328918e-02
4.285791218280792236e-01
7.364674806594848633e-01
9.882060885429382324e-01
9.975867867469787598e-01
9.999606013298034668e-01
9.999893307685852051e-01
9.999964237213134766e-01
9.999984502792358398e-01
9.999991059303283691e-01
9.999994039535522461e-01
9.999995827674865723e-01
9.999994635581970215e-01
9.999994039535522461e-01
9.999994039535522461e-01
9.999995231628417969e-01
9.999976158142089844e-01
9.999921917915344238e-01
9.998757839202880859e-01
9.996599555015563965e-01
9.991755485534667969e-01
9.960528612136840820e-01
9.895949363708496094e-01
9.462894201278686523e-01
9.154733419418334961e-01
8.989767432212829590e-01
9.143120050430297852e-01
9.269008040428161621e-01
9.242076873779296875e-01
8.979648947715759277e-01
8.737519979476928711e-01
9.113438725471496582e-01
9.536605477333068848e-01
9.995672106742858887e-01
9.169744849205017090e-01
8.793211579322814941e-01
9.082696437835693359e-01
9.346684813499450684e-01
9.541445970535278320e-01
9.542543888092041016e-01
9.230965375900268555e-01
8.582050204277038574e-01
6.049573421478271484e-01
3.492900133132934570e-01
9.126602113246917725e-02
1.823370605707168579e-01
3.844854533672332764e-01
7.432966828346252441e-01
9.081208109855651855e-01
9.947897791862487793e-01
9.985078573226928711e-01
9.986950755119323730e-01
9.965234994888305664e-01
9.945665597915649414e-01
9.892255067825317383e-01
9.794666171073913574e-01
9.688763618469238281e-01
9.651037454605102539e-01
9.802297353744506836e-01
9.911380410194396973e-01
9.992442727088928223e-01
9.997532963752746582e-01
9.999977350234985352e-01
9.999992847442626953e-01
9.999985694885253906e-01
9.999970793724060059e-01
9.999942779541015625e-01
9.999955296516418457e-01
9.999969005584716797e-01
9.999930858612060547e-01
9.999584555625915527e-01
9.998998045921325684e-01
9.996240139007568359e-01
9.990599751472473145e-01
9.981138110160827637e-01
9.962252378463745117e-01
9.893583655357360840e-01
9.689230322837829590e-01
9.032120108604431152e-01
8.207650780677795410e-01
7.881317734718322754e-01
8.409605026245117188e-01
9.778763651847839355e-01
9.953426718711853027e-01
9.997682571411132812e-01
9.995280504226684570e-01
9.445549249649047852e-01
8.784098625183105469e-01
8.522571325302124023e-01
8.785559535026550293e-01
9.441360235214233398e-01
9.791616201400756836e-01
9.999167919158935547e-01
9.999848604202270508e-01
9.999970197677612305e-01
9.999907612800598145e-01
9.999655485153198242e-01
9.998316764831542969e-01
9.996424317359924316e-01
9.995849132537841797e-01
9.994717240333557129e-01
9.992928504943847656e-01
9.989947080612182617e-01
9.989380240440368652e-01
9.995313286781311035e-01
9.998189806938171387e-01
9.999557733535766602e-01
9.999468326568603516e-01
9.999255537986755371e-01
9.998928904533386230e-01
9.999427795410156250e-01
9.999827146530151367e-01
9.999916553497314453e-01
9.999378323554992676e-01
9.998636841773986816e-01
9.997916817665100098e-01
9.997591376304626465e-01
9.997560977935791016e-01
9.995794296264648438e-01
9.994581937789916992e-01
9.994274973869323730e-01
9.996443390846252441e-01
9.998731017112731934e-01
9.999231100082397461e-01
9.999557137489318848e-01
9.999769330024719238e-01
9.999728202819824219e-01
9.999365210533142090e-01
9.998591542243957520e-01
9.997763633728027344e-01
9.997575283050537109e-01
9.999279379844665527e-01
9.999862909317016602e-01
9.999881982803344727e-01
9.999870061874389648e-01
9.999865293502807617e-01
9.999868869781494141e-01
9.983354210853576660e-01
9.806412458419799805e-01
9.256545305252075195e-01
9.120364785194396973e-01
9.210779666900634766e-01
9.721484184265136719e-01
9.978077411651611328e-01
9.998165369033813477e-01
9.999858736991882324e-01
9.999750852584838867e-01
9.999052882194519043e-01
9.801563024520874023e-01
8.921220302581787109e-01
4.396796524524688721e-01
1.549519151449203491e-01
7.672421168535947800e-03
5.623653531074523926e-01
9.500393867492675781e-01
9.893904924392700195e-01
9.673435091972351074e-01
9.196416735649108887e-01
8.380801677703857422e-01
8.477352261543273926e-01
9.243031144142150879e-01
9.675980806350708008e-01
9.952350258827209473e-01
9.991426467895507812e-01
9.999762177467346191e-01
9.999421834945678711e-01
9.996768832206726074e-01
9.942454099655151367e-01
9.854100346565246582e-01
9.813417792320251465e-01
9.813008308410644531e-01
9.871120452880859375e-01
9.937415122985839844e-01
9.991571307182312012e-01
9.994375705718994141e-01
9.997039437294006348e-01
9.999566674232482910e-01
9.999672770500183105e-01
9.995680451393127441e-01
9.986134171485900879e-01
9.978854060173034668e-01
9.975655078887939453e-01
9.984471797943115234e-01
9.886186122894287109e-01
9.517410993576049805e-01
3.500748276710510254e-01
1.492483261972665787e-02
2.362827770411968231e-02
4.058344960212707520e-01
7.881714105606079102e-01
9.434809088706970215e-01
9.994890689849853516e-01
9.998267292976379395e-01
9.998964071273803711e-01
9.999445080757141113e-01
9.999655485153198242e-01
9.999542236328125000e-01
9.998861551284790039e-01
9.996637105941772461e-01
9.984118938446044922e-01
9.956911206245422363e-01
9.743372201919555664e-01
8.670250177383422852e-01
6.532458662986755371e-01
6.682225465774536133e-01
7.466426491737365723e-01
8.922925591468811035e-01
9.664139747619628906e-01
9.997382164001464844e-01
9.998953938484191895e-01
9.999860525131225586e-01
9.999931454658508301e-01
9.999865889549255371e-01
9.999791979789733887e-01
9.999768137931823730e-01
9.999789595603942871e-01
9.999773502349853516e-01
9.998149275779724121e-01
9.994696974754333496e-01
9.988871216773986816e-01
9.989564418792724609e-01
9.992293119430541992e-01
9.997420310974121094e-01
9.999382495880126953e-01
9.999119043350219727e-01
9.985237717628479004e-01
9.890218973159790039e-01
9.684689640998840332e-01
9.682816863059997559e-01
9.714713096618652344e-01
9.707581400871276855e-01
9.472774267196655273e-01
9.087957143783569336e-01
7.976094484329223633e-01
7.073122262954711914e-01
6.477664113044738770e-01
7.392103672027587891e-01
8.612841367721557617e-01
9.550703763961791992e-01
9.951606392860412598e-01
9.982663393020629883e-01
9.436516761779785156e-01
8.573386073112487793e-01
7.212921977043151855e-01
7.024133205413818359e-01
7.450561523437500000e-01
9.232341647148132324e-01
9.891898036003112793e-01
9.701790809631347656e-01
9.782879948616027832e-01
9.873368144035339355e-01
9.961815476417541504e-01
9.989569187164306641e-01
9.996331930160522461e-01
9.997632503509521484e-01
9.990032911300659180e-01
9.974794983863830566e-01
9.922325611114501953e-01
9.895470142364501953e-01
9.926615953445434570e-01
9.958263039588928223e-01
9.986769556999206543e-01
9.988908767700195312e-01
9.992038607597351074e-01
9.996138215065002441e-01
9.977735877037048340e-01
9.951081871986389160e-01
9.910650849342346191e-01
9.908432960510253906e-01
9.925339221954345703e-01
9.959053993225097656e-01
9.939389824867248535e-01
9.858887195587158203e-01
9.324253797531127930e-01
8.656703829765319824e-01
7.814227938652038574e-01
7.647287249565124512e-01
7.876777648925781250e-01
8.676483631134033203e-01
8.885315656661987305e-01
8.286753892898559570e-01
8.413619399070739746e-01
8.480748534202575684e-01
7.661793231964111328e-01
7.398926615715026855e-01
7.516694068908691406e-01
7.172553539276123047e-01
5.947412252426147461e-01
3.264670372009277344e-01
4.708760976791381836e-01
7.264471054077148438e-01
8.950894474983215332e-01
9.762709736824035645e-01
9.839149713516235352e-01
9.779087305068969727e-01
9.779077768325805664e-01
9.929495453834533691e-01
9.984701871871948242e-01
9.999027848243713379e-01
9.997915029525756836e-01
9.990173578262329102e-01
9.975336790084838867e-01
9.950462579727172852e-01
9.935230016708374023e-01
9.951491355895996094e-01
9.966341257095336914e-01
9.980135560035705566e-01
9.985665082931518555e-01
9.961066842079162598e-01
9.895291328430175781e-01
6.885712146759033203e-01
3.457558751106262207e-01
1.182971745729446411e-01
1.585526764392852783e-02
2.824302529916167259e-03
2.464554831385612488e-02
1.620634049177169800e-01
5.055395364761352539e-01
7.728607058525085449e-01
9.830609560012817383e-01
9.867036342620849609e-01
9.900121688842773438e-01
9.929993152618408203e-01
9.968715906143188477e-01
9.997472763061523438e-01
9.998918771743774414e-01
9.999530315399169922e-01
9.999651908874511719e-01
9.998429417610168457e-01
9.990684986114501953e-01
9.974686503410339355e-01
9.919840693473815918e-01
9.868354201316833496e-01
9.859389066696166992e-01
9.892939925193786621e-01
9.955215454101562500e-01
9.968931078910827637e-01
9.978574514389038086e-01
9.982790350914001465e-01
9.988875985145568848e-01
9.994205236434936523e-01
9.990287423133850098e-01
9.969360828399658203e-01
9.932380914688110352e-01
9.913988113403320312e-01
9.918777346611022949e-01
9.977774024009704590e-01
9.998279213905334473e-01
9.999237656593322754e-01
9.998080730438232422e-01
9.997327923774719238e-01
9.997112154960632324e-01
9.998313188552856445e-01
9.999595284461975098e-01
9.999843835830688477e-01
9.999953508377075195e-01
9.999960660934448242e-01
9.999969601631164551e-01
9.999893903732299805e-01
9.999648928642272949e-01
9.992125630378723145e-01
9.980838298797607422e-01
9.961549639701843262e-01
9.949860572814941406e-01
9.946377873420715332e-01
9.957780838012695312e-01
9.929807782173156738e-01
9.771828055381774902e-01
8.337155580520629883e-01
6.125684976577758789e-01
2.500925958156585693e-01
1.964882016181945801e-02
4.271175246685743332e-03
2.749558538198471069e-02
1.054522618651390076e-01
4.454781413078308105e-01
6.869683265686035156e-01
8.367357850074768066e-01
8.943833708763122559e-01
9.319510459899902344e-01
9.442297220230102539e-01
9.648317098617553711e-01
9.878642559051513672e-01
9.609658122062683105e-01
9.080103635787963867e-01
8.180480599403381348e-01
7.910425662994384766e-01
7.979451417922973633e-01
8.895090818405151367e-01
9.519442915916442871e-01
9.901634454727172852e-01
9.964399337768554688e-01
9.990547895431518555e-01
9.993507862091064453e-01
9.991400837898254395e-01
9.987104535102844238e-01
9.986286163330078125e-01
9.988092184066772461e-01
9.993323087692260742e-01
9.996261000633239746e-01
9.998418688774108887e-01
9.999518394470214844e-01
9.999727606773376465e-01
9.999241828918457031e-01
9.997307658195495605e-01
9.995661377906799316e-01
9.994860291481018066e-01
9.995824694633483887e-01
9.997105002403259277e-01
9.991509318351745605e-01
9.964605569839477539e-01
9.910585880279541016e-01
9.818416237831115723e-01
9.752606749534606934e-01
9.834574460983276367e-01
9.908383488655090332e-01
9.975983500480651855e-01
9.990649223327636719e-01
9.998692870140075684e-01
9.999688267707824707e-01
1.000000000000000000e+00
9.999994635581970215e-01
9.999909400939941406e-01
9.999821186065673828e-01
9.999728798866271973e-01
9.999726414680480957e-01
9.999428987503051758e-01
9.997716546058654785e-01
9.960047006607055664e-01
9.893628954887390137e-01
9.815026521682739258e-01
9.775182604789733887e-01
9.828169941902160645e-01
9.749673008918762207e-01
9.392312765121459961e-01
4.343785643577575684e-01
1.088588461279869080e-01
3.585628420114517212e-02
1.110586449503898621e-01
2.855425775051116943e-01
7.721705436706542969e-01
9.967143535614013672e-01
9.905503392219543457e-01
9.789149761199951172e-01
9.729306101799011230e-01
9.834029078483581543e-01
9.868050217628479004e-01
9.862335324287414551e-01
9.810211062431335449e-01
9.053802490234375000e-01
7.174075841903686523e-01
5.176493525505065918e-01
3.658356070518493652e-01
5.697752833366394043e-01
7.627873420715332031e-01
9.447038173675537109e-01
9.847603440284729004e-01
9.987703561782836914e-01
9.996523261070251465e-01
9.999473690986633301e-01
9.998604655265808105e-01
9.997554421424865723e-01
9.996935725212097168e-01
9.997150301933288574e-01
9.995953440666198730e-01
9.986802935600280762e-01
9.890913963317871094e-01
9.747063517570495605e-01
9.543870091438293457e-01
9.542501568794250488e-01
9.615701436996459961e-01
9.817857146263122559e-01
9.937409758567810059e-01
9.990224242210388184e-01
9.997346401214599609e-01
9.999635815620422363e-01
9.999778866767883301e-01
9.999896883964538574e-01
9.999998211860656738e-01
9.999901652336120605e-01
9.999851584434509277e-01
9.999873638153076172e-01
9.999918937683105469e-01
9.999958872795104980e-01
9.999895691871643066e-01
9.999703764915466309e-01
9.999375343322753906e-01
9.980643391609191895e-01
9.888659119606018066e-01
9.549198150634765625e-01
9.469299316406250000e-01
9.573167562484741211e-01
9.806022047996520996e-01
9.975718855857849121e-01
9.993814826011657715e-01
9.999775290489196777e-01
9.999994039535522461e-01
9.999857544898986816e-01
9.999442696571350098e-01
9.998625516891479492e-01
9.991313815116882324e-01
9.983087182044982910e-01
9.981086850166320801e-01
9.984104633331298828e-01
9.992083311080932617e-01
9.996235966682434082e-01
9.993395805358886719e-01
9.969147443771362305e-01
9.898784756660461426e-01
9.796763658523559570e-01
9.845418930053710938e-01
9.904683232307434082e-01
9.971377253532409668e-01
9.995291829109191895e-01
9.999081492424011230e-01
9.999657869338989258e-01
9.999207854270935059e-01
9.997266530990600586e-01
9.987520575523376465e-01
9.972776174545288086e-01
9.940603375434875488e-01
9.879682660102844238e-01
9.789528846740722656e-01
9.704966545104980469e-01
9.663882851600646973e-01
9.777026176452636719e-01
9.885650873184204102e-01
9.990736842155456543e-01
9.998498558998107910e-01
9.997077584266662598e-01
9.989094734191894531e-01
9.982053637504577637e-01
9.975965023040771484e-01
9.990817308425903320e-01
9.980704784393310547e-01
9.930158257484436035e-01
9.798156023025512695e-01
9.651890993118286133e-01
9.627454876899719238e-01
9.707465767860412598e-01
9.909623265266418457e-01
9.969711303710937500e-01
9.981255531311035156e-01
9.914059638977050781e-01
8.711516261100769043e-01
6.538378000259399414e-01
4.804627597332000732e-01
4.062168002128601074e-01
6.016375422477722168e-01
7.970271110534667969e-01
9.923973083496093750e-01
9.987491369247436523e-01
9.991734027862548828e-01
9.969481229782104492e-01
9.635875225067138672e-01
9.138563871383666992e-01
8.150730729103088379e-01
8.127303123474121094e-01
9.514811038970947266e-01
9.915724396705627441e-01
9.998060464859008789e-01
9.998524188995361328e-01
9.994937181472778320e-01
9.986908435821533203e-01
9.913972020149230957e-01
9.802550673484802246e-01
9.582220911979675293e-01
9.492985606193542480e-01
9.511886835098266602e-01
9.558159708976745605e-01
9.571176767349243164e-01
9.479644298553466797e-01
9.569723606109619141e-01
9.774054884910583496e-01
9.881606698036193848e-01
9.947202801704406738e-01
9.931651949882507324e-01
9.850059747695922852e-01
9.719431996345520020e-01
9.092903733253479004e-01
7.201194167137145996e-01
3.325045704841613770e-01
1.531805843114852905e-01
1.105621978640556335e-01
6.670756340026855469e-01
9.795335531234741211e-01
9.963862895965576172e-01
9.998129010200500488e-01
9.999845027923583984e-01
9.999582171440124512e-01
9.992843270301818848e-01
9.979928135871887207e-01
9.525039196014404297e-01
8.982725143432617188e-01
8.371371030807495117e-01
8.362860679626464844e-01
8.804691433906555176e-01
9.467270970344543457e-01
9.953195452690124512e-01
9.937726855278015137e-01
9.168791174888610840e-01
7.956629991531372070e-01
7.801457047462463379e-01
8.062766194343566895e-01
9.117091894149780273e-01
9.591932296752929688e-01
9.773207902908325195e-01
9.246270060539245605e-01
8.826119303703308105e-01
8.573390245437622070e-01
8.780098557472229004e-01
9.149591922760009766e-01
9.533656239509582520e-01
9.802785515785217285e-01
9.928299188613891602e-01
9.969998002052307129e-01
9.984015226364135742e-01
9.962770938873291016e-01
9.925752878189086914e-01
9.872590303421020508e-01
9.889134168624877930e-01
9.922586679458618164e-01
9.972402453422546387e-01
9.996503591537475586e-01
9.999036192893981934e-01
9.998217821121215820e-01
9.997065067291259766e-01
9.996119737625122070e-01
9.993303418159484863e-01
9.989205598831176758e-01
9.956966042518615723e-01
9.929612874984741211e-01
9.918609857559204102e-01
9.926140308380126953e-01
9.944205880165100098e-01
9.964293241500854492e-01
9.964685440063476562e-01
9.925564527511596680e-01
9.917124509811401367e-01
9.923958182334899902e-01
9.961402416229248047e-01
9.988062381744384766e-01
9.996747970581054688e-01
9.999510645866394043e-01
9.999979138374328613e-01
9.999991655349731445e-01
9.999998807907104492e-01
9.999998211860656738e-01
9.999988079071044922e-01
9.999960660934448242e-01
9.999805092811584473e-01
9.999337196350097656e-01
9.998494982719421387e-01
9.999113082885742188e-01
9.999676346778869629e-01
9.997805953025817871e-01
9.993633031845092773e-01
9.987099170684814453e-01
9.967169761657714844e-01
9.950134158134460449e-01
9.957356452941894531e-01
9.969797730445861816e-01
9.986857771873474121e-01
9.993381500244140625e-01
9.997445940971374512e-01
9.998149275779724121e-01
9.998781085014343262e-01
9.999356269836425781e-01
9.999208450317382812e-01
9.997570514678955078e-01
9.991685152053833008e-01
9.972738623619079590e-01
9.944911003112792969e-01
9.937751293182373047e-01
9.944442510604858398e-01
9.982879161834716797e-01
9.998188614845275879e-01
9.999670982360839844e-01
9.999797940254211426e-01
9.999363422393798828e-01
9.997778534889221191e-01
9.923833608627319336e-01
9.811571240425109863e-01
9.158635139465332031e-01
8.515275120735168457e-01
7.895426750183105469e-01
8.528242111206054688e-01
9.726943373680114746e-01
9.891251921653747559e-01
9.996139407157897949e-01
9.997230768203735352e-01
9.977626800537109375e-01
9.916718602180480957e-01
9.199439287185668945e-01
8.765367269515991211e-01
8.779002428054809570e-01
9.153355956077575684e-01
9.639222621917724609e-01
9.815886616706848145e-01
9.865108728408813477e-01
9.729883074760437012e-01
7.052953243255615234e-01
3.636665344238281250e-01
1.320680826902389526e-01
1.183084205824908378e-14
2.214399928072811885e-15
0.000000000000000000e+00
3.448680508881807327e-04
3.471571020781993866e-03
1.199296489357948303e-01
3.758710920810699463e-01
4.272889196872711182e-01
4.391004145145416260e-01
5.623442530632019043e-01
7.313958406448364258e-01
9.534822702407836914e-01
9.928837418556213379e-01
9.838922619819641113e-01
9.557372331619262695e-01
8.659753203392028809e-01
7.090982794761657715e-01
4.540669620037078857e-01
2.307210862636566162e-01
2.963089644908905029e-01
5.250306129455566406e-01
9.221635460853576660e-01
9.932221174240112305e-01
9.951869249343872070e-01
9.902877211570739746e-01
9.730421304702758789e-01
9.435079097747802734e-01
6.823836565017700195e-01
3.983690440654754639e-01
2.172202020883560181e-01
2.380000054836273193e-01
4.525587558746337891e-01
7.457851171493530273e-01
9.969013929367065430e-01
9.989566206932067871e-01
9.997077584266662598e-01
9.992487430572509766e-01
9.981627464294433594e-01
9.972352981567382812e-01
9.974511265754699707e-01
9.967597126960754395e-01
9.952386617660522461e-01
9.733529090881347656e-01
9.504678845405578613e-01
9.375925660133361816e-01
8.466274738311767578e-01
6.852980852127075195e-01
3.286419510841369629e-01
2.040750160813331604e-02
3.975776210427284241e-02
1.821145266294479370e-01
4.336907267570495605e-01
6.335285902023315430e-01
8.026779890060424805e-01
8.809150457382202148e-01
9.374379515647888184e-01
9.745789170265197754e-01
9.859187006950378418e-01
9.915569424629211426e-01
9.908993244171142578e-01
9.672731757164001465e-01
9.230304360389709473e-01
7.808056473731994629e-01
6.550367474555969238e-01
6.640318632125854492e-01
7.727807164192199707e-01
9.715707302093505859e-01
9.307676553726196289e-01
8.683491945266723633e-01
8.844945430755615234e-01
7.194567918777465820e-01
3.863940834999084473e-01
1.676589995622634888e-01
1.848839595913887024e-02
9.136351943016052246e-02
3.301902115345001221e-01
7.278195023536682129e-01
8.851828575134277344e-01
9.798427224159240723e-01
9.920763969421386719e-01
9.985659122467041016e-01
9.993837475776672363e-01
9.997215270996093750e-01
9.999309778213500977e-01
9.999761581420898438e-01
9.999985098838806152e-01
9.999972581863403320e-01
9.999983310699462891e-01
9.999997019767761230e-01
9.999998211860656738e-01
9.999998807907104492e-01
9.999998211860656738e-01
9.999998807907104492e-01
9.999998807907104492e-01
9.999998807907104492e-01
9.999995231628417969e-01
9.999987483024597168e-01
9.999333024024963379e-01
9.997174143791198730e-01
9.985375404357910156e-01
9.980120062828063965e-01
9.982915520668029785e-01
9.990074038505554199e-01
9.997761249542236328e-01
9.999088644981384277e-01
9.999816417694091797e-01
9.999747276306152344e-01
9.999375939369201660e-01
9.998902678489685059e-01
9.998371005058288574e-01
9.997801184654235840e-01
9.997176527976989746e-01
9.994176626205444336e-01
9.990346431732177734e-01
9.986742734909057617e-01
9.987720847129821777e-01
9.995923638343811035e-01
9.998994469642639160e-01
9.999957680702209473e-01
9.999974966049194336e-01
9.999982118606567383e-01
9.999972581863403320e-01
9.999602437019348145e-01
9.999045133590698242e-01
9.996741414070129395e-01
9.994876384735107422e-01
9.993871450424194336e-01
9.996074438095092773e-01
9.999901056289672852e-01
9.999974370002746582e-01
9.999995231628417969e-01
9.999991655349731445e-01
9.999815225601196289e-01
9.999539256095886230e-01
9.995607137680053711e-01
9.988908767700195312e-01
9.975563883781433105e-01
9.973943829536437988e-01
9.979974627494812012e-01
9.955040812492370605e-01
9.922385215759277344e-01
9.873822927474975586e-01
9.848482012748718262e-01
9.840365052223205566e-01
9.839755892753601074e-01
9.860165715217590332e-01
9.951764345169067383e-01
9.995694756507873535e-01
9.999269247055053711e-01
9.999674558639526367e-01
9.998392462730407715e-01
9.991861581802368164e-01
9.932274222373962402e-01
9.820998311042785645e-01
8.064047694206237793e-01
5.730491280555725098e-01
2.056473642587661743e-01
1.679047942161560059e-02
3.013513237237930298e-02
3.124864399433135986e-01
6.498573422431945801e-01
8.593011498451232910e-01
9.818198084831237793e-01
9.895678162574768066e-01
9.658860564231872559e-01
9.354230165481567383e-01
9.533647298812866211e-01
9.716114401817321777e-01
9.902790188789367676e-01
9.975088834762573242e-01
9.999687671661376953e-01
9.999786019325256348e-01
9.999384284019470215e-01
9.998045563697814941e-01
9.996438026428222656e-01
9.994696378707885742e-01
9.994618296623229980e-01
9.994915127754211426e-01
9.996010661125183105e-01
9.996979236602783203e-01
9.997869729995727539e-01
9.990754723548889160e-01
9.981862902641296387e-01
9.969382286071777344e-01
9.968225955963134766e-01
9.975479841232299805e-01
9.988073110580444336e-01
9.997494816780090332e-01
9.992356300354003906e-01
9.966187477111816406e-01
9.921064376831054688e-01
6.783289909362792969e-01
3.315870165824890137e-01
1.160038113594055176e-01
3.123018331825733185e-02
9.029992669820785522e-02
1.029675081372261047e-01
9.677331149578094482e-02
3.549603000283241272e-02
9.124521166086196899e-03
3.057717159390449524e-02
3.401386737823486328e-01
7.393764257431030273e-01
8.907286524772644043e-01
9.892604351043701172e-01
9.969134330749511719e-01
9.996024966239929199e-01
9.999815821647644043e-01
9.999901652336120605e-01
9.999767541885375977e-01
9.999162554740905762e-01
9.711045622825622559e-01
9.250379204750061035e-01
4.139134585857391357e-01
8.559897541999816895e-03
2.589148469269275665e-03
2.692252019187435508e-05
7.451651617884635925e-05
4.674723446369171143e-01
9.071731567382812500e-01
9.685398936271667480e-01
9.991153478622436523e-01
9.997524023056030273e-01
9.984393715858459473e-01
9.954706430435180664e-01
9.845769405364990234e-01
9.769380092620849609e-01
9.733433127403259277e-01
9.792606830596923828e-01
9.876024127006530762e-01
9.876495003700256348e-01
9.888693094253540039e-01
9.920073747634887695e-01
9.949787855148315430e-01
9.978092908859252930e-01
9.784255027770996094e-01
7.903379797935485840e-01
2.331291884183883667e-01
1.582474075257778168e-02
9.337817900814116001e-04
2.120053832186385989e-04
5.610321462154388428e-02
2.816146314144134521e-01
5.677982568740844727e-01
9.023043513298034668e-01
9.730972647666931152e-01
9.982005953788757324e-01
9.989280104637145996e-01
9.957060217857360840e-01
9.883158802986145020e-01
9.832857847213745117e-01
9.803677797317504883e-01
9.903269410133361816e-01
9.963819384574890137e-01
9.969541430473327637e-01
9.924130439758300781e-01
9.855717420578002930e-01
9.684667587280273438e-01
9.628891348838806152e-01
9.794698953628540039e-01
7.889905571937561035e-01
4.865079820156097412e-01
3.670695126056671143e-01
3.304640352725982666e-01
5.004292130470275879e-01
7.171192169189453125e-01
9.688168168067932129e-01
9.636473655700683594e-01
8.289778828620910645e-01
2.856265306472778320e-01
7.740339264273643494e-03
1.335185603238642216e-03
4.303880035877227783e-03
4.757107794284820557e-02
4.017616212368011475e-01
6.292027235031127930e-01
6.773644685745239258e-01
6.110649704933166504e-01
5.054383277893066406e-01
5.913106203079223633e-01
7.010962367057800293e-01
8.591470122337341309e-01
9.448328614234924316e-01
9.891268014907836914e-01
9.756997823715209961e-01
9.358540177345275879e-01
8.266168832778930664e-01
8.085362315177917480e-01
8.637950420379638672e-01
9.003782272338867188e-01
9.288158416748046875e-01
9.310726523399353027e-01
9.464296698570251465e-01
9.766975045204162598e-01
9.883820414543151855e-01
9.938108325004577637e-01
9.901130199432373047e-01
9.875810742378234863e-01
9.869766831398010254e-01
9.908290505409240723e-01
9.967640638351440430e-01
9.975213408470153809e-01
9.980717897415161133e-01
9.983084797859191895e-01
9.989438652992248535e-01
9.998536705970764160e-01
9.999721646308898926e-01
9.999915361404418945e-01
9.999882578849792480e-01
9.999752640724182129e-01
9.999524354934692383e-01
9.996267557144165039e-01
9.717888236045837402e-01
7.024888992309570312e-01
4.131547510623931885e-01
9.418764710426330566e-02
6.907372007702861083e-09
1.320504932664334774e-03
1.829210221767425537e-01
4.291278123855590820e-01
8.200733661651611328e-01
9.803912043571472168e-01
9.929768443107604980e-01
9.940631389617919922e-01
9.937117695808410645e-01
9.922162890434265137e-01
9.928733110427856445e-01
9.956118464469909668e-01
9.977620244026184082e-01
9.992581009864807129e-01
9.965202808380126953e-01
9.749549627304077148e-01
9.260168075561523438e-01
7.718715071678161621e-01
5.767669677734375000e-01
6.717413067817687988e-01
7.737467288970947266e-01
8.917446732521057129e-01
9.508136510848999023e-01
9.717386364936828613e-01
9.776090383529663086e-01
9.809072613716125488e-01
9.803482890129089355e-01
9.703194499015808105e-01
9.508283734321594238e-01
8.160583972930908203e-01
6.771066188812255859e-01
7.762590050697326660e-01
8.687729239463806152e-01
9.512608647346496582e-01
9.824163317680358887e-01
9.906672239303588867e-01
9.894371628761291504e-01
9.888292551040649414e-01
9.900243878364562988e-01
9.844495654106140137e-01
9.740246534347534180e-01
9.617195129394531250e-01
9.525837898254394531e-01
9.595534205436706543e-01
9.721706509590148926e-01
9.911469817161560059e-01
9.935284256935119629e-01
9.913330674171447754e-01
9.964973926544189453e-01
9.998500347137451172e-01
9.999555945396423340e-01
9.999600648880004883e-01
9.999109506607055664e-01
9.980484843254089355e-01
9.874838590621948242e-01
9.502388834953308105e-01
6.828276515007019043e-01
2.181152999401092529e-01
7.170409709215164185e-02
7.469001302622626695e-27
2.748029896739443646e-27
2.455642074346542358e-01
8.314530253410339355e-01
5.826581120491027832e-01
1.315795503666149631e-22
2.399341248962766067e-20
1.295007765293121338e-01
5.612753629684448242e-01
8.270941972732543945e-01
9.790667295455932617e-01
9.977924227714538574e-01
9.991132020950317383e-01
9.994983673095703125e-01
9.996432662010192871e-01
9.995172619819641113e-01
9.732043743133544922e-01
9.296433329582214355e-01
7.290471196174621582e-01
6.461015343666076660e-01
7.857981920242309570e-01
8.927873969078063965e-01
9.812669157981872559e-01
9.926010966300964355e-01
9.969618916511535645e-01
9.971909523010253906e-01
9.978860020637512207e-01
9.990246891975402832e-01
9.995210766792297363e-01
9.998328685760498047e-01
9.998700022697448730e-01
9.999029040336608887e-01
9.999288320541381836e-01
9.999577403068542480e-01
9.999880790710449219e-01
9.999939799308776855e-01
9.999951720237731934e-01
9.999850392341613770e-01
9.999830722808837891e-01
9.999879598617553711e-01
9.999105930328369141e-01
9.998235702514648438e-01
9.997848272323608398e-01
9.997937679290771484e-01
9.998704791069030762e-01
9.998903274536132812e-01
9.998857975006103516e-01
9.996064305305480957e-01
9.993619918823242188e-01
9.992166757583618164e-01
9.990364313125610352e-01
9.988291859626770020e-01
9.988684654235839844e-01
9.988926649093627930e-01
9.985660314559936523e-01
9.908751845359802246e-01
9.733759760856628418e-01
9.727777838706970215e-01
9.785933494567871094e-01
9.359315037727355957e-01
9.036339521408081055e-01
8.965971469879150391e-01
9.174707531929016113e-01
9.587619304656982422e-01
9.792703986167907715e-01
9.942650198936462402e-01
9.965509176254272461e-01
9.890500307083129883e-01
9.688603878021240234e-01
7.922787666320800781e-01
5.567166209220886230e-01
5.450235605239868164e-01
5.914843082427978516e-01
7.780222892761230469e-01
9.037912487983703613e-01
9.853712916374206543e-01
9.981366395950317383e-01
9.997419714927673340e-01
9.998670220375061035e-01
9.998758435249328613e-01
9.997310042381286621e-01
9.993417859077453613e-01
9.988541007041931152e-01
9.989344477653503418e-01
9.991187453269958496e-01
9.995657801628112793e-01
9.998278617858886719e-01
9.999477267265319824e-01
9.998911619186401367e-01
9.987131953239440918e-01
9.904077053070068359e-01
9.786528348922729492e-01
9.620289802551269531e-01
9.710676670074462891e-01
9.911762475967407227e-01
9.956328272819519043e-01
9.988631606101989746e-01
9.995330572128295898e-01
9.998607635498046875e-01
9.999026656150817871e-01
9.997187256813049316e-01
9.988483190536499023e-01
9.926668405532836914e-01
9.521673321723937988e-01
8.580445051193237305e-01
8.439323306083679199e-01
8.688992261886596680e-01
9.210361242294311523e-01
9.543846845626831055e-01
9.224622845649719238e-01
8.301628828048706055e-01
6.809345483779907227e-01
6.170490384101867676e-01
5.709863901138305664e-01
4.718421399593353271e-01
4.370589256286621094e-01
5.191687941551208496e-01
6.938214898109436035e-01
9.212741851806640625e-01
9.708837270736694336e-01
9.978822469711303711e-01
9.991565942764282227e-01
9.996975660324096680e-01
9.994292855262756348e-01
9.996276497840881348e-01
9.999542236328125000e-01
9.996252059936523438e-01
9.992571473121643066e-01
9.988043308258056641e-01
9.988222718238830566e-01
9.991670250892639160e-01
9.995846748352050781e-01
9.999549388885498047e-01
9.999817609786987305e-01
9.999936819076538086e-01
9.999854564666748047e-01
9.999392628669738770e-01
9.998769760131835938e-01
9.996905922889709473e-01
9.993434548377990723e-01
9.985431432723999023e-01
9.957586526870727539e-01
9.912438392639160156e-01
9.895941019058227539e-01
9.892646074295043945e-01
9.958204030990600586e-01
1.000000000000000000e+00
1.000000000000000000e+00
9.980016946792602539e-01
9.948750734329223633e-01
9.962267279624938965e-01
9.976630210876464844e-01
9.976761341094970703e-01
9.918889403343200684e-01
9.794718623161315918e-01
8.895688652992248535e-01
7.729621529579162598e-01
6.696076393127441406e-01
6.021929383277893066e-01
6.217206120491027832e-01
6.192178726196289062e-01
5.997769236564636230e-01
6.870373487472534180e-01
7.943907976150512695e-01
8.999001383781433105e-01
9.724975228309631348e-01
9.930359125137329102e-01
9.990380406379699707e-01
9.975852370262145996e-01
9.979990720748901367e-01
9.985053539276123047e-01
9.988769292831420898e-01
9.983956217765808105e-01
9.970046877861022949e-01
9.957957863807678223e-01
9.946970343589782715e-01
9.954258203506469727e-01
9.963198900222778320e-01
9.975966811180114746e-01
9.984031319618225098e-01
9.988567829132080078e-01
9.985895156860351562e-01
9.979338049888610840e-01
9.953366518020629883e-01
9.886149764060974121e-01
9.753560423851013184e-01
7.932125926017761230e-01
5.230659842491149902e-01
2.328834831714630127e-01
7.439195093272843451e-11
2.573088964119563116e-11
3.079594481143001664e-28
9.622908004165851746e-28
1.099463254213333130e-01
2.604881823062896729e-01
6.125329732894897461e-01
8.760247230529785156e-01
9.132690429687500000e-01
9.476807117462158203e-01
9.798310399055480957e-01
9.914507865905761719e-01
9.980223178863525391e-01
9.986931085586547852e-01
9.404536485671997070e-01
7.784445285797119141e-01
4.566826820373535156e-01
4.179040342569351196e-02
1.444563865661621094e-01
3.411142528057098389e-01
7.174565196037292480e-01
9.441483020782470703e-01
9.771823287010192871e-01
9.889593124389648438e-01
9.917731881141662598e-01
9.913411736488342285e-01
9.893866777420043945e-01
9.829025268554687500e-01
8.874078989028930664e-01
7.059962749481201172e-01
3.672047853469848633e-01
1.403157557293909055e-17
5.726293861609099052e-18
0.000000000000000000e+00
0.000000000000000000e+00
1.635790613363496959e-05
4.470502608455717564e-05
4.804019927978515625e-01
9.899051785469055176e-01
9.960367083549499512e-01
9.982143640518188477e-01
9.937803149223327637e-01
9.688702821731567383e-01
9.323744773864746094e-01
9.632265567779541016e-01
9.945335388183593750e-01
9.943006038665771484e-01
9.941325783729553223e-01
9.940480589866638184e-01
9.953609108924865723e-01
9.972635507583618164e-01
9.839175343513488770e-01
9.670234322547912598e-01
9.399861693382263184e-01
9.097093343734741211e-01
8.760913014411926270e-01
7.350406050682067871e-01
5.569632053375244141e-01
2.534938454627990723e-01
3.107753768563270569e-02
9.646345861256122589e-03
4.041375234464794630e-07
6.792313911319070030e-08
2.226855140179395676e-04
4.539025202393531799e-02
6.205960512161254883e-01
8.769291639328002930e-01
5.153849124908447266e-01
3.523584902286529541e-01
3.207208812236785889e-01
5.216407775878906250e-01
7.254827022552490234e-01
6.967868804931640625e-01
5.441519021987915039e-01
1.966567635536193848e-01
5.250379443168640137e-02
1.778873242437839508e-02
8.231701701879501343e-02
2.259310781955718994e-01
6.982004642486572266e-01
9.733856320381164551e-01
9.933089613914489746e-01
9.995520114898681641e-01
9.998458623886108398e-01
9.987591505050659180e-01
9.864655137062072754e-01
9.339800477027893066e-01
8.475354909896850586e-01
7.236453294754028320e-01
6.880273222923278809e-01
6.838063001632690430e-01
8.345756530761718750e-01
9.258526563644409180e-01
8.429311513900756836e-01
5.644342899322509766e-01
1.031177416443824768e-01
2.478550253925959623e-09
1.081951198724506931e-36
4.470078874609456121e-37
7.901687920093536377e-02
3.465591669082641602e-01
6.290597319602966309e-01
9.236593842506408691e-01
9.846220612525939941e-01
9.907606244087219238e-01
9.951639771461486816e-01
9.982641935348510742e-01
9.986767172813415527e-01
9.963660240173339844e-01
9.921246170997619629e-01
9.890840053558349609e-01
9.871824979782104492e-01
9.934952259063720703e-01
9.978653788566589355e-01
9.987449645996093750e-01
9.986991286277770996e-01
9.980764985084533691e-01
9.966513514518737793e-01
9.951815009117126465e-01
9.942296147346496582e-01
9.947373270988464355e-01
9.975938796997070312e-01
9.989492297172546387e-01
9.994556307792663574e-01
9.996533989906311035e-01
9.998068213462829590e-01
9.999133348464965820e-01
9.999810457229614258e-01
9.999920129776000977e-01
9.999961256980895996e-01
9.999967217445373535e-01
9.813510775566101074e-01
9.110044836997985840e-01
5.988187193870544434e-01
4.583972096443176270e-01
5.486992597579956055e-01
7.100384235382080078e-01
9.048731923103332520e-01
9.510147571563720703e-01
9.808191657066345215e-01
9.863576292991638184e-01
9.912127256393432617e-01
9.952009916305541992e-01
9.967470765113830566e-01
9.972165822982788086e-01
9.960716962814331055e-01
9.840607047080993652e-01
9.295035600662231445e-01
9.071967005729675293e-01
9.234917163848876953e-01
9.521908164024353027e-01
9.860185980796813965e-01
9.935768246650695801e-01
9.973564147949218750e-01
9.912111759185791016e-01
9.797571301460266113e-01
9.621405005455017090e-01
9.665979146957397461e-01
9.799073338508605957e-01
9.907695055007934570e-01
9.982763528823852539e-01
9.940528869628906250e-01
9.212096929550170898e-01
7.706322669982910156e-01
4.945319890975952148e-01
1.700373739004135132e-01
8.419347554445266724e-02
4.581286013126373291e-02
1.504476815462112427e-01
1.975612938404083252e-01
1.802544146776199341e-01
1.080771163105964661e-01
1.459781453013420105e-02
9.308901615440845490e-03
2.639620751142501831e-02
1.130042821168899536e-01
2.679175138473510742e-01
5.001257061958312988e-01
6.289821863174438477e-01
7.171599268913269043e-01
8.648130297660827637e-01
9.782598018646240234e-01
9.614192247390747070e-01
9.637329578399658203e-01
9.880953431129455566e-01
9.967834353446960449e-01
9.991451501846313477e-01
9.991084933280944824e-01
9.982414841651916504e-01
9.945952892303466797e-01
9.564198851585388184e-01
8.768643140792846680e-01
7.279849052429199219e-01
5.494515299797058105e-01
7.709884047508239746e-01
9.694284796714782715e-01
9.886993169784545898e-01
9.995563030242919922e-01
9.998931288719177246e-01
9.999970197677612305e-01
9.999967813491821289e-01
9.999814629554748535e-01
9.999238252639770508e-01
9.996789693832397461e-01
9.970372319221496582e-01
9.911818504333496094e-01
9.696748256683349609e-01
9.405394792556762695e-01
9.169979691505432129e-01
9.067513942718505859e-01
9.616981148719787598e-01
9.954850077629089355e-01
9.986668825149536133e-01
9.997715950012207031e-01
9.997764825820922852e-01
9.967064857482910156e-01
9.928176999092102051e-01
9.860751628875732422e-01
9.859128594398498535e-01
9.961968660354614258e-01
9.937847256660461426e-01
9.839222431182861328e-01
9.121204018592834473e-01
8.496131300926208496e-01
9.246610403060913086e-01
9.781953096389770508e-01
9.936683177947998047e-01
9.998615980148315430e-01
9.999798536300659180e-01
9.999703764915466309e-01
9.998106360435485840e-01
9.983919858932495117e-01
9.922196269035339355e-01
9.765098690986633301e-01
9.465311169624328613e-01
9.060086607933044434e-01
9.378127455711364746e-01
9.836587309837341309e-01
9.932754039764404297e-01
1.000000000000000000e+00
1.000000000000000000e+00
9.998141527175903320e-01
9.994705915451049805e-01
9.989475011825561523e-01
9.983365535736083984e-01
9.961751103401184082e-01
9.940324425697326660e-01
9.919414520263671875e-01
9.916143417358398438e-01
9.930104017257690430e-01
9.912686944007873535e-01
9.884555935859680176e-01
9.489870071411132812e-01
8.856880068778991699e-01
7.423020601272583008e-01
5.797787308692932129e-01
3.950968086719512939e-01
2.383553385734558105e-01
9.327862411737442017e-02
1.100156456232070923e-01
2.212161570787429810e-01
7.142113447189331055e-01
1.000000000000000000e+00
1.000000000000000000e+00
6.426730155944824219e-01
1.014284342527389526e-01
1.148921623826026917e-01
2.149290293455123901e-01
4.633528292179107666e-01
5.344257950782775879e-01
3.063644468784332275e-01
3.299832940101623535e-01
5.154588818550109863e-01
7.479110360145568848e-01
9.700160622596740723e-01
9.878575801849365234e-01
9.998256564140319824e-01
9.993249177932739258e-01
9.948275685310363770e-01
9.871685504913330078e-01
9.897782802581787109e-01
9.949636459350585938e-01
9.978669881820678711e-01
9.987229108810424805e-01
9.939315915107727051e-01
9.923869967460632324e-01
9.940717220306396484e-01
9.962729215621948242e-01
9.986621737480163574e-01
9.991848468780517578e-01
9.978380799293518066e-01
9.895330071449279785e-01
8.089801669120788574e-01
4.102938771247863770e-01
2.543006539344787598e-01
2.134407758712768555e-01
4.377868175506591797e-01
6.745770573616027832e-01
8.364119529724121094e-01
7.381945252418518066e-01
2.178658396005630493e-01
1.105592865496873856e-02
1.469920971430838108e-03
0.000000000000000000e+00
0.000000000000000000e+00
0.000000000000000000e+00
0.000000000000000000e+00
0.000000000000000000e+00
0.000000000000000000e+00
0.000000000000000000e+00
6.143663366928817284e-27
3.972176345996558666e-04
3.058901987969875336e-02
1.720330268144607544e-01
6.521461606025695801e-01
9.283704757690429688e-01
9.823895096778869629e-01
9.982495307922363281e-01
9.984724521636962891e-01
9.986743927001953125e-01
9.989335536956787109e-01
9.994740486145019531e-01
9.997746348381042480e-01
9.997197389602661133e-01
9.970049858093261719e-01
9.927616119384765625e-01
9.544820785522460938e-01
9.056879878044128418e-01
8.077979087829589844e-01
7.668685913085937500e-01
8.420187830924987793e-01
9.028024077415466309e-01
9.522476196289062500e-01
9.669613838195800781e-01
9.724729061126708984e-01
9.877763390541076660e-01
9.994072914123535156e-01
9.997903704643249512e-01
9.999866485595703125e-01
9.999763965606689453e-01
9.993996620178222656e-01
9.985855221748352051e-01
9.734649658203125000e-01
9.154623746871948242e-01
6.980317234992980957e-01
6.013100147247314453e-01
6.918605566024780273e-01
8.166025280952453613e-01
9.624243378639221191e-01
9.890791773796081543e-01
9.927258491516113281e-01
9.746793508529663086e-01
8.882180452346801758e-01
6.424251198768615723e-01
4.646408557891845703e-01
3.473345339298248291e-01
5.394024252891540527e-01
8.321927189826965332e-01
9.095807075500488281e-01
9.651308059692382812e-01
9.541133642196655273e-01
9.479643106460571289e-01
9.481595158576965332e-01
9.342060089111328125e-01
9.130149483680725098e-01
9.161935448646545410e-01
9.240049123764038086e-01
9.440076351165771484e-01
9.624193310737609863e-01
9.776345491409301758e-01
9.882984757423400879e-01
9.954146742820739746e-01
9.981589317321777344e-01
9.997011423110961914e-01
9.998583793640136719e-01
9.999806284904479980e-01
9.999899864196777344e-01
9.999856948852539062e-01
9.999655485153198242e-01
9.997929334640502930e-01
9.995509386062622070e-01
9.995083212852478027e-01
9.994588494300842285e-01
9.992402195930480957e-01
9.982660412788391113e-01
9.959350228309631348e-01
9.857358336448669434e-01
9.698420166969299316e-01
9.649450182914733887e-01
9.632443785667419434e-01
9.796944856643676758e-01
9.931597113609313965e-01
9.975982308387756348e-01
9.998942017555236816e-01
9.997828602790832520e-01
9.918294548988342285e-01
9.804263710975646973e-01
9.150673747062683105e-01
8.437728881835937500e-01
7.666540145874023438e-01
7.542263865470886230e-01
8.568367958068847656e-01
8.513876199722290039e-01
7.676922678947448730e-01
4.244245886802673340e-01
2.579743787646293640e-02
1.112504303455352783e-02
1.081406474113464355e-01
5.541449785232543945e-01
8.463109135627746582e-01
9.616397619247436523e-01
9.984571933746337891e-01
9.991267323493957520e-01
9.994652867317199707e-01
9.993555545806884766e-01
9.963980913162231445e-01
9.780215024948120117e-01
9.303440451622009277e-01
6.692341566085815430e-01
2.433049380779266357e-01
8.445637673139572144e-02
6.471726265999677707e-08
2.839217927430581767e-08
4.642165062628867486e-21
1.670797905683691385e-21
6.825020557472484644e-26
2.241791576470959151e-25
2.271855473518371582e-01
5.740367770195007324e-01
7.970734834671020508e-01
9.841473102569580078e-01
9.926573634147644043e-01
9.987139105796813965e-01
9.993116855621337891e-01
9.996399283409118652e-01
9.997270703315734863e-01
9.998303651809692383e-01
9.999392628669738770e-01
9.999716281890869141e-01
9.999957680702209473e-01
9.999969601631164551e-01
9.999817013740539551e-01
9.999409914016723633e-01
9.994185566902160645e-01
9.985872507095336914e-01
9.814780950546264648e-01
9.544517397880554199e-01
7.763642668724060059e-01
5.944564342498779297e-01
4.024028480052947998e-01
3.464357554912567139e-01
4.427427053451538086e-01
6.047151088714599609e-01
7.969946861267089844e-01
8.968167304992675781e-01
9.776781201362609863e-01
9.905638098716735840e-01
9.993535876274108887e-01
9.997891187667846680e-01
9.998769760131835938e-01
9.996740818023681641e-01
9.973678588867187500e-01
9.943905472755432129e-01
9.848954081535339355e-01
9.756903052330017090e-01
9.685050249099731445e-01
9.637995958328247070e-01
9.628159999847412109e-01
9.555809497833251953e-01
9.444022178649902344e-01
9.424425363540649414e-01
9.430065751075744629e-01
9.583724737167358398e-01
9.694618582725524902e-01
9.676578640937805176e-01
9.659730792045593262e-01
9.644270539283752441e-01
9.675628542900085449e-01
9.729689955711364746e-01
9.464514255523681641e-01
9.123178720474243164e-01
8.458608984947204590e-01
8.126733899116516113e-01
8.533255457878112793e-01
9.085456132888793945e-01
9.771620631217956543e-01
9.972258806228637695e-01
9.994778633117675781e-01
9.996760487556457520e-01
9.997524023056030273e-01
9.998625516891479492e-01
9.997926354408264160e-01
9.994057416915893555e-01
9.982300400733947754e-01
9.964681863784790039e-01
9.945890903472900391e-01
9.926775097846984863e-01
9.958361983299255371e-01
9.983414411544799805e-01
9.981368184089660645e-01
9.950661659240722656e-01
9.879065155982971191e-01
9.758304953575134277e-01
9.607174992561340332e-01
9.655432701110839844e-01
9.746285676956176758e-01
9.872368574142456055e-01
9.971516728401184082e-01
9.986937642097473145e-01
9.992725849151611328e-01
9.986861944198608398e-01
9.974371790885925293e-01
9.958461523056030273e-01
9.556360840797424316e-01
8.770213723182678223e-01
4.018407762050628662e-01
5.149042233824729919e-02
1.772792637348175049e-02
2.225029282271862030e-03
5.846498534083366394e-03
2.899205684661865234e-01
6.970369219779968262e-01
8.567577004432678223e-01
9.763223528861999512e-01
9.875411987304687500e-01
9.958607554435729980e-01
9.978119730949401855e-01
9.990804791450500488e-01
9.997154474258422852e-01
9.999302029609680176e-01
9.999858736991882324e-01
9.999490380287170410e-01
9.998905062675476074e-01
9.997381567955017090e-01
9.995375871658325195e-01
9.992436766624450684e-01
9.927465319633483887e-01
9.810582995414733887e-01
6.610487699508666992e-01
2.377282679080963135e-01
1.040540859103202820e-01
3.581270575523376465e-03
4.546769428998231888e-03
2.044176906347274780e-01
7.575302124023437500e-01
9.947206974029541016e-01
9.872716069221496582e-01
9.234432578086853027e-01
8.423818945884704590e-01
8.090349435806274414e-01
7.910860180854797363e-01
8.395599722862243652e-01
8.825790286064147949e-01
9.165663719177246094e-01
6.317031383514404297e-01
1.141449809074401855e-01
1.233761224882644645e-17
2.319749704240714999e-19
2.575376134572593401e-09
4.608077555894851685e-02
2.972827553749084473e-01
5.628181099891662598e-01
8.512667417526245117e-01
9.720466136932373047e-01
9.744669198989868164e-01
9.597261548042297363e-01
9.403908848762512207e-01
9.253697395324707031e-01
9.057368636131286621e-01
8.664427399635314941e-01
8.663114309310913086e-01
9.274988770484924316e-01
9.660644531250000000e-01
9.888615608215332031e-01
9.952546358108520508e-01
9.972718954086303711e-01
9.984013438224792480e-01
9.991906285285949707e-01
9.985492229461669922e-01
9.949872493743896484e-01
9.868096709251403809e-01
9.864220023155212402e-01
9.915221333503723145e-01
9.944349527359008789e-01
9.967478513717651367e-01
9.921015501022338867e-01
9.882453083992004395e-01
9.884141087532043457e-01
9.851462841033935547e-01
9.762746095657348633e-01
9.745023846626281738e-01
9.779326319694519043e-01
9.792783856391906738e-01
9.800165891647338867e-01
9.866529703140258789e-01
9.929125308990478516e-01
9.964923858642578125e-01
9.981085658073425293e-01
9.963220953941345215e-01
9.922276139259338379e-01
9.863488674163818359e-01
9.839328527450561523e-01
9.826035499572753906e-01
9.903075695037841797e-01
9.973127245903015137e-01
9.981725215911865234e-01
9.962079524993896484e-01
9.889326691627502441e-01
9.765401482582092285e-01
9.598632454872131348e-01
9.577021598815917969e-01
9.606866240501403809e-01
9.802514910697937012e-01
9.984604716300964355e-01
9.993701577186584473e-01
9.999868869781494141e-01
9.999933838844299316e-01
9.999952316284179688e-01
9.999927282333374023e-01
9.998894333839416504e-01
9.997457861900329590e-01
9.993731975555419922e-01
9.990369677543640137e-01
9.992439150810241699e-01
9.994879961013793945e-01
9.998223185539245605e-01
9.999890923500061035e-01
9.999786019325256348e-01
9.999824166297912598e-01
9.999930858612060547e-01
9.999952316284179688e-01
9.999960660934448242e-01
9.999953508377075195e-01
9.999907016754150391e-01
9.999746680259704590e-01
9.999365210533142090e-01
9.998713731765747070e-01
9.997906088829040527e-01
9.997008442878723145e-01
9.990519285202026367e-01
9.982581138610839844e-01
9.962037205696105957e-01
9.952373504638671875e-01
9.982280135154724121e-01
9.628549218177795410e-01
8.711557984352111816e-01
8.486750721931457520e-01
8.726800084114074707e-01
9.223637580871582031e-01
9.787878394126892090e-01
9.876355528831481934e-01
9.931759238243103027e-01
9.877612590789794922e-01
9.864757061004638672e-01
9.925188422203063965e-01
9.959194064140319824e-01
9.971362352371215820e-01
9.786956906318664551e-01
9.532516598701477051e-01
7.548013329505920410e-01
5.365785956382751465e-01
2.744372785091400146e-01
1.944062858819961548e-01
5.282999873161315918e-01
6.527959108352661133e-01
5.633749365806579590e-01
5.500906705856323242e-01
5.720162987709045410e-01
7.700861692428588867e-01
9.808230400085449219e-01
9.915741682052612305e-01
9.996468424797058105e-01
9.995964169502258301e-01
9.979039430618286133e-01
9.940791130065917969e-01
9.872158169746398926e-01
9.784954190254211426e-01
9.756333827972412109e-01
9.741559624671936035e-01
9.774615168571472168e-01
9.813115000724792480e-01
9.874750971794128418e-01
9.925742149353027344e-01
9.958724975585937500e-01
9.973483085632324219e-01
9.973610043525695801e-01
9.979801177978515625e-01
9.988095760345458984e-01
9.969719648361206055e-01
9.951657652854919434e-01
9.953310489654541016e-01
9.960280656814575195e-01
9.979873895645141602e-01
9.992216229438781738e-01
9.996627569198608398e-01
9.997426867485046387e-01
9.996389746665954590e-01
9.992464184761047363e-01
9.988242387771606445e-01
9.990447163581848145e-01
9.993115663528442383e-01
9.997429847717285156e-01
9.993233680725097656e-01
9.976400732994079590e-01
9.958381652832031250e-01
9.939451813697814941e-01
9.950490593910217285e-01
9.970442056655883789e-01
9.985691905021667480e-01
9.998751282691955566e-01
9.999464154243469238e-01
9.999952316284179688e-01
9.999958872795104980e-01
9.999932646751403809e-01
9.999873042106628418e-01
9.999403953552246094e-01
9.998744130134582520e-01
9.997153282165527344e-01
9.995500445365905762e-01
9.995529055595397949e-01
9.995953440666198730e-01
9.997695088386535645e-01
9.999007582664489746e-01
9.999712705612182617e-01
1.000000000000000000e+00
1.000000000000000000e+00
9.998515844345092773e-01
9.996597766876220703e-01
9.982964992523193359e-01
9.969799518585205078e-01
9.963516592979431152e-01
9.963091015815734863e-01
9.975544214248657227e-01
9.982659220695495605e-01
9.984214901924133301e-01
9.389656782150268555e-01
8.502621054649353027e-01
5.282194614410400391e-01
1.768582463264465332e-01
1.985255628824234009e-01
2.675042152404785156e-01
5.156906247138977051e-01
7.296102643013000488e-01
8.906092047691345215e-01
9.727250337600708008e-01
9.944291114807128906e-01
1.000000000000000000e+00
1.000000000000000000e+00
9.917052388191223145e-01
9.833702445030212402e-01
9.810046553611755371e-01
9.816698431968688965e-01
9.901864528656005859e-01
9.960391521453857422e-01
9.986745119094848633e-01
9.997543692588806152e-01
9.999276995658874512e-01
9.999106526374816895e-01
9.998489022254943848e-01
9.993965029716491699e-01
9.990028142929077148e-01
9.989497065544128418e-01
9.990640878677368164e-01
9.995085000991821289e-01
9.997988343238830566e-01
9.999442100524902344e-01
9.999930858612060547e-01
9.999984502792358398e-01
9.999995827674865723e-01
9.999999403953552246e-01
9.999985694885253906e-01
9.999718666076660156e-01
9.998543262481689453e-01
9.965761899948120117e-01
9.884149432182312012e-01
9.724279642105102539e-01
9.504361152648925781e-01
9.494723081588745117e-01
9.558829069137573242e-01
9.697132110595703125e-01
9.725646972656250000e-01
8.531712293624877930e-01
7.283465266227722168e-01
5.870042443275451660e-01
6.009363532066345215e-01
8.165877461433410645e-01
9.307661056518554688e-01
9.798642396926879883e-01
9.946037530899047852e-01
9.997730851173400879e-01
1.000000000000000000e+00
9.983829855918884277e-01
9.859528541564941406e-01
9.678016304969787598e-01
9.365051984786987305e-01
9.187142848968505859e-01
9.161155223846435547e-01
9.331306219100952148e-01
9.610187411308288574e-01
9.703835248947143555e-01
9.756068587303161621e-01
8.626987934112548828e-01
7.721709609031677246e-01
8.059973716735839844e-01
8.532456755638122559e-01
9.279840588569641113e-01
9.744458794593811035e-01
9.929956197738647461e-01
9.988484382629394531e-01
9.985193014144897461e-01
9.989562034606933594e-01
9.995331764221191406e-01
9.997895359992980957e-01
9.996827244758605957e-01
9.979360699653625488e-01
9.920520186424255371e-01
9.784817695617675781e-01
8.588690161705017090e-01
6.405891776084899902e-01
3.807190358638763428e-01
1.010950729250907898e-01
4.963398352265357971e-02
4.628568887710571289e-02
4.235460460186004639e-01
7.548345327377319336e-01
9.003001451492309570e-01
9.938986301422119141e-01
9.966032505035400391e-01
9.977005720138549805e-01
9.973667263984680176e-01
9.976742267608642578e-01
9.982617497444152832e-01
9.985629320144653320e-01
9.987751245498657227e-01
9.976175427436828613e-01
9.883496761322021484e-01
9.463309049606323242e-01
8.488790392875671387e-01
6.546910405158996582e-01
5.968028306961059570e-01
6.581717729568481445e-01
6.960953474044799805e-01
7.239248752593994141e-01
4.819693863391876221e-01
2.121097892522811890e-01
3.717350661754608154e-01
5.451117157936096191e-01
7.740449309349060059e-01
9.350314140319824219e-01
9.747676849365234375e-01
9.889048337936401367e-01
9.798485040664672852e-01
9.349371790885925293e-01
8.738838434219360352e-01
8.442170619964599609e-01
8.211870789527893066e-01
8.656246066093444824e-01
9.087720513343811035e-01
9.468420147895812988e-01
9.747571349143981934e-01
9.840447902679443359e-01
9.871241450309753418e-01
9.843502044677734375e-01
9.414510726928710938e-01
8.795472979545593262e-01
8.639563918113708496e-01
8.565583825111389160e-01
6.756677627563476562e-01
4.902439117431640625e-01
2.848362922668457031e-01
1.874341666698455811e-01
3.114825785160064697e-01
3.875620961189270020e-01
4.145798385143280029e-01
4.071086347103118896e-01
3.814633786678314209e-01
5.778483152389526367e-01
8.228740692138671875e-01
9.087482690811157227e-01
9.808456301689147949e-01
9.902371168136596680e-01
9.970108270645141602e-01
9.977273344993591309e-01
9.982177615165710449e-01
9.984422326087951660e-01
9.987031221389770508e-01
9.989857077598571777e-01
9.983151555061340332e-01
9.973800182342529297e-01
5.985974073410034180e-01
2.081655114889144897e-01
9.754353016614913940e-02
3.923564404249191284e-02
1.251040846109390259e-01
2.796516120433807373e-01
5.278698801994323730e-01
6.895343661308288574e-01
7.894429564476013184e-01
8.487526774406433105e-01
8.937781453132629395e-01
5.851024389266967773e-01
2.497291117906570435e-01
1.097223833203315735e-01
7.627198101545218378e-06
4.249416815582662821e-05
3.269925713539123535e-02
1.194893866777420044e-01
1.216062679886817932e-01
5.017685890197753906e-02
2.894081547856330872e-02
2.983221039175987244e-02
1.158743798732757568e-01
2.172414809465408325e-01
4.167889058589935303e-01
5.990067124366760254e-01
6.953586935997009277e-01
7.868421673774719238e-01
8.678351640701293945e-01
9.332788586616516113e-01
9.813110232353210449e-01
9.991002678871154785e-01
9.992160797119140625e-01
5.722759962081909180e-01
3.012096509337425232e-02
2.863309637177735567e-04
4.629049508366733789e-04
4.621865227818489075e-03
1.427525579929351807e-01
6.695026159286499023e-01
9.831816554069519043e-01
9.947882294654846191e-01
9.998086094856262207e-01
9.998009204864501953e-01
9.996163845062255859e-01
9.993638992309570312e-01
9.992557764053344727e-01
9.991759657859802246e-01
9.993351697921752930e-01
9.989776611328125000e-01
9.963271021842956543e-01
9.878730773925781250e-01
9.680194854736328125e-01
9.663641452789306641e-01
9.835048317909240723e-01
9.926807284355163574e-01
9.975211024284362793e-01
9.987949728965759277e-01
9.991768002510070801e-01
9.983959794044494629e-01
9.969396591186523438e-01
9.900957345962524414e-01
9.644214510917663574e-01
8.844509720802307129e-01
7.255542874336242676e-01
4.531763195991516113e-01
2.744111418724060059e-01
1.698540002107620239e-01
3.948329091072082520e-01
7.534425258636474609e-01
8.156580924987792969e-01
8.314309716224670410e-01
8.393469452857971191e-01
8.592181801795959473e-01
9.386281967163085938e-01
9.938228726387023926e-01
9.976286888122558594e-01
9.991117715835571289e-01
9.979689121246337891e-01
9.320087432861328125e-01
8.262460827827453613e-01
5.015438795089721680e-01
1.103867217898368835e-01
6.330872327089309692e-02
5.788443610072135925e-02
2.059089094400405884e-01
3.747242689132690430e-01
6.176268458366394043e-01
8.085522651672363281e-01
9.106998443603515625e-01
9.711903929710388184e-01
9.927759766578674316e-01
9.994909167289733887e-01
9.987276196479797363e-01
9.990685582160949707e-01
9.996639490127563477e-01
9.998324513435363770e-01
9.999677538871765137e-01
9.999799728393554688e-01
9.999892711639404297e-01
9.999898672103881836e-01
9.999781847000122070e-01
9.999482035636901855e-01
9.997476339340209961e-01
9.994063973426818848e-01
9.702891707420349121e-01
9.285557866096496582e-01
5.377531051635742188e-01
8.375679701566696167e-02
3.727654516696929932e-01
6.327617764472961426e-01
6.732048392295837402e-01
7.475328445434570312e-01
9.070708155632019043e-01
9.988676309585571289e-01
9.996219873428344727e-01
9.999532699584960938e-01
9.999673366546630859e-01
9.999665021896362305e-01
9.999598860740661621e-01
9.907764792442321777e-01
9.777073860168457031e-01
6.750558018684387207e-01
3.848657310009002686e-01
1.589910686016082764e-01
4.885556176304817200e-03
1.869240961968898773e-02
2.754147723317146301e-02
3.017137013375759125e-02
2.668365836143493652e-02
1.889413781464099884e-02
2.014314830303192139e-01
4.547964334487915039e-01
7.169625759124755859e-01
9.770350456237792969e-01
9.884203076362609863e-01
9.980847239494323730e-01
9.984804987907409668e-01
9.987133741378784180e-01
9.985715150833129883e-01
9.986950755119323730e-01
9.991506338119506836e-01
9.995149374008178711e-01
9.998147487640380859e-01
9.998754858970642090e-01
9.998481273651123047e-01
9.527333378791809082e-01
8.924484848976135254e-01
4.154497385025024414e-01
1.267286576330661774e-02
2.095667459070682526e-02
1.547164171934127808e-01
5.880566239356994629e-01
8.682107925415039062e-01
9.521176815032958984e-01
9.906089901924133301e-01
9.959638714790344238e-01
9.983135461807250977e-01
9.994812011718750000e-01
9.975415468215942383e-01
9.950947165489196777e-01
6.219416856765747070e-01
3.077895045280456543e-01
3.568468689918518066e-01
4.161359667778015137e-01
5.013899803161621094e-01
6.055412888526916504e-01
7.358670234680175781e-01
8.459075689315795898e-01
9.402219653129577637e-01
9.798477292060852051e-01
9.955067038536071777e-01
9.988471269607543945e-01
9.997106194496154785e-01
9.994632005691528320e-01
9.992133975028991699e-01
9.992141723632812500e-01
9.992587566375732422e-01
9.994348883628845215e-01
9.994150400161743164e-01
9.990845322608947754e-01
9.989809989929199219e-01
9.990853071212768555e-01
9.993887543678283691e-01
9.997959136962890625e-01
9.936901926994323730e-01
9.858974814414978027e-01
9.724960327148437500e-01
9.582995176315307617e-01
9.382825493812561035e-01
8.743429780006408691e-01
6.381371021270751953e-01
4.349084794521331787e-01
2.956277430057525635e-01
3.262781500816345215e-01
5.430647134780883789e-01
7.380916476249694824e-01
9.190248847007751465e-01
9.646975994110107422e-01
9.653146862983703613e-01
9.585102200508117676e-01
9.498069286346435547e-01
8.900583386421203613e-01
8.295944929122924805e-01
7.641419768333435059e-01
7.441416978836059570e-01
8.378546237945556641e-01
9.154239296913146973e-01
9.706207513809204102e-01
9.958311915397644043e-01
9.968117475509643555e-01
9.885753393173217773e-01
9.761548042297363281e-01
9.783822894096374512e-01
9.837568998336791992e-01
9.892964363098144531e-01
9.943184852600097656e-01
9.938273429870605469e-01
9.883499741554260254e-01
9.652068614959716797e-01
8.442602753639221191e-01
5.425485968589782715e-01
2.872647941112518311e-01
8.181162178516387939e-02
1.250995602458715439e-02
2.836489677429199219e-02
7.695651799440383911e-02
1.366168409585952759e-01
7.610423862934112549e-02
7.178659888751326434e-10
3.317498498134341389e-10
4.131305831833742559e-05
3.304207639303058386e-04
1.465559899806976318e-01
6.809388399124145508e-01
9.990103244781494141e-01
9.988924264907836914e-01
9.864056706428527832e-01
9.631696939468383789e-01
9.321197867393493652e-01
8.972076773643493652e-01
8.857471346855163574e-01
8.804774284362792969e-01
7.867785096168518066e-01
6.841536164283752441e-01
5.581980347633361816e-01
4.432685375213623047e-01
3.795416653156280518e-01
3.635765016078948975e-01
4.532921910285949707e-01
5.810769796371459961e-01
7.579550743103027344e-01
8.745951056480407715e-01
9.453383088111877441e-01
9.238303303718566895e-01
8.619239926338195801e-01
4.780213832855224609e-01
2.424445003271102905e-02
9.076468413695693016e-04
2.818206894517061301e-06
3.923209806089289486e-05
3.771298378705978394e-02
2.224622815847396851e-01
4.607846140861511230e-01
8.090794682502746582e-01
9.979413747787475586e-01
9.991463422775268555e-01
9.995747208595275879e-01
9.994544386863708496e-01
9.987094998359680176e-01
9.977139234542846680e-01
9.968941807746887207e-01
9.961094260215759277e-01
9.955196976661682129e-01
9.946026802062988281e-01
9.902301430702209473e-01
9.875380992889404297e-01
9.911209940910339355e-01
9.945461750030517578e-01
9.976868629455566406e-01
9.994872808456420898e-01
9.997401237487792969e-01
9.995855689048767090e-01
9.991471767425537109e-01
9.806017875671386719e-01
9.548327326774597168e-01
7.187268137931823730e-01
4.418540298938751221e-01
6.105167269706726074e-01
7.905548810958862305e-01
8.995764255523681641e-01
9.877347350120544434e-01
9.948905110359191895e-01
9.989249110221862793e-01
9.966509938240051270e-01
9.875581860542297363e-01
9.701673984527587891e-01
9.703144431114196777e-01
9.833309650421142578e-01
9.916399121284484863e-01
9.978873133659362793e-01
9.994085431098937988e-01
9.998939633369445801e-01
9.997601509094238281e-01
9.995509982109069824e-01
9.987939596176147461e-01
9.978326559066772461e-01
9.959878921508789062e-01
9.914844036102294922e-01
9.809453487396240234e-01
9.763079285621643066e-01
9.795538187026977539e-01
9.855004549026489258e-01
9.936490654945373535e-01
9.976072907447814941e-01
9.994739294052124023e-01
9.997071027755737305e-01
9.995009303092956543e-01
9.993904829025268555e-01
9.992928504943847656e-01
9.993107318878173828e-01
9.989895820617675781e-01
9.967552423477172852e-01
9.937297701835632324e-01
9.885258674621582031e-01
9.881280660629272461e-01
9.953439831733703613e-01
9.991700053215026855e-01
9.996863007545471191e-01
9.997833967208862305e-01
9.996272325515747070e-01
9.604136347770690918e-01
9.075800776481628418e-01
6.521149277687072754e-01
3.632748425006866455e-01
2.099365442991256714e-01
1.113180443644523621e-01
4.992041289806365967e-01
8.220069408416748047e-01
9.110615849494934082e-01
9.611268043518066406e-01
9.329894185066223145e-01
8.902093768119812012e-01
8.295844793319702148e-01
6.962854862213134766e-01
5.073959231376647949e-01
2.854443192481994629e-01
4.811257123947143555e-02
2.087616694417346002e-32
1.676759672159466306e-33
2.407454242873034698e-20
4.120892379432916641e-03
1.510071009397506714e-01
3.253744244575500488e-01
6.663390994071960449e-01
9.280800819396972656e-01
9.661774635314941406e-01
9.917871952056884766e-01
9.966842532157897949e-01
9.990917444229125977e-01
9.988909363746643066e-01
9.983828663825988770e-01
9.976724982261657715e-01
9.983820915222167969e-01
9.996525049209594727e-01
9.999244213104248047e-01
9.999944567680358887e-01
9.999971389770507812e-01
9.999951124191284180e-01
9.999807476997375488e-01
9.999481439590454102e-01
9.998274445533752441e-01
9.995710253715515137e-01
9.989789724349975586e-01
9.982630610466003418e-01
9.973660111427307129e-01
9.969909787178039551e-01
9.971157908439636230e-01
9.972733259201049805e-01
9.974510669708251953e-01
9.917169213294982910e-01
9.838389754295349121e-01
9.771186113357543945e-01
9.706228971481323242e-01
9.839609861373901367e-01
9.972517490386962891e-01
9.987272024154663086e-01
9.999293684959411621e-01
9.999076128005981445e-01
9.992167949676513672e-01
9.969206452369689941e-01
9.898700118064880371e-01
9.758247137069702148e-01
9.599068164825439453e-01
9.421566724777221680e-01
9.468016028404235840e-01
9.649088382720947266e-01
9.814918041229248047e-01
9.974845647811889648e-01
1.000000000000000000e+00
1.000000000000000000e+00
9.947566390037536621e-01
9.898591041564941406e-01
9.940745234489440918e-01
9.977663755416870117e-01
9.988765120506286621e-01
9.994326829910278320e-01
9.985586404800415039e-01
9.322219491004943848e-01
7.629687786102294922e-01
4.998789131641387939e-01
1.411586105823516846e-01
1.343601525150006637e-06
3.522419774526497349e-06
1.469340920448303223e-02
3.525520116090774536e-02
1.771418154239654541e-01
3.458641171455383301e-01
4.355551600456237793e-01
5.235881805419921875e-01
7.351105809211730957e-01
9.236150383949279785e-01
9.672219157218933105e-01
9.562819600105285645e-01
7.784864306449890137e-01
6.322494149208068848e-01
5.428645610809326172e-01
5.873938202857971191e-01
7.882266044616699219e-01
9.121794104576110840e-01
9.766570329666137695e-01
9.979609847068786621e-01
9.979320168495178223e-01
9.970929622650146484e-01
9.960173964500427246e-01
9.968209862709045410e-01
9.978821277618408203e-01
9.989033341407775879e-01
9.994369149208068848e-01
9.949991106986999512e-01
9.909881353378295898e-01
9.887077808380126953e-01
9.891476631164550781e-01
9.959385395050048828e-01
9.965051412582397461e-01
9.878623485565185547e-01
9.794294238090515137e-01
9.712207913398742676e-01
9.621896743774414062e-01
9.525985717773437500e-01
8.256140947341918945e-01
6.509186625480651855e-01
4.295039772987365723e-01
1.980759054422378540e-01
1.833664476871490479e-01
1.944396048784255981e-01
5.255164504051208496e-01
8.277050256729125977e-01
9.238533973693847656e-01
9.987279772758483887e-01
9.994512796401977539e-01
9.999301433563232422e-01
9.999014139175415039e-01
9.998829960823059082e-01
9.998782277107238770e-01
9.999105930328369141e-01
9.999759197235107422e-01
9.984462857246398926e-01
9.959907531738281250e-01
9.929037094116210938e-01
9.895943403244018555e-01
9.903891086578369141e-01
9.920233488082885742e-01
9.945867657661437988e-01
9.971356987953186035e-01
9.970148801803588867e-01
9.952232241630554199e-01
9.824211001396179199e-01
9.714509248733520508e-01
9.664320945739746094e-01
9.666554331779479980e-01
9.774382710456848145e-01
9.858503937721252441e-01
9.911456704139709473e-01
9.947312474250793457e-01
9.967852830886840820e-01
9.983605742454528809e-01
9.996483922004699707e-01
9.815577268600463867e-01
9.561036825180053711e-01
8.913942575454711914e-01
8.180913329124450684e-01
8.434917926788330078e-01
8.776199221611022949e-01
9.319992661476135254e-01
9.809715151786804199e-01
9.897406697273254395e-01
9.727765321731567383e-01
8.622645735740661621e-01
6.618667244911193848e-01
2.652076184749603271e-01
1.335462480783462524e-01
3.874385654926300049e-01
6.368145346641540527e-01
8.829575181007385254e-01
9.870610833168029785e-01
9.965150952339172363e-01
9.995962381362915039e-01
9.998758435249328613e-01
9.997161030769348145e-01
9.994396567344665527e-01
9.988383650779724121e-01
9.981945753097534180e-01
9.962676763534545898e-01
9.925233125686645508e-01
9.670481085777282715e-01
9.336330890655517578e-01
8.618916869163513184e-01
8.140549063682556152e-01
8.318660855293273926e-01
8.690687417984008789e-01
9.412353634834289551e-01
9.850983023643493652e-01
9.947009086608886719e-01
9.984383583068847656e-01
9.972651600837707520e-01
9.970101118087768555e-01
9.972782731056213379e-01
9.617137908935546875e-01
9.129163622856140137e-01
6.825074553489685059e-01
4.128580391407012939e-01
2.112915962934494019e-01
1.933527365326881409e-02
1.149917393922805786e-01
2.247532755136489868e-01
4.595882296562194824e-01
6.318308711051940918e-01
5.486113429069519043e-01
5.264557600021362305e-01
6.561152935028076172e-01
7.788369655609130859e-01
8.895969986915588379e-01
9.576192498207092285e-01
9.776290655136108398e-01
9.895518422126770020e-01
