9.997330307960510254e-01
9.797490239143371582e-01
9.250313639640808105e-01
8.277313709259033203e-01
7.813360691070556641e-01
8.181956410408020020e-01
9.170679450035095215e-01
9.791195988655090332e-01
9.885507822036743164e-01
9.957248568534851074e-01
9.995898604393005371e-01
9.999860525131225586e-01
9.986166357994079590e-01
7.001894116401672363e-01
1.457922160625457764e-01
5.090829357504844666e-02
7.661189883947372437e-02
2.273198813199996948e-01
7.349697947502136230e-01
8.984009623527526855e-01
8.474237918853759766e-01
9.473989009857177734e-01
9.904226064682006836e-01
9.987474083900451660e-01
9.991255998611450195e-01
9.994537830352783203e-01
9.996805787086486816e-01
9.995658397674560547e-01
9.994797706604003906e-01
9.995017647743225098e-01
9.998687505722045898e-01
9.999824166297912598e-01
9.999974966049194336e-01
9.999921917915344238e-01
9.999153614044189453e-01
9.998260140419006348e-01
9.997594356536865234e-01
9.998447299003601074e-01
9.999377131462097168e-01
9.999647140502929688e-01
9.999814629554748535e-01
9.999915361404418945e-01
9.999929666519165039e-01
9.999915361404418945e-01
9.999925494194030762e-01
9.999982118606567383e-01
9.999992847442626953e-01
9.999995231628417969e-01
9.999993443489074707e-01
9.999995827674865723e-01
9.999995231628417969e-01
9.999991059303283691e-01
9.999777078628540039e-01
9.999405741691589355e-01
9.998866319656372070e-01
9.999217391014099121e-01
9.996032118797302246e-01
9.985785484313964844e-01
9.532836675643920898e-01
9.248684644699096680e-01
9.136980175971984863e-01
9.524488449096679688e-01
9.808678627014160156e-01
9.995886683464050293e-01
9.998686313629150391e-01
9.999892711639404297e-01
9.999915957450866699e-01
9.999824166297912598e-01
9.999702572822570801e-01
9.999567270278930664e-01
9.999489784240722656e-01
9.998846054077148438e-01
9.995641708374023438e-01
9.978493452072143555e-01
9.953752756118774414e-01
9.936853647232055664e-01
9.981228113174438477e-01
9.986593127250671387e-01
9.878498315811157227e-01
9.357836246490478516e-01
9.012862443923950195e-01
8.104791045188903809e-01
4.747660160064697266e-01
1.966543793678283691e-01
2.217630369317753289e-26
4.590707860013646893e-27
0.000000000000000000e+00
2.209529839456081390e-02
1.108780652284622192e-01
4.967198371887207031e-01
8.501079678535461426e-01
8.643314242362976074e-01
9.090086817741394043e-01
9.565123915672302246e-01
9.897387027740478516e-01
9.966151714324951172e-01
9.936681389808654785e-01
9.835419058799743652e-01
7.937194705009460449e-01
6.551687717437744141e-01
7.057869434356689453e-01
8.573812246322631836e-01
9.767423272132873535e-01
9.960602521896362305e-01
9.993678331375122070e-01
9.997825026512145996e-01
9.999567270278930664e-01
9.999902844429016113e-01
9.999982118606567383e-01
9.999989271163940430e-01
9.998716115951538086e-01
9.986639618873596191e-01
9.958006143569946289e-01
9.959858059883117676e-01
9.972565770149230957e-01
9.996089339256286621e-01
9.999267458915710449e-01
9.999994635581970215e-01
9.999997615814208984e-01
9.999973177909851074e-01
9.999954104423522949e-01
9.999943971633911133e-01
9.999965429306030273e-01
9.999983906745910645e-01
9.999997615814208984e-01
9.999995231628417969e-01
9.999955296516418457e-01
9.999873042106628418e-01
9.997296929359436035e-01
9.787579774856567383e-01
9.344788193702697754e-01
3.257618248462677002e-01
1.926300115883350372e-03
2.290747215738520026e-05
1.258118748070913284e-10
3.829662129282951355e-02
1.161652058362960815e-01
6.667404770851135254e-01
9.615005850791931152e-01
9.976504445075988770e-01
9.974485635757446289e-01
9.970456957817077637e-01
9.964644908905029297e-01
9.971566796302795410e-01
9.976750612258911133e-01
9.980336427688598633e-01
9.984647631645202637e-01
9.990028142929077148e-01
9.996264576911926270e-01
9.998558163642883301e-01
9.979882836341857910e-01
9.944589734077453613e-01
9.965261816978454590e-01
9.981149435043334961e-01
9.991696476936340332e-01
9.973065257072448730e-01
9.971868991851806641e-01
9.985307455062866211e-01
9.993757605552673340e-01
9.997485280036926270e-01
9.997060298919677734e-01
9.992185235023498535e-01
9.986007809638977051e-01
9.974517226219177246e-01
9.883486628532409668e-01
9.824551939964294434e-01
9.795854091644287109e-01
9.842289686203002930e-01
9.846302270889282227e-01
9.822921752929687500e-01
9.921135306358337402e-01
9.977081418037414551e-01
9.997935295104980469e-01
9.999204874038696289e-01
9.655276536941528320e-01
8.745151758193969727e-01
3.054082393646240234e-01
3.346870467066764832e-02
1.368053448302930519e-09
4.207649229037713212e-10
4.232101653375993332e-16
2.973189810290932655e-03
5.732776597142219543e-02
3.404188454151153564e-01
7.681227922439575195e-01
5.114675760269165039e-01
4.645057916641235352e-01
5.932828783988952637e-01
8.318006396293640137e-01
9.603156447410583496e-01
9.977042675018310547e-01
9.986977577209472656e-01
9.660536646842956543e-01
8.811588287353515625e-01
2.903198301792144775e-01
3.768406063318252563e-02
8.482137322425842285e-02
4.968729615211486816e-01
7.952148914337158203e-01
9.884156584739685059e-01
9.962971210479736328e-01
9.999786019325256348e-01
9.999929070472717285e-01
9.999959468841552734e-01
9.999980330467224121e-01
9.999992251396179199e-01
9.999979138374328613e-01
9.999199509620666504e-01
9.996837377548217773e-01
9.947503805160522461e-01
9.911956191062927246e-01
9.890114665031433105e-01
9.937143325805664062e-01
9.972199201583862305e-01
9.995428919792175293e-01
9.996290802955627441e-01
9.992502331733703613e-01
9.984022974967956543e-01
9.984776377677917480e-01
9.988559484481811523e-01
9.995438456535339355e-01
9.997857809066772461e-01
9.998810291290283203e-01
9.998238682746887207e-01
9.945572018623352051e-01
9.696079492568969727e-01
9.223229885101318359e-01
8.005177378654479980e-01
5.108431577682495117e-01
2.456698939204216003e-02
5.944165160087777622e-10
8.073460787785371518e-17
2.628256414453000386e-16
3.012157231569290161e-02
2.956760525703430176e-01
8.696700930595397949e-01
9.592871069908142090e-01
8.585208058357238770e-01
5.460727214813232422e-01
4.185031652450561523e-01
4.680931270122528076e-01
7.549732923507690430e-01
7.915302515029907227e-01
7.964149713516235352e-01
7.987657785415649414e-01
8.960170745849609375e-01
9.739378094673156738e-01
9.965980052947998047e-01
9.998760819435119629e-01
9.999635815620422363e-01
9.999026656150817871e-01
9.987863302230834961e-01
9.974905848503112793e-01
9.962238669395446777e-01
9.977045655250549316e-01
9.991376399993896484e-01
9.992282390594482422e-01
9.977250695228576660e-01
9.958603382110595703e-01
9.940443634986877441e-01
9.959604740142822266e-01
9.983358979225158691e-01
9.993504285812377930e-01
9.952729940414428711e-01
9.558279514312744141e-01
8.201296329498291016e-01
4.028139412403106689e-01
1.124584581702947617e-02
3.107243217527866364e-03
3.484474495053291321e-02
1.868331581354141235e-01
7.176028490066528320e-01
8.988334536552429199e-01
9.239701032638549805e-01
9.037873744964599609e-01
9.211327433586120605e-01
9.493712782859802246e-01
9.478796720504760742e-01
9.641519784927368164e-01
9.870764017105102539e-01
9.965193271636962891e-01
9.999649524688720703e-01
9.999971985816955566e-01
9.999914765357971191e-01
9.999583363533020020e-01
9.998745918273925781e-01
9.994946122169494629e-01
9.954461455345153809e-01
9.886781573295593262e-01
9.801781773567199707e-01
9.812603592872619629e-01
9.896432161331176758e-01
9.961335062980651855e-01
9.896420836448669434e-01
9.616898298263549805e-01
4.852584302425384521e-01
1.957683414220809937e-01
8.737507462501525879e-02
2.319316565990447998e-01
4.470535814762115479e-01
7.369203567504882812e-01
8.431347608566284180e-01
9.210469722747802734e-01
9.725031256675720215e-01
9.899523258209228516e-01
9.979962110519409180e-01
9.962464570999145508e-01
9.923994541168212891e-01
9.903491735458374023e-01
9.914333820343017578e-01
9.941716790199279785e-01
9.962137341499328613e-01
9.965981245040893555e-01
9.941462278366088867e-01
9.912908673286437988e-01
9.886779785156250000e-01
9.904975891113281250e-01
9.936003088951110840e-01
9.973241090774536133e-01
9.989876747131347656e-01
9.997745156288146973e-01
9.997211098670959473e-01
9.979679584503173828e-01
9.909144639968872070e-01
9.680224061012268066e-01
9.178745150566101074e-01
8.688229918479919434e-01
8.700616359710693359e-01
8.495843410491943359e-01
8.315023183822631836e-01
8.800238966941833496e-01
9.207605123519897461e-01
9.554512500762939453e-01
9.781550168991088867e-01
9.914246797561645508e-01
9.980236291885375977e-01
9.984811544418334961e-01
9.988802671432495117e-01
9.992317557334899902e-01
9.995106458663940430e-01
9.994777441024780273e-01
9.991679191589355469e-01
9.986567497253417969e-01
9.909038543701171875e-01
9.757569432258605957e-01
7.916178703308105469e-01
6.504398584365844727e-01
5.654947161674499512e-01
7.039250731468200684e-01
8.466526269912719727e-01
9.745225310325622559e-01
9.945984482765197754e-01
9.994606971740722656e-01
9.999005198478698730e-01
9.999784231185913086e-01
9.997030496597290039e-01
9.988442063331604004e-01
9.989987611770629883e-01
9.065015912055969238e-01
5.892164707183837891e-01
2.546863853931427002e-01
1.501615468534694971e-24
7.503103771881282679e-24
3.209386195521801710e-04
1.313481330871582031e-01
7.650567889213562012e-01
9.787611365318298340e-01
9.944613575935363770e-01
9.919180870056152344e-01
9.901316165924072266e-01
9.893119335174560547e-01
9.925986528396606445e-01
9.958551526069641113e-01
9.988974928855895996e-01
9.993987083435058594e-01
9.971992373466491699e-01
9.925094842910766602e-01
9.775574803352355957e-01
9.791794419288635254e-01
9.972093105316162109e-01
9.989695549011230469e-01
9.959141612052917480e-01
9.875007271766662598e-01
5.961793065071105957e-01
2.546130716800689697e-01
2.676106616854667664e-02
1.567038832028799789e-09
2.601098572085902561e-07
9.871495194602175616e-07
4.838182628154754639e-01
9.069539308547973633e-01
9.835233092308044434e-01
9.988945722579956055e-01
9.976184368133544922e-01
9.967256188392639160e-01
9.974716901779174805e-01
9.985870718955993652e-01
9.988432526588439941e-01
9.978134036064147949e-01
9.964728355407714844e-01
9.966773986816406250e-01
9.980330467224121094e-01
9.998487830162048340e-01
9.998273253440856934e-01
9.829181432723999023e-01
9.453740715980529785e-01
7.573682069778442383e-01
6.134071350097656250e-01
5.091475844383239746e-01
7.995877861976623535e-01
9.596015214920043945e-01
9.725942015647888184e-01
9.710587859153747559e-01
9.765336513519287109e-01
9.930347204208374023e-01
9.977257251739501953e-01
9.997614026069641113e-01
9.997043013572692871e-01
9.963440299034118652e-01
9.872175455093383789e-01
9.665798544883728027e-01
9.379635453224182129e-01
7.842136621475219727e-01
2.587103843688964844e-01
5.923675373196601868e-02
5.988727593830844853e-07
1.515632135351552279e-07
1.471400912851095200e-02
1.092829480767250061e-01
6.742076873779296875e-01
9.364615678787231445e-01
9.954254031181335449e-01
9.966144561767578125e-01
9.981436133384704590e-01
9.999181032180786133e-01
9.995090961456298828e-01
9.946128726005554199e-01
9.849437475204467773e-01
9.429465532302856445e-01
7.922407984733581543e-01
4.956892728805541992e-01
1.934572905302047729e-01
5.776549733127467334e-05
1.575848436914384365e-04
3.140663206577301025e-01
6.538174748420715332e-01
9.057288169860839844e-01
9.809315800666809082e-01
9.973456859588623047e-01
9.951687455177307129e-01
9.951803088188171387e-01
9.962226748466491699e-01
9.978463053703308105e-01
9.940952658653259277e-01
9.629052281379699707e-01
7.335037589073181152e-01
6.911171674728393555e-01
7.863762378692626953e-01
8.945339918136596680e-01
9.562384486198425293e-01
9.739515781402587891e-01
9.759508371353149414e-01
9.816569685935974121e-01
9.923448562622070312e-01
9.964114427566528320e-01
9.982281923294067383e-01
9.973810315132141113e-01
9.960641860961914062e-01
9.956939220428466797e-01
9.976005554199218750e-01
9.987329840660095215e-01
9.991422295570373535e-01
9.979904890060424805e-01
9.942247867584228516e-01
9.909478425979614258e-01
9.949733018875122070e-01
9.972775578498840332e-01
9.985723495483398438e-01
9.994863867759704590e-01
9.997596144676208496e-01
9.994248151779174805e-01
9.955477714538574219e-01
9.897918105125427246e-01
9.821357131004333496e-01
9.840127229690551758e-01
9.803069829940795898e-01
9.686239361763000488e-01
8.327885866165161133e-01
6.858937740325927734e-01
5.470781326293945312e-01
6.815986633300781250e-01
8.541668653488159180e-01
9.704276919364929199e-01
9.989084601402282715e-01
9.967752695083618164e-01
9.921007156372070312e-01
9.945174455642700195e-01
9.996479749679565430e-01
9.998372793197631836e-01
9.997152686119079590e-01
9.991862773895263672e-01
9.955109953880310059e-01
9.863243103027343750e-01
9.720540046691894531e-01
9.562414884567260742e-01
9.370288848876953125e-01
9.136334061622619629e-01
8.581289649009704590e-01
8.640246391296386719e-01
9.802584052085876465e-01
1.000000000000000000e+00
1.000000000000000000e+00
1.000000000000000000e+00
9.812487959861755371e-01
9.526720046997070312e-01
9.105842113494873047e-01
9.411779642105102539e-01
9.985064268112182617e-01
9.995412230491638184e-01
9.997563362121582031e-01
9.993087053298950195e-01
9.970610737800598145e-01
9.948108196258544922e-01
9.925553798675537109e-01
9.960369467735290527e-01
9.977658987045288086e-01
9.969964623451232910e-01
9.965184926986694336e-01
9.970906972885131836e-01
9.995361566543579102e-01
1.000000000000000000e+00
1.000000000000000000e+00
1.000000000000000000e+00
9.997287988662719727e-01
9.992581605911254883e-01
9.983615279197692871e-01
9.985321760177612305e-01
9.992141127586364746e-01
9.992607831954956055e-01
9.924103617668151855e-01
9.796248674392700195e-01
9.379060268402099609e-01
9.129418730735778809e-01
9.064312577247619629e-01
9.617958664894104004e-01
9.985571503639221191e-01
9.995717406272888184e-01
9.958175420761108398e-01
9.900631308555603027e-01
9.817323088645935059e-01
9.897690415382385254e-01
1.000000000000000000e+00
1.000000000000000000e+00
1.000000000000000000e+00
9.811456203460693359e-01
8.366444110870361328e-01
7.041764259338378906e-01
5.914034247398376465e-01
7.424150705337524414e-01
8.522199988365173340e-01
9.205083250999450684e-01
9.358490705490112305e-01
9.563808441162109375e-01
9.883852005004882812e-01
9.966176152229309082e-01
9.996940493583679199e-01
9.997560977935791016e-01
9.996900558471679688e-01
9.996185898780822754e-01
9.996586441993713379e-01
9.998158812522888184e-01
1.000000000000000000e+00
1.000000000000000000e+00
9.999946355819702148e-01
9.999560117721557617e-01
9.992406368255615234e-01
9.990578293800354004e-01
9.994173049926757812e-01
9.996703267097473145e-01
9.998124837875366211e-01
9.997998476028442383e-01
9.997881054878234863e-01
9.998199939727783203e-01
9.999499917030334473e-01
9.999752640724182129e-01
9.998457431793212891e-01
9.992647171020507812e-01
9.949705600738525391e-01
9.899652004241943359e-01
9.937478303909301758e-01
9.970771670341491699e-01
1.000000000000000000e+00
9.999994039535522461e-01
9.998843073844909668e-01
9.996424913406372070e-01
9.997911453247070312e-01
9.999153614044189453e-01
9.999470114707946777e-01
9.999704957008361816e-01
9.999880790710449219e-01
9.999946355819702148e-01
9.999952316284179688e-01
9.999875426292419434e-01
9.999520182609558105e-01
9.998990893363952637e-01
9.998416304588317871e-01
9.998511672019958496e-01
9.999049901962280273e-01
9.999982118606567383e-01
9.999752640724182129e-01
9.999662637710571289e-01
9.999788999557495117e-01
9.999895095825195312e-01
9.999960064888000488e-01
9.999946355819702148e-01
9.999910593032836914e-01
9.999879002571105957e-01
9.999885559082031250e-01
9.999860525131225586e-01
9.999802708625793457e-01
9.999617934226989746e-01
9.999582171440124512e-01
9.999649524688720703e-01
9.999262690544128418e-01
9.999248981475830078e-01
9.999658465385437012e-01
9.943016767501831055e-01
9.823905825614929199e-01
9.603429436683654785e-01
9.599511623382568359e-01
9.693989157676696777e-01
9.926423430442810059e-01
9.997645020484924316e-01
9.999850988388061523e-01
9.999686479568481445e-01
9.999114274978637695e-01
9.997785091400146484e-01
9.985430240631103516e-01
9.937381744384765625e-01
9.852091073989868164e-01
9.672539830207824707e-01
9.609683156013488770e-01
9.748790860176086426e-01
9.878247380256652832e-01
9.975583553314208984e-01
9.992298483848571777e-01
9.996986985206604004e-01
9.996324181556701660e-01
9.992697834968566895e-01
9.962303042411804199e-01
9.720532298088073730e-01
5.907946228981018066e-01
2.715843915939331055e-01
1.497883070260286331e-02
0.000000000000000000e+00
0.000000000000000000e+00
0.000000000000000000e+00
5.314130783081054688e-01
9.988129734992980957e-01
9.985094070434570312e-01
9.947435259819030762e-01
9.316987991333007812e-01
5.630502104759216309e-01
2.549809217453002930e-01
1.340784365311264992e-05
4.525960775936255231e-06
7.831366360187530518e-02
2.379980534315109253e-01
6.965052485466003418e-01
9.691559672355651855e-01
8.992083072662353516e-01
8.579739928245544434e-01
8.506314158439636230e-01
9.218739867210388184e-01
9.634503126144409180e-01
9.852589368820190430e-01
9.640651941299438477e-01
9.320460557937622070e-01
8.937481641769409180e-01
9.047408699989318848e-01
9.333623051643371582e-01
9.818690419197082520e-01
9.053517580032348633e-01
7.395167946815490723e-01
4.324753880500793457e-01
4.062141180038452148e-01
4.801518619060516357e-01
6.424832940101623535e-01
7.902652025222778320e-01
9.191176891326904297e-01
9.572986960411071777e-01
9.812335371971130371e-01
9.936548471450805664e-01
9.960803389549255371e-01
9.828867316246032715e-01
9.494063854217529297e-01
5.081309676170349121e-01
2.755240201950073242e-01
6.315329074859619141e-01
8.450128436088562012e-01
9.537435173988342285e-01
8.155432939529418945e-01
6.282176375389099121e-01
4.456023573875427246e-01
7.384803295135498047e-01
9.210801124572753906e-01
9.955375194549560547e-01
9.999164342880249023e-01
9.999874830245971680e-01
9.999638795852661133e-01
9.998782277107238770e-01
9.997729659080505371e-01
9.996504783630371094e-01
9.994974136352539062e-01
9.993857741355895996e-01
9.996333718299865723e-01
9.994522333145141602e-01
9.988843798637390137e-01
9.841389656066894531e-01
7.664347887039184570e-01
2.922006845474243164e-01
1.027655974030494690e-01
2.916324908275899457e-16
5.795607874628286283e-17
1.718068436541535238e-14
2.179966855919701629e-07
1.378034539811778814e-06
2.247008495032787323e-03
1.644933596253395081e-02
1.989274322986602783e-01
4.807718098163604736e-01
8.644754290580749512e-01
9.068803787231445312e-01
9.336888194084167480e-01
9.791905283927917480e-01
9.941221475601196289e-01
9.979754686355590820e-01
9.907377362251281738e-01
9.263846874237060547e-01
8.288124799728393555e-01
6.881435513496398926e-01
7.065384387969970703e-01
8.614154458045959473e-01
9.354593753814697266e-01
9.813783168792724609e-01
9.896763563156127930e-01
9.924639463424682617e-01
9.934982061386108398e-01
9.926778674125671387e-01
9.847115278244018555e-01
9.679552316665649414e-01
9.149570465087890625e-01
7.846372127532958984e-01
5.961069464683532715e-01
4.375915229320526123e-01
4.388222098350524902e-01
6.451670527458190918e-01
8.317950367927551270e-01
9.677499532699584961e-01
9.926792383193969727e-01
9.982324838638305664e-01
9.972577691078186035e-01
9.989714026451110840e-01
9.997556805610656738e-01
9.999039173126220703e-01
9.999305009841918945e-01
9.991583824157714844e-01
9.974427819252014160e-01
9.813203215599060059e-01
9.580197334289550781e-01
9.233086705207824707e-01
9.535710215568542480e-01
9.962807297706604004e-01
9.989424347877502441e-01
9.999836087226867676e-01
1.000000000000000000e+00
9.999998211860656738e-01
9.999997019767761230e-01
9.999996423721313477e-01
9.999995827674865723e-01
9.999939799308776855e-01
9.999772310256958008e-01
9.997856616973876953e-01
9.995741248130798340e-01
9.995152950286865234e-01
9.996469020843505859e-01
9.998870491981506348e-01
9.999541044235229492e-01
9.999853968620300293e-01
9.999771118164062500e-01
9.905280470848083496e-01
9.833773970603942871e-01
9.829082489013671875e-01
9.911076426506042480e-01
8.943535685539245605e-01
3.301932513713836670e-01
1.224028393626213074e-01
1.569297611713409424e-01
6.226057410240173340e-01
9.050505161285400391e-01
9.823349714279174805e-01
9.940288662910461426e-01
9.974687695503234863e-01
9.991917610168457031e-01
9.997156858444213867e-01
9.997999668121337891e-01
9.996846318244934082e-01
9.996921420097351074e-01
9.997821450233459473e-01
9.999168515205383301e-01
9.999910593032836914e-01
9.999930262565612793e-01
9.999741315841674805e-01
9.999603629112243652e-01
9.999643564224243164e-01
9.999547600746154785e-01
9.999440908432006836e-01
9.999544620513916016e-01
9.999162554740905762e-01
9.998420476913452148e-01
9.995896220207214355e-01
9.995796680450439453e-01
9.998883008956909180e-01
9.999684691429138184e-01
9.999703764915466309e-01
9.998707771301269531e-01
9.995461702346801758e-01
9.992487430572509766e-01
9.997686743736267090e-01
9.955319166183471680e-01
9.874733686447143555e-01
9.796072840690612793e-01
9.801240563392639160e-01
9.932067394256591797e-01
9.977464079856872559e-01
9.998048543930053711e-01
9.998477697372436523e-01
9.998745322227478027e-01
9.998963475227355957e-01
9.999487400054931641e-01
9.998690485954284668e-01
9.996646046638488770e-01
9.951980710029602051e-01
9.910221695899963379e-01
9.878914356231689453e-01
9.935471415519714355e-01
9.975274205207824707e-01
9.853632450103759766e-01
9.853104352951049805e-01
9.924036860466003418e-01
9.964240789413452148e-01
9.989550113677978516e-01
9.997782111167907715e-01
9.999366402626037598e-01
9.999891519546508789e-01
9.999952316284179688e-01
9.999974370002746582e-01
9.999979138374328613e-01
9.999969601631164551e-01
9.999954104423522949e-01
9.999934434890747070e-01
9.999881982803344727e-01
9.999473690986633301e-01
9.998551011085510254e-01
9.997062087059020996e-01
9.995915889739990234e-01
9.996156692504882812e-01
9.996888637542724609e-01
9.997817873954772949e-01
9.998234510421752930e-01
9.998406767845153809e-01
9.998340606689453125e-01
9.970124363899230957e-01
9.851396679878234863e-01
9.565724134445190430e-01
9.343109726905822754e-01
9.267622232437133789e-01
9.767056107521057129e-01
9.939293861389160156e-01
9.868804812431335449e-01
8.425909280776977539e-01
7.160186171531677246e-01
6.125753521919250488e-01
7.091770172119140625e-01
8.210666775703430176e-01
8.795452713966369629e-01
8.590226769447326660e-01
8.021951317787170410e-01
7.444049119949340820e-01
5.925085544586181641e-01
3.539648056030273438e-01
5.966576933860778809e-01
8.164480328559875488e-01
9.346626400947570801e-01
9.243021011352539062e-01
8.928003311157226562e-01
9.394942522048950195e-01
9.673258066177368164e-01
9.773409962654113770e-01
6.443475484848022461e-01
3.312248587608337402e-01
4.444383084774017334e-02
2.422598935663700104e-02
1.689897030591964722e-01
6.417148113250732422e-01
8.811809420585632324e-01
9.976840019226074219e-01
9.984953403472900391e-01
9.955729842185974121e-01
9.889785647392272949e-01
9.915415048599243164e-01
9.947096705436706543e-01
9.974375963211059570e-01
9.969859123229980469e-01
9.901201128959655762e-01
9.550008773803710938e-01
6.530804038047790527e-01
1.513513773679733276e-01
8.076290786266326904e-02
3.223266452550888062e-02
6.896927021443843842e-03
9.399682283401489258e-03
8.459343016147613525e-02
3.900302052497863770e-01
6.819363832473754883e-01
9.531920552253723145e-01
9.659618735313415527e-01
9.476116299629211426e-01
8.926770687103271484e-01
9.060453176498413086e-01
9.357289075851440430e-01
9.814689755439758301e-01
9.973352551460266113e-01
9.998746514320373535e-01
9.998703002929687500e-01
9.992947578430175781e-01
9.981942772865295410e-01
9.925308823585510254e-01
9.866035580635070801e-01
9.808409214019775391e-01
9.796738624572753906e-01
9.801186919212341309e-01
9.810588955879211426e-01
9.852565526962280273e-01
9.918805956840515137e-01
9.965863227844238281e-01
9.995523095130920410e-01
9.998793601989746094e-01
9.999486804008483887e-01
9.999376535415649414e-01
9.998639822006225586e-01
9.997708201408386230e-01
9.996616840362548828e-01
9.994203448295593262e-01
9.988713860511779785e-01
9.979301691055297852e-01
9.971882104873657227e-01
9.969226717948913574e-01
9.979402422904968262e-01
9.989362955093383789e-01
9.998422861099243164e-01
9.997351765632629395e-01
9.994702935218811035e-01
9.990346431732177734e-01
9.990851879119873047e-01
9.992313981056213379e-01
9.994620084762573242e-01
9.993017315864562988e-01
9.990766048431396484e-01
9.996449947357177734e-01
9.999417662620544434e-01
9.999858140945434570e-01
9.999739527702331543e-01
9.999520182609558105e-01
9.999189376831054688e-01
9.998930692672729492e-01
9.998514652252197266e-01
9.997012615203857422e-01
9.994262456893920898e-01
9.990500807762145996e-01
9.990714788436889648e-01
9.989016652107238770e-01
9.983645677566528320e-01
9.936686158180236816e-01
9.879937767982482910e-01
9.836415648460388184e-01
9.834681749343872070e-01
9.863601922988891602e-01
9.898994565010070801e-01
9.929792881011962891e-01
9.953181147575378418e-01
9.967767000198364258e-01
9.975256323814392090e-01
9.963095784187316895e-01
9.956282377243041992e-01
9.953114390373229980e-01
9.970731735229492188e-01
9.985604882240295410e-01
9.996509552001953125e-01
9.998087286949157715e-01
9.988890290260314941e-01
9.948189258575439453e-01
9.716873168945312500e-01
9.361326694488525391e-01
8.744466900825500488e-01
8.724911808967590332e-01
9.515022635459899902e-01
9.815074205398559570e-01
9.664361476898193359e-01
8.355118632316589355e-01
4.751394689083099365e-01
8.063177119765896350e-06
2.905615929194027558e-06
1.556487828493118286e-01
5.111323595046997070e-01
5.798502564430236816e-01
6.512075066566467285e-01
9.055542945861816406e-01
9.978544116020202637e-01
9.992635250091552734e-01
9.992973804473876953e-01
9.912913441658020020e-01
9.732183218002319336e-01
7.867603898048400879e-01
5.809291601181030273e-01
4.091905653476715088e-01
3.045405149459838867e-01
2.462223172187805176e-01
3.891349732875823975e-01
6.019419431686401367e-01
9.015085697174072266e-01
5.123672485351562500e-01
1.352241486310958862e-01
1.825981140136718750e-01
2.200230509042739868e-01
2.473390847444534302e-01
1.732923239469528198e-01
2.537493705749511719e-01
5.288097858428955078e-01
7.814007401466369629e-01
9.722145795822143555e-01
9.826261401176452637e-01
9.835723638534545898e-01
9.797796607017517090e-01
9.911954402923583984e-01
9.981960058212280273e-01
9.994644522666931152e-01
9.998447895050048828e-01
9.999557137489318848e-01
9.997636079788208008e-01
9.991604089736938477e-01
9.979026317596435547e-01
9.805672168731689453e-01
8.902259469032287598e-01
7.004634141921997070e-01
5.239161252975463867e-01
3.582620620727539062e-01
2.214978933334350586e-01
1.131438836455345154e-01
2.403162792325019836e-02
5.295142531394958496e-02
2.201991826295852661e-01
5.910844802856445312e-01
8.126553893089294434e-01
9.590302705764770508e-01
9.518977403640747070e-01
9.560638666152954102e-01
9.680122733116149902e-01
9.794403910636901855e-01
9.889031052589416504e-01
9.952499866485595703e-01
9.979637861251831055e-01
9.994082450866699219e-01
9.996950030326843262e-01
9.998643398284912109e-01
9.999449253082275391e-01
9.999036788940429688e-01
9.971293807029724121e-01
9.894143939018249512e-01
9.207519292831420898e-01
8.569206595420837402e-01
9.406180977821350098e-01
9.861567616462707520e-01
9.990457892417907715e-01
9.990707635879516602e-01
9.976428151130676270e-01
9.951025843620300293e-01
9.948638677597045898e-01
9.950253367424011230e-01
9.913327097892761230e-01
9.727450013160705566e-01
9.395886063575744629e-01
9.487147331237792969e-01
9.647378921508789062e-01
9.857475757598876953e-01
9.858902692794799805e-01
9.762856960296630859e-01
9.661317467689514160e-01
9.697747826576232910e-01
9.891464114189147949e-01
9.956833124160766602e-01
9.991294145584106445e-01
9.996132254600524902e-01
9.998652338981628418e-01
9.999837279319763184e-01
9.999936819076538086e-01
9.999630451202392578e-01
9.998768568038940430e-01
9.984121322631835938e-01
9.961912631988525391e-01
9.922475814819335938e-01
9.914519786834716797e-01
9.928112626075744629e-01
9.962658882141113281e-01
9.987984299659729004e-01
9.997417926788330078e-01
9.999805688858032227e-01
9.999992251396179199e-01
9.999992847442626953e-01
9.999991059303283691e-01
9.999988079071044922e-01
9.999978542327880859e-01
9.999861121177673340e-01
9.999511241912841797e-01
9.998247027397155762e-01
9.996525049209594727e-01
9.994037747383117676e-01
9.991121888160705566e-01
9.987743496894836426e-01
9.982905387878417969e-01
9.979961514472961426e-01
9.982993602752685547e-01
9.982824325561523438e-01
9.979662895202636719e-01
9.943026900291442871e-01
9.912379980087280273e-01
9.889918565750122070e-01
9.869443774223327637e-01
9.844059348106384277e-01
9.796819090843200684e-01
9.835935831069946289e-01
9.936814308166503906e-01
9.973344802856445312e-01
9.994295835494995117e-01
9.990729093551635742e-01
9.946748614311218262e-01
9.880397915840148926e-01
9.757615923881530762e-01
8.948249816894531250e-01
7.496304512023925781e-01
4.797567129135131836e-01
3.690333366394042969e-01
6.899290680885314941e-01
8.502652645111083984e-01
9.272645711898803711e-01
9.319015145301818848e-01
9.424248933792114258e-01
9.603988528251647949e-01
9.789267778396606445e-01
9.941741824150085449e-01
9.969017505645751953e-01
9.927471876144409180e-01
9.839431643486022949e-01
6.968862414360046387e-01
4.015296101570129395e-01
1.004380956292152405e-01
1.559641212224960327e-02
8.231439441442489624e-02
6.734341382980346680e-01
9.655275344848632812e-01
9.761402606964111328e-01
9.881309270858764648e-01
9.972776174545288086e-01
9.987074136734008789e-01
9.992176294326782227e-01
9.992414712905883789e-01
9.988208413124084473e-01
9.983937144279479980e-01
9.979575872421264648e-01
9.983980059623718262e-01
9.989935159683227539e-01
9.993894100189208984e-01
9.987837672233581543e-01
9.974325299263000488e-01
9.978103637695312500e-01
9.975050687789916992e-01
9.956982731819152832e-01
9.005728960037231445e-01
7.365304231643676758e-01
2.837407886981964111e-01
8.530094474554061890e-02
1.615294665098190308e-01
3.077241778373718262e-01
3.707969188690185547e-01
1.395379006862640381e-01
2.434305995702743530e-01
5.506572723388671875e-01
8.018164634704589844e-01
9.633646607398986816e-01
9.789297580718994141e-01
9.804839491844177246e-01
9.783636927604675293e-01
9.807491302490234375e-01
9.630199670791625977e-01
9.267243742942810059e-01
4.112070500850677490e-01
7.560359081253409386e-04
2.310033421963453293e-03
1.327787488698959351e-01
3.375450670719146729e-01
7.419129610061645508e-01
9.844578504562377930e-01
9.971777796745300293e-01
9.996824264526367188e-01
9.839069843292236328e-01
8.914726376533508301e-01
5.636685490608215332e-01
4.019038751721382141e-02
2.291142591275274754e-04
1.379174739122390747e-01
5.937742590904235840e-01
8.486487865447998047e-01
9.994039535522460938e-01
9.977160692214965820e-01
9.946898221969604492e-01
9.899144172668457031e-01
9.891027808189392090e-01
9.900544881820678711e-01
9.946696758270263672e-01
9.978024363517761230e-01
9.997828006744384766e-01
9.909827113151550293e-01
9.855759143829345703e-01
9.892140626907348633e-01
9.930102825164794922e-01
9.967268109321594238e-01
9.982483983039855957e-01
9.992752671241760254e-01
9.996745586395263672e-01
9.998521804809570312e-01
9.998387694358825684e-01
9.992253780364990234e-01
9.988418817520141602e-01
9.986354112625122070e-01
9.987969994544982910e-01
9.990924000740051270e-01
9.996293783187866211e-01
9.997209310531616211e-01
9.994229674339294434e-01
9.962742924690246582e-01
9.934709072113037109e-01
9.911164641380310059e-01
9.928857088088989258e-01
9.954778552055358887e-01
9.973601698875427246e-01
9.986327886581420898e-01
9.994179010391235352e-01
9.997462034225463867e-01
9.998125433921813965e-01
9.993507862091064453e-01
9.980868101119995117e-01
9.964761734008789062e-01
9.958444833755493164e-01
9.947791099548339844e-01
9.931085109710693359e-01
9.855486154556274414e-01
9.769769906997680664e-01
9.713890552520751953e-01
9.760134816169738770e-01
9.895969033241271973e-01
9.957451820373535156e-01
9.996931552886962891e-01
9.998973608016967773e-01
9.999779462814331055e-01
9.999901056289672852e-01
9.999932050704956055e-01
9.999956488609313965e-01
9.999971985816955566e-01
9.999935030937194824e-01
9.999827146530151367e-01
9.999345541000366211e-01
9.998500347137451172e-01
9.997286200523376465e-01
9.996943473815917969e-01
9.997192621231079102e-01
9.998913407325744629e-01
9.999690055847167969e-01
9.999852180480957031e-01
9.999577999114990234e-01
9.998781085014343262e-01
9.997003078460693359e-01
9.992811679840087891e-01
9.986999034881591797e-01
9.973677992820739746e-01
9.964097142219543457e-01
9.959113001823425293e-01
9.971319437026977539e-01
9.973064064979553223e-01
9.910783171653747559e-01
9.705538153648376465e-01
9.384378790855407715e-01
9.133298397064208984e-01
9.048604369163513184e-01
9.363750219345092773e-01
9.453335404396057129e-01
9.414721727371215820e-01
8.939601182937622070e-01
8.204697966575622559e-01
7.056239843368530273e-01
5.864676833152770996e-01
5.020058155059814453e-01
6.812946796417236328e-01
8.262919187545776367e-01
9.352806806564331055e-01
9.716576337814331055e-01
9.915526509284973145e-01
9.968574047088623047e-01
9.984970092773437500e-01
9.975423812866210938e-01
9.860249757766723633e-01
9.771683812141418457e-01
9.752712845802307129e-01
9.707478284835815430e-01
9.519587755203247070e-01
6.560996174812316895e-01
4.561842381954193115e-01
3.948625624179840088e-01
4.472099542617797852e-01
5.603683590888977051e-01
8.434485197067260742e-01
9.885357022285461426e-01
9.972143173217773438e-01
9.951470494270324707e-01
9.875570535659790039e-01
9.670618176460266113e-01
9.193076491355895996e-01
8.528400063514709473e-01
8.401170372962951660e-01
8.532970547676086426e-01
9.164222478866577148e-01
9.614999890327453613e-01
9.966244101524353027e-01
9.987430572509765625e-01
9.999423623085021973e-01
9.998010396957397461e-01
9.994947314262390137e-01
9.988225102424621582e-01
9.960846304893493652e-01
9.943128228187561035e-01
9.935328364372253418e-01
9.962224960327148438e-01
9.989159107208251953e-01
9.995006918907165527e-01
9.995107650756835938e-01
9.990998506546020508e-01
9.987777471542358398e-01
9.985933303833007812e-01
9.987183809280395508e-01
9.988627433776855469e-01
9.990211129188537598e-01
9.993795752525329590e-01
9.996939897537231445e-01
9.999371767044067383e-01
1.000000000000000000e+00
9.999855756759643555e-01
9.998438358306884766e-01
9.997773170471191406e-01
9.997986555099487305e-01
9.997165799140930176e-01
9.995946884155273438e-01
9.993942379951477051e-01
9.993524551391601562e-01
9.994463324546813965e-01
9.986426830291748047e-01
9.803153276443481445e-01
9.119595885276794434e-01
7.449941039085388184e-01
5.168918967247009277e-01
7.036016583442687988e-01
8.655790090560913086e-01
9.587764143943786621e-01
9.910324811935424805e-01
9.943775534629821777e-01
9.642664790153503418e-01
9.477910995483398438e-01
9.512360692024230957e-01
9.708729386329650879e-01
9.931153059005737305e-01
9.972952604293823242e-01
9.995936751365661621e-01
9.998341798782348633e-01
9.998627305030822754e-01
9.998587965965270996e-01
9.998968839645385742e-01
9.999313950538635254e-01
9.999631047248840332e-01
9.996080398559570312e-01
9.983782768249511719e-01
9.947419762611389160e-01
7.561696171760559082e-01
3.697044551372528076e-01
1.470225453376770020e-01
3.790199798459070735e-06
1.551404784549959004e-05
2.309587746858596802e-01
5.681096315383911133e-01
8.357338905334472656e-01
9.992226362228393555e-01
9.997643828392028809e-01
9.999300241470336914e-01
9.999656081199645996e-01
9.999811053276062012e-01
9.999181032180786133e-01
9.997599720954895020e-01
9.976316094398498535e-01
9.845416545867919922e-01
9.161607027053833008e-01
7.464848756790161133e-01
4.801141321659088135e-01
3.740822672843933105e-01
4.000558853149414062e-01
8.074738383293151855e-01
9.879707694053649902e-01
9.991676807403564453e-01
9.999931454658508301e-01
9.999995231628417969e-01
9.999994039535522461e-01
9.999927282333374023e-01
9.999821186065673828e-01
9.986202716827392578e-01
9.919334650039672852e-01
9.746878743171691895e-01
9.317133426666259766e-01
8.770617246627807617e-01
8.272593617439270020e-01
7.881044149398803711e-01
7.656426429748535156e-01
7.947832942008972168e-01
8.463872671127319336e-01
9.401723742485046387e-01
9.943428635597229004e-01
9.990134239196777344e-01
9.999870061874389648e-01
9.999991655349731445e-01
9.999969005584716797e-01
9.996665716171264648e-01
9.990004301071166992e-01
9.642151594161987305e-01
9.098718166351318359e-01
8.009265065193176270e-01
6.665965318679809570e-01
5.109752416610717773e-01
4.933403432369232178e-01
5.420083999633789062e-01
7.450376152992248535e-01
8.821125030517578125e-01
9.740154743194580078e-01
9.890905618667602539e-01
9.962777495384216309e-01
9.957609772682189941e-01
9.956824779510498047e-01
9.958531260490417480e-01
9.963230490684509277e-01
9.950797557830810547e-01
9.904004931449890137e-01
9.860073328018188477e-01
9.817680120468139648e-01
9.782105684280395508e-01
9.494563341140747070e-01
8.790016770362854004e-01
7.274432778358459473e-01
5.568480491638183594e-01
5.419875383377075195e-01
6.142202019691467285e-01
8.079176545143127441e-01
8.558612465858459473e-01
8.538522124290466309e-01
8.131006956100463867e-01
7.424911856651306152e-01
6.362821459770202637e-01
6.060415506362915039e-01
5.554390549659729004e-01
2.759280800819396973e-01
9.399311244487762451e-02
1.306393928825855255e-02
8.364406410166173969e-19
3.495876228498673299e-07
2.248813643745961599e-06
2.251829802989959717e-01
6.503412127494812012e-01
8.580998182296752930e-01
9.965474605560302734e-01
9.987618923187255859e-01
9.986224174499511719e-01
9.966457486152648926e-01
9.960363507270812988e-01
9.960535168647766113e-01
9.975259304046630859e-01
9.907534122467041016e-01
9.783638119697570801e-01
7.150798439979553223e-01
5.340232253074645996e-01
6.033661961555480957e-01
6.434704065322875977e-01
6.660540103912353516e-01
4.954024553298950195e-01
4.499689340591430664e-01
6.960310339927673340e-01
8.578075170516967773e-01
9.744884371757507324e-01
9.773811697959899902e-01
9.778982400894165039e-01
9.747405052185058594e-01
9.428929686546325684e-01
8.927809000015258789e-01
6.319008469581604004e-01
4.178305566310882568e-01
2.855269312858581543e-01
2.754682600498199463e-01
3.218175768852233887e-01
4.792987406253814697e-01
6.520230174064636230e-01
8.488442897796630859e-01
9.312855601310729980e-01
9.678729176521301270e-01
9.646760225296020508e-01
9.675399661064147949e-01
9.791757464408874512e-01
9.893422722816467285e-01
9.982300400733947754e-01
9.993157982826232910e-01
9.959456324577331543e-01
9.866629838943481445e-01
9.672787785530090332e-01
9.493883252143859863e-01
9.676367640495300293e-01
9.767805337905883789e-01
9.747186303138732910e-01
9.818891286849975586e-01
9.909957051277160645e-01
9.962081909179687500e-01
9.987256526947021484e-01
9.981228709220886230e-01
9.958165287971496582e-01
9.896921515464782715e-01
9.627895355224609375e-01
9.021014571189880371e-01
8.046072125434875488e-01
6.660470366477966309e-01
4.973738193511962891e-01
2.143061906099319458e-01
5.030213296413421631e-02
9.213545359671115875e-03
9.496108628809452057e-03
1.139137968420982361e-01
7.011950016021728516e-01
9.956821799278259277e-01
9.987416267395019531e-01
9.988306164741516113e-01
9.984896183013916016e-01
9.988459348678588867e-01
9.028478264808654785e-01
7.143840193748474121e-01
4.642993211746215820e-01
2.548115849494934082e-01
2.741636931896209717e-01
2.821376025676727295e-01
2.795532941818237305e-01
2.786909341812133789e-01
3.129933476448059082e-01
4.976870715618133545e-01
6.898505091667175293e-01
8.888443112373352051e-01
9.575412869453430176e-01
9.958291649818420410e-01
9.982632398605346680e-01
9.992367625236511230e-01
9.988940954208374023e-01
9.992741942405700684e-01
9.997020363807678223e-01
9.998456239700317383e-01
9.999204874038696289e-01
9.999343156814575195e-01
9.999668598175048828e-01
9.999915957450866699e-01
9.999717473983764648e-01
9.999061226844787598e-01
9.997996687889099121e-01
9.992625117301940918e-01
9.986927509307861328e-01
9.982730150222778320e-01
9.984021186828613281e-01
9.990237951278686523e-01
9.995479583740234375e-01
9.999622106552124023e-01
9.999870657920837402e-01
9.999992251396179199e-01
9.999998807907104492e-01
1.000000000000000000e+00
1.000000000000000000e+00
9.999998807907104492e-01
9.999998211860656738e-01
9.999998211860656738e-01
9.999990463256835938e-01
9.999977350234985352e-01
9.999941587448120117e-01
9.999866485595703125e-01
9.999753832817077637e-01
9.997974038124084473e-01
9.993987083435058594e-01
9.980924725532531738e-01
9.975263476371765137e-01
9.976909756660461426e-01
9.983174800872802734e-01
9.988635778427124023e-01
9.985288381576538086e-01
9.986947774887084961e-01
9.993783831596374512e-01
9.997463822364807129e-01
1.000000000000000000e+00
1.000000000000000000e+00
9.940072298049926758e-01
9.814762473106384277e-01
9.733278155326843262e-01
9.677792787551879883e-01
9.719744920730590820e-01
9.504618644714355469e-01
8.993577957153320312e-01
6.837007999420166016e-01
4.337753057479858398e-01
2.428849488496780396e-01
1.752983331680297852e-01
2.594282329082489014e-01
5.449849367141723633e-01
8.600409030914306641e-01
9.255009293556213379e-01
9.719941020011901855e-01
9.932377338409423828e-01
9.335093498229980469e-01
8.504429459571838379e-01
7.976046800613403320e-01
7.967343926429748535e-01
8.707821965217590332e-01
9.315603971481323242e-01
9.844821691513061523e-01
9.930735230445861816e-01
9.864295125007629395e-01
9.557663202285766602e-01
9.014114141464233398e-01
8.430408239364624023e-01
9.196439981460571289e-01
9.752129912376403809e-01
9.939134120941162109e-01
9.997650980949401855e-01
9.997712969779968262e-01
9.986128211021423340e-01
9.973767399787902832e-01
9.959889054298400879e-01
9.938040971755981445e-01
9.912191033363342285e-01
9.831441044807434082e-01
9.769566655158996582e-01
9.750606417655944824e-01
9.687580466270446777e-01
9.599408507347106934e-01
8.756885528564453125e-01
8.255068659782409668e-01
8.702729344367980957e-01
9.220107793807983398e-01
9.781916141510009766e-01
9.916534423828125000e-01
9.991707801818847656e-01
9.987487196922302246e-01
9.962185621261596680e-01
9.921349883079528809e-01
9.863339066505432129e-01
9.828221201896667480e-01
9.880756139755249023e-01
9.933608770370483398e-01
9.986609816551208496e-01
9.994841217994689941e-01
9.996111989021301270e-01
9.997864365577697754e-01
9.999090433120727539e-01
9.999798536300659180e-01
9.999931454658508301e-01
9.999891519546508789e-01
9.999551177024841309e-01
9.999008178710937500e-01
9.998236894607543945e-01
9.997875094413757324e-01
9.997688531875610352e-01
9.998031258583068848e-01
9.977542757987976074e-01
9.929690957069396973e-01
9.457650184631347656e-01
8.762935400009155273e-01
6.975689530372619629e-01
5.796724557876586914e-01
5.575124025344848633e-01
7.063872218132019043e-01
9.207724928855895996e-01
9.663770198822021484e-01
9.967616796493530273e-01
9.984185099601745605e-01
9.974363446235656738e-01
9.951330423355102539e-01
7.502300143241882324e-01
5.042927265167236328e-01
2.652974426746368408e-01
2.058557569980621338e-01
2.556877136230468750e-01
4.979600906372070312e-01
7.310220003128051758e-01
8.998231291770935059e-01
9.800257682800292969e-01
9.944250583648681641e-01
9.972908496856689453e-01
9.928937554359436035e-01
9.663506746292114258e-01
8.675046563148498535e-01
7.034958600997924805e-01
6.309775114059448242e-01
6.101856827735900879e-01
7.703456282615661621e-01
8.689981102943420410e-01
9.000144600868225098e-01
9.493458867073059082e-01
9.978939890861511230e-01
9.989760518074035645e-01
9.992951750755310059e-01
9.985690712928771973e-01
9.968079328536987305e-01
9.946700930595397949e-01
9.924594163894653320e-01
9.772930145263671875e-01
9.398360848426818848e-01
5.622161626815795898e-01
2.561479620635509491e-02
1.009916793555021286e-02
0.000000000000000000e+00
0.000000000000000000e+00
1.336190269540793452e-09
3.474289522742424197e-09
1.957031190395355225e-01
4.035290777683258057e-01
6.103141903877258301e-01
7.074804306030273438e-01
7.207322716712951660e-01
7.620010375976562500e-01
8.214305639266967773e-01
9.405875802040100098e-01
9.995188713073730469e-01
9.998916387557983398e-01
9.999528527259826660e-01
9.999305605888366699e-01
9.998065829277038574e-01
9.997392892837524414e-01
9.997425675392150879e-01
9.998279809951782227e-01
9.999282360076904297e-01
9.998731613159179688e-01
9.997532367706298828e-01
9.995272159576416016e-01
9.996361136436462402e-01
9.998929500579833984e-01
9.998212456703186035e-01
9.997897744178771973e-01
9.998462796211242676e-01
9.998968243598937988e-01
9.999438524246215820e-01
9.999588131904602051e-01
9.999454021453857422e-01
9.998521804809570312e-01
9.991862773895263672e-01
9.980661869049072266e-01
9.873819947242736816e-01
9.646028280258178711e-01
8.920115828514099121e-01
8.437023162841796875e-01
8.209327459335327148e-01
9.001660346984863281e-01
9.948909878730773926e-01
9.981161355972290039e-01
9.999949932098388672e-01
9.999830126762390137e-01
9.999461770057678223e-01
9.998750090599060059e-01
9.990816712379455566e-01
9.979162216186523438e-01
9.960320591926574707e-01
9.954507350921630859e-01
9.955741763114929199e-01
9.976921081542968750e-01
9.994176626205444336e-01
9.998054504394531250e-01
9.999268651008605957e-01
9.998486638069152832e-01
9.995141625404357910e-01
9.991953969001770020e-01
9.990960955619812012e-01
9.993245601654052734e-01
9.998881816864013672e-01
9.999982714653015137e-01
9.999949336051940918e-01
9.999824166297912598e-01
9.999132752418518066e-01
9.997639656066894531e-01
9.644960761070251465e-01
9.060777425765991211e-01
4.903043508529663086e-01
1.709801405668258667e-01
4.632272571325302124e-02
3.723533824086189270e-02
9.400803595781326294e-02
3.415986299514770508e-01
5.738729834556579590e-01
7.250124812126159668e-01
8.541027307510375977e-01
9.651789665222167969e-01
9.903211593627929688e-01
9.996876716613769531e-01
9.998913407325744629e-01
9.999983310699462891e-01
9.999947547912597656e-01
9.999944567680358887e-01
9.999917745590209961e-01
9.999467134475708008e-01
9.998235106468200684e-01
9.995720982551574707e-01
9.995941519737243652e-01
9.997440576553344727e-01
9.998245835304260254e-01
9.996091127395629883e-01
9.986681342124938965e-01
9.912269711494445801e-01
9.793112277984619141e-01
9.692308902740478516e-01
9.645420312881469727e-01
9.810339808464050293e-01
9.847556352615356445e-01
9.756109714508056641e-01
9.716011881828308105e-01
9.701645374298095703e-01
9.800712466239929199e-01
9.885069131851196289e-01
9.947667121887207031e-01
9.978048205375671387e-01
9.994845986366271973e-01
9.997314214706420898e-01
9.995777010917663574e-01
9.985266327857971191e-01
9.907927513122558594e-01
9.787631034851074219e-01
9.762369394302368164e-01
9.772636890411376953e-01
9.881628155708312988e-01
9.954562783241271973e-01
9.992731809616088867e-01
9.976163506507873535e-01
9.951049089431762695e-01
9.961489439010620117e-01
9.974966645240783691e-01
9.992870688438415527e-01
9.998843669891357422e-01
9.999910593032836914e-01
9.999845623970031738e-01
9.997597932815551758e-01
9.990421533584594727e-01
9.823470115661621094e-01
9.552837610244750977e-01
9.252711534500122070e-01
9.064045548439025879e-01
9.329841732978820801e-01
9.600719809532165527e-01
9.876999855041503906e-01
9.962031841278076172e-01
9.995364546775817871e-01
9.998252391815185547e-01
1.000000000000000000e+00
1.000000000000000000e+00
9.999288320541381836e-01
9.998259544372558594e-01
9.998474121093750000e-01
9.998825192451477051e-01
9.999480843544006348e-01
9.999819397926330566e-01
9.999931454658508301e-01
9.999946951866149902e-01
9.999892711639404297e-01
9.999571442604064941e-01
9.935496449470520020e-01
9.799635410308837891e-01
8.517718911170959473e-01
7.018646597862243652e-01
7.474114298820495605e-01
8.178115487098693848e-01
9.327547550201416016e-01
9.831059575080871582e-01
9.992014169692993164e-01
9.887090325355529785e-01
9.730902314186096191e-01
9.458838105201721191e-01
9.368923306465148926e-01
9.435832500457763672e-01
9.713298678398132324e-01
9.993972778320312500e-01
9.997768402099609375e-01
9.999977946281433105e-01
9.999979138374328613e-01
9.999945163726806641e-01
9.999893903732299805e-01
9.999302029609680176e-01
9.993774890899658203e-01
9.976732730865478516e-01
9.917692542076110840e-01
9.829841852188110352e-01
9.785084724426269531e-01
9.777342081069946289e-01
9.914711713790893555e-01
9.985269308090209961e-01
9.980463981628417969e-01
9.988334774971008301e-01
9.999545216560363770e-01
9.999465346336364746e-01
9.999125003814697266e-01
9.998290538787841797e-01
9.996527433395385742e-01
9.994233250617980957e-01
9.980641007423400879e-01
9.948715567588806152e-01
9.855358004570007324e-01
9.454011917114257812e-01
8.759517073631286621e-01
6.761996746063232422e-01
4.439031481742858887e-01
2.043677270412445068e-01
2.014594525098800659e-01
5.801948904991149902e-01
8.194159269332885742e-01
9.913085103034973145e-01
9.960105419158935547e-01
9.927456378936767578e-01
9.847500920295715332e-01
9.855594635009765625e-01
9.937533140182495117e-01
9.972154498100280762e-01
9.994255304336547852e-01
9.994586706161499023e-01
9.994178414344787598e-01
9.992717504501342773e-01
9.930369853973388672e-01
9.841955304145812988e-01
9.338217377662658691e-01
8.952072262763977051e-01
8.884743452072143555e-01
9.158523082733154297e-01
9.695431590080261230e-01
9.882355928421020508e-01
9.990922808647155762e-01
9.993066787719726562e-01
9.987729191780090332e-01
9.972426295280456543e-01
9.719702601432800293e-01
9.373564720153808594e-01
9.013102650642395020e-01
8.839306831359863281e-01
9.120467305183410645e-01
9.484976530075073242e-01
9.909821152687072754e-01
9.978086948394775391e-01
9.988271594047546387e-01
9.989338517189025879e-01
9.901297688484191895e-01
9.697784185409545898e-01
6.552748680114746094e-01
2.290524840354919434e-01
1.070096194744110107e-01
4.832613840699195862e-02
1.427136808633804321e-01
4.183604717254638672e-01
8.258119821548461914e-01
9.398435354232788086e-01
9.974423646926879883e-01
9.971573948860168457e-01
9.937908053398132324e-01
9.863537549972534180e-01
9.855405092239379883e-01
9.873814582824707031e-01
9.912391304969787598e-01
9.899019598960876465e-01
9.753152132034301758e-01
9.403939843177795410e-01
8.897547125816345215e-01
8.959187269210815430e-01
9.108821153640747070e-01
9.176198244094848633e-01
8.941841125488281250e-01
8.282542228698730469e-01
5.181689262390136719e-01
1.026461645960807800e-01
1.866149455308914185e-01
3.526986539363861084e-01
7.222921252250671387e-01
9.227360486984252930e-01
9.819865822792053223e-01
9.942517876625061035e-01
9.965611100196838379e-01
9.984224438667297363e-01
9.996041655540466309e-01
9.997275471687316895e-01
9.988631606101989746e-01
9.975162744522094727e-01
9.956455826759338379e-01
9.947175979614257812e-01
9.969342350959777832e-01
9.984260797500610352e-01
9.992345571517944336e-01
9.965516328811645508e-01
9.761357903480529785e-01
7.491719126701354980e-01
4.961762130260467529e-01
1.959011554718017578e-01
1.588861346244812012e-01
2.730978131294250488e-01
5.739417672157287598e-01
8.485563397407531738e-01
9.445568919181823730e-01
9.959357976913452148e-01
9.980305433273315430e-01
9.988471269607543945e-01
9.992490410804748535e-01
9.996041059494018555e-01
9.998688101768493652e-01
9.999332427978515625e-01
9.914430379867553711e-01
9.770114421844482422e-01
5.498827695846557617e-01
1.507201641798019409e-01
2.832841575145721436e-01
4.711541533470153809e-01
7.339884638786315918e-01
8.634631037712097168e-01
9.364907145500183105e-01
9.607106447219848633e-01
9.782790541648864746e-01
9.794804453849792480e-01
9.828380346298217773e-01
9.880765080451965332e-01
9.933491945266723633e-01
9.982539415359497070e-01
9.991997480392456055e-01
9.998145103454589844e-01
9.998469948768615723e-01
9.965823888778686523e-01
9.914560317993164062e-01
9.307320713996887207e-01
8.513681888580322266e-01
7.145105004310607910e-01
7.305652499198913574e-01
9.212130308151245117e-01
9.804295897483825684e-01
9.909656047821044922e-01
8.274533152580261230e-01
7.198952436447143555e-01
7.476890683174133301e-01
8.183595538139343262e-01
9.219959378242492676e-01
9.562832117080688477e-01
9.277411103248596191e-01
5.136240124702453613e-01
2.015956342220306396e-01
5.104739591479301453e-02
1.790859437407116217e-42
1.078999817530109145e-43
4.418952849794209884e-28
1.863635331392288208e-02
1.076664552092552185e-01
1.106480583548545837e-01
2.171833254396915436e-02
1.184296252176864073e-05
2.744470024481415749e-03
1.027051508426666260e-01
3.145694434642791748e-01
7.871962785720825195e-01
9.926601052284240723e-01
9.977040886878967285e-01
9.988790154457092285e-01
9.993101358413696289e-01
9.995681643486022949e-01
9.993631839752197266e-01
9.984241724014282227e-01
9.982134103775024414e-01
9.983808994293212891e-01
9.990895390510559082e-01
9.991318583488464355e-01
9.963765740394592285e-01
9.866601228713989258e-01
9.691108465194702148e-01
9.490027427673339844e-01
9.286108016967773438e-01
9.602187275886535645e-01
9.855489134788513184e-01
9.948477745056152344e-01
9.992621541023254395e-01
9.997228384017944336e-01
9.997144937515258789e-01
9.995371699333190918e-01
9.986891150474548340e-01
9.784101843833923340e-01
9.239016175270080566e-01
5.937517285346984863e-01
1.029122099280357361e-01
2.574674412608146667e-02
1.894808001816272736e-02
1.311819404363632202e-01
3.727903962135314941e-01
7.818182706832885742e-01
9.389643669128417969e-01
9.898725748062133789e-01
9.960137605667114258e-01
9.997265934944152832e-01
9.997798800468444824e-01
9.997165799140930176e-01
9.995405673980712891e-01
9.994142055511474609e-01
9.992860555648803711e-01
9.988100528717041016e-01
9.977246522903442383e-01
9.952959418296813965e-01
9.919551610946655273e-01
9.879459738731384277e-01
9.906397461891174316e-01
9.945163726806640625e-01
9.977645277976989746e-01
9.998391866683959961e-01
9.999514222145080566e-01
9.999268054962158203e-01
9.998249411582946777e-01
9.554870128631591797e-01
8.331758975982666016e-01
3.560238480567932129e-01
1.321036517620086670e-01
2.349718213081359863e-01
1.579841077327728271e-01
5.126177798956632614e-03
1.200683982460759580e-05
7.236419629153677109e-20
2.426812207911336217e-20
3.251012437233575605e-42
9.820299637988318033e-42
1.929909530795637096e-11
9.999160654842853546e-03
4.702215194702148438e-01
8.309950232505798340e-01
9.454348087310791016e-01
9.961806535720825195e-01
9.947963953018188477e-01
9.956218004226684570e-01
9.969781637191772461e-01
9.986415505409240723e-01
9.997873306274414062e-01
9.999299645423889160e-01
9.999837875366210938e-01
9.999788403511047363e-01
9.996103048324584961e-01
9.982999563217163086e-01
9.908509850502014160e-01
9.774095416069030762e-01
9.545655250549316406e-01
9.553113579750061035e-01
9.687530994415283203e-01
9.842741489410400391e-01
9.972998499870300293e-01
9.974337220191955566e-01
9.973166584968566895e-01
9.968746900558471680e-01
9.976462125778198242e-01
9.989470243453979492e-01
9.993816614151000977e-01
9.997303485870361328e-01
9.999073743820190430e-01
9.999920725822448730e-01
9.999754428863525391e-01
9.999802112579345703e-01
9.999926686286926270e-01
9.999949336051940918e-01
9.999495148658752441e-01
9.997655153274536133e-01
9.685575962066650391e-01
9.083639383316040039e-01
6.168156862258911133e-01
2.754200100898742676e-01
3.833556771278381348e-01
4.963589906692504883e-01
6.217671632766723633e-01
6.856483817100524902e-01
6.997634172439575195e-01
5.981232523918151855e-01
4.939762055873870850e-01
7.187328934669494629e-01
7.689165472984313965e-01
4.590574502944946289e-01
4.498325884342193604e-01
6.543018221855163574e-01
8.195250034332275391e-01
9.616940617561340332e-01
9.626619219779968262e-01
9.343843460083007812e-01
8.538752198219299316e-01
8.400735855102539062e-01
8.678553104400634766e-01
9.222741127014160156e-01
9.751061797142028809e-01
9.897521734237670898e-01
9.990401268005371094e-01
9.997063279151916504e-01
9.999649524688720703e-01
9.999930262565612793e-01
9.999921917915344238e-01
9.999860525131225586e-01
9.999690651893615723e-01
9.999589920043945312e-01
9.999589920043945312e-01
9.999685287475585938e-01
9.999829530715942383e-01
9.999911189079284668e-01
9.999974966049194336e-01
9.999982714653015137e-01
9.999875426292419434e-01
9.999613165855407715e-01
9.996369481086730957e-01
9.991720318794250488e-01
9.985551834106445312e-01
9.981735944747924805e-01
9.988551735877990723e-01
9.994290471076965332e-01
9.998663067817687988e-01
9.964030385017395020e-01
9.912307262420654297e-01
9.340635538101196289e-01
8.944810032844543457e-01
9.353865981101989746e-01
9.682823419570922852e-01
9.915174245834350586e-01
9.989188313484191895e-01
9.997734427452087402e-01
9.997497797012329102e-01
9.995662569999694824e-01
9.989275336265563965e-01
9.971629977226257324e-01
9.940915703773498535e-01
9.911888837814331055e-01
9.883503913879394531e-01
9.686329364776611328e-01
9.585559964179992676e-01
9.851263761520385742e-01
9.994317889213562012e-01
9.998765587806701660e-01
9.453028440475463867e-01
8.695483803749084473e-01
8.945754766464233398e-01
9.245938658714294434e-01
9.618639349937438965e-01
9.790985584259033203e-01
9.738957285881042480e-01
6.552140116691589355e-01
2.148323208093643188e-01
8.973865956068038940e-02
1.177081809800029077e-08
6.520269124621336232e-08
4.651974886655807495e-02
1.456816494464874268e-01
4.866307079792022705e-01
9.216560721397399902e-01
9.705439209938049316e-01
9.990952610969543457e-01
9.992645382881164551e-01
9.990940093994140625e-01
9.985326528549194336e-01
9.891382455825805664e-01
9.761787056922912598e-01
6.979072690010070801e-01
4.194930493831634521e-01
1.849105954170227051e-01
8.487874269485473633e-02
1.460941880941390991e-01
2.453007549047470093e-01
3.607798814773559570e-01
4.239321947097778320e-01
5.091259479522705078e-01
6.951132416725158691e-01
8.383620977401733398e-01
9.282811284065246582e-01
9.385320544242858887e-01
9.131725430488586426e-01
9.224458336830139160e-01
9.381061196327209473e-01
9.719766378402709961e-01
9.912902712821960449e-01
9.911446571350097656e-01
9.872950911521911621e-01
9.816402792930603027e-01
9.870645999908447266e-01
9.929545521736145020e-01
9.961708784103393555e-01
9.903336167335510254e-01
9.714015126228332520e-01
9.007146358489990234e-01
8.028109073638916016e-01
7.658587098121643066e-01
7.573983073234558105e-01
8.793032169342041016e-01
9.640689492225646973e-01
9.896110296249389648e-01
9.993942379951477051e-01
9.999297857284545898e-01
9.999939799308776855e-01
9.999817013740539551e-01
9.999085664749145508e-01
9.998521208763122559e-01
9.998251795768737793e-01
9.979414343833923340e-01
9.948382973670959473e-01
6.947727799415588379e-01
3.644140958786010742e-01
2.571297287940979004e-01
3.188487589359283447e-01
7.194377779960632324e-01
9.081569910049438477e-01
9.408919215202331543e-01
8.872432112693786621e-01
8.097675442695617676e-01
6.599027514457702637e-01
5.318235158920288086e-01
4.541777670383453369e-01
5.751405954360961914e-01
8.646241426467895508e-01
9.592653512954711914e-01
9.985861182212829590e-01
9.993967413902282715e-01
9.999933242797851562e-01
9.999977946281433105e-01
9.999881386756896973e-01
9.999646544456481934e-01
9.997009634971618652e-01
9.993551969528198242e-01
9.945026040077209473e-01
9.887391328811645508e-01
9.801034927368164062e-01
9.774476885795593262e-01
9.817156791687011719e-01
9.892707467079162598e-01
9.982298016548156738e-01
9.993251562118530273e-01
9.996267557144165039e-01
9.985096454620361328e-01
9.936395287513732910e-01
9.835807681083679199e-01
9.749978780746459961e-01
9.671682715415954590e-01
9.810369014739990234e-01
9.955720305442810059e-01
9.982928633689880371e-01
1.000000000000000000e+00
1.000000000000000000e+00
1.000000000000000000e+00
1.000000000000000000e+00
9.835910797119140625e-01
9.540584087371826172e-01
8.129893541336059570e-01
7.412437796592712402e-01
8.166644573211669922e-01
7.917309403419494629e-01
6.872158646583557129e-01
5.925076007843017578e-01
5.106769800186157227e-01
7.576617598533630371e-01
9.482606649398803711e-01
9.825656414031982422e-01
9.996043443679809570e-01
9.994692206382751465e-01
9.994473457336425781e-01
9.994661211967468262e-01
9.997372031211853027e-01
9.999602437019348145e-01
9.999718070030212402e-01
9.999717473983764648e-01
9.999570250511169434e-01
9.976205229759216309e-01
9.941803812980651855e-01
9.238522648811340332e-01
8.562797307968139648e-01
8.418447375297546387e-01
8.618336915969848633e-01
9.377127289772033691e-01
9.759248495101928711e-01
9.904420375823974609e-01
9.911754727363586426e-01
9.894344806671142578e-01
9.879146814346313477e-01
9.834285974502563477e-01
9.724471569061279297e-01
9.501686096191406250e-01
9.185789823532104492e-01
7.962284088134765625e-01
6.469245553016662598e-01
3.921940922737121582e-01
2.064105719327926636e-01
2.318628728389739990e-01
3.171753287315368652e-01
4.677255153656005859e-01
5.742778182029724121e-01
6.629082560539245605e-01
7.515508532524108887e-01
8.361102342605590820e-01
9.010023474693298340e-01
9.509091973304748535e-01
9.786508679389953613e-01
9.898001551628112793e-01
9.914331436157226562e-01
9.839026927947998047e-01
9.756420254707336426e-01
9.738214015960693359e-01
9.766981601715087891e-01
9.891632199287414551e-01
9.960151910781860352e-01
9.984371066093444824e-01
9.984924793243408203e-01
9.978195428848266602e-01
9.920341372489929199e-01
9.827112555503845215e-01
9.625535607337951660e-01
9.493186473846435547e-01
9.437553286552429199e-01
9.605969786643981934e-01
9.868272542953491211e-01
9.934386610984802246e-01
9.979705214500427246e-01
9.989833235740661621e-01
9.949408173561096191e-01
9.830554723739624023e-01
9.563986063003540039e-01
9.206680655479431152e-01
8.802878260612487793e-01
8.433567285537719727e-01
8.596087694168090820e-01
8.759074807167053223e-01
8.923349380493164062e-01
9.005628824234008789e-01
9.014848470687866211e-01
8.795105218887329102e-01
8.500818014144897461e-01
8.767185211181640625e-01
9.081948399543762207e-01
9.540038108825683594e-01
9.841577410697937012e-01
9.939101934432983398e-01
9.968395829200744629e-01
9.962610006332397461e-01
9.945599436759948730e-01
9.917310476303100586e-01
9.810659885406494141e-01
9.680559039115905762e-01
9.504796862602233887e-01
9.424198269844055176e-01
9.417777657508850098e-01
9.522982835769653320e-01
9.658564329147338867e-01
9.786648154258728027e-01
9.897853732109069824e-01
9.954656362533569336e-01
9.986537098884582520e-01
9.989318847656250000e-01
9.952028989791870117e-01
9.896488785743713379e-01
8.998092412948608398e-01
7.772076129913330078e-01
4.955379664897918701e-01
3.049156367778778076e-01
2.771366238594055176e-01
4.054408073425292969e-01
6.467126011848449707e-01
8.120608329772949219e-01
9.552452564239501953e-01
9.769791364669799805e-01
9.938907623291015625e-01
9.962196350097656250e-01
9.976472258567810059e-01
9.980609416961669922e-01
9.975126981735229492e-01
9.965413212776184082e-01
9.951516389846801758e-01
9.940521717071533203e-01
9.949886202812194824e-01
9.961473941802978516e-01
9.977013468742370605e-01
9.980366826057434082e-01
9.974900484085083008e-01
9.516529440879821777e-01
8.876933455467224121e-01
5.201156139373779297e-01
2.163697332143783569e-01
1.116391569375991821e-01
1.309677064418792725e-01
2.932606339454650879e-01
5.960021615028381348e-01
9.634084105491638184e-01
9.990138411521911621e-01
9.994500875473022461e-01
9.971928596496582031e-01
9.961509108543395996e-01
9.974183440208435059e-01
9.973590970039367676e-01
9.962720274925231934e-01
9.859218597412109375e-01
9.729966521263122559e-01
9.746256470680236816e-01
9.776635766029357910e-01
9.856994152069091797e-01
9.325815439224243164e-01
8.009017109870910645e-01
6.994402408599853516e-01
6.137349009513854980e-01
6.486749649047851562e-01
7.017459273338317871e-01
7.638440132141113281e-01
8.296509385108947754e-01
9.038007259368896484e-01
9.560150504112243652e-01
9.886386394500732422e-01
9.966253042221069336e-01
9.960954785346984863e-01
9.924243092536926270e-01
9.889640808105468750e-01
9.870951771736145020e-01
9.887694120407104492e-01
9.959371089935302734e-01
9.986335039138793945e-01
9.984475374221801758e-01
9.989039301872253418e-01
9.994825124740600586e-01
9.997340440750122070e-01
9.997519850730895996e-01
9.990968704223632812e-01
9.924392700195312500e-01
9.790651202201843262e-01
9.732758402824401855e-01
9.709573388099670410e-01
9.834098219871520996e-01
9.961287975311279297e-01
9.984209537506103516e-01
9.999638199806213379e-01
9.999783635139465332e-01
9.999154806137084961e-01
9.997878074645996094e-01
9.989303946495056152e-01
9.978401064872741699e-01
9.954344630241394043e-01
9.913435578346252441e-01
9.800875782966613770e-01
9.757734537124633789e-01
9.818776249885559082e-01
9.891539216041564941e-01
9.971579313278198242e-01
9.992051720619201660e-01
9.999562501907348633e-01
9.998525977134704590e-01
9.996884465217590332e-01
9.993430972099304199e-01
9.990222454071044922e-01
9.987300038337707520e-01
9.953494071960449219e-01
9.904696941375732422e-01
7.144345641136169434e-01
4.117351770401000977e-01
1.797485500574111938e-01
1.643778532743453979e-01
6.300188302993774414e-01
8.943833708763122559e-01
9.748043417930603027e-01
9.963683485984802246e-01
9.963404536247253418e-01
9.812474846839904785e-01
9.699475765228271484e-01
9.848299026489257812e-01
9.954095482826232910e-01
9.984149336814880371e-01
9.996044039726257324e-01
9.994359612464904785e-01
9.929051399230957031e-01
9.846123456954956055e-01
9.929100275039672852e-01
9.978880286216735840e-01
9.893996715545654297e-01
9.815644025802612305e-01
9.746609330177307129e-01
9.756684899330139160e-01
9.815403819084167480e-01
9.816984534263610840e-01
9.808176755905151367e-01
9.838088154792785645e-01
9.878156185150146484e-01
9.949888586997985840e-01
9.991585016250610352e-01
9.996984004974365234e-01
9.998353719711303711e-01
9.997643828392028809e-01
9.972187876701354980e-01
9.944498538970947266e-01
9.935289025306701660e-01
9.939922690391540527e-01
9.979664683341979980e-01
1.000000000000000000e+00
1.000000000000000000e+00
9.939371347427368164e-01
9.852143526077270508e-01
9.890947341918945312e-01
9.939958453178405762e-01
9.957538843154907227e-01
9.974288940429687500e-01
9.989216327667236328e-01
9.997357726097106934e-01
9.999196529388427734e-01
9.999616742134094238e-01
9.999500513076782227e-01
9.996939301490783691e-01
9.994370937347412109e-01
9.992911219596862793e-01
9.992626309394836426e-01
9.994605183601379395e-01
9.993495345115661621e-01
9.989799261093139648e-01
9.993124008178710938e-01
9.998807907104492188e-01
9.976002573966979980e-01
9.952718019485473633e-01
9.934573173522949219e-01
9.931899905204772949e-01
9.956766366958618164e-01
9.975150227546691895e-01
9.988514780998229980e-01
9.988766908645629883e-01
9.985030293464660645e-01
9.985551238059997559e-01
9.987207055091857910e-01
9.993655681610107422e-01
9.997898340225219727e-01
9.998471140861511230e-01
9.996122717857360840e-01
9.991642236709594727e-01
9.973446130752563477e-01
9.951369166374206543e-01
9.912325143814086914e-01
9.876351356506347656e-01
9.855301380157470703e-01
9.820234179496765137e-01
9.762758612632751465e-01
9.688623547554016113e-01
9.602906107902526855e-01
9.452785253524780273e-01
9.285421371459960938e-01
7.013880014419555664e-01
4.655591547489166260e-01
2.032224982976913452e-01
5.902219936251640320e-02
9.979315102100372314e-02
3.827561140060424805e-01
8.353871703147888184e-01
9.610532522201538086e-01
9.994998574256896973e-01
9.996235370635986328e-01
9.989696145057678223e-01
9.969207644462585449e-01
9.954348802566528320e-01
9.948344230651855469e-01
9.958900213241577148e-01
9.981122016906738281e-01
9.989718198776245117e-01
9.994591474533081055e-01
9.991044998168945312e-01
9.988170862197875977e-01
9.988892078399658203e-01
9.986258745193481445e-01
9.978152513504028320e-01
9.909978508949279785e-01
9.797785878181457520e-01
9.725515842437744141e-01
9.664825797080993652e-01
9.552767872810363770e-01
9.485107064247131348e-01
9.642783999443054199e-01
9.791271686553955078e-01
9.924009442329406738e-01
9.987418651580810547e-01
9.997407793998718262e-01
9.999463558197021484e-01
9.999029040336608887e-01
9.998906850814819336e-01
9.998911619186401367e-01
9.999538064002990723e-01
9.999947547912597656e-01
9.999946355819702148e-01
9.999940991401672363e-01
9.999931454658508301e-01
9.999921917915344238e-01
9.999912381172180176e-01
9.993342161178588867e-01
9.975951910018920898e-01
9.888991117477416992e-01
9.780770540237426758e-01
9.628261327743530273e-01
9.672618508338928223e-01
9.899495244026184082e-01
9.978387951850891113e-01
9.998156428337097168e-01
9.999620914459228516e-01
9.999272227287292480e-01
9.999555945396423340e-01
9.999719262123107910e-01
9.999591112136840820e-01
9.999022483825683594e-01
9.997988939285278320e-01
9.966852068901062012e-01
9.921527504920959473e-01
6.153408288955688477e-01
2.043741196393966675e-01
8.709289878606796265e-02
2.925330400466918945e-02
1.423033326864242554e-01
3.896472752094268799e-01
8.009060025215148926e-01
9.659865498542785645e-01
9.947343468666076660e-01
9.997249841690063477e-01
9.999757409095764160e-01
9.999893307685852051e-01
9.999842643737792969e-01
9.999108910560607910e-01
9.998428225517272949e-01
9.997820854187011719e-01
9.997982382774353027e-01
9.998660087585449219e-01
9.998992681503295898e-01
9.999232292175292969e-01
9.999125599861145020e-01
9.990653991699218750e-01
9.941967129707336426e-01
8.831516504287719727e-01
5.846312642097473145e-01
3.132271468639373779e-01
6.470537930727005005e-02
2.437835361097234754e-14
1.639179641834179711e-15
2.752097560930346596e-25
6.421798467636108398e-02
6.169221401214599609e-01
8.429056406021118164e-01
3.269347548484802246e-01
5.921338871121406555e-02
4.450456425547599792e-02
2.723830007016658783e-02
8.832531049847602844e-03
3.351305844262242317e-03
0.000000000000000000e+00
0.000000000000000000e+00
1.342229266405490454e-15
6.741935450264554056e-15
1.742815375328063965e-01
5.749220848083496094e-01
8.108947873115539551e-01
9.453091025352478027e-01
9.798511862754821777e-01
9.907463192939758301e-01
9.952253699302673340e-01
9.989728927612304688e-01
9.995118975639343262e-01
9.998677968978881836e-01
9.999104738235473633e-01
9.998076558113098145e-01
9.995869994163513184e-01
9.986835718154907227e-01
9.975438117980957031e-01
9.970555901527404785e-01
9.968436360359191895e-01
9.984443783760070801e-01
9.994757771492004395e-01
9.991509914398193359e-01
9.950109720230102539e-01
9.867517352104187012e-01
9.397894740104675293e-01
8.732143044471740723e-01
7.215490341186523438e-01
5.679509639739990234e-01
7.994518876075744629e-01
9.831143021583557129e-01
9.931043982505798340e-01
9.986387491226196289e-01
9.976040720939636230e-01
9.950654506683349609e-01
9.914572834968566895e-01
9.932115077972412109e-01
9.965611100196838379e-01
9.976547956466674805e-01
9.965559840202331543e-01
9.820235967636108398e-01
8.732975125312805176e-01
5.635337829589843750e-01
5.234852433204650879e-01
7.530980110168457031e-01
8.854782581329345703e-01
9.723074436187744141e-01
9.818177819252014160e-01
9.780578017234802246e-01
9.476255178451538086e-01
9.268808364868164062e-01
9.386966228485107422e-01
9.551667571067810059e-01
9.783920645713806152e-01
9.914118647575378418e-01
9.974305033683776855e-01
9.992454051971435547e-01
9.998146891593933105e-01
9.998474717140197754e-01
9.998435378074645996e-01
9.997795224189758301e-01
9.997541904449462891e-01
9.998140335083007812e-01
9.998667240142822266e-01
9.999117255210876465e-01
9.999428391456604004e-01
9.999670982360839844e-01
9.999237656593322754e-01
9.998488426208496094e-01
9.991634488105773926e-01
9.960780739784240723e-01
9.838982224464416504e-01
9.484632015228271484e-01
8.759723901748657227e-01
8.100048899650573730e-01
7.487770318984985352e-01
8.111678361892700195e-01
9.159885048866271973e-01
9.073588252067565918e-01
8.933147192001342773e-01
9.190216064453125000e-01
9.406312704086303711e-01
9.515715241432189941e-01
9.514607787132263184e-01
9.381337165832519531e-01
8.598485589027404785e-01
7.438853979110717773e-01
6.093415617942810059e-01
4.700385034084320068e-01
5.337261557579040527e-01
6.255867481231689453e-01
8.481189608573913574e-01
9.950376749038696289e-01
9.944278001785278320e-01
9.934447407722473145e-01
9.921026825904846191e-01
9.936191439628601074e-01
9.964168071746826172e-01
9.973230361938476562e-01
9.979382753372192383e-01
9.987387061119079590e-01
9.988440871238708496e-01
9.964563250541687012e-01
9.910317659378051758e-01
9.809293746948242188e-01
9.677545428276062012e-01
9.522351026535034180e-01
9.367526173591613770e-01
9.212320446968078613e-01
9.126207232475280762e-01
9.066243171691894531e-01
9.213685393333435059e-01
9.394892454147338867e-01
9.673219919204711914e-01
9.867914915084838867e-01
9.955097436904907227e-01
9.988859891891479492e-01
9.988424777984619141e-01
9.905112981796264648e-01
9.799087643623352051e-01
9.740888476371765137e-01
9.621716737747192383e-01
9.080215096473693848e-01
7.405896186828613281e-01
3.113133609294891357e-01
6.237267330288887024e-02
1.632133312523365021e-02
2.945108982471468038e-41
4.562627799841604383e-42
0.000000000000000000e+00
0.000000000000000000e+00
1.884493117110253024e-10
4.193432105239480734e-04
3.057389520108699799e-03
4.627309367060661316e-02
1.718616187572479248e-01
4.049948751926422119e-01
7.432873249053955078e-01
9.075717329978942871e-01
9.868305325508117676e-01
9.996733665466308594e-01
9.999931454658508301e-01
9.999855756759643555e-01
9.999556541442871094e-01
9.998248815536499023e-01
9.996691346168518066e-01
9.994674921035766602e-01
9.994319677352905273e-01
9.995499253273010254e-01
9.997217655181884766e-01
9.999185800552368164e-01
9.999625682830810547e-01
9.999606013298034668e-01
9.991910457611083984e-01
9.977879524230957031e-01
9.937488436698913574e-01
9.913491606712341309e-01
9.918210506439208984e-01
9.939504861831665039e-01
9.975407719612121582e-01
9.987463355064392090e-01
9.989084005355834961e-01
9.780095815658569336e-01
9.525918960571289062e-01
8.916960358619689941e-01
8.470219969749450684e-01
8.684794306755065918e-01
9.027032852172851562e-01
9.592846035957336426e-01
9.896336197853088379e-01
9.971185922622680664e-01
9.995060563087463379e-01
9.997132420539855957e-01
9.991127848625183105e-01
9.984167218208312988e-01
9.986268877983093262e-01
9.986305236816406250e-01
9.977933168411254883e-01
9.976539015769958496e-01
9.987494945526123047e-01
9.992464184761047363e-01
9.992005825042724609e-01
9.990394115447998047e-01
9.988262653350830078e-01
9.982945322990417480e-01
9.976853132247924805e-01
9.960315227508544922e-01
9.950284361839294434e-01
9.968587756156921387e-01
9.983069300651550293e-01
9.990566372871398926e-01
9.992411732673645020e-01
9.988930821418762207e-01
9.992212653160095215e-01
9.998712539672851562e-01
9.999869465827941895e-01
9.999948143959045410e-01
9.987251162528991699e-01
9.974712133407592773e-01
9.963150024414062500e-01
9.958189129829406738e-01
9.966757893562316895e-01
9.976137280464172363e-01
9.986397624015808105e-01
9.992796182632446289e-01
9.997187256813049316e-01
9.998808503150939941e-01
9.999812841415405273e-01
9.999907612800598145e-01
9.999948740005493164e-01
9.999778866767883301e-01
9.999216794967651367e-01
9.997753500938415527e-01
9.996831417083740234e-01
9.996543526649475098e-01
9.997310638427734375e-01
9.998719692230224609e-01
9.999439120292663574e-01
9.999970793724060059e-01
1.000000000000000000e+00
9.999970197677612305e-01
9.999688267707824707e-01
9.997977018356323242e-01
9.992294907569885254e-01
9.976346492767333984e-01
9.946436882019042969e-01
9.921678900718688965e-01
9.900633096694946289e-01
9.911038875579833984e-01
9.932326078414916992e-01
9.941813945770263672e-01
9.950339794158935547e-01
9.964308738708496094e-01
9.973911046981811523e-01
9.967759251594543457e-01
9.926322698593139648e-01
9.826358556747436523e-01
9.678518176078796387e-01
9.488412141799926758e-01
9.644440412521362305e-01
9.954126477241516113e-01
1.000000000000000000e+00
1.000000000000000000e+00
1.000000000000000000e+00
9.982323050498962402e-01
9.874016046524047852e-01
9.795470833778381348e-01
9.779880642890930176e-01
9.809826016426086426e-01
9.889625906944274902e-01
9.858376383781433105e-01
9.762368798255920410e-01
9.415056705474853516e-01
8.999647498130798340e-01
8.969098329544067383e-01
9.000442028045654297e-01
9.385547637939453125e-01
9.675306677818298340e-01
9.692181944847106934e-01
9.683242440223693848e-01
9.637427926063537598e-01
9.669987559318542480e-01
9.762154817581176758e-01
9.851229786872863770e-01
9.938803315162658691e-01
9.973624944686889648e-01
9.996526241302490234e-01
9.881253838539123535e-01
9.656142592430114746e-01
8.945543766021728516e-01
7.168059349060058594e-01
3.295949697494506836e-01
9.783446043729782104e-02
2.554826997220516205e-02
2.355366790496304930e-09
3.924237046426526376e-10
3.431685491328551052e-11
7.710377475378393797e-11
3.243255428969860077e-03
4.280178621411323547e-02
3.972488641738891602e-01
7.023579478263854980e-01
8.642951250076293945e-01
9.588181376457214355e-01
9.550361633300781250e-01
9.572831392288208008e-01
9.642828702926635742e-01
9.775677323341369629e-01
9.934322237968444824e-01
9.726011753082275391e-01
9.414579272270202637e-01
6.357780098915100098e-01
3.631281852722167969e-01
2.502025961875915527e-01
1.531385183334350586e-01
8.926755189895629883e-02
4.131084680557250977e-02
1.143867243081331253e-02
8.548318303214230696e-12
1.618938381790779868e-12
1.838722994392319454e-13
4.236215328176640149e-13
2.018047571182250977e-01
4.026189446449279785e-01
3.325858414173126221e-01
2.469906955957412720e-01
1.055795773863792419e-01
1.347463019192218781e-02
6.180003285408020020e-03
3.538224473595619202e-02
9.906026721000671387e-02
2.746529281139373779e-01
5.059738755226135254e-01
3.084806203842163086e-01
1.237088162451982498e-02
8.105496817734092474e-05
8.818833521218039095e-06
8.994364179670810699e-05
1.187217459082603455e-01
5.827780365943908691e-01
8.900308609008789062e-01
9.620141386985778809e-01
9.930658340454101562e-01
9.907370805740356445e-01
9.900386333465576172e-01
9.900466799736022949e-01
9.933992624282836914e-01
9.973582029342651367e-01
9.987597465515136719e-01
9.999359250068664551e-01
9.998571872711181641e-01
9.959588646888732910e-01
9.824445247650146484e-01
9.516772627830505371e-01
8.980311155319213867e-01
8.667579889297485352e-01
8.522908091545104980e-01
8.887249231338500977e-01
9.452081918716430664e-01
9.747868180274963379e-01
9.999855756759643555e-01
9.999824166297912598e-01
9.999008178710937500e-01
9.993838667869567871e-01
9.987813234329223633e-01
9.979720711708068848e-01
9.978477358818054199e-01
9.985798597335815430e-01
9.984522461891174316e-01
9.977186918258666992e-01
9.889658093452453613e-01
9.772297143936157227e-01
5.951694846153259277e-01
1.640186905860900879e-01
7.503928989171981812e-02
7.497694319151354256e-19
3.077785513908610822e-19
1.333159114786514055e-13
5.759097083772590775e-13
2.333982139825820923e-01
7.594175934791564941e-01
9.832779169082641602e-01
9.959465861320495605e-01
9.986155629158020020e-01
9.975982308387756348e-01
9.959920644760131836e-01
9.943288564682006836e-01
9.945951104164123535e-01
9.947195053100585938e-01
9.940682649612426758e-01
9.936308860778808594e-01
9.937081336975097656e-01
9.876410961151123047e-01
9.736057519912719727e-01
9.673132300376892090e-01
9.666712880134582520e-01
9.762133955955505371e-01
9.897186756134033203e-01
9.954369068145751953e-01
9.998541474342346191e-01
9.999215006828308105e-01
9.999518394470214844e-01
9.997943043708801270e-01
9.995363950729370117e-01
9.990211725234985352e-01
9.987028837203979492e-01
9.986621737480163574e-01
9.989329576492309570e-01
9.994538426399230957e-01
9.995940923690795898e-01
9.995670914649963379e-01
9.986557364463806152e-01
9.975693821907043457e-01
9.969421029090881348e-01
9.964939951896667480e-01
9.973893761634826660e-01
9.982224106788635254e-01
9.988657236099243164e-01
9.993805289268493652e-01
9.996883869171142578e-01
9.998561739921569824e-01
9.998954534530639648e-01
9.996396899223327637e-01
9.992311596870422363e-01
9.806208014488220215e-01
9.572911858558654785e-01
9.041823744773864746e-01
8.572912216186523438e-01
9.236963987350463867e-01
9.779176712036132812e-01
9.852157831192016602e-01
9.917351603507995605e-01
9.967402219772338867e-01
9.995162487030029297e-01
9.998344779014587402e-01
9.999713301658630371e-01
9.999930262565612793e-01
9.999954104423522949e-01
9.999912977218627930e-01
9.979488849639892578e-01
9.942146539688110352e-01
9.101730585098266602e-01
8.297764062881469727e-01
7.685229778289794922e-01
7.461575269699096680e-01
8.210375905036926270e-01
8.798673748970031738e-01
9.164985418319702148e-01
8.231746554374694824e-01
6.257349252700805664e-01
4.198128283023834229e-01
2.102601975202560425e-01
1.470669060945510864e-01
1.150653734803199768e-01
2.441665828227996826e-01
3.943496048450469971e-01
6.834634542465209961e-01
9.189279079437255859e-01
9.675771594047546387e-01
9.991679191589355469e-01
9.995960593223571777e-01
9.998410344123840332e-01
9.998912811279296875e-01
9.999377727508544922e-01
9.999817013740539551e-01
9.999955892562866211e-01
9.999992847442626953e-01
9.999998211860656738e-01
1.000000000000000000e+00
9.999999403953552246e-01
9.999998211860656738e-01
9.999993443489074707e-01
9.999949336051940918e-01
9.999802708625793457e-01
9.999416470527648926e-01
9.998673796653747559e-01
9.997817277908325195e-01
9.996863603591918945e-01
9.995555877685546875e-01
9.994072318077087402e-01
9.992292523384094238e-01
9.990435242652893066e-01
9.991202354431152344e-01
9.992249011993408203e-01
9.994344711303710938e-01
9.996349215507507324e-01
9.997917413711547852e-01
9.999012947082519531e-01
9.999071359634399414e-01
9.998832345008850098e-01
9.998213648796081543e-01
9.998450279235839844e-01
9.999333024024963379e-01
9.999737143516540527e-01
9.999929070472717285e-01
9.999642372131347656e-01
9.999251365661621094e-01
9.938955903053283691e-01
9.774761795997619629e-01
8.411005139350891113e-01
6.623640060424804688e-01
3.193963766098022461e-01
7.489231973886489868e-02
2.747085504233837128e-02
2.225597389042377472e-03
3.087802324444055557e-03
1.481328308582305908e-01
3.944803476333618164e-01
6.511515378952026367e-01
9.111278057098388672e-01
9.684698581695556641e-01
9.859737157821655273e-01
9.899212121963500977e-01
9.896908402442932129e-01
9.514092206954956055e-01
8.676210641860961914e-01
6.153339743614196777e-01
5.021817684173583984e-01
6.610862016677856445e-01
8.019233942031860352e-01
9.225144982337951660e-01
9.808390736579895020e-01
9.955822825431823730e-01
9.998282790184020996e-01
9.998351931571960449e-01
9.985043406486511230e-01
9.969141483306884766e-01
9.800848960876464844e-01
9.611148834228515625e-01
9.260017275810241699e-01
9.085924625396728516e-01
9.593814015388488770e-01
9.861189723014831543e-01
9.642165899276733398e-01
7.945656776428222656e-01
4.452656507492065430e-01
2.066501528024673462e-01
4.983974993228912354e-02
1.198912635445594788e-01
2.876473963260650635e-01
4.990862011909484863e-01
7.199774384498596191e-01
7.245158553123474121e-01
7.252282500267028809e-01
8.476091623306274414e-01
9.526431560516357422e-01
9.806444048881530762e-01
9.998626112937927246e-01
9.994141459465026855e-01
9.991945028305053711e-01
9.992802143096923828e-01
9.923731088638305664e-01
9.797439575195312500e-01
7.091127038002014160e-01
3.115778267383575439e-01
1.358365267515182495e-01
1.983834244310855865e-02
8.259987831115722656e-02
1.724614650011062622e-01
5.567162036895751953e-01
8.930854797363281250e-01
9.540275931358337402e-01
9.986653923988342285e-01
9.993840456008911133e-01
9.998522400856018066e-01
9.999265074729919434e-01
9.999434947967529297e-01
9.999046921730041504e-01
9.995745420455932617e-01
9.990699291229248047e-01
9.936236739158630371e-01
9.864546656608581543e-01
9.753847718238830566e-01
9.636549353599548340e-01
9.696873426437377930e-01
9.767128825187683105e-01
9.893351197242736816e-01
9.992672204971313477e-01
9.994984865188598633e-01
9.994373917579650879e-01
9.987864494323730469e-01
9.905381202697753906e-01
9.729969501495361328e-01
9.212557077407836914e-01
8.433063626289367676e-01
8.022311925888061523e-01
7.786424756050109863e-01
8.693588376045227051e-01
9.895069599151611328e-01
9.965438842773437500e-01
9.929533600807189941e-01
9.965134859085083008e-01
9.995808005332946777e-01
9.997654557228088379e-01
9.999043345451354980e-01
9.999138116836547852e-01
9.999257326126098633e-01
9.999417066574096680e-01
9.999530911445617676e-01
9.999595880508422852e-01
9.999619126319885254e-01
9.999614953994750977e-01
9.999557733535766602e-01
9.999480247497558594e-01
9.998903870582580566e-01
9.998224973678588867e-01
9.999070763587951660e-01
9.999762177467346191e-01
9.996544122695922852e-01
9.988100528717041016e-01
9.954352378845214844e-01
9.910501241683959961e-01
9.841731786727905273e-01
9.805753827095031738e-01
9.819110631942749023e-01
9.850008487701416016e-01
9.897598624229431152e-01
9.853925108909606934e-01
9.755179882049560547e-01
9.574344754219055176e-01
9.363404512405395508e-01
9.319455027580261230e-01
9.305655956268310547e-01
9.151815176010131836e-01
9.014672636985778809e-01
9.179221987724304199e-01
9.317616224288940430e-01
9.338790774345397949e-01
9.291478991508483887e-01
9.079653620719909668e-01
9.153854250907897949e-01
9.650101661682128906e-01
9.892739057540893555e-01
9.898608326911926270e-01
9.903559088706970215e-01
9.907978773117065430e-01
9.941443800926208496e-01
9.985304474830627441e-01
9.995605349540710449e-01
9.999630451202392578e-01
9.999811053276062012e-01
9.999771118164062500e-01
9.999370574951171875e-01
9.998885393142700195e-01
9.997999072074890137e-01
9.997397065162658691e-01
9.997531175613403320e-01
9.988697767257690430e-01
9.965769648551940918e-01
9.830753207206726074e-01
9.582384824752807617e-01
9.185688495635986328e-01
8.693954944610595703e-01
8.008069396018981934e-01
7.246248126029968262e-01
7.223890423774719238e-01
7.365574836730957031e-01
8.071462512016296387e-01
8.805100917816162109e-01
9.008887410163879395e-01
9.068384766578674316e-01
8.236477971076965332e-01
7.050659060478210449e-01
4.771187901496887207e-01
3.172549605369567871e-01
2.811202108860015869e-01
3.576005697250366211e-01
5.654292106628417969e-01
7.531049251556396484e-01
9.245215058326721191e-01
9.798140525817871094e-01
9.777299165725708008e-01
9.736171364784240723e-01
9.689059257507324219e-01
9.711614251136779785e-01
9.743699431419372559e-01
9.691618084907531738e-01
9.641163945198059082e-01
9.619360566139221191e-01
9.617744684219360352e-01
9.700358510017395020e-01
9.587743878364562988e-01
9.019514322280883789e-01
8.640678524971008301e-01
8.544256687164306641e-01
8.878352642059326172e-01
9.630573987960815430e-01
9.926320314407348633e-01
9.932503104209899902e-01
9.914360046386718750e-01
9.886359572410583496e-01
9.907057285308837891e-01
9.938704967498779297e-01
9.967895746231079102e-01
9.996255040168762207e-01
9.997042417526245117e-01
9.946802854537963867e-01
9.534041285514831543e-01
9.147847294807434082e-01
8.857428431510925293e-01
8.790132403373718262e-01
9.184319376945495605e-01
9.528519511222839355e-01
9.808260202407836914e-01
9.942327737808227539e-01
9.948065876960754395e-01
9.775149822235107422e-01
9.498531818389892578e-01
6.850714087486267090e-01
3.338411450386047363e-01
2.081977128982543945e-01
1.287871152162551880e-01
9.833432734012603760e-02
7.099884003400802612e-02
3.303930908441543579e-02
0.000000000000000000e+00
0.000000000000000000e+00
2.097633872155668655e-11
1.116425354941164017e-10
3.213917091488838196e-02
1.292436122894287109e-01
3.537383079528808594e-01
7.440707087516784668e-01
9.472029209136962891e-01
9.835256338119506836e-01
9.979367852210998535e-01
9.992804527282714844e-01
9.965564608573913574e-01
9.922904968261718750e-01
9.876405000686645508e-01
9.828945398330688477e-01
9.868527650833129883e-01
9.913760423660278320e-01
9.870439767837524414e-01
9.763987064361572266e-01
9.173825383186340332e-01
8.575621843338012695e-01
7.949628829956054688e-01
7.598655223846435547e-01
7.855696678161621094e-01
8.142811655998229980e-01
8.472610712051391602e-01
8.642678856849670410e-01
8.656458258628845215e-01
8.342410922050476074e-01
7.807649374008178711e-01
4.884569942951202393e-01
9.215195477008819580e-02
4.961366765201091766e-03
5.267080850899219513e-04
9.473196230828762054e-03
2.017640694975852966e-02
5.242255926132202148e-01
9.989098906517028809e-01
9.845680594444274902e-01
9.739980101585388184e-01
9.819497466087341309e-01
9.894427061080932617e-01
9.957364797592163086e-01
9.997699260711669922e-01
9.997850656509399414e-01
9.997348189353942871e-01
9.996058940887451172e-01
9.991040825843811035e-01
9.982935190200805664e-01
9.940010905265808105e-01
9.877317547798156738e-01
9.809353947639465332e-01
9.739235043525695801e-01
9.757170677185058594e-01
9.793853163719177246e-01
9.871947765350341797e-01
9.952952265739440918e-01
9.977785348892211914e-01
1.000000000000000000e+00
1.000000000000000000e+00
1.000000000000000000e+00
1.000000000000000000e+00
9.998165369033813477e-01
9.991789460182189941e-01
9.977084398269653320e-01
9.948670268058776855e-01
9.914765357971191406e-01
9.874469041824340820e-01
9.804776310920715332e-01
