9.993727207183837891e-01
9.989697933197021484e-01
9.986832737922668457e-01
9.994228482246398926e-01
9.999587535858154297e-01
9.999949336051940918e-01
9.999954700469970703e-01
9.999922513961791992e-01
9.999881386756896973e-01
9.999946951866149902e-01
9.999985098838806152e-01
9.999989271163940430e-01
9.999909996986389160e-01
9.999741911888122559e-01
9.999505877494812012e-01
9.999628067016601562e-01
9.999731183052062988e-01
9.999813437461853027e-01
9.999827742576599121e-01
9.999873042106628418e-01
9.999936223030090332e-01
9.999971389770507812e-01
9.999979138374328613e-01
9.999749660491943359e-01
9.998261332511901855e-01
9.997333884239196777e-01
9.981766939163208008e-01
9.899269342422485352e-01
9.470016360282897949e-01
8.747578859329223633e-01
7.502285242080688477e-01
7.848854064941406250e-01
8.772441744804382324e-01
9.695265889167785645e-01
9.942288994789123535e-01
9.610817432403564453e-01
8.336982131004333496e-01
3.746817111968994141e-01
2.703761914744973183e-03
3.909000370185822248e-04
2.834980189800262451e-01
6.215384602546691895e-01
9.539968371391296387e-01
1.000000000000000000e+00
9.975222349166870117e-01
9.909669160842895508e-01
9.922899007797241211e-01
9.952231049537658691e-01
9.991282820701599121e-01
9.994801282882690430e-01
9.995431303977966309e-01
9.996069669723510742e-01
9.994328022003173828e-01
9.988712668418884277e-01
9.978814721107482910e-01
9.968683123588562012e-01
9.964668154716491699e-01
9.967021346092224121e-01
9.982230067253112793e-01
9.993180036544799805e-01
1.000000000000000000e+00
1.000000000000000000e+00
1.000000000000000000e+00
9.998614788055419922e-01
9.976966381072998047e-01
9.959130287170410156e-01
9.936118125915527344e-01
9.830473065376281738e-01
9.534549713134765625e-01
9.187334775924682617e-01
9.423263072967529297e-01
9.651975631713867188e-01
9.850346446037292480e-01
9.885629415512084961e-01
9.869720935821533203e-01
9.649737477302551270e-01
8.522170782089233398e-01
8.822427392005920410e-01
9.673801660537719727e-01
9.924114942550659180e-01
1.000000000000000000e+00
9.468334913253784180e-01
6.900678873062133789e-01
3.335299193859100342e-01
9.004406630992889404e-02
3.581052422523498535e-01
7.079017162322998047e-01
9.934689402580261230e-01
9.984949827194213867e-01
9.995796680450439453e-01
9.993417263031005859e-01
9.988772273063659668e-01
9.983434081077575684e-01
9.979816079139709473e-01
9.980905055999755859e-01
9.989058375358581543e-01
9.996404647827148438e-01
9.997925758361816406e-01
9.999188780784606934e-01
1.000000000000000000e+00
1.000000000000000000e+00
9.997619986534118652e-01
9.982694983482360840e-01
9.944607019424438477e-01
9.546110630035400391e-01
9.328749179840087891e-01
9.541032314300537109e-01
9.802533388137817383e-01
9.977877736091613770e-01
9.997637867927551270e-01
9.999917149543762207e-01
9.999520778656005859e-01
9.998528957366943359e-01
9.988565444946289062e-01
9.984703660011291504e-01
9.991214871406555176e-01
9.979166388511657715e-01
9.977915287017822266e-01
9.993973374366760254e-01
9.997867345809936523e-01
9.999111294746398926e-01
9.998121261596679688e-01
9.997480511665344238e-01
9.997448325157165527e-01
9.998142123222351074e-01
9.998230934143066406e-01
9.997648000717163086e-01
9.996305704116821289e-01
9.986110329627990723e-01
9.875602722167968750e-01
9.652535915374755859e-01
9.611842632293701172e-01
9.673049449920654297e-01
9.839394092559814453e-01
9.931805133819580078e-01
9.977948665618896484e-01
9.977213740348815918e-01
9.972580075263977051e-01
9.968736767768859863e-01
9.964018464088439941e-01
9.594643115997314453e-01
8.417224884033203125e-01
6.487095952033996582e-01
6.831061244010925293e-01
8.014318346977233887e-01
9.939765930175781250e-01
9.979802370071411133e-01
9.978466033935546875e-01
9.930838346481323242e-01
9.587909579277038574e-01
9.306294918060302734e-01
9.083912968635559082e-01
9.010525345802307129e-01
9.104920625686645508e-01
9.195228219032287598e-01
5.504667162895202637e-01
2.434766590595245361e-01
1.416713257640367374e-05
5.515830707736313343e-06
1.464038938283920288e-01
4.130874574184417725e-01
6.411080360412597656e-01
7.619072794914245605e-01
7.998701930046081543e-01
9.374117255210876465e-01
9.987700581550598145e-01
9.980145692825317383e-01
9.962628483772277832e-01
9.959759116172790527e-01
9.969112873077392578e-01
9.984876513481140137e-01
9.932532906532287598e-01
9.780322313308715820e-01
8.852917551994323730e-01
7.750508189201354980e-01
6.680615544319152832e-01
8.441895246505737305e-01
9.194242358207702637e-01
9.138380289077758789e-01
8.996375203132629395e-01
9.273281693458557129e-01
9.852590560913085938e-01
9.872556328773498535e-01
9.281282424926757812e-01
8.172093629837036133e-01
6.580216288566589355e-01
6.721552610397338867e-01
8.248404264450073242e-01
9.444842934608459473e-01
9.987733364105224609e-01
9.999729990959167480e-01
9.999175071716308594e-01
9.958304166793823242e-01
9.757354855537414551e-01
6.925787925720214844e-01
3.631546199321746826e-01
1.171118393540382385e-02
5.886552855372428894e-02
3.517614305019378662e-01
8.398212194442749023e-01
9.388622045516967773e-01
9.683257341384887695e-01
9.389138817787170410e-01
9.676238298416137695e-01
9.869397878646850586e-01
9.976761937141418457e-01
9.980965256690979004e-01
9.977703690528869629e-01
9.967328906059265137e-01
9.943628311157226562e-01
9.752244353294372559e-01
9.371759891510009766e-01
5.854029059410095215e-01
6.066714525222778320e-01
9.913981556892395020e-01
9.971020221710205078e-01
9.999768733978271484e-01
9.999982118606567383e-01
9.999887347221374512e-01
9.996508359909057617e-01
9.989709258079528809e-01
9.922912120819091797e-01
9.852865934371948242e-01
9.780268669128417969e-01
9.843880534172058105e-01
9.702858924865722656e-01
9.323509335517883301e-01
7.349647879600524902e-01
4.407197833061218262e-01
3.911920264363288879e-02
3.205956518650054932e-01
6.340537071228027344e-01
9.420329332351684570e-01
9.821550846099853516e-01
9.948258996009826660e-01
9.949517846107482910e-01
9.977021217346191406e-01
9.995880722999572754e-01
9.999476671218872070e-01
9.999834895133972168e-01
9.997960925102233887e-01
9.993233084678649902e-01
9.984463453292846680e-01
9.980605840682983398e-01
9.985362887382507324e-01
9.993531703948974609e-01
9.999188780784606934e-01
9.999772310256958008e-01
9.999902844429016113e-01
9.999920129776000977e-01
9.999864101409912109e-01
9.998002648353576660e-01
9.989182353019714355e-01
9.967171549797058105e-01
9.577955007553100586e-01
7.893581986427307129e-01
3.587125837802886963e-01
2.709845006465911865e-01
3.385975956916809082e-01
5.786329507827758789e-01
7.345551848411560059e-01
8.465941548347473145e-01
9.034340381622314453e-01
9.529758691787719727e-01
9.900210499763488770e-01
9.979507327079772949e-01
9.998732805252075195e-01
9.994778037071228027e-01
9.980969429016113281e-01
9.968522191047668457e-01
9.951331019401550293e-01
9.915294051170349121e-01
8.783598542213439941e-01
6.635569930076599121e-01
2.208332121372222900e-01
2.519673705101013184e-01
5.160105228424072266e-01
8.564432263374328613e-01
9.437337517738342285e-01
8.988185524940490723e-01
8.378099203109741211e-01
8.806180357933044434e-01
9.721616506576538086e-01
9.919432401657104492e-01
9.997343420982360840e-01
9.999670982360839844e-01
9.999869465827941895e-01
9.999909400939941406e-01
9.998937845230102539e-01
9.987164139747619629e-01
9.972603917121887207e-01
9.956126213073730469e-01
9.944112896919250488e-01
9.798477888107299805e-01
9.462649822235107422e-01
5.847480297088623047e-01
2.825697660446166992e-01
3.787510097026824951e-02
4.022079706192016602e-02
1.235510557889938354e-01
2.927483618259429932e-01
6.358982920646667480e-01
8.774543404579162598e-01
9.883580207824707031e-01
9.980868697166442871e-01
9.997461438179016113e-01
9.994348287582397461e-01
9.995821118354797363e-01
9.997547864913940430e-01
9.998933672904968262e-01
9.999288916587829590e-01
9.999497532844543457e-01
9.999704957008361816e-01
9.999482035636901855e-01
9.994924068450927734e-01
9.981666207313537598e-01
9.924873113632202148e-01
9.886384010314941406e-01
9.915295839309692383e-01
9.948971867561340332e-01
9.975510835647583008e-01
9.978338479995727539e-01
9.979216456413269043e-01
9.972256422042846680e-01
9.941213130950927734e-01
9.862183332443237305e-01
9.787934422492980957e-01
9.814049601554870605e-01
9.877473115921020508e-01
9.950345754623413086e-01
9.980109333992004395e-01
9.993445277214050293e-01
9.997009038925170898e-01
9.996097087860107422e-01
9.995474815368652344e-01
9.995091557502746582e-01
9.995240569114685059e-01
9.996763467788696289e-01
9.999213814735412598e-01
9.999514818191528320e-01
9.999296069145202637e-01
9.998621344566345215e-01
9.997924566268920898e-01
9.998133182525634766e-01
9.999268054962158203e-01
9.999740123748779297e-01
9.999991655349731445e-01
9.999999403953552246e-01
1.000000000000000000e+00
1.000000000000000000e+00
9.999999403953552246e-01
9.999986886978149414e-01
9.999867677688598633e-01
9.999573230743408203e-01
9.999275207519531250e-01
9.999158978462219238e-01
9.999408721923828125e-01
9.999581575393676758e-01
9.998862147331237793e-01
9.996025562286376953e-01
9.996377229690551758e-01
9.995073080062866211e-01
9.985969066619873047e-01
9.973779320716857910e-01
9.966454505920410156e-01
9.982215166091918945e-01
9.988141059875488281e-01
9.971117973327636719e-01
9.857912063598632812e-01
9.744397997856140137e-01
9.662097692489624023e-01
9.818466901779174805e-01
9.903161525726318359e-01
9.936823248863220215e-01
9.944320321083068848e-01
9.961706995964050293e-01
9.986726641654968262e-01
9.994082450866699219e-01
9.998490214347839355e-01
9.999968409538269043e-01
9.997967481613159180e-01
9.619837999343872070e-01
8.790134191513061523e-01
3.397521078586578369e-01
9.443271685449783348e-12
9.925334209029412769e-13
1.990507298614829779e-04
2.200218439102172852e-01
8.340494632720947266e-01
9.675981402397155762e-01
9.947363138198852539e-01
9.959978461265563965e-01
9.973176121711730957e-01
9.984688162803649902e-01
9.990882277488708496e-01
9.996122121810913086e-01
1.000000000000000000e+00
1.000000000000000000e+00
9.993632435798645020e-01
9.982720613479614258e-01
9.963274598121643066e-01
9.955839514732360840e-01
9.955170750617980957e-01
9.952176809310913086e-01
9.882377386093139648e-01
9.763528108596801758e-01
9.634234309196472168e-01
9.602116346359252930e-01
9.657940864562988281e-01
9.772373437881469727e-01
9.867387413978576660e-01
9.940511584281921387e-01
9.888527393341064453e-01
9.845164418220520020e-01
9.824519753456115723e-01
9.925725460052490234e-01
1.000000000000000000e+00
1.000000000000000000e+00
1.000000000000000000e+00
8.180638551712036133e-01
2.266751527786254883e-01
4.855226725339889526e-02
9.078973531723022461e-02
4.432938098907470703e-01
7.547742128372192383e-01
9.944825768470764160e-01
9.968628287315368652e-01
9.655908942222595215e-01
9.284036159515380859e-01
9.652197957038879395e-01
9.870576858520507812e-01
9.979857802391052246e-01
9.954622983932495117e-01
9.961456656455993652e-01
9.994544386863708496e-01
9.998144507408142090e-01
1.000000000000000000e+00
1.000000000000000000e+00
9.849462509155273438e-01
9.805164337158203125e-01
9.915140867233276367e-01
9.968276023864746094e-01
9.998313784599304199e-01
9.999638795852661133e-01
9.999913573265075684e-01
9.999922513961791992e-01
9.999805092811584473e-01
9.963671565055847168e-01
9.886134266853332520e-01
9.711587429046630859e-01
9.774914979934692383e-01
9.918867349624633789e-01
9.976834654808044434e-01
9.998545050621032715e-01
9.999802112579345703e-01
9.999691247940063477e-01
9.996412992477416992e-01
9.989706277847290039e-01
9.959123134613037109e-01
9.959952831268310547e-01
9.990580081939697266e-01
9.996796250343322754e-01
9.999969005584716797e-01
9.999995231628417969e-01
9.999996423721313477e-01
9.999985098838806152e-01
9.999954700469970703e-01
9.998484849929809570e-01
9.992927908897399902e-01
9.978961348533630371e-01
9.988096952438354492e-01
9.696739912033081055e-01
8.450613021850585938e-01
7.075530290603637695e-01
6.111600399017333984e-01
7.316808700561523438e-01
8.674479722976684570e-01
9.966307282447814941e-01
9.984009265899658203e-01
9.989593029022216797e-01
9.986314773559570312e-01
9.989296793937683105e-01
9.992235302925109863e-01
9.995133280754089355e-01
9.979444146156311035e-01
9.908214807510375977e-01
9.763410091400146484e-01
9.810509085655212402e-01
9.889422655105590820e-01
9.983078837394714355e-01
9.984630346298217773e-01
9.976119399070739746e-01
9.993568658828735352e-01
9.998730421066284180e-01
9.999443888664245605e-01
9.999191164970397949e-01
9.999020099639892578e-01
9.998768568038940430e-01
9.997732043266296387e-01
9.997940063476562500e-01
9.998961687088012695e-01
9.999567270278930664e-01
9.999890923500061035e-01
9.999955892562866211e-01
9.999983310699462891e-01
9.999977350234985352e-01
9.999929666519165039e-01
9.999672174453735352e-01
9.998657107353210449e-01
9.996389746665954590e-01
9.991081357002258301e-01
9.984518885612487793e-01
9.976412057876586914e-01
9.556000232696533203e-01
7.860328555107116699e-01
1.938457787036895752e-01
1.226518209134340711e-21
5.950257175868500781e-09
5.074963382867281325e-08
3.746375143527984619e-01
9.712808728218078613e-01
9.905609488487243652e-01
9.999491572380065918e-01
9.999826550483703613e-01
9.999100565910339355e-01
9.994526505470275879e-01
9.984946250915527344e-01
9.609691500663757324e-01
7.207586765289306641e-01
1.150316223502159119e-01
2.398831071332097054e-03
9.145466983318328857e-02
4.148161411285400391e-01
7.374993562698364258e-01
9.990327358245849609e-01
9.997389316558837891e-01
9.999923706054687500e-01
9.999966621398925781e-01
9.999913573265075684e-01
9.999507069587707520e-01
9.998843669891357422e-01
9.999207258224487305e-01
9.999569058418273926e-01
9.999929070472717285e-01
9.999969005584716797e-01
9.999974370002746582e-01
9.999961256980895996e-01
9.999969005584716797e-01
9.999979138374328613e-01
9.999986290931701660e-01
9.999992847442626953e-01
9.999997615814208984e-01
9.999998807907104492e-01
9.999980926513671875e-01
9.998578429222106934e-01
9.988008737564086914e-01
9.962607026100158691e-01
9.929506182670593262e-01
9.962434768676757812e-01
9.985063672065734863e-01
9.997308254241943359e-01
9.995474219322204590e-01
9.988585710525512695e-01
9.975354671478271484e-01
9.964737296104431152e-01
9.964947700500488281e-01
9.987503290176391602e-01
9.993619918823242188e-01
9.992187023162841797e-01
9.981577396392822266e-01
9.613229632377624512e-01
8.539220690727233887e-01
3.978242576122283936e-01
3.385484814643859863e-01
5.595141649246215820e-01
8.170210719108581543e-01
9.607574939727783203e-01
9.886355400085449219e-01
9.387400150299072266e-01
8.954667448997497559e-01
8.680341243743896484e-01
9.199955463409423828e-01
9.719851613044738770e-01
9.939497113227844238e-01
9.980436563491821289e-01
9.431821703910827637e-01
6.908099651336669922e-01
4.132333397865295410e-01
1.448440104722976685e-01
4.379478842020034790e-02
1.876497990451753139e-04
5.263133136777786714e-13
2.467235942459067299e-13
2.226814103778451681e-04
6.919424631632864475e-04
1.152113731950521469e-02
7.885546237230300903e-02
2.386777997016906738e-01
6.035603880882263184e-01
9.149478673934936523e-01
9.759754538536071777e-01
9.931744337081909180e-01
9.848219752311706543e-01
9.341314435005187988e-01
8.728650808334350586e-01
8.164305686950683594e-01
8.886779546737670898e-01
9.487736225128173828e-01
9.981368780136108398e-01
9.993185997009277344e-01
9.975272417068481445e-01
9.930285811424255371e-01
9.889964461326599121e-01
9.879072904586791992e-01
9.927374720573425293e-01
9.961661696434020996e-01
9.978306293487548828e-01
9.948028922080993652e-01
9.915884733200073242e-01
9.885303378105163574e-01
9.871895909309387207e-01
9.536463022232055664e-01
8.957351446151733398e-01
8.267989158630371094e-01
8.144304752349853516e-01
8.661535382270812988e-01
9.463170766830444336e-01
9.991112351417541504e-01
9.988119006156921387e-01
9.966479539871215820e-01
9.639093279838562012e-01
8.431901931762695312e-01
4.627061784267425537e-01
4.026626795530319214e-02
1.335346791893243790e-02
1.145422756671905518e-01
3.024169206619262695e-01
4.822003543376922607e-01
5.050622224807739258e-01
3.636046350002288818e-01
4.949593245983123779e-01
6.878108978271484375e-01
9.498766660690307617e-01
9.980950951576232910e-01
9.999420046806335449e-01
9.998043179512023926e-01
9.994245171546936035e-01
9.989382028579711914e-01
9.983977675437927246e-01
9.965413212776184082e-01
9.938232302665710449e-01
9.909659028053283691e-01
9.916468262672424316e-01
9.959207773208618164e-01
9.984413981437683105e-01
9.999396800994873047e-01
9.999774098396301270e-01
9.999369978904724121e-01
9.935677051544189453e-01
9.703613519668579102e-01
9.759487509727478027e-01
9.911801815032958984e-01
9.970310926437377930e-01
9.995816349983215332e-01
9.999343156814575195e-01
9.998710155487060547e-01
9.998670220375061035e-01
9.999246597290039062e-01
9.998714923858642578e-01
9.982683062553405762e-01
9.941073656082153320e-01
9.428448081016540527e-01
8.794846534729003906e-01
8.114672303199768066e-01
8.521916270256042480e-01
9.284085035324096680e-01
9.416446089744567871e-01
8.804290294647216797e-01
7.651881575584411621e-01
6.098629236221313477e-01
4.630159735679626465e-01
3.257325589656829834e-01
1.435729712247848511e-01
1.818607002496719360e-02
5.517675541341304779e-03
5.149761214852333069e-02
2.121404260396957397e-01
7.006953954696655273e-01
8.851701617240905762e-01
9.174945354461669922e-01
9.197463393211364746e-01
9.473553299903869629e-01
9.954577088356018066e-01
9.984381198883056641e-01
9.999272823333740234e-01
9.999004006385803223e-01
9.998174905776977539e-01
9.996470808982849121e-01
9.993015527725219727e-01
9.992132186889648438e-01
9.992200136184692383e-01
9.992708563804626465e-01
9.986133575439453125e-01
9.973630905151367188e-01
9.937249422073364258e-01
9.921385645866394043e-01
9.925641417503356934e-01
9.916706681251525879e-01
9.908676743507385254e-01
9.903435707092285156e-01
9.943062663078308105e-01
9.982980489730834961e-01
9.995373487472534180e-01
9.998982548713684082e-01
9.998381137847900391e-01
9.995514154434204102e-01
9.989383220672607422e-01
9.980493187904357910e-01
9.906864166259765625e-01
9.842295050621032715e-01
9.789062142372131348e-01
9.850203990936279297e-01
9.920718073844909668e-01
9.977058768272399902e-01
9.995006322860717773e-01
9.999282360076904297e-01
9.999191164970397949e-01
9.994578957557678223e-01
9.985647797584533691e-01
9.951643943786621094e-01
9.928823709487915039e-01
9.917466640472412109e-01
9.964517354965209961e-01
9.997956156730651855e-01
9.999585747718811035e-01
9.999938011169433594e-01
9.999963641166687012e-01
9.999974966049194336e-01
9.999965429306030273e-01
9.999895691871643066e-01
9.999390244483947754e-01
9.997281432151794434e-01
9.993796348571777344e-01
9.987677931785583496e-01
9.984920620918273926e-01
9.987201690673828125e-01
9.993362426757812500e-01
9.998558163642883301e-01
9.999139904975891113e-01
9.993800520896911621e-01
9.985845088958740234e-01
9.977016448974609375e-01
9.982015490531921387e-01
9.997361302375793457e-01
9.998929500579833984e-01
9.999255537986755371e-01
9.997987747192382812e-01
9.994964599609375000e-01
9.991347193717956543e-01
9.986975789070129395e-01
9.886433482170104980e-01
9.738433957099914551e-01
9.527086615562438965e-01
9.497404694557189941e-01
9.574680328369140625e-01
9.068596363067626953e-01
7.419053316116333008e-01
4.418720602989196777e-01
4.538872241973876953e-01
5.745968818664550781e-01
8.428548574447631836e-01
9.522114396095275879e-01
9.989987611770629883e-01
9.992121458053588867e-01
9.979936480522155762e-01
9.960029721260070801e-01
9.971178770065307617e-01
9.982880949974060059e-01
9.995220303535461426e-01
9.998434782028198242e-01
9.999931454658508301e-01
9.999971389770507812e-01
9.999979138374328613e-01
9.999973177909851074e-01
9.999951124191284180e-01
9.999424219131469727e-01
9.993613362312316895e-01
9.887612462043762207e-01
9.462845325469970703e-01
8.687477707862854004e-01
9.004377722740173340e-01
9.426200985908508301e-01
9.824383854866027832e-01
9.957083463668823242e-01
9.996583461761474609e-01
9.998711347579956055e-01
9.998999238014221191e-01
9.953406453132629395e-01
8.893107771873474121e-01
7.668611407279968262e-01
6.258241534233093262e-01
7.546691894531250000e-01
8.895864486694335938e-01
9.735078811645507812e-01
9.897090792655944824e-01
9.763293862342834473e-01
9.295699596405029297e-01
8.827133774757385254e-01
8.392254710197448730e-01
9.093241691589355469e-01
9.611107707023620605e-01
9.910206794738769531e-01
9.940764307975769043e-01
9.941708445549011230e-01
9.957227110862731934e-01
9.976186156272888184e-01
9.993767142295837402e-01
9.997467994689941406e-01
9.999182820320129395e-01
9.999473690986633301e-01
9.999486207962036133e-01
9.999493360519409180e-01
9.999493956565856934e-01
9.999483227729797363e-01
9.999300837516784668e-01
9.998683333396911621e-01
9.995741844177246094e-01
9.992228746414184570e-01
9.991403222084045410e-01
9.991975426673889160e-01
9.993669986724853516e-01
9.988309144973754883e-01
9.893751740455627441e-01
9.665550589561462402e-01
9.420856237411499023e-01
9.335317015647888184e-01
9.748145341873168945e-01
9.932892322540283203e-01
9.998061060905456543e-01
9.998534917831420898e-01
9.997844099998474121e-01
9.996052384376525879e-01
9.995495676994323730e-01
9.994843006134033203e-01
9.993873834609985352e-01
9.932748675346374512e-01
9.017761945724487305e-01
4.821507930755615234e-01
3.169065415859222412e-01
3.188126683235168457e-01
6.080504059791564941e-01
8.301292657852172852e-01
9.752089381217956543e-01
9.904088377952575684e-01
9.796521067619323730e-01
9.479975700378417969e-01
9.514923095703125000e-01
9.683136343955993652e-01
9.864444136619567871e-01
9.957954287528991699e-01
9.985563755035400391e-01
9.992178082466125488e-01
9.993842244148254395e-01
9.988651275634765625e-01
9.585078358650207520e-01
8.976513147354125977e-01
7.995551228523254395e-01
7.793449163436889648e-01
8.064614534378051758e-01
9.221079945564270020e-01
9.660767912864685059e-01
9.402297735214233398e-01
8.763917088508605957e-01
8.373509049415588379e-01
8.512775897979736328e-01
8.835141062736511230e-01
9.228394031524658203e-01
9.686974883079528809e-01
9.916875958442687988e-01
9.991989731788635254e-01
9.988748431205749512e-01
9.857161641120910645e-01
9.558025598526000977e-01
7.851772904396057129e-01
6.302701830863952637e-01
5.845328569412231445e-01
7.431158423423767090e-01
9.713864326477050781e-01
9.904199242591857910e-01
9.995917677879333496e-01
9.997117519378662109e-01
9.983841776847839355e-01
9.966551661491394043e-01
9.943637251853942871e-01
9.954771399497985840e-01
9.975027441978454590e-01
9.990243911743164062e-01
9.997488856315612793e-01
9.999032616615295410e-01
9.976864457130432129e-01
9.754366874694824219e-01
9.266302585601806641e-01
8.476992249488830566e-01
8.131083250045776367e-01
9.198021292686462402e-01
9.408649206161499023e-01
9.107862114906311035e-01
7.774222493171691895e-01
6.943913698196411133e-01
6.611602306365966797e-01
8.167463541030883789e-01
9.451845884323120117e-01
9.843774437904357910e-01
9.815703034400939941e-01
9.612821936607360840e-01
9.247422218322753906e-01
9.292979836463928223e-01
9.646304845809936523e-01
9.737159609794616699e-01
9.774428606033325195e-01
9.737308025360107422e-01
9.795742630958557129e-01
9.867464303970336914e-01
9.908571243286132812e-01
9.917043447494506836e-01
9.908936023712158203e-01
9.940503835678100586e-01
9.967866539955139160e-01
9.990321993827819824e-01
9.719494581222534180e-01
9.357566237449645996e-01
8.873932361602783203e-01
8.607844114303588867e-01
8.144537210464477539e-01
5.306672453880310059e-01
2.921559214591979980e-01
9.526102244853973389e-02
1.766186058521270752e-01
3.364670872688293457e-01
6.072301864624023438e-01
7.574428319931030273e-01
8.603686690330505371e-01
9.243682026863098145e-01
9.667046070098876953e-01
9.927552342414855957e-01
9.965403079986572266e-01
9.888592362403869629e-01
9.640471339225769043e-01
6.908853650093078613e-01
3.834605216979980469e-01
1.729319393634796143e-01
7.582371681928634644e-02
4.749860987067222595e-02
1.856884732842445374e-02
1.722429064102470875e-03
2.275927254231646657e-04
7.487017428502440453e-04
1.425608098506927490e-01
6.950965523719787598e-01
9.299705624580383301e-01
9.996988177299499512e-01
9.998658299446105957e-01
9.995391368865966797e-01
9.986789226531982422e-01
9.938850998878479004e-01
9.913086295127868652e-01
9.950936436653137207e-01
9.976793527603149414e-01
9.995604157447814941e-01
9.998185634613037109e-01
9.996708035469055176e-01
9.991452097892761230e-01
9.572324752807617188e-01
8.881508111953735352e-01
7.713130712509155273e-01
8.383924961090087891e-01
9.548438787460327148e-01
9.761807918548583984e-01
9.846051335334777832e-01
9.824770092964172363e-01
9.885022044181823730e-01
9.939112663269042969e-01
9.976022243499755859e-01
9.985550045967102051e-01
9.983075857162475586e-01
9.962959885597229004e-01
8.607891201972961426e-01
6.273555159568786621e-01
3.682664036750793457e-01
2.907895147800445557e-01
5.014981627464294434e-01
7.646938562393188477e-01
9.890762567520141602e-01
9.967643618583679199e-01
9.935935735702514648e-01
9.801315069198608398e-01
3.646431565284729004e-01
1.762798929121345282e-04
2.786867298709694296e-05
1.435782936987095582e-09
1.769708469510078430e-02
1.000777184963226318e-01
3.929796218872070312e-01
8.101196885108947754e-01
9.292735457420349121e-01
9.981445074081420898e-01
9.988552927970886230e-01
9.894617199897766113e-01
9.659428596496582031e-01
9.025734663009643555e-01
7.195117473602294922e-01
4.774183332920074463e-01
5.057061910629272461e-01
6.518078446388244629e-01
9.490897059440612793e-01
9.609538912773132324e-01
7.989473342895507812e-01
2.596453726291656494e-01
9.296073019504547119e-02
1.503608673810958862e-01
5.483275055885314941e-01
8.287873864173889160e-01
9.621139764785766602e-01
9.774821400642395020e-01
8.224299550056457520e-01
2.143175452947616577e-01
1.255142257489127999e-11
2.197628355631324116e-40
7.821207248782534000e-41
1.164612012090872120e-19
3.771259876766742835e-19
4.397675022482872009e-02
2.116464078426361084e-01
7.368459701538085938e-01
9.219189882278442383e-01
9.166037440299987793e-01
8.343982100486755371e-01
8.082566261291503906e-01
8.526621460914611816e-01
9.019383192062377930e-01
9.395829439163208008e-01
9.379717111587524414e-01
9.132465720176696777e-01
8.784245252609252930e-01
9.190018177032470703e-01
9.555840492248535156e-01
9.869796633720397949e-01
9.955847263336181641e-01
9.985972046852111816e-01
9.982557892799377441e-01
9.959741234779357910e-01
9.925174117088317871e-01
9.881000518798828125e-01
9.858009219169616699e-01
9.864007234573364258e-01
9.930341839790344238e-01
9.993532896041870117e-01
9.997681975364685059e-01
9.999545216560363770e-01
9.999957084655761719e-01
9.999983310699462891e-01
9.999999403953552246e-01
1.000000000000000000e+00
1.000000000000000000e+00
1.000000000000000000e+00
9.999998807907104492e-01
9.982736110687255859e-01
9.953583478927612305e-01
9.539261460304260254e-01
7.597543597221374512e-01
3.215724229812622070e-01
1.456911563873291016e-01
8.932758122682571411e-02
2.494259178638458252e-01
5.130647420883178711e-01
8.553968071937561035e-01
9.459870457649230957e-01
9.984276890754699707e-01
9.996850490570068359e-01
9.999985694885253906e-01
9.999998211860656738e-01
9.999995231628417969e-01
9.999975562095642090e-01
9.999940991401672363e-01
9.994114637374877930e-01
9.840632081031799316e-01
9.384889602661132812e-01
8.689146637916564941e-01
8.051162362098693848e-01
8.599124550819396973e-01
9.003817439079284668e-01
9.268380999565124512e-01
9.365314245223999023e-01
9.497105479240417480e-01
9.760374426841735840e-01
9.888188242912292480e-01
9.950280785560607910e-01
9.978409409523010254e-01
9.975971579551696777e-01
9.938672780990600586e-01
9.945493936538696289e-01
9.958545565605163574e-01
9.968702197074890137e-01
9.939236640930175781e-01
9.883148074150085449e-01
9.691450595855712891e-01
9.590593576431274414e-01
9.613863825798034668e-01
9.143240451812744141e-01
7.583193182945251465e-01
2.206469774246215820e-01
1.367320190183818340e-03
2.205392229370772839e-05
1.472254097461700439e-02
1.639714390039443970e-01
5.372635126113891602e-01
5.689800381660461426e-01
5.237640142440795898e-01
6.339456439018249512e-01
7.760251164436340332e-01
9.451009035110473633e-01
9.808419942855834961e-01
9.986994862556457520e-01
9.995715022087097168e-01
9.998902082443237305e-01
9.999443888664245605e-01
9.996541738510131836e-01
9.557204842567443848e-01
8.650740981101989746e-01
4.443903565406799316e-01
1.145252138376235962e-01
1.786388903856277466e-01
4.719144105911254883e-01
8.774804472923278809e-01
9.499543309211730957e-01
9.906986951828002930e-01
9.880777001380920410e-01
9.476009607315063477e-01
8.729125857353210449e-01
6.952602267265319824e-01
6.160669326782226562e-01
6.072908639907836914e-01
7.552014589309692383e-01
8.844153285026550293e-01
9.705569744110107422e-01
9.957091808319091797e-01
9.992659687995910645e-01
9.990907311439514160e-01
9.988868832588195801e-01
9.986566901206970215e-01
9.991804361343383789e-01
9.996743202209472656e-01
9.998872876167297363e-01
9.999400377273559570e-01
9.996561408042907715e-01
9.950738549232482910e-01
9.880200028419494629e-01
9.778377413749694824e-01
9.852541685104370117e-01
9.947040677070617676e-01
9.980055689811706543e-01
9.994898438453674316e-01
9.997465014457702637e-01
9.996231794357299805e-01
9.992998242378234863e-01
9.986409544944763184e-01
9.972688555717468262e-01
9.959505200386047363e-01
9.965928196907043457e-01
9.978036880493164062e-01
9.995518326759338379e-01
9.997435212135314941e-01
9.967942237854003906e-01
9.862133860588073730e-01
9.808288812637329102e-01
9.786654114723205566e-01
9.886989593505859375e-01
9.933332204818725586e-01
9.907916784286499023e-01
9.585527777671813965e-01
9.036096334457397461e-01
7.824460268020629883e-01
5.188475847244262695e-01
1.490099430084228516e-01
6.008183583617210388e-02
2.199768461287021637e-02
5.856349319219589233e-02
2.876572310924530029e-01
5.738413929939270020e-01
6.885505914688110352e-01
7.834486365318298340e-01
8.569529652595520020e-01
8.942930102348327637e-01
8.731968402862548828e-01
6.881955265998840332e-01
3.813883066177368164e-01
1.212072093039751053e-03
2.609318122267723083e-02
1.807815432548522949e-01
5.456923842430114746e-01
6.870520114898681641e-01
6.946727633476257324e-01
3.120203316211700439e-01
1.507722586393356323e-01
1.947248429059982300e-01
6.227093338966369629e-01
9.690567255020141602e-01
9.918774366378784180e-01
9.998015761375427246e-01
9.999375343322753906e-01
9.995133280754089355e-01
9.990981817245483398e-01
9.986958503723144531e-01
9.790912270545959473e-01
9.573603272438049316e-01
9.500428438186645508e-01
9.150113463401794434e-01
8.569397926330566406e-01
7.880129814147949219e-01
7.682740092277526855e-01
8.642612099647521973e-01
9.157397150993347168e-01
9.425972104072570801e-01
9.093655347824096680e-01
8.900302052497863770e-01
8.887748122215270996e-01
9.389341473579406738e-01
9.897503256797790527e-01
9.901082515716552734e-01
9.463009834289550781e-01
8.680331110954284668e-01
5.565328598022460938e-01
2.845595479011535645e-01
1.335477232933044434e-01
4.270245730876922607e-01
8.925370573997497559e-01
9.560073614120483398e-01
9.931928515434265137e-01
9.970161318778991699e-01
9.969251751899719238e-01
9.955692291259765625e-01
9.925550222396850586e-01
9.939875006675720215e-01
9.988552927970886230e-01
9.994227290153503418e-01
9.996851086616516113e-01
9.998863339424133301e-01
9.999477863311767578e-01
9.999369382858276367e-01
9.997950196266174316e-01
9.968299269676208496e-01
9.901943802833557129e-01
9.795277118682861328e-01
9.682696461677551270e-01
9.587153792381286621e-01
9.201839566230773926e-01
8.584851622581481934e-01
9.042182564735412598e-01
9.421901106834411621e-01
9.422760009765625000e-01
9.092727899551391602e-01
8.643844723701477051e-01
9.126046895980834961e-01
9.492264986038208008e-01
9.694709181785583496e-01
9.840291738510131836e-01
9.954250454902648926e-01
9.982377290725708008e-01
9.982482194900512695e-01
9.957973957061767578e-01
9.786470532417297363e-01
9.556072354316711426e-01
9.210975170135498047e-01
8.930056691169738770e-01
8.689862489700317383e-01
8.757568001747131348e-01
9.066591858863830566e-01
9.760514497756958008e-01
9.845536947250366211e-01
9.765754938125610352e-01
9.909788966178894043e-01
9.985186457633972168e-01
9.990893602371215820e-01
9.985516667366027832e-01
9.975447058677673340e-01
9.955763816833496094e-01
9.952080845832824707e-01
9.958807826042175293e-01
9.977739453315734863e-01
9.992241263389587402e-01
9.997665882110595703e-01
9.999537467956542969e-01
9.999833703041076660e-01
9.998602867126464844e-01
9.968869090080261230e-01
9.903951883316040039e-01
9.754336476325988770e-01
9.626526832580566406e-01
9.681364893913269043e-01
9.796060919761657715e-01
9.959317445755004883e-01
9.985876083374023438e-01
9.996648430824279785e-01
9.997694492340087891e-01
9.995214343070983887e-01
9.990490674972534180e-01
9.967534542083740234e-01
9.958963394165039062e-01
9.973232746124267578e-01
9.975642561912536621e-01
9.930697679519653320e-01
9.568369984626770020e-01
7.964270710945129395e-01
5.047855973243713379e-01
5.834428071975708008e-01
7.335290312767028809e-01
9.132720232009887695e-01
9.763546586036682129e-01
9.568765759468078613e-01
8.678082227706909180e-01
8.186683654785156250e-01
8.640289902687072754e-01
9.282633662223815918e-01
9.982553720474243164e-01
9.993028044700622559e-01
9.999271035194396973e-01
9.999402165412902832e-01
9.996092319488525391e-01
9.970593452453613281e-01
9.813598990440368652e-01
9.588769078254699707e-01
9.296882748603820801e-01
9.426868557929992676e-01
9.636304974555969238e-01
9.893354177474975586e-01
9.998660683631896973e-01
9.999793171882629395e-01
9.999917149543762207e-01
9.999932646751403809e-01
9.999817609786987305e-01
9.997153878211975098e-01
9.993178248405456543e-01
9.986563324928283691e-01
9.984079003334045410e-01
9.987608790397644043e-01
9.993624091148376465e-01
9.999520778656005859e-01
9.999815821647644043e-01
9.999953508377075195e-01
9.999930262565612793e-01
9.999811649322509766e-01
9.999701976776123047e-01
9.999680519104003906e-01
9.999767541885375977e-01
9.999933838844299316e-01
9.999971985816955566e-01
9.999986290931701660e-01
9.999963045120239258e-01
9.997230172157287598e-01
9.991955757141113281e-01
9.933645725250244141e-01
9.888691902160644531e-01
9.865371584892272949e-01
9.919142127037048340e-01
9.991948008537292480e-01
9.997179508209228516e-01
9.968006014823913574e-01
9.898596405982971191e-01
9.858115911483764648e-01
9.837507605552673340e-01
9.878201484680175781e-01
9.891591072082519531e-01
9.881638884544372559e-01
9.745993018150329590e-01
9.427015185356140137e-01
8.621983528137207031e-01
5.602460503578186035e-01
1.209983304142951965e-01
4.640623554587364197e-02
8.232922293245792389e-03
2.472534589469432831e-02
3.480838835239410400e-01
7.924618721008300781e-01
9.162174463272094727e-01
9.922240376472473145e-01
9.985070228576660156e-01
1.000000000000000000e+00
9.997486472129821777e-01
9.976346492767333984e-01
9.951329231262207031e-01
9.922032952308654785e-01
9.933304190635681152e-01
9.948996305465698242e-01
9.949038028717041016e-01
9.854987263679504395e-01
9.683163166046142578e-01
9.203260540962219238e-01
8.796740770339965820e-01
8.697749376296997070e-01
9.078745245933532715e-01
9.761813282966613770e-01
9.902097582817077637e-01
9.987191557884216309e-01
9.993638992309570312e-01
9.997477531433105469e-01
1.000000000000000000e+00
1.000000000000000000e+00
9.998534917831420898e-01
9.994772076606750488e-01
9.994128346443176270e-01
9.994733929634094238e-01
9.997057914733886719e-01
9.997671246528625488e-01
9.996210336685180664e-01
9.314118027687072754e-01
7.770538926124572754e-01
2.546796500682830811e-01
1.450681371903406180e-12
1.704658278683240935e-13
5.665041769020717766e-09
6.732201576232910156e-02
3.737652301788330078e-01
6.665403246879577637e-01
9.494621753692626953e-01
9.836695790290832520e-01
9.951927661895751953e-01
9.987027049064636230e-01
9.905931353569030762e-01
9.756529331207275391e-01
9.526395797729492188e-01
9.405747652053833008e-01
9.505954384803771973e-01
9.659639596939086914e-01
9.833235144615173340e-01
9.884642958641052246e-01
9.911270141601562500e-01
9.899046421051025391e-01
9.852420091629028320e-01
9.798049926757812500e-01
9.786198735237121582e-01
9.767678380012512207e-01
9.740825295448303223e-01
9.843584895133972168e-01
9.942395091056823730e-01
9.817982316017150879e-01
9.770637154579162598e-01
9.802170991897583008e-01
9.834108948707580566e-01
9.541928172111511230e-01
7.905831933021545410e-01
4.800447523593902588e-01
4.627110809087753296e-02
2.214054120486252941e-06
1.249238476157188416e-02
6.366817653179168701e-02
4.047918319702148438e-01
9.445000886917114258e-01
9.888563156127929688e-01
9.988006949424743652e-01
9.995098114013671875e-01
9.998372793197631836e-01
9.999478459358215332e-01
9.998975396156311035e-01
9.998276829719543457e-01
9.997237324714660645e-01
9.996765255928039551e-01
9.996579289436340332e-01
9.997103214263916016e-01
9.996513128280639648e-01
9.994077682495117188e-01
9.990578889846801758e-01
9.987027645111083984e-01
9.988096356391906738e-01
9.990371465682983398e-01
9.994323849678039551e-01
9.996044635772705078e-01
9.997134804725646973e-01
9.998736977577209473e-01
9.999711513519287109e-01
9.999931454658508301e-01
9.999983310699462891e-01
9.999991059303283691e-01
9.999987483024597168e-01
9.999964237213134766e-01
9.999920725822448730e-01
9.999729394912719727e-01
9.999552369117736816e-01
9.999564290046691895e-01
9.998185634613037109e-01
9.995571374893188477e-01
9.986444711685180664e-01
9.976015090942382812e-01
9.964290261268615723e-01
9.951350092887878418e-01
9.937489032745361328e-01
9.951961636543273926e-01
9.968778491020202637e-01
9.983816146850585938e-01
9.991784095764160156e-01
9.994907379150390625e-01
9.900668859481811523e-01
9.207719564437866211e-01
7.010519504547119141e-01
3.848161995410919189e-01
1.161905936896800995e-02
5.783974120276980102e-05
2.981941774487495422e-02
1.255149096250534058e-01
4.863450825214385986e-01
9.874066710472106934e-01
9.952975511550903320e-01
9.991891980171203613e-01
9.995194077491760254e-01
9.995893239974975586e-01
9.995197057723999023e-01
9.987163543701171875e-01
9.979441165924072266e-01
9.972261786460876465e-01
9.972237348556518555e-01
9.975416660308837891e-01
9.983178973197937012e-01
9.989506006240844727e-01
9.993562698364257812e-01
9.992763996124267578e-01
9.984010457992553711e-01
9.891944527626037598e-01
9.163846373558044434e-01
7.515212297439575195e-01
6.802362203598022461e-01
6.571397781372070312e-01
8.033033609390258789e-01
9.150947928428649902e-01
9.812774062156677246e-01
9.973244667053222656e-01
9.982794523239135742e-01
9.984938502311706543e-01
9.989705681800842285e-01
9.997701644897460938e-01
9.999542832374572754e-01
9.999431967735290527e-01
9.997374415397644043e-01
9.979996085166931152e-01
9.944879412651062012e-01
9.834909439086914062e-01
9.713134169578552246e-01
9.631368517875671387e-01
9.632874727249145508e-01
9.725098609924316406e-01
9.800426959991455078e-01
9.673008918762207031e-01
8.468050956726074219e-01
5.533041954040527344e-01
8.120120316743850708e-02
2.218163217548863031e-06
1.425990485586225986e-04
1.004597404971718788e-03
1.002580858767032623e-03
1.405807561241090298e-04
1.027200084990909090e-07
1.138231367804110050e-03
7.667389698326587677e-03
2.951771020889282227e-01
8.523272275924682617e-01
9.689611792564392090e-01
9.988948702812194824e-01
9.993493556976318359e-01
9.995876550674438477e-01
9.996253252029418945e-01
9.997937083244323730e-01
9.999542832374572754e-01
9.999849796295166016e-01
9.999995231628417969e-01
9.999991059303283691e-01
9.994950890541076660e-01
9.975111484527587891e-01
9.896462559700012207e-01
9.857691526412963867e-01
9.854853153228759766e-01
9.916862249374389648e-01
9.977577328681945801e-01
9.990022778511047363e-01
9.996482133865356445e-01
9.997626543045043945e-01
9.991770982742309570e-01
9.982062578201293945e-01
9.961092472076416016e-01
9.965688586235046387e-01
9.993103742599487305e-01
9.998468756675720215e-01
9.999924302101135254e-01
9.999959468841552734e-01
9.999816417694091797e-01
9.999513030052185059e-01
9.997094869613647461e-01
9.992899894714355469e-01
9.982711672782897949e-01
9.962201714515686035e-01
9.932374954223632812e-01
9.735819101333618164e-01
8.878931403160095215e-01
5.298136472702026367e-01
2.702964544296264648e-01
1.021836772561073303e-01
1.339922547340393066e-01
2.725861370563507080e-01
7.347823381423950195e-01
9.727924466133117676e-01
9.962739944458007812e-01
1.000000000000000000e+00
9.993078112602233887e-01
9.953035712242126465e-01
9.923854470252990723e-01
9.905398488044738770e-01
9.856035113334655762e-01
9.743229150772094727e-01
9.336197972297668457e-01
8.821047544479370117e-01
8.194077014923095703e-01
8.455311655998229980e-01
8.882725834846496582e-01
9.151012897491455078e-01
9.442608952522277832e-01
9.759636521339416504e-01
9.890655279159545898e-01
9.963766336441040039e-01
9.953252673149108887e-01
9.960118532180786133e-01
9.986988902091979980e-01
9.996084570884704590e-01
1.000000000000000000e+00
1.000000000000000000e+00
9.974363446235656738e-01
9.917182922363281250e-01
9.868506193161010742e-01
9.830940961837768555e-01
9.868396520614624023e-01
9.909403324127197266e-01
9.955137372016906738e-01
9.978464841842651367e-01
9.993447661399841309e-01
9.996688961982727051e-01
9.998810291290283203e-01
9.999318122863769531e-01
9.998916387557983398e-01
9.997923970222473145e-01
9.993028044700622559e-01
9.990626573562622070e-01
9.992157220840454102e-01
9.995751976966857910e-01
1.000000000000000000e+00
1.000000000000000000e+00
9.995885491371154785e-01
9.984558820724487305e-01
9.979259371757507324e-01
9.976766109466552734e-01
9.979070425033569336e-01
9.973459243774414062e-01
9.952374696731567383e-01
9.604308009147644043e-01
9.091027379035949707e-01
8.763173818588256836e-01
8.719388246536254883e-01
9.296488761901855469e-01
9.691254496574401855e-01
9.980714321136474609e-01
9.996606111526489258e-01
9.999609589576721191e-01
9.999464154243469238e-01
9.999546408653259277e-01
9.999777674674987793e-01
9.999845027923583984e-01
9.999747276306152344e-01
9.999194741249084473e-01
9.998671412467956543e-01
9.998171329498291016e-01
9.993728399276733398e-01
9.982467293739318848e-01
9.948715567588806152e-01
9.721827507019042969e-01
9.332342147827148438e-01
7.014513611793518066e-01
4.430042803287506104e-01
2.013069987297058105e-01
3.510072827339172363e-01
8.827021718025207520e-01
9.870607256889343262e-01
9.999562501907348633e-01
9.999774098396301270e-01
9.999694824218750000e-01
9.999287724494934082e-01
9.999106526374816895e-01
9.999040961265563965e-01
9.999417662620544434e-01
9.999703764915466309e-01
9.999868869781494141e-01
9.981616735458374023e-01
9.954547882080078125e-01
9.891377091407775879e-01
9.866961240768432617e-01
9.903383851051330566e-01
9.950115084648132324e-01
9.999684095382690430e-01
9.999871850013732910e-01
9.999993443489074707e-01
9.999988079071044922e-01
9.999964833259582520e-01
9.999932646751403809e-01
9.999389052391052246e-01
9.998133778572082520e-01
9.995273947715759277e-01
9.995377063751220703e-01
9.997284412384033203e-01
9.998774528503417969e-01
9.999882578849792480e-01
9.999955892562866211e-01
9.999806880950927734e-01
9.999492168426513672e-01
9.998167753219604492e-01
9.997212290763854980e-01
9.998131394386291504e-01
9.998978972434997559e-01
9.999761581420898438e-01
9.999927878379821777e-01
9.999940395355224609e-01
9.999752044677734375e-01
9.996740818023681641e-01
9.990625977516174316e-01
9.986902475357055664e-01
9.984742999076843262e-01
9.990390539169311523e-01
9.995058774948120117e-01
9.998385310173034668e-01
9.998442530632019043e-01
9.997300505638122559e-01
9.995636940002441406e-01
9.995065331459045410e-01
9.996374249458312988e-01
9.997984170913696289e-01
9.999736547470092773e-01
9.999483227729797363e-01
9.998087286949157715e-01
9.994184374809265137e-01
9.793250560760498047e-01
9.474065303802490234e-01
4.185781776905059814e-01
2.965000689414409862e-09
8.968362719130595906e-10
0.000000000000000000e+00
0.000000000000000000e+00
8.905472135115708875e-17
6.509626656770706177e-02
4.008662402629852295e-01
6.874672174453735352e-01
9.265515804290771484e-01
9.837253689765930176e-01
9.991032481193542480e-01
9.996774792671203613e-01
9.999949336051940918e-01
9.999929070472717285e-01
9.991404414176940918e-01
9.634920358657836914e-01
4.610006809234619141e-01
1.157881170511245728e-01
2.723439410328865051e-02
3.214238677173852921e-04
2.373426454141736031e-03
5.189073681831359863e-01
8.967072367668151855e-01
9.716093540191650391e-01
9.997187852859497070e-01
9.999617934226989746e-01
9.993728399276733398e-01
9.888829588890075684e-01
9.483921527862548828e-01
8.028192520141601562e-01
5.738918781280517578e-01
4.499191641807556152e-01
3.941099345684051514e-01
5.820885300636291504e-01
6.551170349121093750e-01
6.070412993431091309e-01
5.520391464233398438e-01
5.250717401504516602e-01
7.530997395515441895e-01
9.079537987709045410e-01
9.601197838783264160e-01
9.819324612617492676e-01
9.916166663169860840e-01
9.846292734146118164e-01
9.629003405570983887e-01
9.127671122550964355e-01
9.008289575576782227e-01
9.095513224601745605e-01
9.502936601638793945e-01
9.841741919517517090e-01
9.950400590896606445e-01
9.997864365577697754e-01
9.999479651451110840e-01
9.999582171440124512e-01
9.999371170997619629e-01
9.998703002929687500e-01
9.997711777687072754e-01
9.996389150619506836e-01
9.993585944175720215e-01
9.971069097518920898e-01
9.790154695510864258e-01
8.079171180725097656e-01
4.203997254371643066e-01
4.215783178806304932e-01
5.756853222846984863e-01
7.910948395729064941e-01
9.259245395660400391e-01
8.981170654296875000e-01
8.661379814147949219e-01
8.318434953689575195e-01
8.974086046218872070e-01
9.583382606506347656e-01
9.870325922966003418e-01
9.998105764389038086e-01
9.997619390487670898e-01
9.997192621231079102e-01
9.996787309646606445e-01
9.996442198753356934e-01
9.994029402732849121e-01
9.989262819290161133e-01
9.980295896530151367e-01
9.970945715904235840e-01
9.972439408302307129e-01
9.978531599044799805e-01
9.992175698280334473e-01
9.997840523719787598e-01
9.999777674674987793e-01
9.999842643737792969e-01
9.999673962593078613e-01
9.999004006385803223e-01
9.997508525848388672e-01
9.995445013046264648e-01
9.997612237930297852e-01
9.999775886535644531e-01
9.999867081642150879e-01
9.999775290489196777e-01
9.999499320983886719e-01
9.998829364776611328e-01
9.998042583465576172e-01
9.997103810310363770e-01
9.996268749237060547e-01
9.995586276054382324e-01
9.996888637542724609e-01
9.998988509178161621e-01
9.996078014373779297e-01
9.938790798187255859e-01
9.759680628776550293e-01
9.058535099029541016e-01
8.021692633628845215e-01
6.915323734283447266e-01
6.050635576248168945e-01
6.124627590179443359e-01
6.740936040878295898e-01
7.882228493690490723e-01
8.867826461791992188e-01
9.730657935142517090e-01
9.884868860244750977e-01
9.980910420417785645e-01
9.992578029632568359e-01
9.991641640663146973e-01
9.984936118125915527e-01
9.904468059539794922e-01
9.688307046890258789e-01
9.165647029876708984e-01
7.921666502952575684e-01
6.209226846694946289e-01
3.698633015155792236e-01
1.433740854263305664e-01
4.773864895105361938e-02
4.884652578251991173e-12
8.218129410493546505e-13
7.923876331017258579e-15
4.371265502345345055e-11
5.031089989060433254e-10
8.006254859083128395e-08
2.813047785821254365e-07
6.068459711968898773e-03
1.484417077153921127e-02
1.827810257673263550e-01
4.190744459629058838e-01
8.212234377861022949e-01
8.385859727859497070e-01
5.802793502807617188e-01
3.837029039859771729e-01
2.096080631017684937e-01
9.994018077850341797e-02
4.971631616353988647e-02
6.642527878284454346e-02
4.887317419052124023e-01
9.999891519546508789e-01
9.998685121536254883e-01
9.993839263916015625e-01
9.982469677925109863e-01
9.967266917228698730e-01
9.950064420700073242e-01
9.935506582260131836e-01
9.880608916282653809e-01
9.700241088867187500e-01
9.556078910827636719e-01
9.443374276161193848e-01
9.680585265159606934e-01
9.445574283599853516e-01
5.398925542831420898e-01
2.296068966388702393e-01
5.129910632967948914e-02
2.328381242477917112e-06
1.247488544322550297e-04
2.274728193879127502e-02
2.007706314325332642e-01
7.414302229881286621e-01
9.744720458984375000e-01
9.964869618415832520e-01
9.992204904556274414e-01
9.994461536407470703e-01
9.995853900909423828e-01
9.989766478538513184e-01
9.975241422653198242e-01
9.951480031013488770e-01
9.926117658615112305e-01
9.923895597457885742e-01
9.936679601669311523e-01
9.977861642837524414e-01
9.988483190536499023e-01
9.981700778007507324e-01
8.972073793411254883e-01
7.079089283943176270e-01
2.347291558980941772e-01
3.025697311386466026e-03
4.954714095219969749e-04
8.171361987479031086e-04
5.394271761178970337e-02
6.124250292778015137e-01
9.666308760643005371e-01
9.917992353439331055e-01
9.998441934585571289e-01
9.996129870414733887e-01
9.978891015052795410e-01
9.963868260383605957e-01
9.957068562507629395e-01
9.963560104370117188e-01
9.981205463409423828e-01
9.990668892860412598e-01
9.997113943099975586e-01
9.993692636489868164e-01
9.984366297721862793e-01
9.966624975204467773e-01
9.963622689247131348e-01
9.966929554939270020e-01
9.983743429183959961e-01
9.996348023414611816e-01
9.997580647468566895e-01
9.998232722282409668e-01
9.998435974121093750e-01
9.989198446273803711e-01
9.964301586151123047e-01
9.853976368904113770e-01
9.597117900848388672e-01
9.145092368125915527e-01
8.572537302970886230e-01
7.938566803932189941e-01
4.570489227771759033e-01
1.812038570642471313e-01
5.394107475876808167e-02
2.816146115947049111e-05
3.388073082533082925e-06
4.760546144098043442e-03
4.902678728103637695e-02
3.149735629558563232e-01
4.175848066806793213e-01
3.077910840511322021e-01
2.780532240867614746e-01
2.809760272502899170e-01
5.372288823127746582e-01
7.526763677597045898e-01
8.688022494316101074e-01
8.859927058219909668e-01
8.312410712242126465e-01
6.475692987442016602e-01
4.629562199115753174e-01
3.925550282001495361e-01
4.696708321571350098e-01
7.416420578956604004e-01
8.889696598052978516e-01
9.865115880966186523e-01
9.913187623023986816e-01
9.938666224479675293e-01
9.910008311271667480e-01
9.881218671798706055e-01
9.852291941642761230e-01
9.832938313484191895e-01
9.820476174354553223e-01
9.842012524604797363e-01
9.878782033920288086e-01
9.937034845352172852e-01
9.963900446891784668e-01
9.977247118949890137e-01
9.494825601577758789e-01
7.742264866828918457e-01
2.426506280899047852e-01
1.000817632302641869e-03
1.463587628677487373e-03
2.022700756788253784e-01
4.543960690498352051e-01
7.824639678001403809e-01
9.862787127494812012e-01
9.966098666191101074e-01
9.991508722305297852e-01
9.978870749473571777e-01
9.983999729156494141e-01
9.976357221603393555e-01
9.924328327178955078e-01
7.761519551277160645e-01
3.608467876911163330e-01
1.480781733989715576e-01
1.007965020835399628e-02
1.433651745319366455e-01
3.825309574604034424e-01
8.139975070953369141e-01
9.819979667663574219e-01
9.984019398689270020e-01
9.998694658279418945e-01
9.999502301216125488e-01
9.999789595603942871e-01
9.999957084655761719e-01
9.999991655349731445e-01
9.999352097511291504e-01
9.998144507408142090e-01
9.986811280250549316e-01
9.972177147865295410e-01
9.950319528579711914e-01
9.945275783538818359e-01
9.951907992362976074e-01
9.972134232521057129e-01
9.991865158081054688e-01
9.996511340141296387e-01
9.999232888221740723e-01
9.999346733093261719e-01
9.997907280921936035e-01
9.995806217193603516e-01
9.957150220870971680e-01
9.917196631431579590e-01
9.875531792640686035e-01
9.900774955749511719e-01
9.984285831451416016e-01
8.610162138938903809e-01
6.691119670867919922e-01
2.605070769786834717e-01
5.199264251132262871e-06
1.377525109091948252e-06
7.116660039052646880e-10
1.825047668546631030e-09
3.115818202495574951e-01
6.288893818855285645e-01
8.467407226562500000e-01
9.539395570755004883e-01
9.349628686904907227e-01
9.172132611274719238e-01
9.005797505378723145e-01
9.240013957023620605e-01
9.475309252738952637e-01
9.713916182518005371e-01
9.869861006736755371e-01
9.962249994277954102e-01
9.985985159873962402e-01
9.995484948158264160e-01
9.996896982192993164e-01
9.997714757919311523e-01
9.997592568397521973e-01
9.997092485427856445e-01
9.996399879455566406e-01
9.996848106384277344e-01
9.991597533226013184e-01
9.964525103569030762e-01
9.248615503311157227e-01
7.798799872398376465e-01
8.011364936828613281e-01
8.757314682006835938e-01
9.379757642745971680e-01
9.824677705764770508e-01
9.852746129035949707e-01
9.771739244461059570e-01
9.608906507492065430e-01
9.577417373657226562e-01
9.591102004051208496e-01
9.763287305831909180e-01
9.894807934761047363e-01
9.961875677108764648e-01
9.990205168724060059e-01
9.998434185981750488e-01
9.998803734779357910e-01
9.294515252113342285e-01
5.802161693572998047e-01
3.143545091152191162e-01
1.418394595384597778e-01
1.535359323024749756e-01
2.331872135400772095e-01
6.514185070991516113e-01
9.593819975852966309e-01
9.855933785438537598e-01
9.971278905868530273e-01
9.967807531356811523e-01
9.969885349273681641e-01
9.973641037940979004e-01
9.982129335403442383e-01
9.987320899963378906e-01
9.986724257469177246e-01
9.988194108009338379e-01
9.990869164466857910e-01
9.995131492614746094e-01
9.998869895935058594e-01
9.999171495437622070e-01
9.999434351921081543e-01
9.999646544456481934e-01
9.999744296073913574e-01
9.999793767929077148e-01
9.999879598617553711e-01
9.999952316284179688e-01
9.999980926513671875e-01
9.999989867210388184e-01
9.999979734420776367e-01
9.999744892120361328e-01
9.998806118965148926e-01
9.983999729156494141e-01
9.826192855834960938e-01
9.352734088897705078e-01
8.770417571067810059e-01
8.108315467834472656e-01
8.487389087677001953e-01
9.018689990043640137e-01
9.194943308830261230e-01
9.356945753097534180e-01
9.495117068290710449e-01
9.683253169059753418e-01
9.899816513061523438e-01
9.959575533866882324e-01
9.995784163475036621e-01
9.996595978736877441e-01
9.997206926345825195e-01
9.997559189796447754e-01
9.996902942657470703e-01
9.995821118354797363e-01
9.996091723442077637e-01
9.996398687362670898e-01
9.996674656867980957e-01
9.996718168258666992e-01
9.996525645256042480e-01
9.997023344039916992e-01
9.997549653053283691e-01
9.989461302757263184e-01
9.972289204597473145e-01
9.932466149330139160e-01
9.932478070259094238e-01
9.965094327926635742e-01
9.978098273277282715e-01
9.983119368553161621e-01
9.947164058685302734e-01
9.914006590843200684e-01
9.886271953582763672e-01
9.894317388534545898e-01
9.925968050956726074e-01
9.958624839782714844e-01
9.987733960151672363e-01
9.991138577461242676e-01
9.990599155426025391e-01
9.983844757080078125e-01
9.965261816978454590e-01
9.940312504768371582e-01
9.869549870491027832e-01
9.798409938812255859e-01
9.747073054313659668e-01
9.566946625709533691e-01
9.220014810562133789e-01
5.808337926864624023e-01
1.058021932840347290e-01
3.903368860483169556e-02
2.890663407742977142e-02
1.579711139202117920e-01
4.300467669963836670e-01
8.597035408020019531e-01
9.417859911918640137e-01
9.002164602279663086e-01
8.100739717483520508e-01
7.608465552330017090e-01
8.308954238891601562e-01
9.031118154525756836e-01
9.774331450462341309e-01
9.966278076171875000e-01
9.998340606689453125e-01
9.998596906661987305e-01
9.991763234138488770e-01
9.968014955520629883e-01
9.923962950706481934e-01
9.863487482070922852e-01
9.848772883415222168e-01
9.847140908241271973e-01
9.877406954765319824e-01
9.909220933914184570e-01
9.944227933883666992e-01
9.966446757316589355e-01
9.979529380798339844e-01
9.946883916854858398e-01
9.910033941268920898e-01
9.912028312683105469e-01
9.930918216705322266e-01
9.979972839355468750e-01
9.999163150787353516e-01
9.999736547470092773e-01
9.999862909317016602e-01
9.999905228614807129e-01
9.999825358390808105e-01
9.999011754989624023e-01
9.997017383575439453e-01
9.991705417633056641e-01
9.984506368637084961e-01
9.955902695655822754e-01
9.777180552482604980e-01
8.765450716018676758e-01
6.598695516586303711e-01
2.736496329307556152e-01
1.115572005510330200e-01
6.343129277229309082e-02
1.795562803745269775e-01
3.430960476398468018e-01
6.648571491241455078e-01
8.827596306800842285e-01
9.613717198371887207e-01
9.866756200790405273e-01
9.868434071540832520e-01
9.699617028236389160e-01
9.539903402328491211e-01
9.471737146377563477e-01
9.497485756874084473e-01
9.642350077629089355e-01
9.733132719993591309e-01
9.799975752830505371e-01
9.862836599349975586e-01
9.922905564308166504e-01
9.972801804542541504e-01
9.977707266807556152e-01
9.928833246231079102e-01
9.825464487075805664e-01
9.699564576148986816e-01
9.455475211143493652e-01
8.206744790077209473e-01
3.231201767921447754e-01
4.105142503976821899e-02
9.126029908657073975e-03
9.109945226838406934e-15
2.930043930345662935e-16
6.318691134765686002e-07
1.193694323301315308e-01
6.667075753211975098e-01
9.679150581359863281e-01
9.909855723381042480e-01
9.962974786758422852e-01
9.947835803031921387e-01
9.976591467857360840e-01
1.000000000000000000e+00
1.000000000000000000e+00
1.000000000000000000e+00
1.000000000000000000e+00
9.451984763145446777e-01
8.691216111183166504e-01
4.593061208724975586e-01
1.154170781373977661e-01
4.066974669694900513e-02
1.135785598307847977e-03
1.449737348593771458e-03
3.286020457744598389e-01
7.831498980522155762e-01
9.092065691947937012e-01
9.996278882026672363e-01
9.997808337211608887e-01
9.992455840110778809e-01
9.979193210601806641e-01
9.969027638435363770e-01
9.960112571716308594e-01
9.976503849029541016e-01
9.991350173950195312e-01
9.996134042739868164e-01
9.999068379402160645e-01
9.999786019325256348e-01
1.000000000000000000e+00
1.000000000000000000e+00
1.000000000000000000e+00
9.999977350234985352e-01
9.999862909317016602e-01
9.999589920043945312e-01
9.999118447303771973e-01
9.998848438262939453e-01
9.998667836189270020e-01
9.998653531074523926e-01
9.998771548271179199e-01
9.999439716339111328e-01
9.999803304672241211e-01
9.999759197235107422e-01
9.999115467071533203e-01
9.998180270195007324e-01
9.986501336097717285e-01
9.941960573196411133e-01
9.734389781951904297e-01
9.439460635185241699e-01
9.018180370330810547e-01
9.293061494827270508e-01
9.935301542282104492e-01
1.000000000000000000e+00
9.957476258277893066e-01
9.659059047698974609e-01
9.477356672286987305e-01
9.481503963470458984e-01
9.663385748863220215e-01
9.949567317962646484e-01
9.992398619651794434e-01
9.998997449874877930e-01
9.998279809951782227e-01
9.994310140609741211e-01
9.984586238861083984e-01
9.966715574264526367e-01
9.943482875823974609e-01
9.944131374359130859e-01
9.950662851333618164e-01
9.973328709602355957e-01
9.989712238311767578e-01
9.993521571159362793e-01
9.995744824409484863e-01
9.996801018714904785e-01
9.959486126899719238e-01
9.834619164466857910e-01
8.416134119033813477e-01
6.285461783409118652e-01
2.488089352846145630e-01
5.159228667616844177e-02
9.245516732335090637e-03
9.293150469602551311e-06
4.465630296102141017e-11
2.784008613920807562e-11
4.790404878329823646e-11
1.700134338866732264e-10
3.065044893446611241e-07
9.111420240515144542e-07
3.262875834479928017e-04
7.625606958754360676e-04
8.722537313587963581e-04
8.319338667206466198e-04
2.907800371758639812e-04
6.789083709008991718e-04
2.143018180504441261e-03
1.117138713598251343e-01
2.672922015190124512e-01
5.658684968948364258e-01
8.346479535102844238e-01
9.295068383216857910e-01
9.880077242851257324e-01
9.963722825050354004e-01
9.988573789596557617e-01
9.983215928077697754e-01
9.946945309638977051e-01
9.914759397506713867e-01
9.932028055191040039e-01
9.950290918350219727e-01
9.970267415046691895e-01
9.984635710716247559e-01
9.995396733283996582e-01
9.997370243072509766e-01
9.997806549072265625e-01
9.999017119407653809e-01
9.999853372573852539e-01
9.999895691871643066e-01
9.999756217002868652e-01
9.999473094940185547e-01
9.998772740364074707e-01
9.997980594635009766e-01
9.997665286064147949e-01
9.997616410255432129e-01
9.998303055763244629e-01
9.998086690902709961e-01
9.996970891952514648e-01
9.996058344841003418e-01
9.995217323303222656e-01
9.992032051086425781e-01
9.975635409355163574e-01
9.908875823020935059e-01
9.774155020713806152e-01
9.553291201591491699e-01
9.394280314445495605e-01
9.264542460441589355e-01
9.411735534667968750e-01
9.581987857818603516e-01
9.732347130775451660e-01
9.852571487426757812e-01
9.924141168594360352e-01
9.964023232460021973e-01
9.983971714973449707e-01
9.980358481407165527e-01
9.967373013496398926e-01
9.896104335784912109e-01
9.843013882637023926e-01
9.829728603363037109e-01
9.604042768478393555e-01
9.202865958213806152e-01
9.338517785072326660e-01
9.623832702636718750e-01
9.800714254379272461e-01
9.941139221191406250e-01
9.969663023948669434e-01
9.986761808395385742e-01
9.991410374641418457e-01
9.992151260375976562e-01
9.991289973258972168e-01
9.993521571159362793e-01
9.994457960128784180e-01
9.988244771957397461e-01
8.415398597717285156e-01
4.516999125480651855e-01
3.064850866794586182e-01
3.015851378440856934e-01
5.727204680442810059e-01
8.637531995773315430e-01
9.412034153938293457e-01
9.934419393539428711e-01
9.943868517875671387e-01
9.950474500656127930e-01
9.954837560653686523e-01
9.972618818283081055e-01
9.993645548820495605e-01
9.995551109313964844e-01
9.970353841781616211e-01
9.862143397331237793e-01
9.693734645843505859e-01
9.459342360496520996e-01
8.347997069358825684e-01
6.869170665740966797e-01
4.247558712959289551e-01
2.267945110797882080e-01
4.016897678375244141e-01
6.073454022407531738e-01
8.607236742973327637e-01
9.710896611213684082e-01
9.940567016601562500e-01
9.767891764640808105e-01
9.519770145416259766e-01
9.226851463317871094e-01
9.050719738006591797e-01
9.146178364753723145e-01
9.312583804130554199e-01
9.542462825775146484e-01
9.686229825019836426e-01
9.801961779594421387e-01
9.815225601196289062e-01
9.829540252685546875e-01
9.855634570121765137e-01
9.896266460418701172e-01
9.955841302871704102e-01
9.984120130538940430e-01
9.996280670166015625e-01
9.888534545898437500e-01
9.656308293342590332e-01
8.555225729942321777e-01
6.464156508445739746e-01
2.433136552572250366e-01
1.165499836206436157e-01
2.051882743835449219e-01
4.757590591907501221e-01
7.932855486869812012e-01
8.826336860656738281e-01
9.452137351036071777e-01
9.215102791786193848e-01
9.152114391326904297e-01
9.292538166046142578e-01
9.516987800598144531e-01
9.779786467552185059e-01
9.866169095039367676e-01
9.930984973907470703e-01
9.967062473297119141e-01
9.990001320838928223e-01
9.989430904388427734e-01
9.987177848815917969e-01
9.983707070350646973e-01
9.981732964515686035e-01
9.979805946350097656e-01
9.965795278549194336e-01
8.563690781593322754e-01
2.963883280754089355e-01
7.126063428586348891e-05
1.667581636866088957e-05
0.000000000000000000e+00
0.000000000000000000e+00
0.000000000000000000e+00
7.088260608725249767e-04
5.788408219814300537e-03
1.512966454029083252e-01
5.465239882469177246e-01
7.152761816978454590e-01
7.202573418617248535e-01
7.567735314369201660e-01
8.011574149131774902e-01
8.489560484886169434e-01
8.607951998710632324e-01
7.603253722190856934e-01
6.932511329650878906e-01
6.645599603652954102e-01
7.325392365455627441e-01
8.450270891189575195e-01
9.155246019363403320e-01
9.748819470405578613e-01
9.884027242660522461e-01
9.977472424507141113e-01
9.991555809974670410e-01
9.836585521697998047e-01
9.550952911376953125e-01
9.413897991180419922e-01
9.318277835845947266e-01
9.440641403198242188e-01
9.590283036231994629e-01
9.836177825927734375e-01
9.977182149887084961e-01
9.983437061309814453e-01
9.978151917457580566e-01
9.966795444488525391e-01
8.950641751289367676e-01
7.874838113784790039e-01
7.613896131515502930e-01
7.581005692481994629e-01
8.056136965751647949e-01
8.656858801841735840e-01
9.370729327201843262e-01
9.666306972503662109e-01
9.817288517951965332e-01
8.236396908760070801e-01
6.405097246170043945e-01
3.738914430141448975e-01
2.554560303688049316e-01
3.667702674865722656e-01
2.723496258258819580e-01
4.574147611856460571e-02
3.287904197350144386e-03
0.000000000000000000e+00
1.401298464324817071e-45
7.651568267874608864e-08
3.731136928308842471e-07
2.557291388511657715e-01
7.976054549217224121e-01
9.791990518569946289e-01
9.958146214485168457e-01
9.986369609832763672e-01
9.997981190681457520e-01
9.998137950897216797e-01
9.998084306716918945e-01
9.997602701187133789e-01
9.948002099990844727e-01
9.857251644134521484e-01
7.123817801475524902e-01
3.547126948833465576e-01
1.568696051836013794e-01
0.000000000000000000e+00
0.000000000000000000e+00
0.000000000000000000e+00
0.000000000000000000e+00
6.378442049026489258e-03
1.678276993334293365e-02
2.321944683790206909e-01
4.902524948120117188e-01
7.265699505805969238e-01
9.170367717742919922e-01
9.689160585403442383e-01
9.973527789115905762e-01
9.985041022300720215e-01
9.836912751197814941e-01
9.611323475837707520e-01
7.253189682960510254e-01
4.679682850837707520e-01
2.611119449138641357e-01
1.930102556943893433e-01
4.329524040222167969e-01
6.730806231498718262e-01
9.136475324630737305e-01
9.865204691886901855e-01
9.978740811347961426e-01
9.991940855979919434e-01
9.997230172157287598e-01
9.993295669555664062e-01
9.985926151275634766e-01
9.972511529922485352e-01
9.963898062705993652e-01
9.958887100219726562e-01
9.965686202049255371e-01
9.975755810737609863e-01
9.979180693626403809e-01
9.976156353950500488e-01
9.948127865791320801e-01
9.930084943771362305e-01
9.926289319992065430e-01
9.927836060523986816e-01
9.932668805122375488e-01
9.746320247650146484e-01
9.499703645706176758e-01
8.697659373283386230e-01
8.023669719696044922e-01
7.747496366500854492e-01
8.059873580932617188e-01
9.085134863853454590e-01
9.627627730369567871e-01
9.920984506607055664e-01
9.979037642478942871e-01
9.999343156814575195e-01
9.999444484710693359e-01
9.989165663719177246e-01
9.952560067176818848e-01
9.783552289009094238e-01
9.476574063301086426e-01
8.747364878654479980e-01
7.832912206649780273e-01
5.358575582504272461e-01
2.958303391933441162e-01
2.636496126651763916e-01
3.201016783714294434e-01
5.712324380874633789e-01
7.781757712364196777e-01
9.442657232284545898e-01
9.917521476745605469e-01
9.943528771400451660e-01
9.948573112487792969e-01
9.954183101654052734e-01
9.973315596580505371e-01
9.988312125205993652e-01
9.995362758636474609e-01
9.998350143432617188e-01
9.997937679290771484e-01
9.998242855072021484e-01
9.998789429664611816e-01
9.999325871467590332e-01
9.999747276306152344e-01
9.999553561210632324e-01
9.998980760574340820e-01
9.997736811637878418e-01
9.997173547744750977e-01
9.997138381004333496e-01
9.998211264610290527e-01
9.999622702598571777e-01
9.999319911003112793e-01
9.998468160629272461e-01
9.995252490043640137e-01
9.992980957031250000e-01
9.992281198501586914e-01
9.991341233253479004e-01
9.990225434303283691e-01
9.984242916107177734e-01
9.976882934570312500e-01
9.979777336120605469e-01
9.983552098274230957e-01
9.990370273590087891e-01
9.995277523994445801e-01
9.997129440307617188e-01
9.991932511329650879e-01
9.981781244277954102e-01
9.984323978424072266e-01
9.990264773368835449e-01
9.919025301933288574e-01
9.871340394020080566e-01
9.927345514297485352e-01
9.968830943107604980e-01
9.987581968307495117e-01
9.995651841163635254e-01
9.996265172958374023e-01
9.989150166511535645e-01
9.979971051216125488e-01
9.941352605819702148e-01
9.832130074501037598e-01
9.417579174041748047e-01
8.585293292999267578e-01
7.092217803001403809e-01
7.296658158302307129e-01
8.696956634521484375e-01
9.405707120895385742e-01
9.925113916397094727e-01
9.962638020515441895e-01
9.986984729766845703e-01
9.984937906265258789e-01
9.986343383789062500e-01
9.993383288383483887e-01
9.997175931930541992e-01
9.998589158058166504e-01
9.998926520347595215e-01
9.998950362205505371e-01
9.998980760574340820e-01
9.999034404754638672e-01
9.999201893806457520e-01
9.995772242546081543e-01
9.986101388931274414e-01
9.882226586341857910e-01
9.705584645271301270e-01
9.642031192779541016e-01
9.613968729972839355e-01
9.799920916557312012e-01
9.968581199645996094e-01
9.987590312957763672e-01
9.999802112579345703e-01
9.999233484268188477e-01
9.999036192893981934e-01
9.999153614044189453e-01
9.987910389900207520e-01
9.972640872001647949e-01
9.263654351234436035e-01
8.665988445281982422e-01
9.158367514610290527e-01
9.581507444381713867e-01
9.860411286354064941e-01
9.996008872985839844e-01
9.998949766159057617e-01
9.999582767486572266e-01
9.999293088912963867e-01
9.989821314811706543e-01
9.981011152267456055e-01
9.986763596534729004e-01
9.982310533523559570e-01
9.953272342681884766e-01
9.952466487884521484e-01
9.981541633605957031e-01
9.952129721641540527e-01
9.895097017288208008e-01
6.330571174621582031e-01
2.426549643278121948e-01
1.034315973520278931e-01
1.579638919793069363e-03
7.476409431546926498e-03
1.559695750474929810e-01
4.783718883991241455e-01
5.889056324958801270e-01
5.819872617721557617e-01
7.168012857437133789e-01
8.779791593551635742e-01
9.440817236900329590e-01
9.952515959739685059e-01
9.925401806831359863e-01
9.122268557548522949e-01
7.179251909255981445e-01
4.834377169609069824e-01
2.225660532712936401e-01
2.549357414245605469e-01
3.659315109252929688e-01
5.177555084228515625e-01
6.514314413070678711e-01
6.931666731834411621e-01
7.191768884658813477e-01
7.171342372894287109e-01
7.647303342819213867e-01
8.531208038330078125e-01
9.199693202972412109e-01
9.794309139251708984e-01
9.920240044593811035e-01
9.999594092369079590e-01
9.999821782112121582e-01
9.999932050704956055e-01
9.999777078628540039e-01
9.999672770500183105e-01
9.999619722366333008e-01
9.999640583992004395e-01
9.999696016311645508e-01
9.999220967292785645e-01
9.998357295989990234e-01
9.992565512657165527e-01
9.987551569938659668e-01
9.984902739524841309e-01
9.985423088073730469e-01
9.990075230598449707e-01
9.992570281028747559e-01
9.993736147880554199e-01
9.873228669166564941e-01
9.723419547080993652e-01
7.055996060371398926e-01
4.557683765888214111e-01
2.923587858676910400e-01
2.156164497137069702e-01
2.877363860607147217e-01
4.687717854976654053e-01
7.384302616119384766e-01
8.775829672813415527e-01
9.708139896392822266e-01
9.776991605758666992e-01
9.684115052223205566e-01
8.842799067497253418e-01
8.220433592796325684e-01
8.120094537734985352e-01
8.442674875259399414e-01
9.222559332847595215e-01
9.646732211112976074e-01
9.889585971832275391e-01
9.757534861564636230e-01
9.532027244567871094e-01
8.549174666404724121e-01
7.794137597084045410e-01
7.865104675292968750e-01
8.240465521812438965e-01
9.069154858589172363e-01
7.693070769309997559e-01
4.758743047714233398e-01
2.351953834295272827e-01
1.084004994481801987e-02
3.249303603958253461e-11
2.807309762431486888e-08
2.378896652999173966e-07
2.015176415443420410e-02
8.331982046365737915e-02
3.588142096996307373e-01
8.450955152511596680e-01
6.334644556045532227e-01
9.620188921689987183e-02
1.287201419472694397e-02
1.678864024797638299e-13
7.312060028644151721e-14
1.767673529684543610e-05
9.431301441509276628e-05
1.571707427501678467e-01
5.397428870201110840e-01
7.805110812187194824e-01
9.242467284202575684e-01
9.706403613090515137e-01
9.881802201271057129e-01
9.931564927101135254e-01
9.970671534538269043e-01
9.982844591140747070e-01
9.992628097534179688e-01
9.997133612632751465e-01
9.999580979347229004e-01
9.999886155128479004e-01
9.999991655349731445e-01
9.999998807907104492e-01
1.000000000000000000e+00
1.000000000000000000e+00
9.999992847442626953e-01
9.999964237213134766e-01
9.999852776527404785e-01
9.998087882995605469e-01
9.993693232536315918e-01
9.963607788085937500e-01
9.913600683212280273e-01
9.846173524856567383e-01
9.772909879684448242e-01
9.641717672348022461e-01
9.527996182441711426e-01
9.617149233818054199e-01
9.699169993400573730e-01
9.762511253356933594e-01
9.479616880416870117e-01
8.784148097038269043e-01
9.037402868270874023e-01
9.842212796211242676e-01
9.828746318817138672e-01
9.623527526855468750e-01
7.174586057662963867e-01
5.497726798057556152e-01
8.038342595100402832e-01
9.767422080039978027e-01
9.914227128028869629e-01
9.985761642456054688e-01
9.986163377761840820e-01
9.979898929595947266e-01
9.970654249191284180e-01
9.958842992782592773e-01
9.947737455368041992e-01
9.962462782859802246e-01
9.976889491081237793e-01
9.990206360816955566e-01
9.998665452003479004e-01
9.999535083770751953e-01
9.999919533729553223e-01
9.999928474426269531e-01
9.996377825736999512e-01
9.991566538810729980e-01
8.054505586624145508e-01
5.823779702186584473e-01
2.480625808238983154e-01
1.477416604757308960e-03
5.325218662619590759e-04
9.363814168494855039e-10
2.628748330124608401e-10
6.452946768499996612e-32
1.153087518317294622e-32
0.000000000000000000e+00
0.000000000000000000e+00
0.000000000000000000e+00
3.038577269762754440e-03
2.639670111238956451e-02
1.536881327629089355e-01
5.214289426803588867e-01
7.870033979415893555e-01
9.372934103012084961e-01
9.906749129295349121e-01
9.908557534217834473e-01
9.831495285034179688e-01
9.736449122428894043e-01
8.967623114585876465e-01
8.221122622489929199e-01
7.624722719192504883e-01
5.931686162948608398e-01
2.008590698242187500e-01
2.042207121849060059e-01
5.965607166290283203e-01
4.607581496238708496e-01
6.918743252754211426e-02
2.720738947391510010e-01
5.856375098228454590e-01
8.034621477127075195e-01
9.787985682487487793e-01
9.597849249839782715e-01
9.561572670936584473e-01
9.812289476394653320e-01
9.890087842941284180e-01
9.808278679847717285e-01
9.413170814514160156e-01
8.874807357788085938e-01
4.734061658382415771e-01
1.283682510256767273e-02
5.717914085835218430e-03
1.432008721167221665e-04
8.799812057986855507e-04
1.536136865615844727e-01
5.716713070869445801e-01
8.343291878700256348e-01
9.578947424888610840e-01
9.879767298698425293e-01
9.771710634231567383e-01
9.584893584251403809e-01
9.389952421188354492e-01
9.337570667266845703e-01
9.199547171592712402e-01
8.716080188751220703e-01
7.837754487991333008e-01
6.269131302833557129e-01
6.468596458435058594e-01
8.219431638717651367e-01
9.223115444183349609e-01
9.905626773834228516e-01
9.998706579208374023e-01
9.999967813491821289e-01
9.999896287918090820e-01
9.999697208404541016e-01
9.998977780342102051e-01
9.990885853767395020e-01
9.969810247421264648e-01
9.251656532287597656e-01
7.904363870620727539e-01
5.117933750152587891e-01
1.680121123790740967e-01
1.052914708852767944e-01
9.748065471649169922e-02
4.583266675472259521e-01
7.763058543205261230e-01
9.109134674072265625e-01
9.984846711158752441e-01
9.994843006134033203e-01
9.999499917030334473e-01
9.999116659164428711e-01
9.998118877410888672e-01
9.996830224990844727e-01
9.996868968009948730e-01
9.997167587280273438e-01
9.998710751533508301e-01
1.000000000000000000e+00
1.000000000000000000e+00
9.999091625213623047e-01
9.996328353881835938e-01
9.986671209335327148e-01
9.969859719276428223e-01
9.935405850410461426e-01
9.891540408134460449e-01
9.881884455680847168e-01
9.879819750785827637e-01
9.925581812858581543e-01
9.965714812278747559e-01
9.965599179267883301e-01
9.921064972877502441e-01
9.774141907691955566e-01
9.598019123077392578e-01
9.388813376426696777e-01
9.459550976753234863e-01
9.700704813003540039e-01
9.844579696655273438e-01
9.962108135223388672e-01
9.984074234962463379e-01
9.998835921287536621e-01
9.999507665634155273e-01
1.000000000000000000e+00
1.000000000000000000e+00
1.000000000000000000e+00
1.000000000000000000e+00
9.998618960380554199e-01
9.996261596679687500e-01
9.979795217514038086e-01
9.958486557006835938e-01
9.849778413772583008e-01
9.742416739463806152e-01
9.806489348411560059e-01
9.870603680610656738e-01
9.934148788452148438e-01
9.978845715522766113e-01
9.992006421089172363e-01
9.998617172241210938e-01
9.999567866325378418e-01
9.999114274978637695e-01
9.998038411140441895e-01
9.981312155723571777e-01
9.962207674980163574e-01
9.980946183204650879e-01
9.996883869171142578e-01
9.998739957809448242e-01
1.000000000000000000e+00
1.000000000000000000e+00
9.999980330467224121e-01
9.999938607215881348e-01
9.998691082000732422e-01
9.996742606163024902e-01
9.997275471687316895e-01
9.998471736907958984e-01
9.991901516914367676e-01
9.984005689620971680e-01
9.968453049659729004e-01
9.954203963279724121e-01
9.943588972091674805e-01
9.915589094161987305e-01
9.862625598907470703e-01
9.727233648300170898e-01
9.529397487640380859e-01
9.156358242034912109e-01
8.716648221015930176e-01
8.960785269737243652e-01
9.302905797958374023e-01
9.622929096221923828e-01
9.896305799484252930e-01
9.958602190017700195e-01
1.000000000000000000e+00
1.000000000000000000e+00
9.990155100822448730e-01
9.970089197158813477e-01
9.964467883110046387e-01
9.966751337051391602e-01
9.980816841125488281e-01
9.997784495353698730e-01
9.999157190322875977e-01
9.999595284461975098e-01
9.998824596405029297e-01
9.997413754463195801e-01
9.994156360626220703e-01
9.990496635437011719e-01
9.986275434494018555e-01
9.985144138336181641e-01
9.986452460289001465e-01
9.988701939582824707e-01
9.991338849067687988e-01
9.993866086006164551e-01
9.995862245559692383e-01
9.966076016426086426e-01
9.927079677581787109e-01
9.841871857643127441e-01
9.784063100814819336e-01
9.784435033798217773e-01
9.738771915435791016e-01
9.641245007514953613e-01
9.540638327598571777e-01
9.438525438308715820e-01
9.555732011795043945e-01
9.739664196968078613e-01
9.854471683502197266e-01
9.957507848739624023e-01
9.978474378585815430e-01
9.995416998863220215e-01
9.997580051422119141e-01
9.998892545700073242e-01
9.998741149902343750e-01
9.986920952796936035e-01
9.964066147804260254e-01
9.536554813385009766e-01
8.907037973403930664e-01
6.926325559616088867e-01
4.638952016830444336e-01
4.199539721012115479e-01
4.144144058227539062e-01
6.595297455787658691e-01
8.614350557327270508e-01
9.350922107696533203e-01
9.831905961036682129e-01
9.929475188255310059e-01
9.974077343940734863e-01
9.975504279136657715e-01
9.936218261718750000e-01
9.879090785980224609e-01
9.894940257072448730e-01
9.924161434173583984e-01
9.950713515281677246e-01
9.974949359893798828e-01
9.985184669494628906e-01
9.992449283599853516e-01
9.992210268974304199e-01
9.983493089675903320e-01
9.963496923446655273e-01
9.906112551689147949e-01
9.820843935012817383e-01
9.864370226860046387e-01
9.958460927009582520e-01
9.984503984451293945e-01
9.999734163284301758e-01
9.999774098396301270e-01
9.999781847000122070e-01
9.999613165855407715e-01
9.999198913574218750e-01
9.998202919960021973e-01
9.996531009674072266e-01
9.994019269943237305e-01
9.990988969802856445e-01
9.987605810165405273e-01
9.964811205863952637e-01
9.934796690940856934e-01
9.575830698013305664e-01
9.154828190803527832e-01
7.926954030990600586e-01
7.000907659530639648e-01
7.690539360046386719e-01
8.420900702476501465e-01
9.251333475112915039e-01
9.633256196975708008e-01
9.457427859306335449e-01
9.105818867683410645e-01
8.632525801658630371e-01
8.888158202171325684e-01
9.410999417304992676e-01
9.662800431251525879e-01
9.871240854263305664e-01
9.850420355796813965e-01
9.828993678092956543e-01
9.804597496986389160e-01
9.799503087997436523e-01
9.840643405914306641e-01
9.861205816268920898e-01
9.855310320854187012e-01
9.893169999122619629e-01
9.963271617889404297e-01
9.944647550582885742e-01
9.891337752342224121e-01
9.513995051383972168e-01
9.084264636039733887e-01
9.080737233161926270e-01
9.075856208801269531e-01
9.059038162231445312e-01
9.051452875137329102e-01
9.067831039428710938e-01
9.253085255622863770e-01
9.674800038337707520e-01
9.900739192962646484e-01
9.971224665641784668e-01
9.995083808898925781e-01
9.998474717140197754e-01
9.995195865631103516e-01
9.990588426589965820e-01
9.897408485412597656e-01
9.758182764053344727e-01
9.260506629943847656e-01
8.754658102989196777e-01
8.225433230400085449e-01
8.162528872489929199e-01
8.839485645294189453e-01
9.277100563049316406e-01
9.494869709014892578e-01
9.662070870399475098e-01
9.803858995437622070e-01
9.903637766838073730e-01
9.992963671684265137e-01
9.998573064804077148e-01
9.997200369834899902e-01
9.983530640602111816e-01
9.970867633819580078e-01
9.961985945701599121e-01
9.958879351615905762e-01
9.966891407966613770e-01
9.975484013557434082e-01
9.984669089317321777e-01
9.988881945610046387e-01
9.989936351776123047e-01
9.989411234855651855e-01
9.988356232643127441e-01
9.991507530212402344e-01
9.995193481445312500e-01
9.997282028198242188e-01
9.999051094055175781e-01
9.999060630798339844e-01
9.997448325157165527e-01
9.991760849952697754e-01
9.875263571739196777e-01
9.606783390045166016e-01
8.858097195625305176e-01
7.726463079452514648e-01
7.582421302795410156e-01
7.887844443321228027e-01
8.693937659263610840e-01
9.609767794609069824e-01
9.814392328262329102e-01
9.970348477363586426e-01
9.946913719177246094e-01
9.900051355361938477e-01
9.769949913024902344e-01
9.697804450988769531e-01
9.731775522232055664e-01
9.800434112548828125e-01
9.905688166618347168e-01
9.943358898162841797e-01
9.938746690750122070e-01
9.845937490463256836e-01
9.723275899887084961e-01
9.442124962806701660e-01
9.139132499694824219e-01
8.876786231994628906e-01
8.731275200843811035e-01
9.290379285812377930e-01
9.487314820289611816e-01
8.725962042808532715e-01
7.181401252746582031e-01
4.468408823013305664e-01
3.868927061557769775e-01
5.112890601158142090e-01
6.321080327033996582e-01
7.506617903709411621e-01
7.831761240959167480e-01
7.929834127426147461e-01
7.506240010261535645e-01
6.952973008155822754e-01
4.861367046833038330e-01
3.064596951007843018e-01
2.622881233692169189e-01
3.394949436187744141e-01
6.861979365348815918e-01
9.013539552688598633e-01
9.505158066749572754e-01
9.799838662147521973e-01
9.944679141044616699e-01
9.991879463195800781e-01
9.996076822280883789e-01
9.989880919456481934e-01
9.981426000595092773e-01
9.931274056434631348e-01
9.878731369972229004e-01
9.825239181518554688e-01
9.804952740669250488e-01
9.914936423301696777e-01
9.990378618240356445e-01
9.996605515480041504e-01
9.999976754188537598e-01
9.999986290931701660e-01
9.999871253967285156e-01
9.999668598175048828e-01
9.999204277992248535e-01
9.998635053634643555e-01
9.994087815284729004e-01
9.988760948181152344e-01
9.944650530815124512e-01
9.890736341476440430e-01
9.751845598220825195e-01
9.636281132698059082e-01
9.608526825904846191e-01
9.658064842224121094e-01
9.859549999237060547e-01
9.975081086158752441e-01
9.991362094879150391e-01
9.998104572296142578e-01
9.998176097869873047e-01
9.997781515121459961e-01
9.997200369834899902e-01
9.994764328002929688e-01
9.991968870162963867e-01
9.982315301895141602e-01
9.972007274627685547e-01
9.957827329635620117e-01
9.949569106101989746e-01
9.964144229888916016e-01
9.972938299179077148e-01
9.970060586929321289e-01
9.931824207305908203e-01
9.850608110427856445e-01
9.717844128608703613e-01
9.547576308250427246e-01
9.621276259422302246e-01
9.800053834915161133e-01
9.899114370346069336e-01
9.980666041374206543e-01
9.984717369079589844e-01
9.984877705574035645e-01
9.993206858634948730e-01
9.902923703193664551e-01
9.382067322731018066e-01
8.659040331840515137e-01
7.474040389060974121e-01
7.477531433105468750e-01
9.073920845985412598e-01
9.854291081428527832e-01
9.963071942329406738e-01
9.999237656593322754e-01
9.999275803565979004e-01
9.994910955429077148e-01
9.989365339279174805e-01
9.985343813896179199e-01
9.981652498245239258e-01
9.983979463577270508e-01
9.984901547431945801e-01
9.977869391441345215e-01
9.976421594619750977e-01
9.990141987800598145e-01
9.998834729194641113e-01
9.999614357948303223e-01
9.996011853218078613e-01
9.988150596618652344e-01
9.957245588302612305e-01
9.912561774253845215e-01
9.887088537216186523e-01
9.868352413177490234e-01
9.903706908226013184e-01
9.947878122329711914e-01
9.943696260452270508e-01
9.936817288398742676e-01
9.914469718933105469e-01
9.899359345436096191e-01
9.910475611686706543e-01
9.928754568099975586e-01
9.961602687835693359e-01
9.980562329292297363e-01
9.982451200485229492e-01
9.968097805976867676e-01
9.941253066062927246e-01
9.921518564224243164e-01
9.905169010162353516e-01
9.943301677703857422e-01
9.995446205139160156e-01
1.000000000000000000e+00
1.000000000000000000e+00
1.000000000000000000e+00
9.999940991401672363e-01
9.999527335166931152e-01
9.998466372489929199e-01
9.995544552803039551e-01
9.994539022445678711e-01
9.996704459190368652e-01
9.996522068977355957e-01
9.993891716003417969e-01
9.991014599800109863e-01
9.987978339195251465e-01
9.991485476493835449e-01
9.997576475143432617e-01
9.999186992645263672e-01
9.999892115592956543e-01
9.999937415122985840e-01
9.999932050704956055e-01
9.999716877937316895e-01
9.999381899833679199e-01
9.998461008071899414e-01
9.998139142990112305e-01
9.999301433563232422e-01
1.000000000000000000e+00
1.000000000000000000e+00
1.000000000000000000e+00
1.000000000000000000e+00
9.998670220375061035e-01
9.996535181999206543e-01
9.987627863883972168e-01
9.976257085800170898e-01
9.979104995727539062e-01
9.984505176544189453e-01
9.991149902343750000e-01
9.997366070747375488e-01
9.997307062149047852e-01
9.997095465660095215e-01
9.996203184127807617e-01
9.996099472045898438e-01
9.997892975807189941e-01
9.998991489410400391e-01
9.999059438705444336e-01
9.995424747467041016e-01
9.988299608230590820e-01
9.970619082450866699e-01
9.946532845497131348e-01
9.963412880897521973e-01
9.995027184486389160e-01
1.000000000000000000e+00
1.000000000000000000e+00
9.339949488639831543e-01
8.418550491333007812e-01
4.109082520008087158e-01
4.890933260321617126e-02
2.516152337193489075e-02
9.079370647668838501e-02
3.862473070621490479e-01
6.543301343917846680e-01
8.812378644943237305e-01
9.950722455978393555e-01
9.957844018936157227e-01
9.949734807014465332e-01
9.931787848472595215e-01
9.934644103050231934e-01
9.945878386497497559e-01
9.966511726379394531e-01
9.989219307899475098e-01
9.994962215423583984e-01
9.999251961708068848e-01
9.999571442604064941e-01
9.999810457229614258e-01
9.999544024467468262e-01
9.997239112854003906e-01
9.988678097724914551e-01
9.962182044982910156e-01
9.902617931365966797e-01
9.832338690757751465e-01
9.749716520309448242e-01
9.699285626411437988e-01
9.673752188682556152e-01
9.576013684272766113e-01
9.442757368087768555e-01
9.169149994850158691e-01
8.854177594184875488e-01
8.805283308029174805e-01
8.792412281036376953e-01
9.225363731384277344e-01
9.640843272209167480e-01
9.817988872528076172e-01
9.964222908020019531e-01
9.983297586441040039e-01
9.996635317802429199e-01
9.996541738510131836e-01
9.988864064216613770e-01
9.970015287399291992e-01
8.152198791503906250e-01
4.588199853897094727e-01
2.174627929925918579e-01
4.841491580009460449e-02
3.451618977123871446e-05
8.220393647206947207e-05
3.209349811077117920e-01
7.134716510772705078e-01
8.682441711425781250e-01
9.986183047294616699e-01
9.993425011634826660e-01
9.999786615371704102e-01
9.999877214431762695e-01
9.999951124191284180e-01
9.999968409538269043e-01
9.999936819076538086e-01
9.999803900718688965e-01
9.995298385620117188e-01
9.984957575798034668e-01
9.877381324768066406e-01
9.683238267898559570e-01
9.511111378669738770e-01
9.352236390113830566e-01
9.427298903465270996e-01
9.588270187377929688e-01
9.760392308235168457e-01
9.934710860252380371e-01
9.972009062767028809e-01
9.998602271080017090e-01
9.999315738677978516e-01
9.999933242797851562e-01
9.999903440475463867e-01
9.999886155128479004e-01
9.999908208847045898e-01
9.999801516532897949e-01
9.999435544013977051e-01
9.998431205749511719e-01
9.996595978736877441e-01
9.971812963485717773e-01
9.926811456680297852e-01
9.842039942741394043e-01
9.733712077140808105e-01
9.303009510040283203e-01
8.749375343322753906e-01
7.773660421371459961e-01
6.704715490341186523e-01
8.098723292350769043e-01
9.672349095344543457e-01
9.824097156524658203e-01
9.958104491233825684e-01
9.959645271301269531e-01
9.963060021400451660e-01
9.973281025886535645e-01
9.983391165733337402e-01
9.993179440498352051e-01
9.998009204864501953e-01
9.995617270469665527e-01
9.873330593109130859e-01
9.632520079612731934e-01
8.866270780563354492e-01
7.745189666748046875e-01
6.920444369316101074e-01
6.227632164955139160e-01
7.470506429672241211e-01
9.226074218750000000e-01
9.669383168220520020e-01
9.939991235733032227e-01
9.947147965431213379e-01
9.948633313179016113e-01
9.942643046379089355e-01
9.941335916519165039e-01
9.962887763977050781e-01
9.936540126800537109e-01
9.777526259422302246e-01
8.388614058494567871e-01
4.788752794265747070e-01
2.834089398384094238e-01
2.869407236576080322e-01
4.578073620796203613e-01
7.675324082374572754e-01
9.114028215408325195e-01
9.606206417083740234e-01
9.755603075027465820e-01
9.780045151710510254e-01
9.522032737731933594e-01
9.203287959098815918e-01
9.012735486030578613e-01
8.841978311538696289e-01
9.417908787727355957e-01
9.935925602912902832e-01
9.963342547416687012e-01
9.968088865280151367e-01
9.880445599555969238e-01
9.802076220512390137e-01
9.747399687767028809e-01
9.748620390892028809e-01
9.842224121093750000e-01
9.917680025100708008e-01
9.972991943359375000e-01
9.991216659545898438e-01
