9.998192191123962402e-01
9.980601072311401367e-01
9.935628771781921387e-01
9.814980030059814453e-01
9.733765125274658203e-01
9.725304245948791504e-01
9.879738092422485352e-01
9.980483651161193848e-01
9.997003078460693359e-01
9.997708797454833984e-01
9.997511506080627441e-01
9.996991753578186035e-01
9.998380541801452637e-01
9.999369978904724121e-01
9.999933242797851562e-01
9.999113678932189941e-01
9.994074106216430664e-01
9.984547495841979980e-01
9.961156845092773438e-01
9.952839016914367676e-01
9.951398372650146484e-01
9.923759102821350098e-01
9.851953387260437012e-01
9.760016202926635742e-01
9.701538085937500000e-01
9.759122133255004883e-01
9.858414530754089355e-01
9.883196949958801270e-01
9.938783049583435059e-01
9.981685876846313477e-01
9.931408166885375977e-01
9.444460868835449219e-01
8.620886802673339844e-01
7.262515425682067871e-01
8.276100158691406250e-01
9.603110551834106445e-01
9.923342466354370117e-01
9.994090795516967773e-01
9.999809861183166504e-01
9.999839663505554199e-01
9.995931386947631836e-01
9.990083575248718262e-01
9.982084631919860840e-01
9.988602399826049805e-01
9.995588064193725586e-01
9.999529719352722168e-01
9.999977946281433105e-01
9.999966025352478027e-01
9.999892115592956543e-01
9.997199177742004395e-01
9.973775148391723633e-01
9.924075007438659668e-01
9.719399213790893555e-01
9.499314427375793457e-01
9.271097183227539062e-01
9.220606088638305664e-01
9.440900683403015137e-01
9.931398034095764160e-01
9.976775050163269043e-01
9.998751878738403320e-01
9.999191164970397949e-01
9.994227290153503418e-01
9.980278015136718750e-01
9.959545135498046875e-01
9.947644472122192383e-01
9.947972297668457031e-01
9.951807856559753418e-01
9.898791909217834473e-01
9.909728169441223145e-01
9.960232973098754883e-01
9.987856149673461914e-01
9.998928904533386230e-01
9.999938011169433594e-01
9.999977350234985352e-01
9.999958276748657227e-01
9.999799132347106934e-01
9.999078512191772461e-01
9.997450113296508789e-01
9.993706345558166504e-01
9.982659220695495605e-01
9.931947588920593262e-01
9.861369729042053223e-01
9.780795574188232422e-01
9.838495850563049316e-01
9.927710890769958496e-01
9.940060377120971680e-01
9.894625544548034668e-01
9.687069058418273926e-01
9.051731824874877930e-01
8.032035231590270996e-01
7.683702707290649414e-01
9.469162821769714355e-01
9.930733442306518555e-01
9.994664192199707031e-01
9.997057914733886719e-01
9.998822808265686035e-01
9.999926686286926270e-01
9.999898672103881836e-01
9.993974566459655762e-01
9.970644712448120117e-01
9.914031624794006348e-01
9.844594001770019531e-01
9.818872809410095215e-01
9.881801605224609375e-01
9.836419224739074707e-01
9.798519611358642578e-01
9.806795120239257812e-01
9.902608990669250488e-01
9.976867437362670898e-01
9.993263483047485352e-01
9.996598958969116211e-01
9.996557831764221191e-01
9.993927478790283203e-01
9.989247918128967285e-01
9.916409254074096680e-01
9.744378924369812012e-01
6.996631622314453125e-01
6.300362944602966309e-01
8.768274188041687012e-01
9.568780064582824707e-01
9.960104823112487793e-01
9.985579848289489746e-01
9.972126483917236328e-01
9.968444108963012695e-01
9.979911446571350098e-01
9.968606233596801758e-01
9.958418607711791992e-01
9.950884580612182617e-01
9.976180195808410645e-01
9.993135333061218262e-01
9.999349117279052734e-01
9.999745488166809082e-01
9.999827742576599121e-01
9.999725818634033203e-01
9.999587535858154297e-01
9.999136924743652344e-01
9.998363852500915527e-01
9.982843995094299316e-01
9.957698583602905273e-01
9.923413991928100586e-01
9.965773224830627441e-01
9.990333318710327148e-01
9.997551441192626953e-01
9.993849992752075195e-01
9.892268776893615723e-01
9.671973586082458496e-01
8.190417885780334473e-01
6.493222713470458984e-01
4.755714237689971924e-01
8.270922899246215820e-01
9.937751889228820801e-01
9.969730377197265625e-01
9.939180612564086914e-01
9.907603859901428223e-01
9.875996708869934082e-01
9.864326715469360352e-01
9.839435219764709473e-01
9.807224869728088379e-01
9.865295886993408203e-01
9.925673007965087891e-01
9.985534548759460449e-01
9.994738101959228516e-01
9.997941255569458008e-01
9.996160864830017090e-01
9.993517994880676270e-01
9.988548755645751953e-01
9.978839159011840820e-01
9.916892647743225098e-01
9.770129919052124023e-01
9.552779197692871094e-01
9.295378327369689941e-01
9.323095083236694336e-01
9.577937126159667969e-01
9.800702929496765137e-01
9.629096984863281250e-01
9.035097360610961914e-01
6.656268835067749023e-01
6.320782899856567383e-01
7.592880725860595703e-01
8.529621362686157227e-01
8.934479355812072754e-01
8.844670057296752930e-01
7.551709413528442383e-01
6.697724461555480957e-01
6.346135735511779785e-01
8.591293692588806152e-01
9.734436273574829102e-01
9.973063468933105469e-01
9.987940788269042969e-01
9.994348883628845215e-01
9.993929266929626465e-01
9.994342327117919922e-01
9.990332126617431641e-01
9.977694153785705566e-01
9.862021207809448242e-01
8.721204996109008789e-01
6.714279055595397949e-01
4.606100618839263916e-01
4.466968178749084473e-01
6.050144433975219727e-01
8.548560142517089844e-01
9.810798764228820801e-01
9.985967278480529785e-01
9.919746518135070801e-01
9.904838204383850098e-01
9.935525655746459961e-01
9.970991611480712891e-01
9.985938668251037598e-01
9.981656670570373535e-01
9.956346750259399414e-01
9.948021173477172852e-01
9.955874681472778320e-01
9.975857734680175781e-01
9.989410638809204102e-01
9.996610283851623535e-01
9.984612464904785156e-01
9.825015664100646973e-01
9.516538381576538086e-01
8.451321125030517578e-01
8.442848324775695801e-01
9.539065957069396973e-01
9.832822680473327637e-01
9.984397292137145996e-01
9.995019435882568359e-01
9.997999668121337891e-01
9.999608397483825684e-01
9.999893903732299805e-01
9.999887943267822266e-01
9.999638199806213379e-01
9.999111890792846680e-01
9.977775216102600098e-01
9.929703474044799805e-01
9.849458932876586914e-01
9.897561669349670410e-01
9.947887063026428223e-01
9.989897012710571289e-01
9.997330904006958008e-01
9.999977946281433105e-01
9.999948740005493164e-01
9.999446868896484375e-01
9.990198612213134766e-01
9.967932105064392090e-01
9.887847900390625000e-01
9.806844592094421387e-01
9.735707044601440430e-01
9.757739901542663574e-01
9.775900244712829590e-01
9.765496850013732910e-01
9.723601341247558594e-01
9.754235744476318359e-01
9.926583766937255859e-01
9.978581070899963379e-01
9.998705387115478516e-01
9.999636411666870117e-01
9.999802112579345703e-01
9.999642372131347656e-01
9.999126791954040527e-01
9.998001456260681152e-01
9.997217655181884766e-01
9.997577071189880371e-01
9.994716048240661621e-01
9.970665574073791504e-01
9.894536733627319336e-01
9.745843410491943359e-01
9.678292274475097656e-01
9.902323484420776367e-01
9.917919039726257324e-01
9.784683585166931152e-01
9.398251771926879883e-01
8.362541794776916504e-01
7.067212462425231934e-01
5.708554387092590332e-01
7.418186068534851074e-01
9.839856624603271484e-01
9.956866502761840820e-01
9.995561242103576660e-01
9.998082518577575684e-01
9.998965263366699219e-01
9.999189972877502441e-01
9.997872710227966309e-01
9.989736080169677734e-01
9.981285929679870605e-01
9.975280761718750000e-01
9.987645745277404785e-01
9.995291829109191895e-01
9.999531507492065430e-01
9.999811649322509766e-01
9.999884963035583496e-01
9.999793767929077148e-01
9.999482035636901855e-01
9.998311400413513184e-01
9.996432065963745117e-01
9.993669390678405762e-01
9.992411136627197266e-01
9.992474317550659180e-01
9.993221163749694824e-01
9.988936185836791992e-01
9.979777336120605469e-01
9.956080317497253418e-01
9.947934150695800781e-01
9.956678748130798340e-01
9.861716032028198242e-01
9.620818495750427246e-01
9.206652045249938965e-01
8.395616412162780762e-01
7.778993844985961914e-01
7.463107109069824219e-01
8.605099916458129883e-01
9.536305665969848633e-01
9.904089570045471191e-01
9.976872801780700684e-01
9.997373223304748535e-01
9.999289512634277344e-01
9.999791383743286133e-01
9.999960660934448242e-01
9.999988675117492676e-01
9.999799728393554688e-01
9.995076060295104980e-01
9.979677200317382812e-01
9.787947535514831543e-01
9.631455540657043457e-01
9.711631536483764648e-01
9.516236782073974609e-01
9.197428226470947266e-01
8.781031370162963867e-01
9.217458367347717285e-01
9.864808320999145508e-01
9.955553412437438965e-01
9.710434079170227051e-01
9.374119639396667480e-01
9.396855235099792480e-01
9.623359441757202148e-01
9.927159547805786133e-01
9.979362487792968750e-01
9.999892711639404297e-01
9.999996423721313477e-01
9.999986290931701660e-01
9.999201893806457520e-01
9.996165633201599121e-01
9.962276220321655273e-01
9.943267703056335449e-01
9.937767982482910156e-01
9.964524507522583008e-01
9.967853426933288574e-01
9.947190880775451660e-01
9.947851300239562988e-01
9.962084889411926270e-01
9.991852641105651855e-01
9.997576475143432617e-01
9.999952316284179688e-01
9.999927878379821777e-01
9.963821768760681152e-01
9.731599092483520508e-01
9.178123474121093750e-01
9.088402390480041504e-01
9.269639253616333008e-01
9.834995269775390625e-01
9.968402981758117676e-01
9.981395006179809570e-01
9.944376349449157715e-01
9.930408596992492676e-01
9.934844970703125000e-01
9.973961114883422852e-01
9.990057349205017090e-01
9.874466061592102051e-01
9.285161495208740234e-01
5.019255876541137695e-01
1.303328434005379677e-03
3.183396533131599426e-03
1.634835600852966309e-01
4.293042123317718506e-01
8.172830343246459961e-01
9.842219948768615723e-01
9.988014101982116699e-01
9.987844228744506836e-01
9.980554580688476562e-01
9.967367649078369141e-01
9.951975941658020020e-01
9.902452230453491211e-01
9.819250106811523438e-01
9.081664085388183594e-01
8.115086555480957031e-01
6.890612840652465820e-01
7.328966259956359863e-01
7.881705760955810547e-01
8.419892191886901855e-01
8.523289561271667480e-01
8.772208094596862793e-01
9.386278390884399414e-01
9.761918783187866211e-01
9.990803599357604980e-01
9.998273253440856934e-01
9.999862909317016602e-01
9.999663829803466797e-01
9.998964667320251465e-01
9.996520280838012695e-01
9.992938041687011719e-01
9.987430572509765625e-01
9.986441731452941895e-01
9.988304972648620605e-01
9.994174242019653320e-01
9.997768998146057129e-01
9.999809265136718750e-01
9.999936819076538086e-01
9.999984502792358398e-01
9.999974966049194336e-01
9.999970793724060059e-01
9.999870061874389648e-01
9.999682307243347168e-01
9.998453855514526367e-01
9.993974566459655762e-01
9.985846281051635742e-01
9.503632187843322754e-01
6.785774827003479004e-01
9.835284203290939331e-02
1.455930341035127640e-02
2.589189074933528900e-02
9.610077738761901855e-02
5.550140142440795898e-01
9.406806826591491699e-01
9.892314672470092773e-01
9.961829185485839844e-01
9.854090213775634766e-01
9.568725228309631348e-01
9.599963426589965820e-01
9.755384922027587891e-01
9.917044639587402344e-01
9.981011748313903809e-01
9.993643164634704590e-01
9.997419118881225586e-01
9.999324679374694824e-01
9.999947547912597656e-01
9.999889731407165527e-01
9.996200799942016602e-01
9.989012479782104492e-01
9.951599836349487305e-01
9.953737854957580566e-01
9.997943639755249023e-01
9.719126820564270020e-01
9.626591205596923828e-01
9.808452725410461426e-01
9.918981790542602539e-01
9.987661242485046387e-01
9.997587800025939941e-01
9.999583959579467773e-01
9.999847412109375000e-01
9.999812841415405273e-01
9.994124174118041992e-01
9.988197088241577148e-01
9.986936450004577637e-01
9.991447329521179199e-01
9.997474551200866699e-01
9.999328851699829102e-01
9.999996423721313477e-01
9.999998211860656738e-01
9.999991059303283691e-01
9.999197721481323242e-01
9.992920756340026855e-01
9.880840778350830078e-01
9.547629952430725098e-01
9.004282355308532715e-01
9.377349615097045898e-01
9.699778556823730469e-01
9.937116503715515137e-01
9.970623254776000977e-01
9.952884316444396973e-01
9.882503747940063477e-01
9.930586814880371094e-01
9.982562065124511719e-01
9.995303750038146973e-01
9.986211657524108887e-01
9.943944215774536133e-01
9.817913770675659180e-01
9.814320206642150879e-01
9.867805838584899902e-01
9.953528642654418945e-01
9.987351894378662109e-01
9.991661310195922852e-01
9.992271661758422852e-01
9.994248747825622559e-01
9.997187256813049316e-01
9.998291730880737305e-01
9.998930692672729492e-01
9.999101161956787109e-01
9.999282360076904297e-01
9.999353289604187012e-01
9.999276399612426758e-01
9.998577833175659180e-01
9.997646212577819824e-01
9.996434450149536133e-01
9.996900558471679688e-01
9.997702836990356445e-01
9.998417496681213379e-01
9.993640780448913574e-01
9.987543821334838867e-01
9.983496665954589844e-01
9.985587000846862793e-01
9.990715384483337402e-01
9.996060132980346680e-01
9.998731613159179688e-01
9.999539256095886230e-01
9.999343752861022949e-01
9.999098777770996094e-01
9.998806715011596680e-01
9.997949600219726562e-01
9.995248913764953613e-01
9.990274310111999512e-01
9.945916533470153809e-01
9.646674990653991699e-01
8.920069932937622070e-01
8.356149792671203613e-01
8.214995265007019043e-01
9.025192260742187500e-01
9.580954909324645996e-01
9.957262873649597168e-01
9.984001517295837402e-01
9.972902536392211914e-01
9.888653755187988281e-01
9.446994066238403320e-01
9.143906235694885254e-01
8.980710506439208984e-01
9.605938792228698730e-01
9.939793348312377930e-01
9.998165369033813477e-01
9.998322725296020508e-01
9.995815157890319824e-01
9.991852641105651855e-01
9.989610314369201660e-01
9.989094734191894531e-01
9.991385340690612793e-01
9.993659853935241699e-01
9.995979070663452148e-01
9.998429417610168457e-01
9.999377131462097168e-01
9.999589920043945312e-01
9.999058246612548828e-01
9.998604059219360352e-01
9.998300075531005859e-01
9.998928308486938477e-01
9.999431967735290527e-01
9.999827146530151367e-01
9.999616742134094238e-01
9.999210238456726074e-01
9.998585581779479980e-01
9.998133778572082520e-01
9.995500445365905762e-01
9.989452362060546875e-01
9.951791167259216309e-01
9.930801987648010254e-01
9.960474371910095215e-01
9.981989860534667969e-01
9.997248053550720215e-01
9.999195933341979980e-01
9.999874234199523926e-01
9.999858140945434570e-01
9.999310970306396484e-01
9.998000860214233398e-01
9.995093345642089844e-01
9.967207312583923340e-01
9.044465422630310059e-01
7.216054797172546387e-01
3.271450102329254150e-01
7.091951370239257812e-02
3.137347847223281860e-02
2.168412953615188599e-01
4.810266196727752686e-01
8.377948999404907227e-01
9.195595979690551758e-01
9.175240993499755859e-01
9.073587059974670410e-01
9.359577894210815430e-01
9.785276055335998535e-01
9.933376908302307129e-01
9.996556639671325684e-01
9.999861121177673340e-01
9.999945759773254395e-01
9.999991655349731445e-01
9.999996423721313477e-01
9.999996423721313477e-01
9.999994635581970215e-01
9.999990463256835938e-01
9.999930858612060547e-01
9.999671578407287598e-01
9.998984336853027344e-01
9.997391104698181152e-01
9.996467232704162598e-01
9.999077320098876953e-01
9.998289942741394043e-01
9.993881583213806152e-01
9.975201487541198730e-01
9.828659296035766602e-01
9.574131965637207031e-01
8.801420331001281738e-01
8.017946481704711914e-01
7.224542498588562012e-01
8.810343742370605469e-01
9.939172267913818359e-01
9.990899562835693359e-01
9.999952912330627441e-01
9.999997615814208984e-01
9.999997615814208984e-01
9.999998211860656738e-01
9.999999403953552246e-01
9.999999403953552246e-01
9.999990463256835938e-01
9.999681711196899414e-01
9.995965957641601562e-01
9.911771416664123535e-01
9.755908250808715820e-01
8.074157834053039551e-01
6.644766926765441895e-01
5.590058565139770508e-01
6.530477404594421387e-01
7.769817113876342773e-01
9.048946499824523926e-01
9.206650853157043457e-01
9.108187556266784668e-01
9.241308569908142090e-01
9.555119872093200684e-01
9.912196993827819824e-01
9.957647323608398438e-01
9.981850981712341309e-01
9.989987015724182129e-01
9.991415143013000488e-01
9.987437725067138672e-01
9.977326989173889160e-01
9.952999949455261230e-01
9.927831888198852539e-01
9.903487563133239746e-01
9.917790889739990234e-01
9.943037033081054688e-01
9.973570704460144043e-01
9.988826513290405273e-01
9.996539354324340820e-01
9.998238682746887207e-01
9.998933672904968262e-01
9.998554587364196777e-01
9.989191889762878418e-01
9.937551021575927734e-01
9.841781854629516602e-01
9.795409440994262695e-01
9.811599850654602051e-01
9.924533963203430176e-01
9.973759055137634277e-01
9.999763965606689453e-01
9.999932050704956055e-01
9.999980926513671875e-01
9.999967813491821289e-01
9.999877810478210449e-01
9.999167323112487793e-01
9.987752437591552734e-01
9.786722064018249512e-01
6.595279574394226074e-01
3.639334440231323242e-02
7.556721811852185056e-06
3.301536434445842029e-16
1.188008707149479110e-15
6.415946781635284424e-02
1.821564882993698120e-01
4.078947007656097412e-01
5.645486116409301758e-01
6.976910829544067383e-01
8.513728976249694824e-01
9.464070796966552734e-01
9.983497858047485352e-01
9.633316397666931152e-01
9.612582921981811523e-01
9.934158325195312500e-01
9.980350136756896973e-01
9.996082782745361328e-01
9.993985295295715332e-01
9.987486004829406738e-01
9.984010457992553711e-01
9.991980791091918945e-01
9.995938539505004883e-01
9.985839128494262695e-01
9.902181625366210938e-01
6.236262917518615723e-01
1.984751038253307343e-02
7.532265502959489822e-03
1.929689794778823853e-01
6.014712452888488770e-01
8.338627219200134277e-01
9.462850093841552734e-01
8.693414926528930664e-01
9.272707700729370117e-01
9.989409446716308594e-01
9.995378255844116211e-01
9.994729757308959961e-01
9.990894794464111328e-01
9.987320303916931152e-01
9.987284541130065918e-01
9.990107417106628418e-01
9.989946484565734863e-01
9.989539384841918945e-01
9.988840222358703613e-01
9.986282587051391602e-01
9.986834526062011719e-01
9.994819164276123047e-01
9.982545375823974609e-01
9.967433214187622070e-01
9.968715310096740723e-01
9.917487502098083496e-01
9.810211658477783203e-01
9.357207417488098145e-01
8.847386240959167480e-01
8.281847834587097168e-01
7.730726003646850586e-01
6.611924171447753906e-01
4.575020968914031982e-01
6.003072857856750488e-01
8.015693426132202148e-01
9.520561695098876953e-01
9.988717436790466309e-01
9.998688697814941406e-01
9.997288584709167480e-01
9.994690418243408203e-01
9.991173744201660156e-01
9.985798001289367676e-01
9.894961118698120117e-01
9.696105122566223145e-01
8.258055448532104492e-01
7.481705546379089355e-01
8.526726961135864258e-01
9.288478493690490723e-01
9.847509264945983887e-01
9.933081865310668945e-01
9.974440932273864746e-01
9.988630414009094238e-01
9.995110034942626953e-01
9.998615384101867676e-01
9.999072551727294922e-01
9.999588131904602051e-01
9.999936819076538086e-01
9.999983906745910645e-01
9.998928904533386230e-01
9.879235625267028809e-01
9.370546340942382812e-01
6.301537752151489258e-01
2.257642298936843872e-01
7.265288382768630981e-02
1.642392277717590332e-01
4.657842814922332764e-01
7.823349833488464355e-01
9.780976772308349609e-01
9.965087175369262695e-01
9.997624158859252930e-01
1.000000000000000000e+00
1.000000000000000000e+00
9.999946951866149902e-01
9.999873638153076172e-01
9.999815225601196289e-01
9.999430179595947266e-01
9.998763799667358398e-01
9.991057515144348145e-01
9.972321987152099609e-01
9.939424395561218262e-01
9.938237071037292480e-01
9.946513175964355469e-01
9.965671300888061523e-01
9.965041279792785645e-01
9.943254590034484863e-01
9.850405454635620117e-01
9.863553643226623535e-01
9.947241544723510742e-01
9.981465339660644531e-01
1.000000000000000000e+00
1.000000000000000000e+00
9.979618191719055176e-01
9.966589212417602539e-01
9.974332451820373535e-01
9.987183213233947754e-01
9.998846650123596191e-01
9.997619986534118652e-01
9.900798201560974121e-01
9.535745978355407715e-01
4.372142255306243896e-01
1.147868335247039795e-01
1.032013259828090668e-02
2.498044523235876113e-05
4.653915017843246460e-02
1.873080134391784668e-01
5.951596498489379883e-01
9.953011274337768555e-01
9.986814856529235840e-01
9.999812245368957520e-01
9.999995231628417969e-01
9.999889135360717773e-01
9.999793171882629395e-01
9.999709725379943848e-01
9.999615550041198730e-01
9.999580979347229004e-01
9.999669790267944336e-01
9.999787211418151855e-01
9.999896883964538574e-01
9.999938607215881348e-01
9.999961853027343750e-01
9.999973773956298828e-01
9.999971985816955566e-01
9.999601840972900391e-01
9.998818635940551758e-01
9.851911664009094238e-01
9.591473937034606934e-01
9.128202199935913086e-01
9.107956886291503906e-01
9.296413064002990723e-01
9.773699641227722168e-01
9.974972009658813477e-01
9.993862509727478027e-01
9.995961189270019531e-01
9.997881054878234863e-01
9.999586939811706543e-01
9.999725222587585449e-01
9.998682141304016113e-01
9.995462894439697266e-01
9.994402527809143066e-01
9.994570612907409668e-01
9.997107386589050293e-01
9.993518590927124023e-01
9.985666275024414062e-01
9.990411996841430664e-01
9.994676113128662109e-01
9.998306632041931152e-01
9.999077320098876953e-01
9.999172687530517578e-01
9.998771548271179199e-01
9.997762441635131836e-01
9.996414780616760254e-01
9.994493722915649414e-01
9.993894696235656738e-01
9.994356632232666016e-01
9.989148378372192383e-01
9.957492947578430176e-01
9.886328577995300293e-01
9.349218606948852539e-01
8.261345028877258301e-01
5.791963934898376465e-01
3.711118102073669434e-01
2.151610404253005981e-01
3.861234188079833984e-01
6.088667511940002441e-01
8.805141448974609375e-01
9.309480190277099609e-01
8.944033384323120117e-01
7.297967672348022461e-01
7.662426829338073730e-01
8.563566803932189941e-01
9.376688003540039062e-01
9.795466661453247070e-01
9.966806769371032715e-01
9.944905638694763184e-01
9.599713683128356934e-01
8.883862495422363281e-01
8.017109036445617676e-01
7.599342465400695801e-01
8.231022357940673828e-01
8.992657065391540527e-01
9.710481762886047363e-01
9.901392459869384766e-01
9.989155530929565430e-01
9.999476075172424316e-01
9.999664425849914551e-01
9.999718666076660156e-01
9.999716877937316895e-01
9.999762773513793945e-01
9.998442530632019043e-01
9.992964863777160645e-01
9.641785025596618652e-01
9.101461768150329590e-01
8.392086625099182129e-01
8.244338631629943848e-01
8.643627762794494629e-01
9.391421675682067871e-01
9.921509623527526855e-01
9.983626604080200195e-01
9.998927116394042969e-01
9.999325275421142578e-01
9.997529387474060059e-01
9.988483190536499023e-01
9.974086880683898926e-01
9.929420351982116699e-01
9.885442852973937988e-01
9.842362999916076660e-01
9.875096082687377930e-01
9.923142194747924805e-01
9.976822137832641602e-01
9.995764493942260742e-01
9.998522996902465820e-01
9.998962283134460449e-01
9.999350905418395996e-01
9.999693036079406738e-01
9.999683499336242676e-01
9.999690651893615723e-01
9.999771714210510254e-01
9.999722242355346680e-01
9.999618530273437500e-01
9.999448060989379883e-01
9.995987415313720703e-01
9.982184171676635742e-01
9.430615901947021484e-01
7.968510389328002930e-01
5.299350023269653320e-01
5.171229839324951172e-01
6.150327324867248535e-01
8.940180540084838867e-01
9.909711480140686035e-01
9.999800920486450195e-01
9.999275207519531250e-01
9.999194145202636719e-01
9.999552965164184570e-01
9.997227787971496582e-01
9.983764886856079102e-01
9.948258996009826660e-01
9.829775691032409668e-01
9.710414409637451172e-01
9.736616015434265137e-01
9.795826673507690430e-01
9.879757165908813477e-01
9.832457900047302246e-01
9.808948636054992676e-01
9.824097156524658203e-01
9.898483157157897949e-01
9.971455335617065430e-01
9.991952180862426758e-01
9.999346733093261719e-01
9.999303221702575684e-01
9.999732971191406250e-01
9.999967813491821289e-01
9.999973773956298828e-01
9.999963641166687012e-01
9.999936223030090332e-01
9.999870061874389648e-01
9.998840093612670898e-01
9.997459053993225098e-01
9.996663331985473633e-01
9.997084736824035645e-01
9.998623728752136230e-01
9.999435544013977051e-01
9.999887347221374512e-01
9.999748468399047852e-01
9.996059536933898926e-01
9.988062977790832520e-01
9.963814616203308105e-01
9.960345625877380371e-01
9.972418546676635742e-01
9.748436212539672852e-01
8.926016092300415039e-01
7.184416055679321289e-01
5.156818032264709473e-01
3.923428356647491455e-01
5.860232114791870117e-01
7.564572095870971680e-01
9.091872572898864746e-01
9.473075866699218750e-01
9.767749309539794922e-01
9.952760338783264160e-01
9.965513944625854492e-01
9.956962466239929199e-01
9.976458549499511719e-01
9.982025027275085449e-01
9.979941248893737793e-01
9.969668388366699219e-01
9.913362860679626465e-01
9.807277321815490723e-01
9.055169224739074707e-01
8.219488859176635742e-01
7.374404072761535645e-01
7.949358820915222168e-01
9.060155153274536133e-01
9.678700566291809082e-01
9.984376430511474609e-01
9.998860359191894531e-01
9.998735785484313965e-01
9.997481107711791992e-01
9.996370077133178711e-01
9.981634020805358887e-01
9.955642819404602051e-01
9.891530275344848633e-01
9.841576814651489258e-01
9.803286194801330566e-01
9.704431295394897461e-01
9.115315079689025879e-01
7.668867707252502441e-01
3.985967338085174561e-01
9.153741598129272461e-02
4.010418653488159180e-01
6.978909373283386230e-01
9.854565858840942383e-01
9.953947067260742188e-01
9.800252318382263184e-01
9.329714179039001465e-01
7.409183382987976074e-01
5.963341593742370605e-01
8.047987818717956543e-01
9.300730228424072266e-01
9.999522566795349121e-01
9.999821186065673828e-01
9.999997019767761230e-01
9.999995827674865723e-01
9.999973773956298828e-01
9.999912381172180176e-01
9.999726414680480957e-01
9.999203085899353027e-01
9.998487830162048340e-01
9.998606443405151367e-01
9.979534149169921875e-01
9.934447407722473145e-01
8.103917241096496582e-01
6.157149076461791992e-01
5.073279142379760742e-01
5.646384954452514648e-01
7.051457166671752930e-01
5.112648606300354004e-01
3.768786787986755371e-01
3.194172978401184082e-01
5.703691244125366211e-01
8.275795578956604004e-01
9.168213009834289551e-01
8.845302462577819824e-01
7.824161648750305176e-01
6.381512880325317383e-01
5.045265555381774902e-01
3.842247426509857178e-01
3.346555233001708984e-01
3.495104908943176270e-01
5.208665132522583008e-01
7.377144098281860352e-01
9.688821434974670410e-01
9.863465428352355957e-01
9.941212534904479980e-01
9.899244308471679688e-01
9.507793784141540527e-01
9.168210625648498535e-01
9.185278415679931641e-01
9.398391842842102051e-01
9.709749221801757812e-01
9.811014533042907715e-01
9.900344014167785645e-01
9.974758625030517578e-01
9.993309378623962402e-01
9.999562501907348633e-01
9.999786019325256348e-01
9.999899268150329590e-01
9.999950528144836426e-01
9.999976158142089844e-01
9.999990463256835938e-01
9.999988675117492676e-01
9.999973177909851074e-01
9.999956488609313965e-01
9.999943971633911133e-01
9.999942183494567871e-01
9.999938011169433594e-01
9.999595880508422852e-01
9.993842244148254395e-01
9.980714917182922363e-01
9.977458715438842773e-01
9.978164434432983398e-01
9.985373616218566895e-01
9.986017942428588867e-01
9.982586503028869629e-01
9.987151622772216797e-01
9.991728663444519043e-01
9.996322989463806152e-01
9.997509121894836426e-01
9.993604421615600586e-01
9.972388148307800293e-01
9.816507697105407715e-01
9.567873477935791016e-01
9.653730988502502441e-01
9.746329188346862793e-01
9.843186736106872559e-01
9.877792596817016602e-01
9.901406764984130859e-01
9.956445693969726562e-01
9.983772039413452148e-01
9.990127086639404297e-01
9.939060807228088379e-01
9.833995699882507324e-01
9.635145068168640137e-01
9.750154018402099609e-01
9.941864609718322754e-01
9.973403811454772949e-01
9.975001811981201172e-01
9.950939416885375977e-01
9.755702614784240723e-01
9.446274042129516602e-01
8.927357196807861328e-01
9.187577366828918457e-01
9.708405137062072754e-01
9.897419810295104980e-01
9.993310570716857910e-01
9.998117685317993164e-01
9.998993873596191406e-01
9.998480081558227539e-01
9.995666742324829102e-01
9.982644915580749512e-01
9.965494275093078613e-01
9.956014752388000488e-01
9.962222576141357422e-01
9.986308813095092773e-01
9.995143413543701172e-01
9.998992085456848145e-01
9.995413422584533691e-01
9.889599680900573730e-01
9.721568226814270020e-01
9.393958449363708496e-01
9.247317314147949219e-01
9.347957968711853027e-01
9.686844348907470703e-01
9.994012713432312012e-01
9.964620471000671387e-01
9.889361858367919922e-01
9.782708287239074707e-01
9.880855679512023926e-01
9.956575632095336914e-01
9.989397525787353516e-01
9.998459219932556152e-01
9.999943375587463379e-01
9.999951720237731934e-01
9.999178647994995117e-01
9.997746348381042480e-01
9.989362955093383789e-01
9.980333447456359863e-01
9.971017837524414062e-01
9.980666041374206543e-01
9.996654987335205078e-01
9.998589754104614258e-01
9.999712705612182617e-01
9.999967813491821289e-01
1.000000000000000000e+00
9.999942779541015625e-01
9.999724030494689941e-01
9.999647736549377441e-01
9.999645352363586426e-01
9.999587535858154297e-01
9.986826181411743164e-01
9.956701993942260742e-01
7.581396102905273438e-01
5.104511380195617676e-01
4.494046270847320557e-01
5.449194908142089844e-01
7.524055838584899902e-01
9.005180001258850098e-01
9.921366572380065918e-01
9.849154353141784668e-01
9.871094226837158203e-01
9.925004243850708008e-01
9.975513815879821777e-01
9.771567583084106445e-01
9.329246878623962402e-01
8.693078756332397461e-01
7.906754016876220703e-01
6.798503398895263672e-01
3.851731717586517334e-01
2.189658395946025848e-02
8.253904059529304504e-03
3.829216118901968002e-03
1.107191573828458786e-02
2.187467813491821289e-01
4.558709263801574707e-01
6.470176577568054199e-01
4.646124839782714844e-01
2.983593940734863281e-02
8.484330959618091583e-03
1.059834957573002612e-07
3.961428660659294110e-07
2.523145496979850577e-07
3.854084613301791973e-16
3.341395052086550826e-15
4.123790562152862549e-02
1.213878616690635681e-01
6.104176640510559082e-01
9.952328205108642578e-01
9.916735291481018066e-01
9.898850917816162109e-01
9.892517328262329102e-01
9.939455986022949219e-01
9.974752068519592285e-01
9.994605183601379395e-01
9.997652769088745117e-01
9.996324181556701660e-01
9.992942810058593750e-01
9.971508979797363281e-01
9.936625957489013672e-01
9.645797610282897949e-01
9.306151866912841797e-01
8.893624544143676758e-01
8.828880786895751953e-01
8.865241408348083496e-01
8.579450845718383789e-01
6.507890820503234863e-01
2.507906854152679443e-01
2.131420671939849854e-01
3.186082541942596436e-01
6.882970929145812988e-01
8.920589089393615723e-01
9.949763417243957520e-01
9.965503811836242676e-01
9.973174929618835449e-01
9.967722296714782715e-01
9.974465370178222656e-01
9.984027743339538574e-01
9.987338185310363770e-01
9.981418848037719727e-01
9.966974258422851562e-01
9.765853881835937500e-01
9.662510752677917480e-01
9.867146015167236328e-01
9.961813688278198242e-01
9.997782111167907715e-01
9.999099969863891602e-01
9.999833106994628906e-01
9.999737143516540527e-01
9.999699592590332031e-01
9.999405145645141602e-01
9.997766613960266113e-01
9.981117844581604004e-01
9.951989650726318359e-01
9.970312118530273438e-01
9.988189339637756348e-01
9.995974302291870117e-01
9.995713829994201660e-01
9.991026520729064941e-01
9.975876212120056152e-01
9.964357018470764160e-01
9.957552552223205566e-01
9.959006905555725098e-01
9.848020076751708984e-01
9.232197999954223633e-01
6.020579338073730469e-01
7.829387485980987549e-02
1.924542710185050964e-02
5.687819793820381165e-05
8.733702270546928048e-05
4.022664427757263184e-01
9.493855834007263184e-01
9.778946638107299805e-01
9.950641989707946777e-01
9.978422522544860840e-01
9.877546429634094238e-01
8.892039656639099121e-01
4.282104372978210449e-01
1.485198140144348145e-01
8.482560515403747559e-03
6.591872230357620488e-13
9.543869694539353077e-09
4.004513343147664273e-08
3.914571106433868408e-01
9.205431342124938965e-01
8.067955970764160156e-01
7.132459878921508789e-01
6.459555029869079590e-01
6.714771389961242676e-01
6.593589186668395996e-01
3.807699382305145264e-01
2.016401886940002441e-01
1.020283177495002747e-01
3.123684227466583252e-01
5.321275591850280762e-01
7.163664698600769043e-01
6.829393506050109863e-01
5.550742745399475098e-01
6.845252513885498047e-01
8.151224851608276367e-01
9.469450116157531738e-01
9.869281649589538574e-01
9.997690320014953613e-01
9.995282292366027832e-01
9.981917142868041992e-01
9.958958625793457031e-01
9.969012737274169922e-01
9.981850981712341309e-01
9.992851018905639648e-01
9.997322559356689453e-01
9.998185038566589355e-01
9.998717308044433594e-01
9.999232888221740723e-01
9.999723434448242188e-01
9.999909400939941406e-01
9.999406337738037109e-01
9.994824528694152832e-01
9.563927054405212402e-01
8.700163364410400391e-01
4.047983884811401367e-01
5.316367372870445251e-03
3.398231696337461472e-03
1.661424175836145878e-03
4.259548586560413241e-05
6.051114470606577811e-12
6.136496813269332051e-05
2.403920807410031557e-04
2.182424217462539673e-01
5.229655504226684570e-01
8.048216700553894043e-01
9.701083898544311523e-01
9.919404387474060059e-01
9.978178739547729492e-01
9.997025132179260254e-01
9.998868107795715332e-01
9.999783039093017578e-01
9.999948143959045410e-01
9.999981522560119629e-01
9.999996423721313477e-01
9.999995827674865723e-01
9.999923110008239746e-01
9.999693036079406738e-01
9.993687272071838379e-01
9.988275766372680664e-01
9.983801841735839844e-01
9.986684322357177734e-01
9.991702437400817871e-01
9.994824528694152832e-01
9.984019994735717773e-01
9.958506226539611816e-01
9.730187654495239258e-01
9.449388384819030762e-01
9.105326533317565918e-01
9.107372164726257324e-01
9.354588985443115234e-01
9.720199704170227051e-01
9.979597330093383789e-01
9.995047450065612793e-01
9.999800324440002441e-01
9.999386072158813477e-01
9.996421933174133301e-01
9.984252452850341797e-01
9.958785772323608398e-01
9.859395027160644531e-01
9.732675552368164062e-01
9.571905136108398438e-01
9.322449564933776855e-01
8.985327482223510742e-01
8.346695303916931152e-01
7.868587374687194824e-01
8.085078001022338867e-01
8.644974827766418457e-01
9.440622925758361816e-01
9.637875556945800781e-01
9.801452159881591797e-01
9.952059984207153320e-01
1.000000000000000000e+00
1.000000000000000000e+00
1.000000000000000000e+00
9.977512955665588379e-01
9.922387599945068359e-01
9.907310605049133301e-01
9.905502796173095703e-01
9.912412762641906738e-01
9.736605882644653320e-01
9.374481439590454102e-01
9.160760045051574707e-01
9.090230464935302734e-01
9.448117613792419434e-01
9.738878607749938965e-01
9.979857802391052246e-01
9.524015784263610840e-01
8.019564747810363770e-01
4.163302183151245117e-01
3.446708321571350098e-01
4.403866231441497803e-01
7.861949205398559570e-01
9.921442270278930664e-01
9.715644121170043945e-01
9.074252247810363770e-01
8.458761572837829590e-01
9.395674467086791992e-01
9.921001791954040527e-01
9.964995980262756348e-01
9.953533411026000977e-01
9.926549196243286133e-01
9.884189367294311523e-01
9.904863834381103516e-01
9.979426264762878418e-01
9.993712306022644043e-01
9.999067187309265137e-01
9.998443722724914551e-01
9.993026852607727051e-01
9.984637498855590820e-01
9.931759834289550781e-01
9.899784326553344727e-01
9.911416769027709961e-01
9.941128492355346680e-01
9.977585077285766602e-01
9.987482428550720215e-01
9.994725584983825684e-01
9.998099207878112793e-01
9.999400973320007324e-01
9.999980330467224121e-01
9.999988079071044922e-01
9.999684095382690430e-01
9.999037384986877441e-01
8.508560657501220703e-01
6.925472021102905273e-01
6.213038563728332520e-01
7.002125978469848633e-01
9.031609296798706055e-01
9.649543762207031250e-01
9.995785951614379883e-01
9.998411536216735840e-01
9.994740486145019531e-01
9.987108111381530762e-01
9.930287599563598633e-01
9.806635975837707520e-01
9.546351432800292969e-01
7.466056942939758301e-01
4.577505886554718018e-01
3.036964535713195801e-01
2.646057009696960449e-01
4.055775701999664307e-01
6.935266852378845215e-01
9.981285929679870605e-01
9.993328452110290527e-01
9.999915957450866699e-01
9.999895095825195312e-01
9.998343586921691895e-01
9.994798302650451660e-01
9.982680082321166992e-01
9.972780942916870117e-01
9.964984059333801270e-01
9.972805380821228027e-01
9.982894659042358398e-01
9.992512464523315430e-01
9.997673630714416504e-01
9.999511837959289551e-01
9.999786019325256348e-01
9.999855160713195801e-01
9.999712705612182617e-01
9.994894266128540039e-01
9.987324476242065430e-01
9.028304219245910645e-01
7.887239456176757812e-01
6.416487097740173340e-01
6.109353899955749512e-01
6.373805403709411621e-01
7.587996125221252441e-01
8.384776115417480469e-01
8.527137637138366699e-01
8.886771798133850098e-01
9.317645430564880371e-01
9.696168303489685059e-01
9.928339123725891113e-01
9.977638721466064453e-01
9.991996884346008301e-01
9.995961189270019531e-01
9.992028474807739258e-01
9.990586042404174805e-01
9.991692304611206055e-01
9.994594454765319824e-01
9.997487664222717285e-01
9.998946189880371094e-01
9.999651312828063965e-01
9.999724626541137695e-01
9.993495941162109375e-01
9.971717596054077148e-01
9.904131889343261719e-01
9.854807257652282715e-01
9.817990064620971680e-01
9.917536973953247070e-01
9.995277523994445801e-01
9.998602271080017090e-01
9.999742507934570312e-01
9.999641776084899902e-01
9.997577667236328125e-01
9.995723962783813477e-01
9.994359016418457031e-01
9.995916485786437988e-01
9.998782873153686523e-01
9.999505877494812012e-01
9.999965429306030273e-01
9.999984502792358398e-01
9.999850392341613770e-01
9.998257160186767578e-01
9.978340268135070801e-01
9.934639930725097656e-01
9.857840538024902344e-01
9.888482689857482910e-01
9.946336746215820312e-01
9.953922629356384277e-01
9.913056492805480957e-01
9.814223647117614746e-01
9.787997603416442871e-01
9.794308543205261230e-01
9.885100126266479492e-01
9.949913024902343750e-01
9.987793564796447754e-01
9.996268153190612793e-01
9.998685717582702637e-01
9.999349117279052734e-01
9.999747872352600098e-01
9.999911189079284668e-01
9.999941587448120117e-01
9.999834895133972168e-01
9.999299645423889160e-01
9.971987605094909668e-01
9.923830032348632812e-01
9.823761582374572754e-01
9.757977724075317383e-01
9.811261892318725586e-01
9.867562651634216309e-01
9.925807118415832520e-01
9.924306273460388184e-01
9.927617311477661133e-01
9.953048825263977051e-01
9.974782466888427734e-01
9.994267821311950684e-01
9.984716176986694336e-01
9.979544878005981445e-01
9.986156225204467773e-01
9.985471963882446289e-01
9.980911612510681152e-01
9.513390064239501953e-01
9.210408329963684082e-01
9.234583973884582520e-01
9.527278542518615723e-01
9.936274886131286621e-01
9.916160106658935547e-01
9.875234365463256836e-01
9.797955751419067383e-01
9.867224097251892090e-01
9.991401433944702148e-01
9.996671080589294434e-01
9.999916553497314453e-01
9.999963045120239258e-01
9.999955296516418457e-01
9.999932646751403809e-01
9.999974966049194336e-01
1.000000000000000000e+00
1.000000000000000000e+00
9.999964833259582520e-01
9.999890923500061035e-01
9.999536871910095215e-01
9.999324679374694824e-01
9.999302029609680176e-01
9.999485611915588379e-01
9.999304413795471191e-01
9.995689392089843750e-01
9.974604249000549316e-01
9.932017922401428223e-01
9.830816388130187988e-01
9.745802879333496094e-01
9.883432388305664062e-01
9.967963695526123047e-01
9.991019368171691895e-01
9.997354745864868164e-01
9.999300837516784668e-01
9.999760389328002930e-01
1.000000000000000000e+00
1.000000000000000000e+00
9.999998211860656738e-01
9.999995231628417969e-01
9.999987483024597168e-01
9.999983906745910645e-01
9.999984502792358398e-01
9.999681711196899414e-01
9.998894333839416504e-01
9.995975494384765625e-01
9.989012479782104492e-01
9.978023767471313477e-01
9.959148764610290527e-01
9.942970275878906250e-01
9.946692585945129395e-01
9.960802793502807617e-01
9.984880685806274414e-01
9.993564486503601074e-01
9.998397231101989746e-01
9.998576045036315918e-01
9.999078512191772461e-01
9.999881982803344727e-01
9.979071617126464844e-01
9.925049543380737305e-01
9.743707776069641113e-01
9.637907743453979492e-01
9.601183533668518066e-01
9.787408709526062012e-01
9.971238970756530762e-01
9.988994598388671875e-01
9.996138811111450195e-01
9.993721246719360352e-01
9.991021156311035156e-01
9.989086985588073730e-01
9.990479350090026855e-01
9.989954233169555664e-01
9.987726211547851562e-01
9.988232254981994629e-01
9.960690140724182129e-01
9.816243052482604980e-01
9.674789309501647949e-01
9.536008238792419434e-01
9.738548398017883301e-01
9.942411780357360840e-01
9.924784898757934570e-01
8.139012455940246582e-01
4.766153693199157715e-01
2.104645073413848877e-01
2.702775411307811737e-02
1.390543878078460693e-01
2.682668268680572510e-01
4.129917025566101074e-01
3.922597169876098633e-01
3.202482461929321289e-01
1.460630446672439575e-01
8.778046071529388428e-02
1.369832456111907959e-01
3.815062642097473145e-01
6.441324949264526367e-01
8.333360552787780762e-01
9.481800794601440430e-01
9.918679594993591309e-01
9.993897080421447754e-01
9.999563097953796387e-01
9.998865723609924316e-01
9.996788501739501953e-01
9.993349313735961914e-01
9.988530278205871582e-01
9.979824423789978027e-01
9.952556490898132324e-01
9.941219687461853027e-01
9.946358203887939453e-01
9.871559739112854004e-01
9.524490237236022949e-01
7.730457186698913574e-01
6.039437055587768555e-01
4.460806250572204590e-01
6.249087452888488770e-01
8.574597835540771484e-01
9.218875765800476074e-01
9.655610918998718262e-01
9.853448867797851562e-01
9.938331246376037598e-01
9.981780648231506348e-01
9.939295649528503418e-01
9.925946593284606934e-01
9.948447346687316895e-01
9.951338768005371094e-01
9.920325875282287598e-01
9.642280936241149902e-01
9.613800644874572754e-01
9.917552471160888672e-01
9.949635267257690430e-01
9.641953706741333008e-01
6.554980874061584473e-01
3.578172028064727783e-01
7.601763308048248291e-02
1.103391870856285095e-03
2.371381036937236786e-02
3.904678821563720703e-01
5.953753590583801270e-01
5.451256036758422852e-01
3.426545858383178711e-01
9.606216847896575928e-02
2.669301927089691162e-01
5.103813409805297852e-01
8.810557723045349121e-01
9.964815378189086914e-01
9.960293769836425781e-01
9.900088906288146973e-01
9.824029207229614258e-01
9.716974496841430664e-01
9.801031947135925293e-01
9.981872439384460449e-01
9.985201954841613770e-01
9.985024929046630859e-01
9.981505274772644043e-01
9.969834685325622559e-01
9.953512549400329590e-01
9.717558026313781738e-01
9.451408386230468750e-01
9.132182002067565918e-01
9.013741612434387207e-01
9.026499986648559570e-01
9.554709792137145996e-01
9.982492923736572266e-01
9.993950724601745605e-01
9.999155998229980469e-01
9.999728202819824219e-01
9.987666606903076172e-01
8.665966987609863281e-01
2.727032303810119629e-01
1.931417500600218773e-03
4.650463815778493881e-03
2.853161096572875977e-01
5.991236567497253418e-01
8.653901219367980957e-01
9.974465966224670410e-01
9.980753064155578613e-01
9.665467143058776855e-01
9.170176982879638672e-01
8.025586009025573730e-01
7.195076346397399902e-01
6.721557378768920898e-01
6.655920743942260742e-01
6.827987432479858398e-01
8.032602667808532715e-01
8.914573192596435547e-01
9.369335174560546875e-01
9.601069688796997070e-01
9.757800102233886719e-01
9.900161027908325195e-01
9.989982247352600098e-01
9.997147917747497559e-01
9.998675584793090820e-01
9.997715950012207031e-01
9.990777969360351562e-01
9.978948235511779785e-01
9.957961440086364746e-01
9.938703179359436035e-01
9.920309782028198242e-01
9.939022660255432129e-01
9.957581162452697754e-01
9.974440932273864746e-01
9.971103668212890625e-01
9.955475330352783203e-01
9.906232357025146484e-01
9.799677729606628418e-01
9.533894062042236328e-01
9.416311979293823242e-01
9.408800601959228516e-01
9.651134610176086426e-01
9.883386492729187012e-01
9.959958791732788086e-01
9.997244477272033691e-01
9.999122619628906250e-01
9.964194297790527344e-01
9.929268360137939453e-01
9.930366873741149902e-01
9.950459003448486328e-01
9.991438984870910645e-01
7.858753204345703125e-01
5.108315348625183105e-01
2.024385929107666016e-01
1.811419427394866943e-02
3.775256220251321793e-03
4.160834805588820018e-07
1.992889679968357086e-03
3.975088521838188171e-02
2.329221218824386597e-01
6.934854984283447266e-01
9.019883871078491211e-01
9.932824373245239258e-01
9.907305240631103516e-01
9.863039851188659668e-01
9.780809879302978516e-01
9.812409281730651855e-01
9.912222623825073242e-01
9.960276484489440918e-01
9.994648694992065430e-01
9.998381733894348145e-01
9.999191164970397949e-01
9.997761845588684082e-01
9.998404979705810547e-01
9.999214410781860352e-01
9.999548196792602539e-01
9.999740123748779297e-01
9.999794363975524902e-01
9.997233748435974121e-01
9.988761544227600098e-01
9.945912957191467285e-01
9.908946752548217773e-01
9.879260659217834473e-01
9.684982299804687500e-01
9.450423717498779297e-01
9.382449984550476074e-01
9.470774531364440918e-01
9.814685583114624023e-01
9.911149740219116211e-01
9.897205233573913574e-01
9.721102714538574219e-01
9.574689865112304688e-01
9.493016004562377930e-01
9.531751871109008789e-01
9.642276763916015625e-01
9.831591844558715820e-01
9.981039762496948242e-01
9.993181228637695312e-01
9.997150301933288574e-01
9.994652271270751953e-01
9.990916252136230469e-01
9.988259673118591309e-01
9.991547465324401855e-01
9.988980889320373535e-01
9.980238676071166992e-01
9.944761991500854492e-01
9.862777590751647949e-01
9.441605806350708008e-01
9.335673451423645020e-01
9.673092961311340332e-01
9.861189126968383789e-01
9.988217353820800781e-01
9.992741942405700684e-01
9.991987347602844238e-01
9.981077909469604492e-01
9.880439639091491699e-01
9.731265902519226074e-01
7.905805110931396484e-01
5.530256628990173340e-01
1.832302361726760864e-01
2.555237151682376862e-02
2.679935283958911896e-02
4.651137292385101318e-01
8.830401301383972168e-01
9.539125561714172363e-01
9.925677776336669922e-01
9.982757568359375000e-01
9.995808005332946777e-01
9.996587038040161133e-01
9.986164569854736328e-01
9.965286850929260254e-01
9.929621219635009766e-01
9.893005490303039551e-01
9.855260252952575684e-01
9.786734580993652344e-01
9.761363267898559570e-01
9.823094010353088379e-01
9.890263676643371582e-01
9.960402846336364746e-01
9.978846907615661621e-01
9.988241791725158691e-01
9.979692101478576660e-01
9.911198616027832031e-01
9.794653654098510742e-01
9.851099848747253418e-01
9.928753376007080078e-01
9.970751404762268066e-01
9.995040893554687500e-01
9.999057650566101074e-01
9.999987483024597168e-01
9.999998211860656738e-01
9.999997615814208984e-01
9.999995827674865723e-01
9.999992251396179199e-01
9.999916553497314453e-01
9.999806880950927734e-01
9.999551177024841309e-01
9.999391436576843262e-01
9.999474287033081055e-01
9.999677538871765137e-01
9.999963045120239258e-01
9.999997019767761230e-01
9.999999403953552246e-01
9.999998807907104492e-01
9.999993443489074707e-01
9.999983310699462891e-01
9.999809861183166504e-01
9.998901486396789551e-01
9.991884231567382812e-01
9.903815388679504395e-01
9.695862531661987305e-01
9.634325504302978516e-01
9.635178446769714355e-01
9.777795672416687012e-01
9.889132976531982422e-01
9.930393099784851074e-01
9.908857941627502441e-01
9.847018718719482422e-01
8.851009011268615723e-01
7.863569855690002441e-01
7.256882190704345703e-01
7.676206231117248535e-01
9.087839722633361816e-01
9.638564586639404297e-01
9.952121973037719727e-01
9.980502128601074219e-01
9.997096657752990723e-01
9.996592402458190918e-01
9.979537725448608398e-01
9.955589771270751953e-01
9.920736551284790039e-01
9.913724064826965332e-01
9.969535470008850098e-01
9.994405508041381836e-01
9.999243617057800293e-01
9.998434185981750488e-01
9.990207552909851074e-01
9.954916238784790039e-01
9.943935275077819824e-01
9.957200288772583008e-01
9.969506263732910156e-01
9.981052875518798828e-01
9.987713694572448730e-01
9.991113543510437012e-01
9.989509582519531250e-01
9.961166977882385254e-01
9.920893311500549316e-01
9.827014803886413574e-01
9.780244231224060059e-01
9.851648211479187012e-01
9.911469221115112305e-01
9.962992072105407715e-01
9.981580972671508789e-01
9.993795156478881836e-01
9.997590184211730957e-01
9.999634623527526855e-01
9.999707937240600586e-01
9.999383091926574707e-01
9.998882412910461426e-01
9.997562170028686523e-01
9.996895194053649902e-01
9.997400641441345215e-01
9.997723698616027832e-01
9.997950792312622070e-01
9.944606423377990723e-01
9.837167263031005859e-01
9.570723176002502441e-01
9.471087455749511719e-01
9.515107870101928711e-01
9.678972959518432617e-01
9.849082231521606445e-01
9.892601966857910156e-01
9.931412935256958008e-01
9.963570833206176758e-01
9.980914592742919922e-01
9.992143511772155762e-01
9.979652762413024902e-01
9.439502358436584473e-01
7.667765617370605469e-01
6.645095944404602051e-01
6.136289238929748535e-01
7.594958543777465820e-01
9.105997085571289062e-01
9.676597714424133301e-01
9.982644319534301758e-01
9.990276694297790527e-01
9.994446039199829102e-01
9.997419714927673340e-01
9.998385310173034668e-01
9.998617768287658691e-01
9.997463822364807129e-01
9.997904300689697266e-01
9.999254941940307617e-01
9.999496340751647949e-01
9.987533092498779297e-01
9.932976365089416504e-01
7.738333344459533691e-01
3.507453203201293945e-01
2.828600108623504639e-01
3.294098377227783203e-01
6.468862891197204590e-01
8.773761391639709473e-01
9.678499698638916016e-01
9.981426596641540527e-01
9.993493556976318359e-01
9.994474053382873535e-01
9.995062351226806641e-01
9.995740652084350586e-01
9.996976256370544434e-01
9.998680949211120605e-01
9.999276399612426758e-01
9.999615550041198730e-01
9.999706149101257324e-01
9.999456405639648438e-01
9.998722076416015625e-01
9.993619322776794434e-01
9.986645579338073730e-01
9.969328641891479492e-01
9.957093000411987305e-01
9.958408474922180176e-01
9.972504377365112305e-01
9.996460080146789551e-01
9.992651343345642090e-01
9.985413551330566406e-01
9.986533522605895996e-01
9.984256625175476074e-01
9.977456331253051758e-01
8.673418164253234863e-01
6.848697662353515625e-01
3.070265948772430420e-01
5.165736004710197449e-02
9.478992968797683716e-02
3.615771532058715820e-01
7.917660474777221680e-01
9.211790561676025391e-01
9.911064505577087402e-01
9.933139085769653320e-01
9.953075051307678223e-01
9.970179796218872070e-01
9.985486268997192383e-01
9.999859929084777832e-01
9.978888630867004395e-01
9.947012662887573242e-01
9.888966679573059082e-01
7.136868238449096680e-01
2.425759583711624146e-01
9.212465584278106689e-02
3.224751725792884827e-02
2.027000188827514648e-01
4.586931467056274414e-01
8.276770114898681641e-01
9.590876698493957520e-01
9.954233765602111816e-01
9.980459213256835938e-01
9.999097585678100586e-01
9.999648928642272949e-01
9.998904466629028320e-01
9.997161030769348145e-01
9.998115897178649902e-01
9.989525079727172852e-01
9.915403723716735840e-01
9.444869160652160645e-01
8.415853381156921387e-01
8.308055400848388672e-01
8.597409129142761230e-01
9.324910640716552734e-01
9.887985587120056152e-01
9.961823821067810059e-01
9.996305704116821289e-01
9.997924566268920898e-01
9.997488856315612793e-01
9.995086789131164551e-01
9.979939460754394531e-01
8.235543966293334961e-01
3.789685666561126709e-01
2.806113362312316895e-01
3.513597846031188965e-01
6.549965143203735352e-01
9.096848964691162109e-01
9.692700505256652832e-01
9.986850619316101074e-01
9.996528625488281250e-01
9.970627427101135254e-01
9.859924316406250000e-01
8.821098208427429199e-01
8.246325850486755371e-01
8.514370918273925781e-01
9.076851010322570801e-01
9.807306528091430664e-01
9.937787652015686035e-01
9.996733069419860840e-01
9.988424777984619141e-01
9.920545816421508789e-01
9.787221550941467285e-01
9.361885190010070801e-01
8.802198767662048340e-01
7.087949514389038086e-01
5.586764216423034668e-01
4.561226367950439453e-01
4.968562424182891846e-01
6.371064186096191406e-01
7.939652800559997559e-01
9.308329820632934570e-01
9.355082511901855469e-01
9.426009058952331543e-01
9.529702663421630859e-01
9.702091217041015625e-01
9.903848767280578613e-01
9.268559813499450684e-01
8.632298707962036133e-01
8.039063811302185059e-01
8.149148225784301758e-01
8.871532082557678223e-01
9.444284439086914062e-01
9.911710619926452637e-01
9.636479616165161133e-01
9.346103668212890625e-01
9.028702974319458008e-01
9.061976671218872070e-01
9.293044805526733398e-01
9.668989777565002441e-01
9.986119270324707031e-01
9.994760155677795410e-01
9.999477267265319824e-01
9.999721050262451172e-01
9.997054338455200195e-01
9.988090991973876953e-01
9.671989679336547852e-01
9.297587871551513672e-01
8.780717849731445312e-01
9.004992246627807617e-01
9.799097776412963867e-01
9.961084127426147461e-01
9.993754625320434570e-01
9.964928030967712402e-01
9.912595748901367188e-01
9.823082089424133301e-01
9.847694635391235352e-01
9.930704236030578613e-01
9.969178438186645508e-01
9.997513890266418457e-01
9.999107718467712402e-01
9.999933242797851562e-01
9.999937415122985840e-01
9.999843239784240723e-01
9.999722838401794434e-01
9.999808073043823242e-01
9.999887347221374512e-01
9.999953508377075195e-01
9.999986886978149414e-01
9.999995827674865723e-01
9.999970793724060059e-01
9.999734163284301758e-01
9.997927546501159668e-01
9.988373517990112305e-01
9.966541528701782227e-01
9.947231411933898926e-01
9.929208755493164062e-01
9.876574873924255371e-01
9.841227531433105469e-01
9.884511828422546387e-01
9.930825829505920410e-01
9.980601072311401367e-01
9.995676279067993164e-01
9.998658895492553711e-01
9.997283816337585449e-01
9.994440674781799316e-01
9.987838864326477051e-01
9.980740547180175781e-01
9.973232746124267578e-01
9.975008964538574219e-01
9.979534149169921875e-01
9.991387724876403809e-01
9.999082088470458984e-01
9.999474883079528809e-01
9.995110034942626953e-01
9.987971782684326172e-01
9.876527190208435059e-01
9.738677740097045898e-01
9.527129530906677246e-01
9.469800591468811035e-01
9.612041711807250977e-01
9.758336544036865234e-01
9.906082153320312500e-01
9.948380589485168457e-01
9.977048635482788086e-01
9.972040653228759766e-01
9.930432438850402832e-01
9.853501319885253906e-01
9.192301034927368164e-01
8.239645957946777344e-01
4.611600637435913086e-01
2.210501581430435181e-01
2.532405257225036621e-01
4.913005232810974121e-01
8.802487254142761230e-01
9.693999290466308594e-01
9.989489316940307617e-01
9.994727969169616699e-01
9.998416304588317871e-01
9.999511837959289551e-01
9.999226927757263184e-01
9.998162388801574707e-01
9.995871782302856445e-01
9.980371594429016113e-01
9.901615381240844727e-01
9.313631653785705566e-01
8.067237734794616699e-01
5.305963158607482910e-01
1.904564499855041504e-01
8.504797518253326416e-02
8.862121030688285828e-03
3.337163012474775314e-03
1.408101767301559448e-01
4.242752492427825928e-01
7.065371274948120117e-01
9.825056195259094238e-01
9.927202463150024414e-01
9.999229907989501953e-01
9.996541142463684082e-01
9.992688894271850586e-01
9.987883567810058594e-01
9.992455244064331055e-01
9.998688697814941406e-01
9.999262690544128418e-01
9.999586343765258789e-01
9.999426603317260742e-01
9.998578429222106934e-01
9.997277855873107910e-01
9.963269233703613281e-01
9.918766617774963379e-01
9.837012887001037598e-01
9.809805154800415039e-01
9.868653416633605957e-01
9.930283427238464355e-01
9.993410706520080566e-01
9.999504089355468750e-01
9.999970197677612305e-01
9.999989271163940430e-01
9.999979138374328613e-01
9.999931454658508301e-01
9.996501207351684570e-01
9.991593956947326660e-01
9.721707105636596680e-01
9.353120326995849609e-01
8.670908212661743164e-01
7.876638770103454590e-01
6.958186626434326172e-01
4.015667140483856201e-01
3.515848517417907715e-02
1.534555293619632721e-02
4.738944116979837418e-03
1.762579381465911865e-02
2.174643576145172119e-01
5.919857621192932129e-01
7.839661836624145508e-01
9.185216426849365234e-01
9.223710894584655762e-01
9.205542206764221191e-01
9.052292704582214355e-01
9.062246680259704590e-01
9.204207658767700195e-01
9.465802907943725586e-01
9.745151400566101074e-01
9.892192482948303223e-01
9.992818832397460938e-01
9.997718930244445801e-01
9.998766779899597168e-01
9.997075200080871582e-01
9.996276497840881348e-01
9.995846152305603027e-01
9.997230172157287598e-01
9.998344779014587402e-01
9.998974800109863281e-01
9.997670054435729980e-01
9.995158314704895020e-01
9.980120658874511719e-01
9.961815476417541504e-01
9.933997392654418945e-01
9.871788024902343750e-01
9.754236340522766113e-01
9.195772409439086914e-01
8.386813402175903320e-01
8.093960881233215332e-01
7.997094988822937012e-01
8.665844202041625977e-01
9.211876988410949707e-01
9.578723907470703125e-01
9.715295433998107910e-01
9.734756350517272949e-01
9.806150197982788086e-01
9.880775809288024902e-01
9.948629140853881836e-01
9.990197420120239258e-01
9.996490478515625000e-01
9.998830556869506836e-01
9.999306201934814453e-01
9.993751049041748047e-01
9.952746033668518066e-01
9.759970307350158691e-01
9.443310499191284180e-01
8.969523310661315918e-01
8.842155933380126953e-01
8.867339491844177246e-01
9.445073604583740234e-01
9.927170872688293457e-01
9.914036393165588379e-01
9.669322371482849121e-01
9.148502945899963379e-01
9.266163706779479980e-01
9.647816419601440430e-01
9.845511317253112793e-01
9.995829463005065918e-01
9.997793436050415039e-01
9.910566210746765137e-01
9.719802737236022949e-01
6.014369130134582520e-01
8.958572149276733398e-02
3.245262056589126587e-02
2.230962757383863270e-16
7.733410808431762096e-17
9.799511171877384186e-04
3.069944679737091064e-03
2.604117617011070251e-02
5.705223605036735535e-02
5.430234074592590332e-01
9.403521418571472168e-01
9.778059720993041992e-01
9.977838993072509766e-01
9.981974959373474121e-01
9.968784451484680176e-01
9.948868751525878906e-01
9.938935041427612305e-01
9.936427474021911621e-01
9.959102869033813477e-01
9.977878928184509277e-01
9.992242455482482910e-01
9.997522830963134766e-01
9.999238848686218262e-01
9.997888803482055664e-01
9.996336102485656738e-01
9.994409680366516113e-01
9.994696974754333496e-01
9.997533559799194336e-01
9.998919367790222168e-01
9.999719262123107910e-01
9.999767541885375977e-01
9.999732971191406250e-01
9.999502897262573242e-01
9.995267391204833984e-01
9.986231923103332520e-01
9.937754869461059570e-01
9.872450232505798340e-01
9.758993387222290039e-01
9.659226536750793457e-01
9.625432491302490234e-01
9.697229266166687012e-01
9.901301860809326172e-01
9.974157214164733887e-01
9.988390207290649414e-01
9.991667270660400391e-01
9.994173049926757812e-01
9.996587038040161133e-01
9.997917413711547852e-01
9.997799396514892578e-01
9.986459612846374512e-01
9.969651103019714355e-01
9.913821220397949219e-01
9.840403795242309570e-01
9.694678783416748047e-01
9.569368362426757812e-01
9.473584890365600586e-01
9.115831851959228516e-01
8.620314598083496094e-01
6.347236633300781250e-01
3.924401104450225830e-01
1.798667907714843750e-01
3.843318298459053040e-02
1.037587411701679230e-02
5.904102540199573923e-09
8.447309518544443563e-10
3.772032505366951227e-04
3.942922130227088928e-02
3.674704730510711670e-01
6.631935238838195801e-01
9.017401337623596191e-01
9.741454720497131348e-01
9.377410411834716797e-01
8.753143548965454102e-01
8.177611827850341797e-01
8.541336059570312500e-01
8.975684642791748047e-01
9.552142620086669922e-01
9.860529303550720215e-01
9.971618652343750000e-01
9.977884888648986816e-01
9.884357452392578125e-01
8.541387319564819336e-01
6.362379193305969238e-01
2.227746099233627319e-01
8.099172264337539673e-02
1.697314083576202393e-01
4.714514017105102539e-01
8.255345225334167480e-01
9.225282669067382812e-01
9.944568276405334473e-01
9.970313906669616699e-01
9.986162185668945312e-01
9.992306232452392578e-01
9.995625615119934082e-01
9.997980594635009766e-01
9.964701533317565918e-01
9.778738021850585938e-01
9.067510962486267090e-01
7.607375979423522949e-01
5.280109643936157227e-01
5.179444551467895508e-01
6.023485660552978516e-01
8.141008019447326660e-01
9.942005872726440430e-01
9.963400959968566895e-01
9.641758203506469727e-01
8.846010565757751465e-01
6.709995865821838379e-01
3.883641660213470459e-01
4.910392761230468750e-01
6.472679972648620605e-01
8.640101552009582520e-01
9.997731447219848633e-01
9.991629719734191895e-01
9.974404573440551758e-01
9.950026273727416992e-01
9.971658587455749512e-01
9.999119043350219727e-01
9.998635649681091309e-01
9.970260262489318848e-01
9.882673025131225586e-01
9.180991649627685547e-01
7.993529438972473145e-01
6.042904257774353027e-01
4.043036401271820068e-01
6.729837656021118164e-01
8.893917798995971680e-01
9.607267975807189941e-01
9.973115324974060059e-01
9.993321895599365234e-01
9.999160766601562500e-01
9.999850988388061523e-01
9.999941587448120117e-01
1.000000000000000000e+00
1.000000000000000000e+00
9.999985098838806152e-01
9.999951124191284180e-01
9.999954700469970703e-01
9.999975562095642090e-01
9.999983906745910645e-01
9.999989271163940430e-01
9.999988675117492676e-01
9.999954104423522949e-01
9.999863505363464355e-01
9.990629553794860840e-01
9.975644350051879883e-01
8.816965818405151367e-01
7.231624126434326172e-01
3.122844696044921875e-01
3.384842723608016968e-02
4.542907699942588806e-02
3.448133766651153564e-01
8.820037245750427246e-01
9.876183867454528809e-01
9.675863385200500488e-01
6.351318359375000000e-01
4.338741302490234375e-01
6.338181495666503906e-01
8.040970563888549805e-01
9.420458078384399414e-01
9.880651831626892090e-01
9.964228272438049316e-01
9.949455261230468750e-01
9.921492338180541992e-01
9.859532117843627930e-01
9.836471676826477051e-01
9.871080517768859863e-01
9.877630472183227539e-01
9.868078827857971191e-01
9.885042309761047363e-01
9.909318089485168457e-01
9.963603615760803223e-01
9.996964335441589355e-01
9.987729787826538086e-01
9.960442781448364258e-01
9.918908476829528809e-01
9.793429970741271973e-01
9.646445512771606445e-01
9.550496935844421387e-01
9.542966485023498535e-01
9.806244373321533203e-01
9.959387183189392090e-01
9.990628361701965332e-01
9.999911189079284668e-01
9.999992251396179199e-01
9.999997019767761230e-01
9.999992847442626953e-01
9.999973177909851074e-01
9.999912977218627930e-01
9.999789595603942871e-01
9.999696612358093262e-01
9.999621510505676270e-01
9.995304346084594727e-01
9.978560209274291992e-01
9.817071557044982910e-01
9.695768356323242188e-01
9.667842984199523926e-01
9.729976654052734375e-01
9.872520565986633301e-01
9.941092729568481445e-01
9.985581636428833008e-01
9.966595172882080078e-01
9.820879101753234863e-01
9.197282791137695312e-01
8.783710002899169922e-01
8.643837571144104004e-01
8.466013073921203613e-01
8.269034028053283691e-01
5.395351648330688477e-01
2.411859035491943359e-01
1.263548433780670166e-01
5.817794799804687500e-02
8.202660828828811646e-02
1.940332949161529541e-01
3.747579455375671387e-01
4.989489912986755371e-01
6.063504219055175781e-01
5.865402817726135254e-01
5.363565683364868164e-01
3.882676064968109131e-01
2.536866962909698486e-01
1.347345262765884399e-01
1.322426795959472656e-01
1.827289462089538574e-01
5.284984111785888672e-01
8.637076020240783691e-01
9.459937810897827148e-01
9.931058287620544434e-01
9.772486686706542969e-01
9.687629342079162598e-01
9.656124114990234375e-01
9.783875346183776855e-01
9.946936964988708496e-01
9.974706172943115234e-01
9.995855689048767090e-01
9.996988773345947266e-01
9.994039535522460938e-01
9.986522793769836426e-01
9.981421828269958496e-01
9.977382421493530273e-01
9.966426491737365723e-01
9.953780770301818848e-01
9.934681653976440430e-01
9.925075769424438477e-01
9.932352304458618164e-01
9.920052886009216309e-01
9.893565773963928223e-01
9.730499982833862305e-01
9.538608193397521973e-01
9.561755061149597168e-01
9.619466662406921387e-01
9.785217046737670898e-01
9.902517795562744141e-01
9.964162111282348633e-01
9.986003637313842773e-01
9.989519715309143066e-01
9.985942244529724121e-01
9.982063174247741699e-01
9.981188178062438965e-01
9.980694055557250977e-01
9.980924725532531738e-01
9.941076636314392090e-01
9.870259165763854980e-01
9.245748519897460938e-01
8.467051386833190918e-01
7.646592259407043457e-01
7.173532247543334961e-01
7.939545512199401855e-01
8.739306330680847168e-01
9.582420587539672852e-01
9.919275641441345215e-01
9.990497231483459473e-01
9.973602294921875000e-01
9.944891333580017090e-01
9.923450946807861328e-01
9.919965863227844238e-01
9.956477880477905273e-01
9.980953335762023926e-01
9.994674921035766602e-01
9.998303055763244629e-01
9.998442530632019043e-01
9.998305439949035645e-01
9.998211264610290527e-01
9.998372197151184082e-01
9.998639225959777832e-01
9.999071359634399414e-01
9.998574256896972656e-01
9.997479915618896484e-01
9.995877742767333984e-01
9.994322061538696289e-01
9.996350407600402832e-01
9.997414350509643555e-01
9.995697140693664551e-01
9.969134330749511719e-01
9.914770722389221191e-01
9.735119938850402832e-01
9.497802853584289551e-01
9.642607569694519043e-01
9.803410768508911133e-01
9.764707684516906738e-01
9.490227103233337402e-01
8.733884096145629883e-01
8.493600487709045410e-01
8.684872388839721680e-01
9.026101231575012207e-01
9.415180683135986328e-01
9.369557499885559082e-01
9.148789048194885254e-01
8.221636414527893066e-01
7.364211678504943848e-01
6.611434221267700195e-01
7.137520909309387207e-01
8.472289443016052246e-01
9.245283007621765137e-01
9.877089262008666992e-01
9.934972524642944336e-01
9.980956315994262695e-01
9.990991353988647461e-01
9.996268153190612793e-01
9.996005892753601074e-01
9.996781349182128906e-01
9.998059272766113281e-01
9.992909431457519531e-01
9.986132383346557617e-01
9.972001910209655762e-01
9.967572093009948730e-01
9.984679222106933594e-01
9.994633793830871582e-01
9.998052120208740234e-01
9.995355010032653809e-01
9.990414381027221680e-01
9.909150600433349609e-01
9.838505387306213379e-01
9.852676987648010254e-01
9.878556132316589355e-01
9.925046563148498535e-01
9.930256605148315430e-01
9.904643893241882324e-01
9.529743790626525879e-01
9.058111906051635742e-01
8.299093842506408691e-01
7.809386253356933594e-01
8.383234143257141113e-01
8.939672708511352539e-01
9.471272230148315430e-01
9.729717373847961426e-01
9.820563197135925293e-01
9.655369520187377930e-01
9.310933351516723633e-01
5.571454763412475586e-01
3.365109860897064209e-01
5.928751826286315918e-01
7.999824285507202148e-01
9.477719068527221680e-01
9.986672997474670410e-01
9.995597600936889648e-01
9.997233152389526367e-01
9.997761249542236328e-01
9.998418092727661133e-01
9.998943209648132324e-01
9.999136924743652344e-01
9.999179840087890625e-01
9.999064803123474121e-01
9.972651600837707520e-01
9.934700727462768555e-01
7.969735860824584961e-01
5.672389268875122070e-01
2.404619008302688599e-01
1.315733604133129120e-02
4.340434912592172623e-03
6.781487911939620972e-02
1.986170709133148193e-01
5.120463967323303223e-01
8.947700858116149902e-01
9.612257480621337891e-01
9.982030987739562988e-01
9.977186322212219238e-01
8.080525994300842285e-01
2.529104650020599365e-01
2.260060255534091650e-14
4.552382810182973444e-15
0.000000000000000000e+00
0.000000000000000000e+00
0.000000000000000000e+00
1.181582609532938477e-10
8.771720572120500492e-10
1.333432048559188843e-01
5.034964680671691895e-01
7.675042152404785156e-01
9.493163824081420898e-01
9.950592517852783203e-01
9.994548559188842773e-01
9.968364238739013672e-01
9.899349212646484375e-01
9.636890888214111328e-01
9.377379417419433594e-01
9.122456908226013184e-01
8.745161890983581543e-01
8.278321027755737305e-01
6.346442699432373047e-01
4.000034332275390625e-01
1.795572936534881592e-01
1.375635609122923547e-19
8.874693613062253896e-19
5.862869322299957275e-03
2.109807357192039490e-02
1.845276728272438049e-02
3.217634279280900955e-03
2.298336039530113339e-04
5.210385425016283989e-04
5.458635687828063965e-01
9.912112951278686523e-01
9.856662154197692871e-01
9.839795231819152832e-01
9.883340597152709961e-01
9.927409887313842773e-01
9.971898794174194336e-01
9.984102249145507812e-01
9.987693428993225098e-01
9.966644048690795898e-01
9.911375641822814941e-01
9.708657860755920410e-01
9.339711070060729980e-01
8.707745075225830078e-01
8.480963706970214844e-01
8.539626002311706543e-01
8.855304121971130371e-01
9.240455031394958496e-01
9.549130797386169434e-01
9.784740805625915527e-01
9.697176814079284668e-01
9.716361761093139648e-01
9.909877181053161621e-01
9.994363784790039062e-01
9.998953938484191895e-01
9.999994039535522461e-01
9.999997615814208984e-01
9.999912977218627930e-01
9.999222755432128906e-01
9.995573163032531738e-01
9.994106888771057129e-01
9.996425509452819824e-01
9.998217225074768066e-01
9.999604225158691406e-01
9.999961853027343750e-01
9.999995827674865723e-01
9.999994635581970215e-01
9.999974370002746582e-01
9.999861717224121094e-01
9.995466470718383789e-01
9.983019232749938965e-01
9.566681981086730957e-01
8.810924291610717773e-01
8.278441429138183594e-01
7.825104594230651855e-01
8.534133434295654297e-01
9.280325770378112793e-01
9.709583520889282227e-01
9.999274015426635742e-01
9.998224973678588867e-01
9.998369812965393066e-01
9.999622106552124023e-01
9.999808669090270996e-01
9.999569654464721680e-01
9.993564486503601074e-01
9.984419345855712891e-01
9.952153563499450684e-01
9.928961396217346191e-01
9.927548766136169434e-01
9.928171634674072266e-01
9.930950403213500977e-01
9.923385977745056152e-01
9.910941720008850098e-01
9.946613311767578125e-01
9.987019896507263184e-01
9.994086623191833496e-01
9.999428987503051758e-01
9.999797344207763672e-01
1.000000000000000000e+00
1.000000000000000000e+00
9.999988079071044922e-01
9.999969601631164551e-01
9.999755024909973145e-01
9.999370574951171875e-01
9.993762969970703125e-01
9.979180097579956055e-01
9.931697249412536621e-01
9.863079786300659180e-01
9.763137102127075195e-01
9.783909320831298828e-01
9.885603785514831543e-01
9.938729405403137207e-01
9.978650808334350586e-01
9.988985657691955566e-01
9.997187256813049316e-01
9.998199343681335449e-01
9.998360276222229004e-01
9.997011423110961914e-01
9.997493028640747070e-01
9.999482035636901855e-01
1.000000000000000000e+00
1.000000000000000000e+00
1.000000000000000000e+00
1.000000000000000000e+00
1.000000000000000000e+00
9.988411664962768555e-01
9.950350522994995117e-01
9.907258749008178711e-01
9.858799576759338379e-01
9.863513112068176270e-01
9.892782568931579590e-01
9.825907349586486816e-01
9.659963250160217285e-01
8.149757981300354004e-01
6.521772742271423340e-01
4.541428387165069580e-01
3.343949615955352783e-01
3.174396753311157227e-01
2.358036488294601440e-01
1.145372912287712097e-01
5.236853286623954773e-02
4.066140856593847275e-03
8.500654995441436768e-02
2.365082204341888428e-01
7.045389413833618164e-01
1.000000000000000000e+00
1.000000000000000000e+00
1.000000000000000000e+00
1.000000000000000000e+00
8.897402286529541016e-01
7.412385344505310059e-01
3.614642620086669922e-01
8.002215996384620667e-03
1.277500484138727188e-02
1.693367213010787964e-02
1.962225139141082764e-02
1.670536994934082031e-01
4.708076715469360352e-01
7.290070652961730957e-01
9.637328982353210449e-01
9.994366168975830078e-01
9.999973177909851074e-01
9.999905228614807129e-01
9.999166131019592285e-01
9.996019005775451660e-01
9.981056451797485352e-01
9.948495626449584961e-01
9.931371212005615234e-01
9.925045371055603027e-01
9.955987334251403809e-01
9.997971653938293457e-01
1.000000000000000000e+00
1.000000000000000000e+00
1.000000000000000000e+00
9.998234510421752930e-01
9.992701411247253418e-01
9.976024627685546875e-01
9.948295354843139648e-01
9.957153201103210449e-01
9.983084201812744141e-01
9.992156028747558594e-01
9.998260140419006348e-01
9.996700286865234375e-01
9.993783831596374512e-01
9.986357688903808594e-01
9.983168840408325195e-01
9.986022114753723145e-01
9.990072846412658691e-01
9.994967579841613770e-01
9.948511719703674316e-01
9.887008070945739746e-01
9.634507894515991211e-01
9.449511170387268066e-01
9.775656461715698242e-01
1.000000000000000000e+00
1.000000000000000000e+00
9.902099370956420898e-01
9.703395366668701172e-01
8.657688498497009277e-01
7.196648716926574707e-01
5.494450926780700684e-01
3.737803101539611816e-01
1.745279282331466675e-01
3.381286188960075378e-02
1.169236600399017334e-01
2.088531255722045898e-01
3.153304755687713623e-01
2.651896476745605469e-01
9.418179094791412354e-02
3.803914785385131836e-02
2.160017564892768860e-02
1.870439201593399048e-01
3.822562098503112793e-01
7.116062045097351074e-01
9.570319056510925293e-01
9.844017624855041504e-01
9.995084404945373535e-01
9.998677372932434082e-01
1.000000000000000000e+00
1.000000000000000000e+00
9.999763965606689453e-01
9.999471902847290039e-01
9.999516010284423828e-01
9.999559521675109863e-01
9.999576210975646973e-01
9.999487400054931641e-01
9.999187588691711426e-01
9.980289936065673828e-01
9.943641424179077148e-01
9.501666426658630371e-01
8.878586888313293457e-01
9.265118241310119629e-01
9.791327118873596191e-01
9.902998208999633789e-01
9.991328716278076172e-01
9.995725750923156738e-01
9.998741745948791504e-01
9.999594092369079590e-01
9.999064207077026367e-01
9.997468590736389160e-01
9.997164607048034668e-01
9.997311830520629883e-01
9.995978474617004395e-01
9.992920756340026855e-01
9.973353147506713867e-01
9.909979701042175293e-01
9.722208976745605469e-01
9.508547782897949219e-01
9.260064959526062012e-01
9.402729272842407227e-01
9.794836640357971191e-01
9.927012920379638672e-01
9.986724257469177246e-01
9.983050227165222168e-01
9.949408173561096191e-01
9.734838008880615234e-01
9.624367952346801758e-01
9.756661653518676758e-01
9.865956306457519531e-01
9.949162602424621582e-01
9.984934329986572266e-01
9.994702935218811035e-01
9.997396469116210938e-01
9.998506307601928711e-01
9.993452429771423340e-01
9.985472559928894043e-01
9.962334632873535156e-01
9.948425889015197754e-01
9.953078031539916992e-01
9.963375329971313477e-01
9.979197382926940918e-01
9.988458752632141113e-01
9.994503855705261230e-01
9.997538328170776367e-01
9.999971985816955566e-01
9.999829530715942383e-01
9.995574355125427246e-01
9.972788691520690918e-01
8.591755032539367676e-01
4.684923589229583740e-01
2.025248855352401733e-01
5.068476870656013489e-02
1.694864407181739807e-02
3.656630963087081909e-02
4.320096671581268311e-01
8.783134818077087402e-01
9.360487461090087891e-01
9.789668321609497070e-01
9.611914753913879395e-01
9.466800093650817871e-01
9.379093050956726074e-01
9.406625628471374512e-01
9.536282420158386230e-01
9.682717919349670410e-01
9.836330413818359375e-01
9.909388422966003418e-01
9.968572854995727539e-01
9.981846213340759277e-01
9.988224506378173828e-01
9.966619610786437988e-01
9.930121302604675293e-01
9.867562651634216309e-01
9.868854880332946777e-01
9.926144480705261230e-01
9.961299300193786621e-01
9.986925721168518066e-01
9.994435310363769531e-01
9.998984336853027344e-01
9.999482631683349609e-01
9.999534487724304199e-01
9.997771382331848145e-01
9.714878201484680176e-01
8.936719298362731934e-01
6.708189845085144043e-01
3.172269463539123535e-01
1.855182945728302002e-01
1.522541493177413940e-01
2.300589680671691895e-01
3.249181807041168213e-01
3.374738693237304688e-01
4.097873270511627197e-01
7.445024251937866211e-01
9.684341549873352051e-01
9.885903000831604004e-01
9.985641241073608398e-01
9.989259839057922363e-01
9.992057085037231445e-01
9.994451403617858887e-01
9.996030330657958984e-01
9.997410774230957031e-01
9.988725185394287109e-01
9.933639764785766602e-01
9.647006988525390625e-01
7.761848568916320801e-01
2.615731656551361084e-01
7.467261166311800480e-04
1.910905702970921993e-04
3.780994406454851742e-10
9.565130909550134675e-10
1.636512279510498047e-01
3.631079196929931641e-01
6.989001035690307617e-01
9.903681874275207520e-01
9.960296154022216797e-01
9.999833106994628906e-01
9.999870657920837402e-01
9.999710321426391602e-01
9.999320507049560547e-01
9.998195171356201172e-01
9.996623396873474121e-01
9.953039288520812988e-01
9.897747039794921875e-01
9.152734279632568359e-01
8.467069268226623535e-01
8.651096820831298828e-01
8.917940258979797363e-01
9.416329264640808105e-01
9.744741916656494141e-01
9.845412373542785645e-01
9.770160317420959473e-01
9.570372700691223145e-01
9.525997042655944824e-01
9.535701274871826172e-01
9.638831019401550293e-01
9.748902916908264160e-01
9.805698394775390625e-01
9.847284555435180664e-01
9.833920598030090332e-01
9.813070297241210938e-01
9.779850244522094727e-01
9.775375127792358398e-01
9.795850515365600586e-01
9.812105298042297363e-01
9.826550483703613281e-01
9.801710844039916992e-01
9.766975045204162598e-01
9.329558014869689941e-01
8.300147652626037598e-01
4.229097962379455566e-01
1.209941804409027100e-01
4.165050759911537170e-02
1.594725181348621845e-04
4.516100743785500526e-04
7.468485832214355469e-02
1.919604837894439697e-01
5.236318111419677734e-01
9.135080575942993164e-01
9.668273329734802246e-01
9.974557161331176758e-01
9.981780052185058594e-01
9.982364177703857422e-01
9.963760375976562500e-01
9.950967431068420410e-01
9.946387410163879395e-01
9.951912760734558105e-01
9.965119361877441406e-01
9.976989626884460449e-01
9.988301992416381836e-01
9.993223547935485840e-01
9.997111558914184570e-01
9.997493624687194824e-01
9.997308850288391113e-01
9.994606971740722656e-01
9.992129802703857422e-01
9.990106821060180664e-01
9.937217831611633301e-01
9.831507205963134766e-01
9.477124214172363281e-01
8.984954357147216797e-01
8.812664151191711426e-01
8.720527291297912598e-01
9.354183077812194824e-01
9.956343173980712891e-01
9.978759884834289551e-01
9.993203282356262207e-01
9.984594583511352539e-01
9.959575533866882324e-01
9.910912513732910156e-01
9.802977442741394043e-01
9.648481607437133789e-01
9.384295940399169922e-01
9.074981212615966797e-01
8.762866854667663574e-01
8.453224897384643555e-01
8.375163674354553223e-01
8.254514932632446289e-01
7.921045422554016113e-01
7.558497190475463867e-01
7.130948305130004883e-01
6.916117668151855469e-01
6.941975355148315430e-01
6.866405010223388672e-01
6.728441715240478516e-01
4.142707586288452148e-01
8.132232725620269775e-02
4.916076734662055969e-02
5.570052191615104675e-02
2.277018576860427856e-01
3.989244699478149414e-01
5.657978057861328125e-01
6.059170961380004883e-01
4.266958832740783691e-01
3.723179399967193604e-01
4.351378083229064941e-01
6.179514527320861816e-01
8.605298399925231934e-01
9.360588192939758301e-01
9.727128148078918457e-01
9.238368868827819824e-01
8.711829185485839844e-01
8.177736997604370117e-01
7.680823802947998047e-01
7.297353744506835938e-01
7.024764418601989746e-01
6.918743848800659180e-01
6.023650169372558594e-01
4.478410780429840088e-01
3.102593123912811279e-01
1.795626431703567505e-01
2.437439411878585815e-01
3.435804545879364014e-01
4.514532089233398438e-01
5.045019388198852539e-01
2.128368318080902100e-01
3.290897235274314880e-03
1.199334859848022461e-03
9.257176890969276428e-03
3.083130344748497009e-02
2.528400123119354248e-01
6.244915723800659180e-01
7.745472192764282227e-01
8.383701443672180176e-01
8.386716246604919434e-01
8.292483687400817871e-01
8.580689430236816406e-01
8.900159001350402832e-01
9.397717714309692383e-01
9.784547686576843262e-01
9.913539886474609375e-01
9.988721609115600586e-01
9.996452331542968750e-01
9.999623894691467285e-01
9.999564886093139648e-01
9.995216727256774902e-01
9.989271759986877441e-01
5.327449440956115723e-01
6.528218742460012436e-03
9.902695193886756897e-03
3.848229721188545227e-02
2.006119191646575928e-01
4.058136940002441406e-01
7.122508883476257324e-01
8.394560217857360840e-01
7.436348795890808105e-01
4.807604551315307617e-01
1.020684465765953064e-01
7.259882167789043320e-18
8.253703794812436584e-19
2.660534050846763421e-07
7.040935568511486053e-03
4.823691546916961670e-01
8.944216966629028320e-01
9.549556374549865723e-01
9.979074001312255859e-01
9.985205531120300293e-01
9.988290071487426758e-01
9.987457394599914551e-01
9.986967444419860840e-01
9.986726641654968262e-01
9.986808896064758301e-01
9.987017512321472168e-01
9.986086487770080566e-01
9.984970092773437500e-01
9.975587725639343262e-01
9.961628317832946777e-01
9.919902086257934570e-01
9.820086359977722168e-01
9.570786356925964355e-01
9.027918577194213867e-01
8.074753284454345703e-01
7.552218437194824219e-01
7.371511459350585938e-01
7.976703643798828125e-01
8.930447101593017578e-01
9.455782771110534668e-01
9.893978238105773926e-01
9.937563538551330566e-01
9.962435960769653320e-01
9.932727813720703125e-01
9.905676245689392090e-01
9.886689186096191406e-01
9.891976714134216309e-01
9.935725331306457520e-01
9.967721700668334961e-01
9.988899230957031250e-01
9.997370243072509766e-01
9.999331235885620117e-01
9.999553561210632324e-01
9.999331831932067871e-01
9.997569322586059570e-01
9.993886351585388184e-01
9.965266585350036621e-01
9.888551831245422363e-01
9.623126387596130371e-01
9.149350523948669434e-01
8.275837302207946777e-01
7.412234544754028320e-01
6.563910841941833496e-01
6.658369898796081543e-01
7.350254058837890625e-01
8.263174295425415039e-01
9.252943992614746094e-01
9.489571452140808105e-01
9.628235697746276855e-01
9.808985590934753418e-01
9.872125387191772461e-01
9.276673793792724609e-01
8.813133239746093750e-01
8.676135540008544922e-01
8.871730566024780273e-01
9.523872137069702148e-01
9.848077893257141113e-01
9.907088875770568848e-01
9.777849912643432617e-01
9.563111066818237305e-01
9.048129320144653320e-01
8.467246890068054199e-01
8.956013917922973633e-01
9.459733366966247559e-01
9.616650938987731934e-01
9.744645953178405762e-01
9.771940112113952637e-01
9.809409379959106445e-01
9.865856766700744629e-01
9.922229051589965820e-01
9.978382587432861328e-01
9.994508028030395508e-01
9.985614418983459473e-01
9.989081025123596191e-01
9.996739029884338379e-01
9.997814893722534180e-01
9.997780919075012207e-01
9.979412555694580078e-01
9.807190299034118652e-01
8.712422847747802734e-01
6.766332387924194336e-01
2.546162605285644531e-01
3.038999624550342560e-03
2.169232349842786789e-03
3.796854289248585701e-03
7.597051095217466354e-03
7.455593906342983246e-03
5.308726802468299866e-03
3.349052071571350098e-01
7.517605423927307129e-01
5.103390216827392578e-01
2.346059381961822510e-01
3.439314961433410645e-01
4.642145037651062012e-01
6.327913403511047363e-01
7.540133595466613770e-01
7.712833881378173828e-01
6.136330366134643555e-01
2.327933460474014282e-01
4.765641689300537109e-02
1.115741394460201263e-02
1.784219897496036022e-21
4.344961249581195398e-21
2.715819573495537043e-05
6.021258741384372115e-05
3.946785628795623779e-01
7.740728259086608887e-01
7.138681411743164062e-01
6.887367367744445801e-01
8.012367486953735352e-01
8.981399536132812500e-01
9.642542004585266113e-01
7.829918265342712402e-01
3.080284595489501953e-01
2.120930552482604980e-01
3.836256563663482666e-01
6.194067001342773438e-01
8.804242610931396484e-01
9.540765285491943359e-01
9.908826947212219238e-01
9.944919943809509277e-01
9.964351058006286621e-01
9.942041635513305664e-01
9.804843068122863770e-01
9.241566658020019531e-01
8.026044368743896484e-01
5.522517561912536621e-01
3.974691331386566162e-01
3.529013395309448242e-01
4.757136404514312744e-01
7.149957418441772461e-01
8.661236763000488281e-01
9.812575578689575195e-01
6.134356260299682617e-01
1.519261151552200317e-01
1.005183309316635132e-01
8.167113363742828369e-02
2.419894784688949585e-01
4.313810765743255615e-01
7.307246327400207520e-01
9.408251047134399414e-01
9.712672829627990723e-01
9.893700480461120605e-01
9.926434159278869629e-01
9.950651526451110840e-01
9.968559741973876953e-01
9.949929714202880859e-01
9.915588498115539551e-01
9.885321855545043945e-01
9.855964183807373047e-01
9.855703115463256836e-01
9.859991073608398438e-01
9.904442429542541504e-01
9.926158785820007324e-01
9.848153591156005859e-01
9.764286875724792480e-01
9.666525125503540039e-01
8.780329823493957520e-01
6.832363605499267578e-01
4.331393241882324219e-01
1.382687240839004517e-01
3.509438782930374146e-02
2.731969207525253296e-02
2.847779169678688049e-02
3.203666210174560547e-02
1.670170016586780548e-02
4.092371455044485629e-06
1.882070819192449562e-06
8.889733180694747716e-06
6.792751082684844732e-05
1.316194385290145874e-01
6.218419671058654785e-01
9.355928897857666016e-01
9.716721177101135254e-01
9.920680522918701172e-01
9.971445798873901367e-01
9.991807937622070312e-01
9.993751049041748047e-01
9.989427328109741211e-01
9.982916116714477539e-01
9.974136352539062500e-01
9.964966177940368652e-01
9.970556497573852539e-01
9.974653720855712891e-01
9.961790442466735840e-01
9.950315952301025391e-01
9.943775534629821777e-01
9.942320585250854492e-01
9.951101541519165039e-01
9.955170750617980957e-01
9.953454136848449707e-01
9.956950545310974121e-01
9.964459538459777832e-01
9.975067973136901855e-01
9.987130761146545410e-01
9.993446469306945801e-01
9.998315572738647461e-01
9.949941039085388184e-01
9.889625906944274902e-01
9.597122669219970703e-01
9.349022507667541504e-01
9.361099004745483398e-01
9.427703022956848145e-01
9.650561213493347168e-01
9.825307726860046387e-01
9.920067191123962402e-01
9.976628422737121582e-01
9.993072748184204102e-01
9.999741315841674805e-01
9.999940395355224609e-01
9.999777078628540039e-01
9.999470710754394531e-01
9.966246485710144043e-01
9.926242232322692871e-01
9.936412572860717773e-01
9.948243498802185059e-01
9.940171241760253906e-01
9.935228228569030762e-01
9.945296049118041992e-01
9.952570199966430664e-01
9.952907562255859375e-01
9.955695271492004395e-01
9.962136149406433105e-01
9.972218275070190430e-01
9.985756874084472656e-01
9.993048906326293945e-01
9.996610879898071289e-01
9.984828829765319824e-01
9.967491626739501953e-01
9.911225438117980957e-01
9.848092198371887207e-01
9.790973067283630371e-01
9.719098806381225586e-01
9.442820549011230469e-01
9.271153807640075684e-01
9.567404389381408691e-01
9.811884164810180664e-01
9.929672479629516602e-01
9.722023010253906250e-01
9.034615755081176758e-01
8.979693651199340820e-01
9.517863988876342773e-01
9.807443618774414062e-01
9.948924779891967773e-01
9.991690516471862793e-01
9.998745918273925781e-01
9.999883770942687988e-01
9.999916553497314453e-01
9.997912049293518066e-01
9.987960457801818848e-01
9.861344099044799805e-01
9.725745320320129395e-01
9.548679590225219727e-01
9.402976036071777344e-01
9.338975548744201660e-01
9.435155391693115234e-01
9.782747626304626465e-01
9.839619994163513184e-01
9.604492187500000000e-01
9.057419300079345703e-01
8.309777975082397461e-01
8.224854469299316406e-01
8.407433032989501953e-01
8.822914361953735352e-01
9.289833903312683105e-01
9.433369040489196777e-01
9.548057913780212402e-01
9.552016854286193848e-01
9.559068083763122559e-01
9.585094451904296875e-01
9.626258611679077148e-01
9.714108109474182129e-01
9.803984761238098145e-01
9.898203611373901367e-01
9.929752349853515625e-01
9.888026714324951172e-01
9.803819060325622559e-01
9.687405228614807129e-01
9.773155450820922852e-01
9.958575963973999023e-01
6.883908510208129883e-01
2.858755886554718018e-01
1.280575692653656006e-01
3.055348061025142670e-03
2.171628177165985107e-02
7.542467117309570312e-02
4.665824472904205322e-01
7.991796731948852539e-01
8.915881514549255371e-01
8.965579271316528320e-01
6.973314285278320312e-01
5.061955451965332031e-01
3.281815648078918457e-01
4.007971286773681641e-01
7.171168923377990723e-01
8.881155252456665039e-01
9.672376513481140137e-01
9.935883879661560059e-01
9.987779855728149414e-01
9.997452497482299805e-01
9.997564554214477539e-01
9.998406767845153809e-01
9.999263286590576172e-01
9.997565150260925293e-01
9.994931221008300781e-01
9.985651969909667969e-01
9.976030588150024414e-01
9.965333342552185059e-01
9.962610006332397461e-01
9.976379871368408203e-01
9.987117648124694824e-01
9.993886947631835938e-01
9.997442960739135742e-01
9.998170733451843262e-01
9.998743534088134766e-01
9.999224543571472168e-01
9.999196529388427734e-01
9.998980760574340820e-01
9.988714456558227539e-01
9.976395964622497559e-01
9.214210510253906250e-01
8.306939005851745605e-01
4.736761152744293213e-01
1.516920924186706543e-01
6.635736674070358276e-02
8.586641051806509495e-04
3.617311886046081781e-04
1.217217221856117249e-01
4.893964529037475586e-01
7.655494213104248047e-01
9.214917421340942383e-01
9.937346577644348145e-01
9.914805293083190918e-01
9.106594920158386230e-01
7.831758260726928711e-01
5.450033545494079590e-01
2.643181383609771729e-01
1.220128238201141357e-01
8.901005610823631287e-03
2.609489121638604387e-36
0.000000000000000000e+00
0.000000000000000000e+00
2.475790388416498899e-04
2.388473832979798317e-03
1.136224195361137390e-01
6.213439106941223145e-01
9.754678606986999512e-01
9.887814521789550781e-01
9.972973465919494629e-01
9.988110661506652832e-01
9.996709823608398438e-01
9.998918771743774414e-01
9.999851584434509277e-01
9.999935030937194824e-01
9.999953508377075195e-01
9.999943971633911133e-01
9.999932050704956055e-01
9.999918937683105469e-01
9.999921321868896484e-01
9.999924898147583008e-01
9.999901056289672852e-01
9.999763965606689453e-01
9.998254776000976562e-01
9.990985393524169922e-01
9.955711364746093750e-01
9.862889051437377930e-01
9.610111713409423828e-01
8.627653717994689941e-01
6.332390308380126953e-01
3.908489942550659180e-01
1.335279345512390137e-01
1.956111378967761993e-02
2.571777254343032837e-02
2.563199400901794434e-01
6.144214868545532227e-01
8.185308575630187988e-01
9.669631719589233398e-01
9.934512972831726074e-01
9.941282868385314941e-01
9.948049783706665039e-01
9.954889416694641113e-01
9.970276355743408203e-01
9.982119798660278320e-01
9.963474869728088379e-01
9.191005229949951172e-01
5.348845124244689941e-01
2.249107211828231812e-01
1.019200757145881653e-01
4.808709770441055298e-02
1.087760031223297119e-01
3.479881882667541504e-01
7.904845476150512695e-01
9.889113306999206543e-01
