9.191031455993652344e-01
8.707302808761596680e-01
8.372211456298828125e-01
8.908969163894653320e-01
9.478410482406616211e-01
9.926626086235046387e-01
9.984979033470153809e-01
9.999688863754272461e-01
9.999986886978149414e-01
9.999998807907104492e-01
9.979247450828552246e-01
9.936169981956481934e-01
9.919643998146057129e-01
9.607203602790832520e-01
8.898534774780273438e-01
5.109464526176452637e-01
4.806081056594848633e-01
7.224380970001220703e-01
9.010528326034545898e-01
9.727401137351989746e-01
9.716190695762634277e-01
9.688490629196166992e-01
9.717320203781127930e-01
9.543828964233398438e-01
8.023548126220703125e-01
4.678325951099395752e-01
1.429193913936614990e-01
2.724075913429260254e-01
6.133422255516052246e-01
9.249380230903625488e-01
8.049215674400329590e-01
6.656091213226318359e-01
4.627958834171295166e-01
9.046605974435806274e-02
3.262328356504440308e-02
2.366932630538940430e-01
8.609281182289123535e-01
9.805036783218383789e-01
9.773446321487426758e-01
9.818141460418701172e-01
9.880754947662353516e-01
9.924263358116149902e-01
9.924883246421813965e-01
9.945756196975708008e-01
9.950996041297912598e-01
9.925211668014526367e-01
9.613805413246154785e-01
9.377689361572265625e-01
9.300170540809631348e-01
9.157007336616516113e-01
9.133264422416687012e-01
9.269317984580993652e-01
9.540402293205261230e-01
9.732329845428466797e-01
9.825388193130493164e-01
9.767767786979675293e-01
9.572612643241882324e-01
9.244139790534973145e-01
9.489682912826538086e-01
9.742566347122192383e-01
9.993192553520202637e-01
9.997082948684692383e-01
9.993644356727600098e-01
9.977508783340454102e-01
9.863617420196533203e-01
9.616868495941162109e-01
9.333822727203369141e-01
9.687225222587585449e-01
9.888812899589538574e-01
9.977823495864868164e-01
9.979072213172912598e-01
9.962305426597595215e-01
9.933841228485107422e-01
9.899620413780212402e-01
9.930327534675598145e-01
9.986060857772827148e-01
9.991534948348999023e-01
9.910055398941040039e-01
9.746262431144714355e-01
9.407009482383728027e-01
9.487556815147399902e-01
9.735993146896362305e-01
9.927965998649597168e-01
9.989391565322875977e-01
9.997518658638000488e-01
9.999486207962036133e-01
9.999875426292419434e-01
9.999760389328002930e-01
9.999809861183166504e-01
9.999880790710449219e-01
9.999934434890747070e-01
9.999920129776000977e-01
9.999416470527648926e-01
9.998328685760498047e-01
9.996151328086853027e-01
9.994685649871826172e-01
9.994459152221679688e-01
9.996619224548339844e-01
9.998126626014709473e-01
9.999209046363830566e-01
9.999721646308898926e-01
9.999914765357971191e-01
1.000000000000000000e+00
1.000000000000000000e+00
9.999311566352844238e-01
9.994850754737854004e-01
9.983937144279479980e-01
9.442759752273559570e-01
7.898765206336975098e-01
4.831742942333221436e-01
2.480996549129486084e-01
8.227512985467910767e-02
9.634426794946193695e-03
1.541842822916805744e-03
1.904636323451995850e-01
6.563655734062194824e-01
8.657743334770202637e-01
9.445798993110656738e-01
8.768464326858520508e-01
9.506322741508483887e-01
9.988794326782226562e-01
9.999372363090515137e-01
9.774428606033325195e-01
9.660951495170593262e-01
9.704202413558959961e-01
9.889401197433471680e-01
9.995003342628479004e-01
9.998204112052917480e-01
9.996913671493530273e-01
9.991190433502197266e-01
9.980666041374206543e-01
9.936901926994323730e-01
9.918897747993469238e-01
9.929544329643249512e-01
9.969452619552612305e-01
9.993126988410949707e-01
9.999657273292541504e-01
9.999764561653137207e-01
9.999518394470214844e-01
9.998949170112609863e-01
9.998461604118347168e-01
9.998477697372436523e-01
9.998980164527893066e-01
9.999434351921081543e-01
9.998555183410644531e-01
9.990602731704711914e-01
9.714452624320983887e-01
7.837211489677429199e-01
4.535701870918273926e-01
2.161092758178710938e-01
1.152487695217132568e-01
1.421140134334564209e-01
3.764789700508117676e-01
6.696090698242187500e-01
9.963501095771789551e-01
9.003639817237854004e-01
8.918142914772033691e-01
9.561300873756408691e-01
9.832841157913208008e-01
9.970561265945434570e-01
9.995539784431457520e-01
9.993550181388854980e-01
9.944779276847839355e-01
9.804465174674987793e-01
8.668825626373291016e-01
7.545022368431091309e-01
6.545742750167846680e-01
7.655913829803466797e-01
8.745382428169250488e-01
9.766620993614196777e-01
9.928079843521118164e-01
1.000000000000000000e+00
9.983252286911010742e-01
9.679083824157714844e-01
9.560073614120483398e-01
9.597425460815429688e-01
9.787978529930114746e-01
9.914143681526184082e-01
9.985420107841491699e-01
9.994696974754333496e-01
9.993317127227783203e-01
9.972826242446899414e-01
9.769251346588134766e-01
9.613555669784545898e-01
9.447200298309326172e-01
8.407668471336364746e-01
7.116222381591796875e-01
5.812563896179199219e-01
8.048565387725830078e-01
9.399025440216064453e-01
1.000000000000000000e+00
1.000000000000000000e+00
9.960225224494934082e-01
9.892632961273193359e-01
9.932382702827453613e-01
9.967753291130065918e-01
9.998021125793457031e-01
9.994719028472900391e-01
9.990294575691223145e-01
9.985278844833374023e-01
9.989802241325378418e-01
9.993980526924133301e-01
9.997584819793701172e-01
9.992703199386596680e-01
9.841686487197875977e-01
9.572427868843078613e-01
9.736384153366088867e-01
9.677364826202392578e-01
9.408092498779296875e-01
8.855442404747009277e-01
8.974187970161437988e-01
9.721375703811645508e-01
9.808410406112670898e-01
9.890250563621520996e-01
9.966696500778198242e-01
9.987026453018188477e-01
9.997758269309997559e-01
9.998810291290283203e-01
9.999378323554992676e-01
9.999725818634033203e-01
9.999846816062927246e-01
9.999880790710449219e-01
9.999921917915344238e-01
9.999973773956298828e-01
9.999971985816955566e-01
9.999921917915344238e-01
9.999817013740539551e-01
9.994705915451049805e-01
9.969279170036315918e-01
9.919837117195129395e-01
9.938724637031555176e-01
9.963701367378234863e-01
9.991759061813354492e-01
9.997037053108215332e-01
9.999161958694458008e-01
9.999142289161682129e-01
9.999436736106872559e-01
9.999715089797973633e-01
9.999933242797851562e-01
9.999981522560119629e-01
9.999940395355224609e-01
9.999791979789733887e-01
9.996962547302246094e-01
9.989504814147949219e-01
9.975208640098571777e-01
9.944014549255371094e-01
9.886297583580017090e-01
9.787464141845703125e-01
9.760860204696655273e-01
9.791817665100097656e-01
9.906786084175109863e-01
9.957802891731262207e-01
9.980580210685729980e-01
9.970688819885253906e-01
9.981991052627563477e-01
9.994267225265502930e-01
9.999076128005981445e-01
1.000000000000000000e+00
9.986030459403991699e-01
9.939407706260681152e-01
9.939404129981994629e-01
9.954335093498229980e-01
9.975818395614624023e-01
9.989754557609558105e-01
9.998654723167419434e-01
9.999699592590332031e-01
9.999980330467224121e-01
9.999994039535522461e-01
9.999969601631164551e-01
9.971616864204406738e-01
8.903030157089233398e-01
4.134122431278228760e-01
3.631036281585693359e-01
5.303506851196289062e-01
8.621015548706054688e-01
9.775134921073913574e-01
9.915350675582885742e-01
9.941022992134094238e-01
9.931015372276306152e-01
9.897211790084838867e-01
9.831724166870117188e-01
9.853112697601318359e-01
9.921261668205261230e-01
9.971220493316650391e-01
9.994108080863952637e-01
9.999263286590576172e-01
9.997961521148681641e-01
9.872342348098754883e-01
9.681374430656433105e-01
9.752919077873229980e-01
9.847381711006164551e-01
9.950583577156066895e-01
9.883074164390563965e-01
8.618060350418090820e-01
6.285727024078369141e-01
2.474510371685028076e-01
5.104120075702667236e-02
3.356844559311866760e-02
1.347631067037582397e-01
2.385946512222290039e-01
3.445813357830047607e-01
3.236683309078216553e-01
4.182655215263366699e-01
6.588306427001953125e-01
8.693822026252746582e-01
9.925441145896911621e-01
9.991573095321655273e-01
9.998427033424377441e-01
9.995824098587036133e-01
9.987994432449340820e-01
9.989613890647888184e-01
9.993481636047363281e-01
9.998966455459594727e-01
9.999220967292785645e-01
9.979192614555358887e-01
9.919691681861877441e-01
9.759901762008666992e-01
9.645419120788574219e-01
9.693642854690551758e-01
9.822783470153808594e-01
9.945509433746337891e-01
9.986862540245056152e-01
9.997700452804565430e-01
9.994665384292602539e-01
9.979957342147827148e-01
9.958689212799072266e-01
9.941390156745910645e-01
9.951559901237487793e-01
9.962283372879028320e-01
9.970285296440124512e-01
9.962751269340515137e-01
9.901543855667114258e-01
9.777192473411560059e-01
9.419489502906799316e-01
9.177953004837036133e-01
9.076724648475646973e-01
9.651831388473510742e-01
9.936444759368896484e-01
9.997985363006591797e-01
9.999100565910339355e-01
9.999488592147827148e-01
9.998437762260437012e-01
9.935410618782043457e-01
8.342217803001403809e-01
5.186543464660644531e-01
3.930425345897674561e-01
2.290481030941009521e-01
1.364919450134038925e-02
0.000000000000000000e+00
4.179174692088620544e-29
1.420778260756393858e-28
5.756994485855102539e-01
9.828785061836242676e-01
9.964613914489746094e-01
7.846249341964721680e-01
4.824176430702209473e-01
7.623854279518127441e-02
1.085225523811059190e-13
4.310408280305821904e-11
1.905211266528539227e-10
3.505151718854904175e-02
2.213091105222702026e-01
8.296882510185241699e-01
9.974352121353149414e-01
9.996954202651977539e-01
9.995527267456054688e-01
9.985756874084472656e-01
9.975160956382751465e-01
9.980433583259582520e-01
9.988490343093872070e-01
9.997196793556213379e-01
9.998884201049804688e-01
9.999724626541137695e-01
9.999965429306030273e-01
9.999938607215881348e-01
9.999613761901855469e-01
9.998934864997863770e-01
9.994127750396728516e-01
9.988707304000854492e-01
9.982693195343017578e-01
9.981622695922851562e-01
9.981369376182556152e-01
9.981968998908996582e-01
9.986231923103332520e-01
9.990830421447753906e-01
9.995526671409606934e-01
9.995141625404357910e-01
9.995099902153015137e-01
9.996887445449829102e-01
9.998725652694702148e-01
9.998396039009094238e-01
9.993233680725097656e-01
9.995494484901428223e-01
9.998562335968017578e-01
9.998113512992858887e-01
9.992582201957702637e-01
9.986072778701782227e-01
9.982863664627075195e-01
9.979856014251708984e-01
9.966334700584411621e-01
9.895690679550170898e-01
9.812024235725402832e-01
9.740524291992187500e-01
9.838886260986328125e-01
9.917578697204589844e-01
9.977765083312988281e-01
9.960371851921081543e-01
9.967241883277893066e-01
9.996088147163391113e-01
9.997370243072509766e-01
9.981389641761779785e-01
9.946066141128540039e-01
9.838738441467285156e-01
9.770779609680175781e-01
9.764226675033569336e-01
9.899516701698303223e-01
9.997538924217224121e-01
9.998657107353210449e-01
9.966255426406860352e-01
9.679962396621704102e-01
8.837160468101501465e-01
7.745413780212402344e-01
7.295658588409423828e-01
9.001520872116088867e-01
9.716139435768127441e-01
9.985499978065490723e-01
9.994529485702514648e-01
9.998449683189392090e-01
9.999607205390930176e-01
9.999788403511047363e-01
9.999890327453613281e-01
9.999936819076538086e-01
9.999936819076538086e-01
9.999923706054687500e-01
9.999893903732299805e-01
9.999437928199768066e-01
9.995837211608886719e-01
9.988891482353210449e-01
9.927967190742492676e-01
9.730837345123291016e-01
9.351850152015686035e-01
7.171925902366638184e-01
4.724118113517761230e-01
2.183103412389755249e-01
1.843130737543106079e-01
3.293025493621826172e-01
7.873571515083312988e-01
9.421794414520263672e-01
9.908525943756103516e-01
9.907547831535339355e-01
9.907084703445434570e-01
9.913483262062072754e-01
9.951444268226623535e-01
9.712275266647338867e-01
9.256202578544616699e-01
8.292339444160461426e-01
7.536516785621643066e-01
7.030320167541503906e-01
8.618153333663940430e-01
9.576108455657958984e-01
9.937708973884582520e-01
9.979673624038696289e-01
9.999496340751647949e-01
9.999955296516418457e-01
9.999993443489074707e-01
9.999989867210388184e-01
9.999982118606567383e-01
9.999991059303283691e-01
9.999998211860656738e-01
9.999993443489074707e-01
9.999985694885253906e-01
9.999952912330627441e-01
9.999844431877136230e-01
9.999636411666870117e-01
9.999370574951171875e-01
9.999026656150817871e-01
9.998664855957031250e-01
9.997748136520385742e-01
9.992236495018005371e-01
9.978423118591308594e-01
9.959433078765869141e-01
9.970062375068664551e-01
9.981696009635925293e-01
9.994354248046875000e-01
9.997743964195251465e-01
9.997066259384155273e-01
9.991405010223388672e-01
9.867331981658935547e-01
9.530490040779113770e-01
8.834933638572692871e-01
8.647992610931396484e-01
8.844295144081115723e-01
9.727343320846557617e-01
9.974465966224670410e-01
9.996631741523742676e-01
9.988632202148437500e-01
9.907605051994323730e-01
9.716937541961669922e-01
9.045373797416687012e-01
9.113184213638305664e-01
9.656671881675720215e-01
9.825314283370971680e-01
9.834769964218139648e-01
9.697730541229248047e-01
4.373506009578704834e-01
9.804996848106384277e-02
8.236508816480636597e-03
4.466403104568666960e-13
5.629051942378282547e-03
2.084948681294918060e-02
4.795643985271453857e-01
8.403767347335815430e-01
7.404190301895141602e-01
6.396310329437255859e-01
6.022063493728637695e-01
8.002367615699768066e-01
8.457238674163818359e-01
7.949746251106262207e-01
6.005279421806335449e-01
3.441846072673797607e-01
5.964700132608413696e-02
1.950914040207862854e-02
4.507078301685396582e-07
9.058861678568064235e-07
1.678752750158309937e-01
3.504721820354461670e-01
5.464844107627868652e-01
4.256149530410766602e-01
3.131310939788818359e-01
2.877798378467559814e-01
4.227131307125091553e-01
5.515167713165283203e-01
5.617875456809997559e-01
6.393632292747497559e-01
7.564553618431091309e-01
9.363392591476440430e-01
9.999959468841552734e-01
9.999996423721313477e-01
9.999997019767761230e-01
9.999997019767761230e-01
9.999995827674865723e-01
9.999991059303283691e-01
9.999669790267944336e-01
9.998999238014221191e-01
9.864991903305053711e-01
9.718394279479980469e-01
9.566845893859863281e-01
9.664932489395141602e-01
9.809103608131408691e-01
9.955961704254150391e-01
9.982926249504089355e-01
9.973437786102294922e-01
9.966235160827636719e-01
9.965466856956481934e-01
9.968600869178771973e-01
9.977034330368041992e-01
9.984832406044006348e-01
9.991999864578247070e-01
9.994930028915405273e-01
9.996961951255798340e-01
9.998089075088500977e-01
9.996653795242309570e-01
9.993573427200317383e-01
9.988279938697814941e-01
9.982177019119262695e-01
9.965404272079467773e-01
9.926025271415710449e-01
9.842801690101623535e-01
9.760179519653320312e-01
9.724498987197875977e-01
9.685564041137695312e-01
9.662023186683654785e-01
9.748340845108032227e-01
9.848465323448181152e-01
9.954692721366882324e-01
9.983572363853454590e-01
9.998694658279418945e-01
9.999806880950927734e-01
9.999923110008239746e-01
9.999961256980895996e-01
9.999963045120239258e-01
9.999871253967285156e-01
9.998587965965270996e-01
9.994652271270751953e-01
9.957364797592163086e-01
9.910883307456970215e-01
9.869199395179748535e-01
9.890063405036926270e-01
9.941229820251464844e-01
9.982314705848693848e-01
9.996103644371032715e-01
9.988058209419250488e-01
9.925044775009155273e-01
9.845431447029113770e-01
9.747598767280578613e-01
9.868902564048767090e-01
9.965835213661193848e-01
9.992998838424682617e-01
9.998410940170288086e-01
9.998834133148193359e-01
9.998202323913574219e-01
9.965500831604003906e-01
9.853054285049438477e-01
9.426819086074829102e-01
8.695097565650939941e-01
7.909234166145324707e-01
8.586166501045227051e-01
9.278898239135742188e-01
9.986524581909179688e-01
1.000000000000000000e+00
1.000000000000000000e+00
1.000000000000000000e+00
1.000000000000000000e+00
9.806816577911376953e-01
9.217309951782226562e-01
9.227595925331115723e-01
9.444460868835449219e-01
9.777444005012512207e-01
9.934959411621093750e-01
9.998425245285034180e-01
9.999424815177917480e-01
9.999827146530151367e-01
9.999772906303405762e-01
9.999312162399291992e-01
9.998130798339843750e-01
9.996131062507629395e-01
9.994326829910278320e-01
9.994358420372009277e-01
9.997606873512268066e-01
9.999150037765502930e-01
1.000000000000000000e+00
1.000000000000000000e+00
1.000000000000000000e+00
9.999608397483825684e-01
9.996982812881469727e-01
9.995216727256774902e-01
9.993949532508850098e-01
9.990709424018859863e-01
9.953843355178833008e-01
9.881869554519653320e-01
8.876864314079284668e-01
7.706688642501831055e-01
6.373732686042785645e-01
6.948575973510742188e-01
7.970905900001525879e-01
9.106153845787048340e-01
9.561102986335754395e-01
9.709095954895019531e-01
9.667236804962158203e-01
9.744184017181396484e-01
9.893868565559387207e-01
9.964459538459777832e-01
9.925985336303710938e-01
9.776736497879028320e-01
9.773794412612915039e-01
9.735376238822937012e-01
9.625757336616516113e-01
9.634456634521484375e-01
9.704204201698303223e-01
9.871152043342590332e-01
9.951930642127990723e-01
9.991858601570129395e-01
9.996587038040161133e-01
9.997428059577941895e-01
9.994746446609497070e-01
9.972603321075439453e-01
9.971865415573120117e-01
9.993368387222290039e-01
9.997918009757995605e-01
9.999997019767761230e-01
9.999994635581970215e-01
9.999963045120239258e-01
9.999884963035583496e-01
9.999693632125854492e-01
9.999642968177795410e-01
9.999609589576721191e-01
9.999325275421142578e-01
9.995102286338806152e-01
9.988201856613159180e-01
9.985424876213073730e-01
9.984282255172729492e-01
9.984982609748840332e-01
9.677332043647766113e-01
7.894431352615356445e-01
3.462794423103332520e-01
1.784158498048782349e-01
1.585485339164733887e-01
3.896018564701080322e-01
5.622732639312744141e-01
7.076198458671569824e-01
8.639163970947265625e-01
9.450125694274902344e-01
9.653322696685791016e-01
9.796612262725830078e-01
9.908670783042907715e-01
9.980764389038085938e-01
9.994715452194213867e-01
9.998348951339721680e-01
9.997795820236206055e-01
9.986861348152160645e-01
9.957665205001831055e-01
9.865159988403320312e-01
9.366567134857177734e-01
8.436082005500793457e-01
4.855452477931976318e-01
2.916847467422485352e-01
2.588464915752410889e-01
4.335450530052185059e-01
4.511057138442993164e-01
1.934737265110015869e-01
9.282889217138290405e-02
4.836291074752807617e-02
6.635193526744842529e-02
1.913821846246719360e-01
3.806291222572326660e-01
6.844611167907714844e-01
8.425961136817932129e-01
8.894353508949279785e-01
8.210560679435729980e-01
7.542639374732971191e-01
6.893724203109741211e-01
7.841101884841918945e-01
6.906277537345886230e-01
1.372483372688293457e-01
8.571279536823128709e-13
7.926862963358871639e-06
5.010852692066691816e-05
1.885493993759155273e-01
4.917579293251037598e-01
8.028259277343750000e-01
9.708113074302673340e-01
9.921241998672485352e-01
9.827015399932861328e-01
9.719861745834350586e-01
9.631940722465515137e-01
9.534481167793273926e-01
9.499469399452209473e-01
9.677596092224121094e-01
9.822709560394287109e-01
9.938349723815917969e-01
9.943116903305053711e-01
9.935438632965087891e-01
9.917080998420715332e-01
9.856688976287841797e-01
9.703485965728759766e-01
9.415782690048217773e-01
9.068331718444824219e-01
8.980942964553833008e-01
9.624992609024047852e-01
9.835095405578613281e-01
9.831710457801818848e-01
9.626419544219970703e-01
9.639784693717956543e-01
9.817432761192321777e-01
9.931598305702209473e-01
9.994757175445556641e-01
9.992422461509704590e-01
9.961653351783752441e-01
9.919871091842651367e-01
9.862616658210754395e-01
9.900545477867126465e-01
9.963802695274353027e-01
9.979528188705444336e-01
9.987248778343200684e-01
9.989490509033203125e-01
9.990725517272949219e-01
9.990637302398681641e-01
9.988986253738403320e-01
9.990937113761901855e-01
9.992038607597351074e-01
9.990414977073669434e-01
9.947077035903930664e-01
9.888259172439575195e-01
9.821386933326721191e-01
9.838430285453796387e-01
9.907789826393127441e-01
9.959381818771362305e-01
9.990532994270324707e-01
9.998705983161926270e-01
9.999524950981140137e-01
9.999577403068542480e-01
9.999710321426391602e-01
9.999811053276062012e-01
9.999870657920837402e-01
9.999794960021972656e-01
9.991447925567626953e-01
9.958955645561218262e-01
9.542638659477233887e-01
8.785688281059265137e-01
7.654862403869628906e-01
7.504327297210693359e-01
6.565073132514953613e-01
3.820436298847198486e-01
6.463597416877746582e-01
9.228042960166931152e-01
5.105731487274169922e-01
5.615649819374084473e-01
8.900174498558044434e-01
9.282842278480529785e-01
8.917707204818725586e-01
7.713193893432617188e-01
7.975748181343078613e-01
8.607898354530334473e-01
9.665590524673461914e-01
9.961461424827575684e-01
9.995087385177612305e-01
9.981032013893127441e-01
9.920864701271057129e-01
9.831550717353820801e-01
9.786269664764404297e-01
9.735800623893737793e-01
9.679132103919982910e-01
8.744913935661315918e-01
7.763600945472717285e-01
6.945358514785766602e-01
7.909056544303894043e-01
9.299439787864685059e-01
9.536285996437072754e-01
9.564375281333923340e-01
9.446465969085693359e-01
9.712518453598022461e-01
9.900360703468322754e-01
9.985405802726745605e-01
9.998902678489685059e-01
9.999963045120239258e-01
9.999987483024597168e-01
9.999996423721313477e-01
9.999998211860656738e-01
9.999995827674865723e-01
9.999977946281433105e-01
9.999948143959045410e-01
9.998309612274169922e-01
9.987735152244567871e-01
9.963802099227905273e-01
9.847891926765441895e-01
9.594177603721618652e-01
8.978698849678039551e-01
7.852329611778259277e-01
6.530867815017700195e-01
5.803142786026000977e-01
6.102429628372192383e-01
7.371669411659240723e-01
8.964660167694091797e-01
9.915025234222412109e-01
9.679055213928222656e-01
9.788163304328918457e-01
9.957656860351562500e-01
9.987677931785583496e-01
9.999347329139709473e-01
9.999915957450866699e-01
9.999857544898986816e-01
9.999815821647644043e-01
9.999793767929077148e-01
9.999855160713195801e-01
9.999890923500061035e-01
9.999845623970031738e-01
9.993553161621093750e-01
9.888504743576049805e-01
9.231633543968200684e-01
9.284451603889465332e-01
9.870703220367431641e-01
8.943362236022949219e-01
8.458310961723327637e-01
8.632028102874755859e-01
9.196945428848266602e-01
9.729816913604736328e-01
9.922864437103271484e-01
9.992508888244628906e-01
9.999977946281433105e-01
9.999992847442626953e-01
9.999998807907104492e-01
9.999997019767761230e-01
9.999986886978149414e-01
9.999976158142089844e-01
9.999966621398925781e-01
9.999975562095642090e-01
9.999972581863403320e-01
9.999887943267822266e-01
9.999707937240600586e-01
9.999468922615051270e-01
9.999434947967529297e-01
9.999155998229980469e-01
9.998557567596435547e-01
9.954533576965332031e-01
9.660801291465759277e-01
8.708418011665344238e-01
8.900548815727233887e-01
9.570671916007995605e-01
9.834809303283691406e-01
9.969933629035949707e-01
9.986654520034790039e-01
9.953352212905883789e-01
9.942626357078552246e-01
9.979684352874755859e-01
9.828688502311706543e-01
9.478017091751098633e-01
8.490957617759704590e-01
6.286982297897338867e-01
3.319357335567474365e-01
4.068936705589294434e-01
5.566419363021850586e-01
8.055360317230224609e-01
9.203546047210693359e-01
9.891843199729919434e-01
9.970953464508056641e-01
9.997994303703308105e-01
9.999915361404418945e-01
9.999600648880004883e-01
9.999591112136840820e-01
9.999882578849792480e-01
9.996913075447082520e-01
9.994568824768066406e-01
9.994080662727355957e-01
9.996180534362792969e-01
9.998822212219238281e-01
9.999640583992004395e-01
9.999992847442626953e-01
9.999996423721313477e-01
9.999965429306030273e-01
9.999942779541015625e-01
9.999933838844299316e-01
9.999952912330627441e-01
9.999967813491821289e-01
9.999942183494567871e-01
9.997401833534240723e-01
9.993646740913391113e-01
9.994225502014160156e-01
9.996120333671569824e-01
9.999563694000244141e-01
9.961806535720825195e-01
9.931367635726928711e-01
9.934355616569519043e-01
9.909893870353698730e-01
9.867579340934753418e-01
9.777734875679016113e-01
9.757805466651916504e-01
9.802140593528747559e-01
9.876808524131774902e-01
9.940140843391418457e-01
9.977064132690429688e-01
9.991623759269714355e-01
9.997339248657226562e-01
9.995461702346801758e-01
9.996225833892822266e-01
9.998963475227355957e-01
9.980222582817077637e-01
9.954057931900024414e-01
9.916994571685791016e-01
9.907074570655822754e-01
9.909838438034057617e-01
9.934691190719604492e-01
9.957749247550964355e-01
9.979423284530639648e-01
9.991705417633056641e-01
9.998584985733032227e-01
9.998597502708435059e-01
9.993327856063842773e-01
9.988031387329101562e-01
9.985416531562805176e-01
9.988746047019958496e-01
9.994678497314453125e-01
9.995679855346679688e-01
9.993306994438171387e-01
9.987288713455200195e-01
9.987900853157043457e-01
9.990281462669372559e-01
9.994903802871704102e-01
9.997312426567077637e-01
9.998495578765869141e-01
9.997306466102600098e-01
9.995376467704772949e-01
9.992756247520446777e-01
9.996169805526733398e-01
9.999035596847534180e-01
9.999783635139465332e-01
9.999822974205017090e-01
9.994427561759948730e-01
9.958213567733764648e-01
9.862623810768127441e-01
9.718807339668273926e-01
9.639235138893127441e-01
9.645211100578308105e-01
9.796610474586486816e-01
9.824631810188293457e-01
9.816304445266723633e-01
9.813433885574340820e-01
9.848659038543701172e-01
9.911829829216003418e-01
9.913047552108764648e-01
9.811047911643981934e-01
9.547292590141296387e-01
9.288816452026367188e-01
8.343809843063354492e-01
4.563727378845214844e-01
1.906076967716217041e-01
4.907402626486145891e-07
9.653895540395751595e-05
1.433561146259307861e-01
4.948239028453826904e-01
7.839749455451965332e-01
9.995906352996826172e-01
9.988073706626892090e-01
9.833540916442871094e-01
9.472119808197021484e-01
3.892095088958740234e-01
4.999683424830436707e-02
7.360594347119331360e-03
1.206566594191826880e-05
2.601645886898040771e-03
1.374337263405323029e-02
4.717697203159332275e-02
1.118995398283004761e-01
6.754187941551208496e-01
9.919946193695068359e-01
9.899526834487915039e-01
9.238724112510681152e-01
8.366184830665588379e-01
7.212482690811157227e-01
7.348592877388000488e-01
8.214010596275329590e-01
9.257510900497436523e-01
9.879385828971862793e-01
9.973331689834594727e-01
9.993036985397338867e-01
9.997630119323730469e-01
9.997694492340087891e-01
9.997040033340454102e-01
9.996106624603271484e-01
9.997454285621643066e-01
9.998471140861511230e-01
9.999080300331115723e-01
9.998586177825927734e-01
9.997909665107727051e-01
9.997291564941406250e-01
9.997668266296386719e-01
9.998584985733032227e-01
9.999338388442993164e-01
9.998982548713684082e-01
9.997229576110839844e-01
9.966437816619873047e-01
9.899281263351440430e-01
9.735245108604431152e-01
9.609860777854919434e-01
9.490593671798706055e-01
8.977736830711364746e-01
8.781554698944091797e-01
8.996503949165344238e-01
9.433914422988891602e-01
9.829093217849731445e-01
9.931240081787109375e-01
9.942188262939453125e-01
9.765089154243469238e-01
4.344171881675720215e-01
8.913437277078628540e-02
1.356961950659751892e-02
1.440798640251159668e-01
3.683109581470489502e-01
7.680895328521728516e-01
5.713989138603210449e-01
3.406837582588195801e-03
1.319808769039809704e-03
9.683640673756599426e-03
3.343255817890167236e-02
4.869084954261779785e-01
9.427182078361511230e-01
9.726818203926086426e-01
9.694139361381530762e-01
9.432568550109863281e-01
9.709066152572631836e-01
9.911184310913085938e-01
9.983890056610107422e-01
9.999944567680358887e-01
9.999979734420776367e-01
9.999918341636657715e-01
9.994416832923889160e-01
9.984788894653320312e-01
9.927381873130798340e-01
9.874428510665893555e-01
9.832845330238342285e-01
9.904704093933105469e-01
9.998402595520019531e-01
9.999443888664245605e-01
9.999598264694213867e-01
9.998992085456848145e-01
9.996160864830017090e-01
9.994340538978576660e-01
9.994918704032897949e-01
9.996672868728637695e-01
9.998710751533508301e-01
9.999376535415649414e-01
9.999594688415527344e-01
9.999375939369201660e-01
9.993956089019775391e-01
9.990267753601074219e-01
9.992278218269348145e-01
9.995450973510742188e-01
9.998926520347595215e-01
9.999452233314514160e-01
9.999688863754272461e-01
9.999595880508422852e-01
9.999608993530273438e-01
9.999683499336242676e-01
9.999891519546508789e-01
9.999895095825195312e-01
9.999704957008361816e-01
9.997142553329467773e-01
9.988015294075012207e-01
9.969917535781860352e-01
9.897115826606750488e-01
9.773684144020080566e-01
9.501170516014099121e-01
9.615193009376525879e-01
9.993793368339538574e-01
9.664462208747863770e-01
9.245264530181884766e-01
8.695125579833984375e-01
8.709940910339355469e-01
8.944846391677856445e-01
9.435609579086303711e-01
9.754965901374816895e-01
9.930366873741149902e-01
9.950153827667236328e-01
9.952101111412048340e-01
9.940696358680725098e-01
9.936215877532958984e-01
9.935343861579895020e-01
9.941601753234863281e-01
9.922574758529663086e-01
9.876492023468017578e-01
9.862574934959411621e-01
9.879073500633239746e-01
9.968546032905578613e-01
9.959295392036437988e-01
9.897922277450561523e-01
9.876031279563903809e-01
9.875653386116027832e-01
9.904677271842956543e-01
9.537414908409118652e-01
8.140563964843750000e-01
2.921622693538665771e-01
6.534101814031600952e-02
4.955333843827247620e-02
2.930544018745422363e-01
4.965015053749084473e-01
6.122674345970153809e-01
5.285102128982543945e-01
4.105383157730102539e-01
5.242859125137329102e-01
7.052869200706481934e-01
9.489904642105102539e-01
9.255806803703308105e-01
9.055245518684387207e-01
9.669963717460632324e-01
9.617245197296142578e-01
9.153816103935241699e-01
7.296745181083679199e-01
5.790323019027709961e-01
4.727723002433776855e-01
7.218818664550781250e-01
9.772523641586303711e-01
9.797072410583496094e-01
9.675765037536621094e-01
9.455917477607727051e-01
9.546036720275878906e-01
9.681086540222167969e-01
9.884098172187805176e-01
9.952059388160705566e-01
9.966222047805786133e-01
9.925380349159240723e-01
9.890931844711303711e-01
9.862468838691711426e-01
9.887964129447937012e-01
9.922882318496704102e-01
9.966195225715637207e-01
9.979541897773742676e-01
9.972056746482849121e-01
9.848390221595764160e-01
9.764444828033447266e-01
9.733228683471679688e-01
9.805812835693359375e-01
9.854933619499206543e-01
9.705385565757751465e-01
9.399079680442810059e-01
8.975832462310791016e-01
8.892890214920043945e-01
8.892700672149658203e-01
9.024593234062194824e-01
8.904580473899841309e-01
8.758909106254577637e-01
9.277293086051940918e-01
9.615005254745483398e-01
9.757613539695739746e-01
9.456647038459777832e-01
9.191576838493347168e-01
9.261541962623596191e-01
9.529174566268920898e-01
9.916303753852844238e-01
9.959923028945922852e-01
9.989339709281921387e-01
9.995606541633605957e-01
9.998441338539123535e-01
9.999954104423522949e-01
9.999976158142089844e-01
9.999957084655761719e-01
9.999899864196777344e-01
9.999744296073913574e-01
9.999619722366333008e-01
9.999602437019348145e-01
9.999641180038452148e-01
9.999667406082153320e-01
9.998583793640136719e-01
9.992329478263854980e-01
9.978732466697692871e-01
9.908060431480407715e-01
9.827277064323425293e-01
9.770574569702148438e-01
9.782425165176391602e-01
9.851267933845520020e-01
9.919174909591674805e-01
9.972257614135742188e-01
9.991416931152343750e-01
9.998497366905212402e-01
9.999323487281799316e-01
9.991037249565124512e-01
9.964854717254638672e-01
9.915307760238647461e-01
9.881187677383422852e-01
9.851446747779846191e-01
9.824963212013244629e-01
9.860236644744873047e-01
9.943673014640808105e-01
9.950611591339111328e-01
9.928351640701293945e-01
9.853103160858154297e-01
9.727298617362976074e-01
9.601823687553405762e-01
9.808561205863952637e-01
9.943460822105407715e-01
9.987219572067260742e-01
9.997159838676452637e-01
9.999002218246459961e-01
9.998496770858764648e-01
9.998255968093872070e-01
9.998218417167663574e-01
9.997875690460205078e-01
9.996757507324218750e-01
9.993981122970581055e-01
9.993327260017395020e-01
9.993755817413330078e-01
9.995909929275512695e-01
9.997296333312988281e-01
9.997685551643371582e-01
9.994630217552185059e-01
9.964606165885925293e-01
9.817920327186584473e-01
7.671430706977844238e-01
3.926091790199279785e-01
2.322873622179031372e-01
2.676487267017364502e-01
7.203801274299621582e-01
9.206740260124206543e-01
9.942610859870910645e-01
9.908379912376403809e-01
9.712494015693664551e-01
9.290417432785034180e-01
9.377735853195190430e-01
9.605164527893066406e-01
9.850405454635620117e-01
9.972355961799621582e-01
9.985738992691040039e-01
9.993718862533569336e-01
9.999221563339233398e-01
9.999685287475585938e-01
9.999862909317016602e-01
9.999879002571105957e-01
9.999697804450988770e-01
9.999544620513916016e-01
9.999435544013977051e-01
9.999529719352722168e-01
9.999685883522033691e-01
9.999814629554748535e-01
9.999824166297912598e-01
9.999713301658630371e-01
9.997628331184387207e-01
9.986436367034912109e-01
9.946923255920410156e-01
9.779742956161499023e-01
9.529498815536499023e-01
9.606568813323974609e-01
9.718440771102905273e-01
9.880288839340209961e-01
9.925971031188964844e-01
9.919667840003967285e-01
9.858320951461791992e-01
9.743804335594177246e-01
9.563568830490112305e-01
9.603798389434814453e-01
9.711101651191711426e-01
9.895149469375610352e-01
9.977037906646728516e-01
9.976320862770080566e-01
9.963884353637695312e-01
9.893454313278198242e-01
9.680784940719604492e-01
9.292804598808288574e-01
8.827543854713439941e-01
9.117633700370788574e-01
9.440626502037048340e-01
9.816278219223022461e-01
9.652588963508605957e-01
9.003490805625915527e-01
6.094020009040832520e-01
5.453460216522216797e-01
7.206345200538635254e-01
8.497380614280700684e-01
9.264937043190002441e-01
8.461304306983947754e-01
7.585391402244567871e-01
6.657209396362304688e-01
6.475076675415039062e-01
5.925280451774597168e-01
4.493710398674011230e-01
5.888978242874145508e-01
8.538146018981933594e-01
9.417716860771179199e-01
9.953041076660156250e-01
9.991092085838317871e-01
9.999802112579345703e-01
9.999900460243225098e-01
9.999940395355224609e-01
9.999924302101135254e-01
9.999851584434509277e-01
9.985197782516479492e-01
9.948999285697937012e-01
9.848428964614868164e-01
9.864750504493713379e-01
9.961320161819458008e-01
9.984433650970458984e-01
9.998261332511901855e-01
9.999511241912841797e-01
9.999909996986389160e-01
9.999895095825195312e-01
9.999523162841796875e-01
9.999100565910339355e-01
9.998605251312255859e-01
9.998543858528137207e-01
9.998655319213867188e-01
9.999050498008728027e-01
9.999036788940429688e-01
9.998605251312255859e-01
9.997661113739013672e-01
9.997110366821289062e-01
9.998300671577453613e-01
9.999222159385681152e-01
9.999944567680358887e-01
9.999995231628417969e-01
1.000000000000000000e+00
1.000000000000000000e+00
1.000000000000000000e+00
1.000000000000000000e+00
1.000000000000000000e+00
9.999988079071044922e-01
9.999957084655761719e-01
9.997876286506652832e-01
9.991250634193420410e-01
9.950844645500183105e-01
9.883619546890258789e-01
9.785028696060180664e-01
9.754129648208618164e-01
9.754344224929809570e-01
9.828397035598754883e-01
9.891216158866882324e-01
9.944431185722351074e-01
9.967049956321716309e-01
9.982789754867553711e-01
9.988821744918823242e-01
9.993382096290588379e-01
9.997029900550842285e-01
9.998832345008850098e-01
9.999632239341735840e-01
9.998533129692077637e-01
9.997435808181762695e-01
9.996373653411865234e-01
9.995996356010437012e-01
9.992698431015014648e-01
9.985122680664062500e-01
9.921759963035583496e-01
9.829288125038146973e-01
9.649861454963684082e-01
9.278823733329772949e-01
8.697398304939270020e-01
8.221766948699951172e-01
7.962077856063842773e-01
8.532212972640991211e-01
9.172770380973815918e-01
9.872110486030578613e-01
9.968656897544860840e-01
9.989534020423889160e-01
9.980043172836303711e-01
9.919838905334472656e-01
9.827702045440673828e-01
9.740259051322937012e-01
9.733659029006958008e-01
9.895855784416198730e-01
9.966124892234802246e-01
9.992305040359497070e-01
9.993547797203063965e-01
9.995351433753967285e-01
9.998036026954650879e-01
9.999239444732666016e-01
9.999875426292419434e-01
9.999927878379821777e-01
9.999959468841552734e-01
9.999966025352478027e-01
9.999983310699462891e-01
9.999992251396179199e-01
9.999942779541015625e-01
9.999927282333374023e-01
9.999943375587463379e-01
9.999969601631164551e-01
9.999992251396179199e-01
9.999996423721313477e-01
9.999979734420776367e-01
9.999946951866149902e-01
9.999108314514160156e-01
9.998142719268798828e-01
9.997013807296752930e-01
9.996611475944519043e-01
9.996635317802429199e-01
9.995579123497009277e-01
9.995397925376892090e-01
9.996995925903320312e-01
9.998424649238586426e-01
9.999731779098510742e-01
9.999898672103881836e-01
9.999998211860656738e-01
9.999992847442626953e-01
9.999989271163940430e-01
9.999986290931701660e-01
9.999990463256835938e-01
9.997125267982482910e-01
9.990674853324890137e-01
7.976664900779724121e-01
5.376033186912536621e-01
2.407820671796798706e-01
6.698567420244216919e-02
1.910550892353057861e-02
1.994063705205917358e-02
8.942410349845886230e-02
4.059646427631378174e-01
6.977739930152893066e-01
9.688403010368347168e-01
9.989701509475708008e-01
9.999994039535522461e-01
9.999969005584716797e-01
9.999936819076538086e-01
9.999898672103881836e-01
9.999867677688598633e-01
9.999669790267944336e-01
9.999064803123474121e-01
9.998504519462585449e-01
9.997969269752502441e-01
9.999023079872131348e-01
9.999790191650390625e-01
9.999931454658508301e-01
9.999983906745910645e-01
9.999994039535522461e-01
9.999980926513671875e-01
9.999195933341979980e-01
9.997133016586303711e-01
9.994730949401855469e-01
9.988855123519897461e-01
9.939200282096862793e-01
9.914733767509460449e-01
9.925526976585388184e-01
9.959694743156433105e-01
9.996792078018188477e-01
9.998432397842407227e-01
9.999322891235351562e-01
9.999312758445739746e-01
9.999470710754394531e-01
9.999660253524780273e-01
9.999786615371704102e-01
9.999174475669860840e-01
9.997801184654235840e-01
9.935178160667419434e-01
9.854559302330017090e-01
9.746437072753906250e-01
9.778895378112792969e-01
9.936451315879821777e-01
9.977768659591674805e-01
9.997122883796691895e-01
9.998026490211486816e-01
9.997806549072265625e-01
9.996708631515502930e-01
9.988959431648254395e-01
9.977210164070129395e-01
9.955525994300842285e-01
9.946548938751220703e-01
9.946268796920776367e-01
9.757109880447387695e-01
9.479764103889465332e-01
9.009782671928405762e-01
8.893594145774841309e-01
8.988687992095947266e-01
9.484019279479980469e-01
9.864120483398437500e-01
9.960157871246337891e-01
9.995890855789184570e-01
9.999507665634155273e-01
9.999741911888122559e-01
9.999889731407165527e-01
9.999897480010986328e-01
9.999691843986511230e-01
9.999383091926574707e-01
9.999008774757385254e-01
9.998989105224609375e-01
9.999589920043945312e-01
9.999604821205139160e-01
9.999352693557739258e-01
9.998611807823181152e-01
9.997830986976623535e-01
9.996986389160156250e-01
9.993148446083068848e-01
9.987931847572326660e-01
9.979107975959777832e-01
9.973610043525695801e-01
9.972925782203674316e-01
9.723260998725891113e-01
9.336374998092651367e-01
8.400567770004272461e-01
7.400060892105102539e-01
6.313703060150146484e-01
5.821501612663269043e-01
5.744076967239379883e-01
7.574588060379028320e-01
8.942371010780334473e-01
9.740647673606872559e-01
9.952864050865173340e-01
9.999123215675354004e-01
9.999677538871765137e-01
9.999951124191284180e-01
9.999899864196777344e-01
9.999848008155822754e-01
9.999809861183166504e-01
9.999853968620300293e-01
9.999872446060180664e-01
9.999863505363464355e-01
9.999867081642150879e-01
9.999876022338867188e-01
9.999898672103881836e-01
9.999914765357971191e-01
9.999924302101135254e-01
9.999588131904602051e-01
9.997798204421997070e-01
9.989023208618164062e-01
9.935491681098937988e-01
9.837412238121032715e-01
9.632379412651062012e-01
9.477185606956481934e-01
9.655039906501770020e-01
9.807098507881164551e-01
9.934402704238891602e-01
9.947361350059509277e-01
9.911701679229736328e-01
9.752054810523986816e-01
9.638329744338989258e-01
9.567217230796813965e-01
9.757559895515441895e-01
9.403100609779357910e-01
6.505597829818725586e-01
3.515653312206268311e-01
4.411789029836654663e-02
2.052347803102522011e-19
8.797859663900453597e-06
5.465070353238843381e-05
1.928988993167877197e-01
5.594679713249206543e-01
7.903476357460021973e-01
9.625851511955261230e-01
9.855294227600097656e-01
9.974867105484008789e-01
9.996885657310485840e-01
9.989436864852905273e-01
9.976220726966857910e-01
9.958589673042297363e-01
9.957380890846252441e-01
9.970830678939819336e-01
9.986283779144287109e-01
9.998443722724914551e-01
9.995721578598022461e-01
9.990653991699218750e-01
9.983480572700500488e-01
9.981698989868164062e-01
9.980028271675109863e-01
9.975131750106811523e-01
9.966535568237304688e-01
9.954599738121032715e-01
9.949206709861755371e-01
9.945253729820251465e-01
9.942774176597595215e-01
9.923318028450012207e-01
9.888117909431457520e-01
9.903289079666137695e-01
9.927580356597900391e-01
9.952811598777770996e-01
9.954996109008789062e-01
9.935126900672912598e-01
9.945980906486511230e-01
9.962100982666015625e-01
9.975807666778564453e-01
9.966800212860107422e-01
9.935364723205566406e-01
9.878177046775817871e-01
9.836637377738952637e-01
9.901329874992370605e-01
9.945960640907287598e-01
9.969843029975891113e-01
9.933070540428161621e-01
9.876084327697753906e-01
9.779478311538696289e-01
9.741554856300354004e-01
9.767655134201049805e-01
9.805032014846801758e-01
9.845513701438903809e-01
9.888935089111328125e-01
9.917302131652832031e-01
9.928339123725891113e-01
9.921633601188659668e-01
9.916762709617614746e-01
9.958274364471435547e-01
9.986036419868469238e-01
9.996881484985351562e-01
9.999495744705200195e-01
9.999642372131347656e-01
9.999129176139831543e-01
9.998443126678466797e-01
9.997525811195373535e-01
9.996668696403503418e-01
9.995716214179992676e-01
9.993473887443542480e-01
9.992269277572631836e-01
9.992561340332031250e-01
9.994096159934997559e-01
9.995942115783691406e-01
9.995854496955871582e-01
9.995245337486267090e-01
9.993814826011657715e-01
9.991546273231506348e-01
9.989058971405029297e-01
9.989446401596069336e-01
9.983093738555908203e-01
9.964926838874816895e-01
9.935919046401977539e-01
9.902663230895996094e-01
9.913111925125122070e-01
9.920492768287658691e-01
9.921875596046447754e-01
9.908283948898315430e-01
9.887121319770812988e-01
9.912377595901489258e-01
9.941934943199157715e-01
9.979819059371948242e-01
9.996008276939392090e-01
9.999727010726928711e-01
9.999946355819702148e-01
9.999997019767761230e-01
9.999997615814208984e-01
9.999985694885253906e-01
9.999966025352478027e-01
9.999943971633911133e-01
9.999931454658508301e-01
9.999949336051940918e-01
9.999921917915344238e-01
9.999861717224121094e-01
9.999680519104003906e-01
9.999526739120483398e-01
9.999520182609558105e-01
9.999659657478332520e-01
9.999923110008239746e-01
9.999980330467224121e-01
9.999993443489074707e-01
9.999957680702209473e-01
9.998871088027954102e-01
9.996761083602905273e-01
9.989821314811706543e-01
9.983550906181335449e-01
9.986935257911682129e-01
9.991441965103149414e-01
9.997205734252929688e-01
9.998859763145446777e-01
9.999369978904724121e-01
9.999426007270812988e-01
9.999285340309143066e-01
9.998885989189147949e-01
9.997544884681701660e-01
9.995005130767822266e-01
9.980673789978027344e-01
9.974393844604492188e-01
9.980757832527160645e-01
9.989941716194152832e-01
9.994076490402221680e-01
9.779044985771179199e-01
9.634906053543090820e-01
9.624590277671813965e-01
9.713505506515502930e-01
9.852097034454345703e-01
9.780121445655822754e-01
9.435585141181945801e-01
8.476561903953552246e-01
7.382042407989501953e-01
6.205061674118041992e-01
4.001243710517883301e-01
2.631229162216186523e-01
3.878817558288574219e-01
5.813590288162231445e-01
8.258745074272155762e-01
9.196458458900451660e-01
9.717443585395812988e-01
9.356221556663513184e-01
9.370369911193847656e-01
9.722819328308105469e-01
9.887115359306335449e-01
9.996099472045898438e-01
9.998655915260314941e-01
9.999996423721313477e-01
9.999999403953552246e-01
1.000000000000000000e+00
1.000000000000000000e+00
9.999998807907104492e-01
9.999975562095642090e-01
9.999923706054687500e-01
9.998846650123596191e-01
9.996076226234436035e-01
9.969499707221984863e-01
9.920784831047058105e-01
9.833979606628417969e-01
9.684473276138305664e-01
9.505563974380493164e-01
9.501871466636657715e-01
9.557977318763732910e-01
9.744992852210998535e-01
9.876488447189331055e-01
9.974893331527709961e-01
9.990679621696472168e-01
9.996004104614257812e-01
9.985985755920410156e-01
9.798578619956970215e-01
9.474958181381225586e-01
7.896828651428222656e-01
6.481093168258666992e-01
6.447246074676513672e-01
6.810702085494995117e-01
7.561381459236145020e-01
8.723096847534179688e-01
9.821346402168273926e-01
9.934958815574645996e-01
9.998476505279541016e-01
9.999679923057556152e-01
9.999939799308776855e-01
9.999812841415405273e-01
9.998532533645629883e-01
9.997513294219970703e-01
9.996920228004455566e-01
9.997380971908569336e-01
9.998114109039306641e-01
9.935175180435180664e-01
8.686556220054626465e-01
4.843778014183044434e-01
2.447224408388137817e-01
9.108282625675201416e-02
2.718068063259124756e-01
5.005867481231689453e-01
8.078840970993041992e-01
9.617301821708679199e-01
9.942083358764648438e-01
9.991466999053955078e-01
9.964482188224792480e-01
9.777736663818359375e-01
8.949930071830749512e-01
7.445150017738342285e-01
6.433897018432617188e-01
5.881624221801757812e-01
8.170350790023803711e-01
9.614427089691162109e-01
9.872578978538513184e-01
9.950146675109863281e-01
9.958735704421997070e-01
9.960153102874755859e-01
9.954583048820495605e-01
9.935559630393981934e-01
9.769915938377380371e-01
9.524962902069091797e-01
8.711903691291809082e-01
8.356232643127441406e-01
9.341841340065002441e-01
9.840155243873596191e-01
9.973372220993041992e-01
9.992297887802124023e-01
9.994320869445800781e-01
9.991388320922851562e-01
9.992853999137878418e-01
9.998816847801208496e-01
9.997657537460327148e-01
9.995120763778686523e-01
9.995701909065246582e-01
9.996631145477294922e-01
9.998051524162292480e-01
9.996805787086486816e-01
9.993949532508850098e-01
9.969572424888610840e-01
9.950254559516906738e-01
9.941148161888122559e-01
9.949389696121215820e-01
9.967498779296875000e-01
9.982144832611083984e-01
9.993897676467895508e-01
9.997528195381164551e-01
9.999394416809082031e-01
9.999836683273315430e-01
9.999949932098388672e-01
1.000000000000000000e+00
1.000000000000000000e+00
9.999902844429016113e-01
9.999695420265197754e-01
9.999661445617675781e-01
9.999690651893615723e-01
9.999852776527404785e-01
9.999960660934448242e-01
9.999980330467224121e-01
9.999895691871643066e-01
9.999762773513793945e-01
9.964920282363891602e-01
8.307197690010070801e-01
2.660347819328308105e-01
2.331514284014701843e-02
2.230179263278841972e-03
0.000000000000000000e+00
0.000000000000000000e+00
0.000000000000000000e+00
1.846811642280954402e-06
5.554302788368659094e-06
4.706505835056304932e-01
1.000000000000000000e+00
1.000000000000000000e+00
7.653491497039794922e-01
1.836238205432891846e-01
8.246574550867080688e-03
6.519787944853305817e-03
4.673073291778564453e-01
8.116854429244995117e-01
8.952690958976745605e-01
9.422799348831176758e-01
9.658896923065185547e-01
9.834879636764526367e-01
9.972949624061584473e-01
9.990220665931701660e-01
9.998958110809326172e-01
9.999456405639648438e-01
9.998902678489685059e-01
9.998186826705932617e-01
9.998170137405395508e-01
9.998601675033569336e-01
9.999684691429138184e-01
1.000000000000000000e+00
9.999995827674865723e-01
9.999462366104125977e-01
9.994000792503356934e-01
9.977409839630126953e-01
9.936944246292114258e-01
9.880973696708679199e-01
9.506566524505615234e-01
8.964912891387939453e-01
7.893189787864685059e-01
8.070431351661682129e-01
9.494246244430541992e-01
9.882028102874755859e-01
9.995062947273254395e-01
9.993659257888793945e-01
9.992774128913879395e-01
9.992684721946716309e-01
9.995159506797790527e-01
9.998778700828552246e-01
9.999505281448364258e-01
1.000000000000000000e+00
1.000000000000000000e+00
9.997437000274658203e-01
9.993038177490234375e-01
9.945456981658935547e-01
9.852883815765380859e-01
9.575928449630737305e-01
9.526221752166748047e-01
9.732391238212585449e-01
9.861881136894226074e-01
9.960203766822814941e-01
9.945384263992309570e-01
9.913080334663391113e-01
9.849439859390258789e-01
9.861208200454711914e-01
9.912836551666259766e-01
9.946774840354919434e-01
9.967625141143798828e-01
9.950771927833557129e-01
9.908745884895324707e-01
9.845170974731445312e-01
9.752063155174255371e-01
9.681007862091064453e-01
9.806712269783020020e-01
9.901851415634155273e-01
9.954263567924499512e-01
9.946043491363525391e-01
9.913210868835449219e-01
9.857708215713500977e-01
9.831414222717285156e-01
9.873522520065307617e-01
9.928061366081237793e-01
9.991128444671630859e-01
9.983338713645935059e-01
9.839110374450683594e-01
9.108780026435852051e-01
6.690905690193176270e-01
2.369504570960998535e-01
9.783523529767990112e-02
6.598527729511260986e-02
3.050989806652069092e-01
4.591688811779022217e-01
4.523016810417175293e-01
2.824415862560272217e-01
1.948283240199089050e-02
5.016521317884325981e-04
6.205364000422264326e-10
1.887521250409918139e-09
4.584034904837608337e-02
1.352951675653457642e-01
5.466684699058532715e-01
9.813407063484191895e-01
8.803392648696899414e-01
7.184970378875732422e-01
4.583293795585632324e-01
4.453112781047821045e-01
5.518078804016113281e-01
6.728340983390808105e-01
7.663227319717407227e-01
7.768116593360900879e-01
7.862250804901123047e-01
7.947461605072021484e-01
8.619307875633239746e-01
9.354154467582702637e-01
9.699615240097045898e-01
9.870315194129943848e-01
9.792738556861877441e-01
9.272013306617736816e-01
8.561565876007080078e-01
8.807200789451599121e-01
9.122290611267089844e-01
9.589098691940307617e-01
9.856352806091308594e-01
9.969671368598937988e-01
9.992002248764038086e-01
9.986578226089477539e-01
9.908325672149658203e-01
9.366856217384338379e-01
8.208429813385009766e-01
7.491782903671264648e-01
6.956835389137268066e-01
7.531623244285583496e-01
7.680231928825378418e-01
6.790128350257873535e-01
7.207456827163696289e-01
8.582406640052795410e-01
9.385647177696228027e-01
9.992942810058593750e-01
9.997425675392150879e-01
9.999915957450866699e-01
9.999811649322509766e-01
9.999439716339111328e-01
9.998947381973266602e-01
9.996018409729003906e-01
9.862034916877746582e-01
9.412495493888854980e-01
6.186606884002685547e-01
9.418650716543197632e-02
1.259591430425643921e-02
4.475748538970947266e-02
3.284980952739715576e-01
5.325841307640075684e-01
6.314543485641479492e-01
7.862654924392700195e-01
9.636905193328857422e-01
9.779424667358398438e-01
9.882601499557495117e-01
9.891569614410400391e-01
9.902601838111877441e-01
9.915238022804260254e-01
9.929605126380920410e-01
9.939167499542236328e-01
9.915294647216796875e-01
9.827579855918884277e-01
9.649908542633056641e-01
9.537704586982727051e-01
9.453670382499694824e-01
9.764523506164550781e-01
9.790488481521606445e-01
8.988608717918395996e-01
8.800144791603088379e-01
9.124263525009155273e-01
9.540836215019226074e-01
9.934241771697998047e-01
9.973618388175964355e-01
9.997972846031188965e-01
9.998934268951416016e-01
9.997898936271667480e-01
9.995888471603393555e-01
9.969285726547241211e-01
9.662063121795654297e-01
8.444989323616027832e-01
6.201338768005371094e-01
2.989735305309295654e-01
5.081622600555419922e-01
8.353830575942993164e-01
9.334133267402648926e-01
9.906234145164489746e-01
9.736956357955932617e-01
9.015488624572753906e-01
7.978355884552001953e-01
3.695420324802398682e-01
8.400476071983575821e-04
2.891237963922321796e-04
1.112520229071378708e-03
3.447673283517360687e-03
3.870281279087066650e-01
8.792715668678283691e-01
9.506026506423950195e-01
9.997369050979614258e-01
9.997380375862121582e-01
9.995097517967224121e-01
9.991221427917480469e-01
9.943571686744689941e-01
9.851276278495788574e-01
9.538719654083251953e-01
9.240853190422058105e-01
8.962900042533874512e-01
9.253063797950744629e-01
9.784721732139587402e-01
9.895922541618347168e-01
9.973183870315551758e-01
9.976304173469543457e-01
9.956166744232177734e-01
9.915760755538940430e-01
9.714239239692687988e-01
9.469463229179382324e-01
9.163390994071960449e-01
9.183927178382873535e-01
9.779659509658813477e-01
9.986026287078857422e-01
9.972943663597106934e-01
9.921668171882629395e-01
9.875010251998901367e-01
9.863241314888000488e-01
9.894574880599975586e-01
9.975159764289855957e-01
9.989810585975646973e-01
9.976233839988708496e-01
9.654094576835632324e-01
9.147033691406250000e-01
8.190098404884338379e-01
5.812306404113769531e-01
2.342083603143692017e-01
9.153777360916137695e-02
1.160793772214674391e-07
1.135275397246005014e-06
5.064160749316215515e-02
1.813816875219345093e-01
4.947818517684936523e-01
9.011422991752624512e-01
9.470903873443603516e-01
9.417520165443420410e-01
8.361884355545043945e-01
8.229966759681701660e-01
9.084955453872680664e-01
9.534609317779541016e-01
9.842929840087890625e-01
9.779637455940246582e-01
9.737014770507812500e-01
9.742892980575561523e-01
9.688088297843933105e-01
9.587760567665100098e-01
9.135217070579528809e-01
8.662585020065307617e-01
8.544975519180297852e-01
8.647207021713256836e-01
9.097881913185119629e-01
9.331454634666442871e-01
9.452469348907470703e-01
9.557222723960876465e-01
9.680305123329162598e-01
9.880704879760742188e-01
9.987493157386779785e-01
9.989238977432250977e-01
9.945075511932373047e-01
9.879273772239685059e-01
9.331817030906677246e-01
8.376408219337463379e-01
6.376059651374816895e-01
4.600887298583984375e-01
3.006426095962524414e-01
3.381882309913635254e-01
4.385328292846679688e-01
7.388204336166381836e-01
9.437050223350524902e-01
9.811809062957763672e-01
9.904176592826843262e-01
9.831919670104980469e-01
9.293258786201477051e-01
7.982881665229797363e-01
3.112400174140930176e-01
2.731548622250556946e-02
6.246541161090135574e-03
2.980198349927278001e-14
8.261486617254759201e-16
2.706452645361423492e-02
1.699385344982147217e-01
6.771773695945739746e-01
9.393055438995361328e-01
9.635817408561706543e-01
9.732870459556579590e-01
9.788881540298461914e-01
9.864858984947204590e-01
9.879682660102844238e-01
9.759197831153869629e-01
9.700035452842712402e-01
9.685817956924438477e-01
9.416475296020507812e-01
9.040802121162414551e-01
8.189273476600646973e-01
7.219758033752441406e-01
6.052938103675842285e-01
5.410503149032592773e-01
5.063216686248779297e-01
7.294123768806457520e-01
9.414492845535278320e-01
9.708138108253479004e-01
9.846336841583251953e-01
9.783936142921447754e-01
9.860417842864990234e-01
9.995493888854980469e-01
8.990397453308105469e-01
8.106605410575866699e-01
7.759875059127807617e-01
8.051424622535705566e-01
8.994216322898864746e-01
9.523553252220153809e-01
9.912518262863159180e-01
9.915981888771057129e-01
9.919905662536621094e-01
9.924986958503723145e-01
9.942635297775268555e-01
9.970569014549255371e-01
9.984657168388366699e-01
9.994835853576660156e-01
9.996556043624877930e-01
9.997331500053405762e-01
9.996277093887329102e-01
9.996098875999450684e-01
9.996499419212341309e-01
9.998267292976379395e-01
9.995828270912170410e-01
9.962716698646545410e-01
9.918688535690307617e-01
9.857592582702636719e-01
9.754924774169921875e-01
9.629883766174316406e-01
9.248136281967163086e-01
8.774567246437072754e-01
7.986712455749511719e-01
7.856443524360656738e-01
8.577873706817626953e-01
9.175300002098083496e-01
9.719460606575012207e-01
9.536816477775573730e-01
8.578546047210693359e-01
4.939255714416503906e-01
4.147309958934783936e-01
6.485214233398437500e-01
7.221486568450927734e-01
7.388123273849487305e-01
8.822710514068603516e-01
9.906287789344787598e-01
9.959435462951660156e-01
9.986070990562438965e-01
9.987996816635131836e-01
9.985638260841369629e-01
9.981864690780639648e-01
9.973217248916625977e-01
9.961991310119628906e-01
9.944586157798767090e-01
9.925928711891174316e-01
9.906257987022399902e-01
9.902678728103637695e-01
9.905275702476501465e-01
9.940368533134460449e-01
9.970737695693969727e-01
9.991366863250732422e-01
9.999958872795104980e-01
9.999977946281433105e-01
9.999965429306030273e-01
9.999949932098388672e-01
9.999951720237731934e-01
9.999856352806091309e-01
9.999586939811706543e-01
9.997895956039428711e-01
9.995319843292236328e-01
9.995686411857604980e-01
9.996321201324462891e-01
9.995813369750976562e-01
9.996002912521362305e-01
9.997316598892211914e-01
9.996253252029418945e-01
9.993842244148254395e-01
9.922252893447875977e-01
9.625198245048522949e-01
8.101497888565063477e-01
6.612268090248107910e-01
5.171740651130676270e-01
4.658927321434020996e-01
4.617945849895477295e-01
4.604907333850860596e-01
4.407204091548919678e-01
3.304846882820129395e-01
3.465495705604553223e-01
5.324644446372985840e-01
7.468096613883972168e-01
9.745604991912841797e-01
9.946891665458679199e-01
9.982464909553527832e-01
9.947127103805541992e-01
9.792568087577819824e-01
9.486795663833618164e-01
8.901112675666809082e-01
8.193375468254089355e-01
8.749173879623413086e-01
9.333994984626770020e-01
9.764143228530883789e-01
9.998673200607299805e-01
9.998794794082641602e-01
9.994256496429443359e-01
9.987792372703552246e-01
9.692356586456298828e-01
8.310140371322631836e-01
2.922426760196685791e-01
2.063386607915163040e-03
4.587057919707149267e-04
2.559755157308952966e-20
6.148493592948035513e-20
1.021873280405998230e-01
2.864257991313934326e-01
7.522317767143249512e-01
9.995089173316955566e-01
9.998156428337097168e-01
9.998893141746520996e-01
9.998733997344970703e-01
9.993614554405212402e-01
9.984457492828369141e-01
9.961530566215515137e-01
9.923673272132873535e-01
9.869026541709899902e-01
9.749389290809631348e-01
9.604521989822387695e-01
9.532302618026733398e-01
9.536429643630981445e-01
9.802924394607543945e-01
9.954014420509338379e-01
9.974511265754699707e-01
9.967923164367675781e-01
9.950743317604064941e-01
9.942602515220642090e-01
9.932733178138732910e-01
9.915577173233032227e-01
9.851420521736145020e-01
9.733316302299499512e-01
7.190904021263122559e-01
3.670006096363067627e-01
1.615661233663558960e-01
1.620423607528209686e-02
7.743304967880249023e-02
3.390557169914245605e-01
8.408331274986267090e-01
9.866526126861572266e-01
9.813190698623657227e-01
9.767612218856811523e-01
9.754315018653869629e-01
9.870710372924804688e-01
9.948575496673583984e-01
9.978297948837280273e-01
9.881385564804077148e-01
9.727807641029357910e-01
5.333569049835205078e-01
1.572583168745040894e-01
1.993719190359115601e-01
4.099428355693817139e-01
8.464118242263793945e-01
9.913360476493835449e-01
9.941661357879638672e-01
9.935759305953979492e-01
9.919341802597045898e-01
9.864872694015502930e-01
8.868034482002258301e-01
6.508186459541320801e-01
3.988708257675170898e-01
1.389572918415069580e-01
2.747795581817626953e-01
4.692584872245788574e-01
7.499399185180664062e-01
9.394055604934692383e-01
9.834736585617065430e-01
9.998376369476318359e-01
9.999442100524902344e-01
9.999768137931823730e-01
9.999963045120239258e-01
9.999981522560119629e-01
9.999980330467224121e-01
9.999946355819702148e-01
9.999367594718933105e-01
9.998432397842407227e-01
9.984805583953857422e-01
9.968384504318237305e-01
9.946690201759338379e-01
9.944970607757568359e-01
9.983289837837219238e-01
9.998998641967773438e-01
9.998056292533874512e-01
9.873908758163452148e-01
9.725130796432495117e-01
9.626332521438598633e-01
9.619961977005004883e-01
9.829091429710388184e-01
9.948061108589172363e-01
9.990531206130981445e-01
9.999865889549255371e-01
9.999958872795104980e-01
9.999714493751525879e-01
9.997496008872985840e-01
9.989814758300781250e-01
9.965177178382873535e-01
9.924039244651794434e-01
9.925658106803894043e-01
9.941877126693725586e-01
9.973403215408325195e-01
9.998292326927185059e-01
9.999242424964904785e-01
9.999528527259826660e-01
9.999045133590698242e-01
9.951378703117370605e-01
9.883632063865661621e-01
7.433624863624572754e-01
4.769058227539062500e-01
1.792446076869964600e-01
6.453231442719697952e-03
5.887344945222139359e-03
3.779922127723693848e-01
9.419117569923400879e-01
1.000000000000000000e+00
9.684954285621643066e-01
7.327283024787902832e-01
6.617662310600280762e-01
8.687676191329956055e-01
9.659224748611450195e-01
9.924345612525939941e-01
9.971404075622558594e-01
9.977625608444213867e-01
9.973407983779907227e-01
9.963645339012145996e-01
9.942111968994140625e-01
9.910848736763000488e-01
9.871931672096252441e-01
9.864383935928344727e-01
9.866122603416442871e-01
9.905960559844970703e-01
9.944448471069335938e-01
9.979038238525390625e-01
9.997341036796569824e-01
9.999445080757141113e-01
1.000000000000000000e+00
1.000000000000000000e+00
9.996228218078613281e-01
9.993747472763061523e-01
9.996627569198608398e-01
9.998567104339599609e-01
9.999318718910217285e-01
9.999397397041320801e-01
9.999157190322875977e-01
9.999158978462219238e-01
9.999187588691711426e-01
9.999237656593322754e-01
9.998816847801208496e-01
9.997630715370178223e-01
9.990102052688598633e-01
9.978583455085754395e-01
9.964209198951721191e-01
9.952433109283447266e-01
9.975911378860473633e-01
9.993442893028259277e-01
9.997953772544860840e-01
9.993199110031127930e-01
9.980778098106384277e-01
9.966843724250793457e-01
9.952480792999267578e-01
9.937981963157653809e-01
9.928154945373535156e-01
9.932628870010375977e-01
9.946407079696655273e-01
9.970326423645019531e-01
9.985029101371765137e-01
9.995968341827392578e-01
9.995918273925781250e-01
9.986096620559692383e-01
9.932583570480346680e-01
9.795109033584594727e-01
9.532935023307800293e-01
9.346248507499694824e-01
9.202761650085449219e-01
9.405888915061950684e-01
9.657675027847290039e-01
9.862602353096008301e-01
9.611747860908508301e-01
8.430619835853576660e-01
5.414261221885681152e-01
9.494851529598236084e-02
5.770354255218990147e-05
3.292902839291400596e-09
1.911210745220159879e-07
1.240247189998626709e-01
6.279104948043823242e-01
9.213714003562927246e-01
9.819220900535583496e-01
9.997627735137939453e-01
9.997060894966125488e-01
9.443049430847167969e-01
8.159730434417724609e-01
3.345596194267272949e-01
4.815945401787757874e-02
6.431010365486145020e-02
3.957391679286956787e-01
9.205455183982849121e-01
9.890261292457580566e-01
9.739413261413574219e-01
9.321854114532470703e-01
9.192957878112792969e-01
9.735727906227111816e-01
9.993743300437927246e-01
9.998006224632263184e-01
9.999385476112365723e-01
9.999825954437255859e-01
9.997358918190002441e-01
9.984608292579650879e-01
9.932907819747924805e-01
9.815474748611450195e-01
9.612381458282470703e-01
9.485417604446411133e-01
9.397769570350646973e-01
9.519547224044799805e-01
9.671208858489990234e-01
9.848651289939880371e-01
9.972814917564392090e-01
9.991719126701354980e-01
1.000000000000000000e+00
1.000000000000000000e+00
9.998160004615783691e-01
9.995855093002319336e-01
9.996525049209594727e-01
9.996983408927917480e-01
9.996758103370666504e-01
9.984249472618103027e-01
9.957364797592163086e-01
9.194579720497131348e-01
8.096600174903869629e-01
8.346161842346191406e-01
8.767130374908447266e-01
9.451824426651000977e-01
9.912716150283813477e-01
9.973307251930236816e-01
9.998487830162048340e-01
9.998039603233337402e-01
9.998804330825805664e-01
9.999815821647644043e-01
9.998989701271057129e-01
9.997534751892089844e-01
9.994179606437683105e-01
9.992420077323913574e-01
9.992452859878540039e-01
9.993350505828857422e-01
9.994628429412841797e-01
9.996004104614257812e-01
9.997307658195495605e-01
9.998098015785217285e-01
9.998853206634521484e-01
9.999546408653259277e-01
9.999769926071166992e-01
9.999654293060302734e-01
9.995269179344177246e-01
9.989367127418518066e-01
9.963257908821105957e-01
9.939109683036804199e-01
9.921054840087890625e-01
9.934514760971069336e-01
9.984303712844848633e-01
9.988587498664855957e-01
9.971920847892761230e-01
9.982337951660156250e-01
9.994319677352905273e-01
9.997638463973999023e-01
9.999839663505554199e-01
9.999917745590209961e-01
9.999955892562866211e-01
9.999962449073791504e-01
9.999958276748657227e-01
9.999949932098388672e-01
9.999893307685852051e-01
9.999819397926330566e-01
9.999684691429138184e-01
9.998996853828430176e-01
9.997598528861999512e-01
9.997996091842651367e-01
9.999337196350097656e-01
9.993187785148620605e-01
9.986367821693420410e-01
9.983422160148620605e-01
9.981225728988647461e-01
9.980695843696594238e-01
9.934081435203552246e-01
9.846137762069702148e-01
9.159842729568481445e-01
8.266709446907043457e-01
8.308155536651611328e-01
8.496403098106384277e-01
9.184939265251159668e-01
9.688355326652526855e-01
9.904754757881164551e-01
9.993032813072204590e-01
9.998697042465209961e-01
9.999808073043823242e-01
9.999949932098388672e-01
9.999969005584716797e-01
9.999870657920837402e-01
9.999434947967529297e-01
9.991732239723205566e-01
9.975898265838623047e-01
9.956704974174499512e-01
9.935948252677917480e-01
9.960578083992004395e-01
9.987580776214599609e-01
9.994518160820007324e-01
9.999240636825561523e-01
9.999445676803588867e-01
9.987265467643737793e-01
9.964708685874938965e-01
8.520477414131164551e-01
6.622601747512817383e-01
7.782673835754394531e-01
8.919569849967956543e-01
9.580972790718078613e-01
9.982357025146484375e-01
9.993509650230407715e-01
9.998263716697692871e-01
9.998955726623535156e-01
9.997449517250061035e-01
9.994885325431823730e-01
9.976925849914550781e-01
9.958384037017822266e-01
9.938186407089233398e-01
9.942043423652648926e-01
9.973898530006408691e-01
9.989496469497680664e-01
9.997243285179138184e-01
9.995504021644592285e-01
9.990704655647277832e-01
9.969061613082885742e-01
9.957666993141174316e-01
9.969015121459960938e-01
9.978092312812805176e-01
9.985100626945495605e-01
9.990066289901733398e-01
9.994282722473144531e-01
9.996793866157531738e-01
9.998844265937805176e-01
9.998937845230102539e-01
9.998446702957153320e-01
9.996924996376037598e-01
9.991360306739807129e-01
9.982790350914001465e-01
9.958557486534118652e-01
9.929986596107482910e-01
9.892754554748535156e-01
9.857832193374633789e-01
9.832383394241333008e-01
9.835908412933349609e-01
9.880772233009338379e-01
9.783122539520263672e-01
9.597746729850769043e-01
8.943758606910705566e-01
8.228257298469543457e-01
8.471977114677429199e-01
8.821032643318176270e-01
9.498426914215087891e-01
9.886622428894042969e-01
9.925326108932495117e-01
9.946306347846984863e-01
9.958140850067138672e-01
9.973759651184082031e-01
9.988918304443359375e-01
9.991678595542907715e-01
9.993525147438049316e-01
9.993050694465637207e-01
9.910835027694702148e-01
9.743383526802062988e-01
9.073501825332641602e-01
8.183190822601318359e-01
7.206586599349975586e-01
6.307395696640014648e-01
6.142550706863403320e-01
5.830188989639282227e-01
5.193811655044555664e-01
5.765174031257629395e-01
7.460753321647644043e-01
8.678639531135559082e-01
9.716215729713439941e-01
9.883764386177062988e-01
9.973971247673034668e-01
9.984938502311706543e-01
9.992778301239013672e-01
9.994603991508483887e-01
9.995762705802917480e-01
9.996364712715148926e-01
9.993219375610351562e-01
9.988818168640136719e-01
9.978650212287902832e-01
9.969630241394042969e-01
9.968400597572326660e-01
9.971235990524291992e-01
9.981293082237243652e-01
9.988964200019836426e-01
9.994786977767944336e-01
9.996777176856994629e-01
9.997603297233581543e-01
9.996152520179748535e-01
9.994598031044006348e-01
9.992871284484863281e-01
9.991776347160339355e-01
9.991732239723205566e-01
9.991205930709838867e-01
9.990326762199401855e-01
9.984276294708251953e-01
9.976763129234313965e-01
9.941752552986145020e-01
9.908054471015930176e-01
9.882389903068542480e-01
9.878910183906555176e-01
9.910895228385925293e-01
9.936707615852355957e-01
9.958117604255676270e-01
9.967632889747619629e-01
9.973963499069213867e-01
9.975330233573913574e-01
9.976180791854858398e-01
9.975041151046752930e-01
9.979679584503173828e-01
9.993365406990051270e-01
9.999130964279174805e-01
9.999366402626037598e-01
9.997802972793579102e-01
9.995757937431335449e-01
9.992454648017883301e-01
9.989441633224487305e-01
9.987750053405761719e-01
9.985319972038269043e-01
9.981721639633178711e-01
9.980716705322265625e-01
9.981539249420166016e-01
9.987416267395019531e-01
9.994660615921020508e-01
9.997626543045043945e-01
9.999826550483703613e-01
9.998875260353088379e-01
9.996836781501770020e-01
9.993029236793518066e-01
9.965439438819885254e-01
9.920421242713928223e-01
9.927801489830017090e-01
9.950506687164306641e-01
9.968746304512023926e-01
9.982303977012634277e-01
9.973480701446533203e-01
9.963378310203552246e-01
9.951043725013732910e-01
9.958673715591430664e-01
9.981712102890014648e-01
9.992176890373229980e-01
9.998695850372314453e-01
9.999412298202514648e-01
9.999808073043823242e-01
9.999910593032836914e-01
9.999981522560119629e-01
9.999994039535522461e-01
9.992996454238891602e-01
9.980106949806213379e-01
9.677484631538391113e-01
9.272157549858093262e-01
9.166396260261535645e-01
9.103673100471496582e-01
9.187117218971252441e-01
9.312580227851867676e-01
9.525575637817382812e-01
9.708299040794372559e-01
9.863187670707702637e-01
9.937358498573303223e-01
9.979294538497924805e-01
9.990460872650146484e-01
9.997773766517639160e-01
9.998843669891357422e-01
9.999656677246093750e-01
9.999853372573852539e-01
9.999801516532897949e-01
9.999485015869140625e-01
9.998506903648376465e-01
9.997217655181884766e-01
9.996612668037414551e-01
9.996157884597778320e-01
9.996415972709655762e-01
9.990832805633544922e-01
9.968509674072265625e-01
9.940993189811706543e-01
9.907116293907165527e-01
9.928354024887084961e-01
9.980335235595703125e-01
9.993790984153747559e-01
9.999440312385559082e-01
9.999258518218994141e-01
9.998909235000610352e-01
9.997945427894592285e-01
9.997227191925048828e-01
9.996864199638366699e-01
9.997469186782836914e-01
9.998722672462463379e-01
9.998942613601684570e-01
9.998883605003356934e-01
9.986239075660705566e-01
9.921138882637023926e-01
9.604946970939636230e-01
9.435156583786010742e-01
9.526050090789794922e-01
9.674775600433349609e-01
9.870841503143310547e-01
9.948084354400634766e-01
9.983617067337036133e-01
9.990246891975402832e-01
9.994441270828247070e-01
9.997099041938781738e-01
9.999110102653503418e-01
9.999664425849914551e-01
9.999712705612182617e-01
9.999241232872009277e-01
9.946204423904418945e-01
9.869010448455810547e-01
9.757252931594848633e-01
9.651825428009033203e-01
9.721444249153137207e-01
9.804161190986633301e-01
9.926304221153259277e-01
9.996626377105712891e-01
9.998957514762878418e-01
9.999893307685852051e-01
9.999970793724060059e-01
9.999940395355224609e-01
9.999883770942687988e-01
9.978722333908081055e-01
9.960091114044189453e-01
9.953750967979431152e-01
9.833859205245971680e-01
9.517460465431213379e-01
9.077243804931640625e-01
8.535243272781372070e-01
9.003002643585205078e-01
9.822304844856262207e-01
9.942954778671264648e-01
9.999797940254211426e-01
9.999811649322509766e-01
9.997392892837524414e-01
9.989196062088012695e-01
9.920272231101989746e-01
9.785798192024230957e-01
9.472358226776123047e-01
9.068345427513122559e-01
8.687157034873962402e-01
8.325511217117309570e-01
8.435579538345336914e-01
8.699516057968139648e-01
9.514554738998413086e-01
9.960262179374694824e-01
9.861398935317993164e-01
9.302474260330200195e-01
8.417264223098754883e-01
8.570320606231689453e-01
9.032720327377319336e-01
9.305184483528137207e-01
9.554240703582763672e-01
9.719189405441284180e-01
9.854124784469604492e-01
9.924591779708862305e-01
9.961558580398559570e-01
9.964877367019653320e-01
9.958561658859252930e-01
9.947754144668579102e-01
9.959475994110107422e-01
9.974469542503356934e-01
9.984803199768066406e-01
9.993689656257629395e-01
9.997665882110595703e-01
9.999887347221374512e-01
9.999613165855407715e-01
9.998224377632141113e-01
9.996059536933898926e-01
9.996458292007446289e-01
9.997614026069641113e-01
9.998393058776855469e-01
9.999097585678100586e-01
9.999449253082275391e-01
9.999735951423645020e-01
9.999878406524658203e-01
9.999961256980895996e-01
9.999981522560119629e-01
9.999985098838806152e-01
9.999979734420776367e-01
9.999966621398925781e-01
9.999952912330627441e-01
9.999967217445373535e-01
9.999980330467224121e-01
9.999991059303283691e-01
9.999997019767761230e-01
9.999996423721313477e-01
9.999989867210388184e-01
9.999977350234985352e-01
9.998457431793212891e-01
9.996421933174133301e-01
9.874812364578247070e-01
9.710636734962463379e-01
9.246592521667480469e-01
8.358524441719055176e-01
6.373927593231201172e-01
3.975680172443389893e-01
1.095560416579246521e-01
1.519235223531723022e-02
3.361627086997032166e-02
3.436733782291412354e-01
7.229921221733093262e-01
8.653780221939086914e-01
9.772288799285888672e-01
9.459851980209350586e-01
9.240803718566894531e-01
9.203690290451049805e-01
9.386127591133117676e-01
9.777911305427551270e-01
9.931385517120361328e-01
9.977372884750366211e-01
9.987412691116333008e-01
9.991619586944580078e-01
9.991580247879028320e-01
9.991068840026855469e-01
9.988865852355957031e-01
9.984721541404724121e-01
9.977590441703796387e-01
9.887174963951110840e-01
9.732701778411865234e-01
7.267094254493713379e-01
3.982482850551605225e-01
1.851121336221694946e-01
2.066681492607358450e-09
8.770498771681900507e-10
8.715956028026994318e-06
4.214687578496523201e-05
1.005552187561988831e-01
3.321171104907989502e-01
6.037402749061584473e-01
9.002845287322998047e-01
9.798247814178466797e-01
9.989631175994873047e-01
9.919639229774475098e-01
9.779835939407348633e-01
9.253585338592529297e-01
8.728122711181640625e-01
8.208749294281005859e-01
8.245072960853576660e-01
8.904394507408142090e-01
8.249107003211975098e-01
6.866896152496337891e-01
3.665068745613098145e-01
4.405801184475421906e-03
2.871654771752218949e-07
0.000000000000000000e+00
0.000000000000000000e+00
0.000000000000000000e+00
0.000000000000000000e+00
2.225779171567410231e-04
6.634305464103817940e-04
3.539725840091705322e-01
8.772171139717102051e-01
8.575406670570373535e-01
7.322708368301391602e-01
3.505660593509674072e-01
3.537587448954582214e-02
2.498488314449787140e-02
1.496668159961700439e-01
5.255879163742065430e-01
7.880623936653137207e-01
9.468183517456054688e-01
9.960995912551879883e-01
9.959892034530639648e-01
9.863591194152832031e-01
9.754748344421386719e-01
9.757449626922607422e-01
9.767628908157348633e-01
9.808840155601501465e-01
9.847823977470397949e-01
9.882818460464477539e-01
9.917917251586914062e-01
9.952946901321411133e-01
9.973462224006652832e-01
9.987612366676330566e-01
9.988450407981872559e-01
9.986670017242431641e-01
9.968391656875610352e-01
9.942165017127990723e-01
9.884008169174194336e-01
9.642037749290466309e-01
9.079838395118713379e-01
8.595376014709472656e-01
8.176859021186828613e-01
8.432002067565917969e-01
8.973897099494934082e-01
9.478009343147277832e-01
9.959989190101623535e-01
9.963058233261108398e-01
9.715964198112487793e-01
8.451097607612609863e-01
6.270626783370971680e-01
2.485642284154891968e-01
6.784567981958389282e-02
6.647917628288269043e-02
5.409630015492439270e-02
3.675882890820503235e-02
7.582474499940872192e-02
1.278531700372695923e-01
3.367788791656494141e-01
4.705668687820434570e-01
2.773711979389190674e-01
1.231958940625190735e-01
4.026950150728225708e-02
3.495171768008731306e-06
4.994029040972236544e-06
7.156707812100648880e-03
1.769678667187690735e-02
1.939070373773574829e-01
4.001207351684570312e-01
1.821458190679550171e-01
8.905669346859212965e-06
3.581822511478094384e-06
1.779501985765818972e-07
7.190690212155459449e-07
1.337999254465103149e-01
4.061640799045562744e-01
5.701844096183776855e-01
6.778120994567871094e-01
3.866176903247833252e-01
7.901865988969802856e-03
2.958180118639575085e-07
1.501780189573764801e-02
1.228359639644622803e-01
2.806910276412963867e-01
5.536216497421264648e-01
5.621915459632873535e-01
2.627784311771392822e-01
1.119648516178131104e-01
5.189164727926254272e-02
2.526779100298881531e-02
7.774300407618284225e-03
3.434334648773074150e-03
1.001635193824768066e-02
1.034204512834548950e-01
2.873077690601348877e-01
7.231864929199218750e-01
9.787378311157226562e-01
9.921438097953796387e-01
9.922196865081787109e-01
9.828450083732604980e-01
9.632147550582885742e-01
9.400898814201354980e-01
9.510509967803955078e-01
9.640625715255737305e-01
9.501110911369323730e-01
9.420444965362548828e-01
9.551512002944946289e-01
9.673729538917541504e-01
9.780729413032531738e-01
9.759603142738342285e-01
9.627075791358947754e-01
6.971248388290405273e-01
3.189908862113952637e-01
1.420496404170989990e-01
1.533721107989549637e-03
9.001906146295368671e-04
5.133869592100381851e-03
3.431186825037002563e-02
1.698788404464721680e-01
5.294806361198425293e-01
7.855662107467651367e-01
9.266567230224609375e-01
9.860060214996337891e-01
9.975709915161132812e-01
9.981893897056579590e-01
9.958903193473815918e-01
9.953125119209289551e-01
9.914893507957458496e-01
9.578775763511657715e-01
8.592073917388916016e-01
5.715178251266479492e-01
3.756999373435974121e-01
3.097697794437408447e-01
2.309238016605377197e-01
1.424338370561599731e-01
1.312471628189086914e-01
1.500724703073501587e-01
3.592145442962646484e-01
5.927571058273315430e-01
7.290890216827392578e-01
8.507280945777893066e-01
9.054085016250610352e-01
7.696229219436645508e-01
2.590209543704986572e-01
1.263259619008749723e-04
3.298922456451691687e-05
1.064099196810275316e-04
2.716080925893038511e-04
3.966895043849945068e-01
8.909102082252502441e-01
9.492270946502685547e-01
9.791751503944396973e-01
9.564029574394226074e-01
9.084858298301696777e-01
7.880978584289550781e-01
6.608983874320983887e-01
5.245832204818725586e-01
4.872344434261322021e-01
5.280458331108093262e-01
6.761220693588256836e-01
8.679521679878234863e-01
8.527176976203918457e-01
8.024464845657348633e-01
5.986460447311401367e-01
4.353910982608795166e-01
4.706993103027343750e-01
5.540629625320434570e-01
7.408889532089233398e-01
8.552994132041931152e-01
8.876721262931823730e-01
8.431802988052368164e-01
7.513550519943237305e-01
7.619731426239013672e-01
8.037909269332885742e-01
8.906276226043701172e-01
9.764587879180908203e-01
9.893679618835449219e-01
9.976167678833007812e-01
9.888498783111572266e-01
9.374763965606689453e-01
8.119414448738098145e-01
6.242834925651550293e-01
3.772880136966705322e-01
1.995730847120285034e-01
5.705522745847702026e-02
2.653847448527812958e-02
2.202571928501129150e-02
9.479943662881851196e-02
1.871085166931152344e-01
4.126928746700286865e-01
5.997179746627807617e-01
6.722329258918762207e-01
7.438881993293762207e-01
8.139987587928771973e-01
8.893358707427978516e-01
9.692879319190979004e-01
9.957710504531860352e-01
9.990946054458618164e-01
9.926130175590515137e-01
9.843454957008361816e-01
9.701226949691772461e-01
9.580654501914978027e-01
9.597604274749755859e-01
9.630641341209411621e-01
9.704137444496154785e-01
9.788883328437805176e-01
9.888176918029785156e-01
9.929722547531127930e-01
9.927960038185119629e-01
9.155672192573547363e-01
8.079136610031127930e-01
4.404021501541137695e-01
3.399391472339630127e-02
1.603911630809307098e-02
5.688004195690155029e-03
3.724354878067970276e-02
1.755022853612899780e-01
5.664212107658386230e-01
7.902534008026123047e-01
8.046692013740539551e-01
8.567909598350524902e-01
9.352995753288269043e-01
9.618973731994628906e-01
9.691077470779418945e-01
9.034885168075561523e-01
8.265467286109924316e-01
7.144123315811157227e-01
6.451575756072998047e-01
8.046296238899230957e-01
9.291934967041015625e-01
9.740655422210693359e-01
9.991388320922851562e-01
9.996361732482910156e-01
9.998410940170288086e-01
9.998416900634765625e-01
9.998220801353454590e-01
9.997951984405517578e-01
9.991827607154846191e-01
9.979075789451599121e-01
9.582590460777282715e-01
8.481449484825134277e-01
3.555251359939575195e-01
6.275136023759841919e-03
2.259587636217474937e-03
4.218248650431632996e-03
1.390268187969923019e-02
2.642730772495269775e-01
6.921799182891845703e-01
8.848387002944946289e-01
9.849429130554199219e-01
9.995401501655578613e-01
9.999887943267822266e-01
9.999904036521911621e-01
9.999886155128479004e-01
9.999699592590332031e-01
9.999379515647888184e-01
9.998717308044433594e-01
9.992861151695251465e-01
9.979733228683471680e-01
9.945741295814514160e-01
9.894928336143493652e-01
9.865340590476989746e-01
9.845005869865417480e-01
9.879326224327087402e-01
9.924516677856445312e-01
9.944981336593627930e-01
9.963718652725219727e-01
9.974892139434814453e-01
9.979015588760375977e-01
9.961900711059570312e-01
9.943741559982299805e-01
9.924039840698242188e-01
9.866981506347656250e-01
9.775888919830322266e-01
8.880637288093566895e-01
7.568102478981018066e-01
7.179991006851196289e-01
7.027464509010314941e-01
7.471660375595092773e-01
7.950006723403930664e-01
8.318622708320617676e-01
8.728592395782470703e-01
9.304944872856140137e-01
9.741701483726501465e-01
9.908791184425354004e-01
9.988244771957397461e-01
9.971218705177307129e-01
9.972981214523315430e-01
9.986649751663208008e-01
9.993749856948852539e-01
9.998678565025329590e-01
9.996178746223449707e-01
9.992638826370239258e-01
9.986047148704528809e-01
9.974429011344909668e-01
9.934428930282592773e-01
9.907284379005432129e-01
9.912116527557373047e-01
9.759733080863952637e-01
9.391686916351318359e-01
9.242761135101318359e-01
9.270734786987304688e-01
9.522578716278076172e-01
9.875992536544799805e-01
9.965423941612243652e-01
9.998522400856018066e-01
9.999957084655761719e-01
9.999966025352478027e-01
9.999775290489196777e-01
9.999222755432128906e-01
9.997386336326599121e-01
9.992265701293945312e-01
9.981067776679992676e-01
9.955860376358032227e-01
9.915866255760192871e-01
9.764829277992248535e-01
9.545161724090576172e-01
9.396674633026123047e-01
9.272464513778686523e-01
9.496431946754455566e-01
9.766490459442138672e-01
9.881435036659240723e-01
9.981619119644165039e-01
9.991580843925476074e-01
9.998940229415893555e-01
9.999464154243469238e-01
9.999599456787109375e-01
9.999160766601562500e-01
9.998924136161804199e-01
9.998863339424133301e-01
9.999135732650756836e-01
9.999576210975646973e-01
9.999804496765136719e-01
9.999976754188537598e-01
9.999994635581970215e-01
9.999999403953552246e-01
9.999999403953552246e-01
9.999998211860656738e-01
9.999988079071044922e-01
9.999799132347106934e-01
9.999211430549621582e-01
9.998929500579833984e-01
9.999033808708190918e-01
9.998647570610046387e-01
9.997891187667846680e-01
9.994691610336303711e-01
9.990431070327758789e-01
9.945443272590637207e-01
9.891615509986877441e-01
9.470010399818420410e-01
9.014859199523925781e-01
8.402079939842224121e-01
7.951239347457885742e-01
8.139060735702514648e-01
8.407717347145080566e-01
8.841635584831237793e-01
9.242398142814636230e-01
9.606065750122070312e-01
9.797822237014770508e-01
9.867905378341674805e-01
9.487549066543579102e-01
8.925899863243103027e-01
8.417227268218994141e-01
7.919206619262695312e-01
8.977563381195068359e-01
9.715502858161926270e-01
6.480215191841125488e-01
4.029720425605773926e-01
4.520447552204132080e-01
5.603597164154052734e-01
7.856466770172119141e-01
9.271881580352783203e-01
9.721825718879699707e-01
9.916369318962097168e-01
9.932264089584350586e-01
9.890270829200744629e-01
9.825124740600585938e-01
9.628331065177917480e-01
9.406045079231262207e-01
9.350291490554809570e-01
9.318718910217285156e-01
9.479193687438964844e-01
9.639561176300048828e-01
9.798011183738708496e-01
9.920783042907714844e-01
9.972019195556640625e-01
9.993882775306701660e-01
9.980332851409912109e-01
9.955335855484008789e-01
9.921999573707580566e-01
9.853110313415527344e-01
9.769110679626464844e-01
9.592995643615722656e-01
9.396803975105285645e-01
9.103317260742187500e-01
8.769584298133850098e-01
7.962054610252380371e-01
7.103955149650573730e-01
6.033712625503540039e-01
5.070120692253112793e-01
4.339521527290344238e-01
4.051145017147064209e-01
4.353809058666229248e-01
5.847756862640380859e-01
8.315714597702026367e-01
9.431588649749755859e-01
9.873167872428894043e-01
9.980730414390563965e-01
9.998423457145690918e-01
1.000000000000000000e+00
9.999883770942687988e-01
9.996130466461181641e-01
9.992986917495727539e-01
9.993335008621215820e-01
9.993603229522705078e-01
9.993655681610107422e-01
9.991655349731445312e-01
9.986386895179748535e-01
9.974541664123535156e-01
9.956320524215698242e-01
9.928694963455200195e-01
9.895504713058471680e-01
9.872682094573974609e-01
9.853502511978149414e-01
9.698019027709960938e-01
9.520131349563598633e-01
9.385744333267211914e-01
9.289147257804870605e-01
9.539108276367187500e-01
9.765064716339111328e-01
9.906021356582641602e-01
9.997951388359069824e-01
9.991759061813354492e-01
9.983911514282226562e-01
9.974055290222167969e-01
9.966326355934143066e-01
9.960275888442993164e-01
9.522889852523803711e-01
8.882015943527221680e-01
6.044391393661499023e-01
2.637780606746673584e-01
1.398555934429168701e-01
4.280537366867065430e-02
1.677833050489425659e-01
3.250245451927185059e-01
6.770467162132263184e-01
9.438790678977966309e-01
9.700877666473388672e-01
9.873331189155578613e-01
9.897141456604003906e-01
9.927406311035156250e-01
9.964252114295959473e-01
9.985666275024414062e-01
9.996851086616516113e-01
9.999542236328125000e-01
9.998903274536132812e-01
9.998784065246582031e-01
9.998770356178283691e-01
9.998307824134826660e-01
9.997580647468566895e-01
9.992958903312683105e-01
9.983189702033996582e-01
9.948477745056152344e-01
9.904159903526306152e-01
9.836154580116271973e-01
9.814308881759643555e-01
9.861733913421630859e-01
9.914712309837341309e-01
9.972875118255615234e-01
9.996406435966491699e-01
9.999197125434875488e-01
9.999957680702209473e-01
9.999991655349731445e-01
9.999979138374328613e-01
9.999958276748657227e-01
9.971180558204650879e-01
9.879124760627746582e-01
8.950479030609130859e-01
8.191595077514648438e-01
8.193206191062927246e-01
8.451461791992187500e-01
9.325543045997619629e-01
9.870626330375671387e-01
9.927983880043029785e-01
9.937112927436828613e-01
9.901041984558105469e-01
9.738448858261108398e-01
9.499266147613525391e-01
9.053233265876770020e-01
8.533678650856018066e-01
8.668292164802551270e-01
8.924258351325988770e-01
8.605739474296569824e-01
8.172121644020080566e-01
6.460971832275390625e-01
5.039728283882141113e-01
5.039300918579101562e-01
5.677727460861206055e-01
7.957764863967895508e-01
9.472225904464721680e-01
9.797459840774536133e-01
9.947336316108703613e-01
9.921648502349853516e-01
9.870658516883850098e-01
9.803416728973388672e-01
9.787380099296569824e-01
9.792044162750244141e-01
9.690935611724853516e-01
9.566419720649719238e-01
8.049187064170837402e-01
6.483623981475830078e-01
6.787536740303039551e-01
7.042075991630554199e-01
6.988068819046020508e-01
7.318322062492370605e-01
8.826515078544616699e-01
9.611555933952331543e-01
9.076074361801147461e-01
7.031828761100769043e-01
3.230329751968383789e-01
1.413254737854003906e-01
1.125393137335777283e-01
2.825632691383361816e-01
5.505003333091735840e-01
7.576656341552734375e-01
9.479460120201110840e-01
9.635499715805053711e-01
9.554588794708251953e-01
9.545511007308959961e-01
9.530287384986877441e-01
9.440311789512634277e-01
9.416062235832214355e-01
9.665806293487548828e-01
9.859746694564819336e-01
9.922900795936584473e-01
9.955720901489257812e-01
9.943478107452392578e-01
9.818357825279235840e-01
9.583697915077209473e-01
9.130806922912597656e-01
8.537103533744812012e-01
8.889225125312805176e-01
9.623448252677917480e-01
9.859268069267272949e-01
9.981927871704101562e-01
9.995259046554565430e-01
9.998574256896972656e-01
9.996635913848876953e-01
9.992908835411071777e-01
9.976479411125183105e-01
9.933780431747436523e-01
9.800983667373657227e-01
9.338921904563903809e-01
8.198671936988830566e-01
6.704706549644470215e-01
4.732246100902557373e-01
4.048447012901306152e-01
4.502199888229370117e-01
6.276996135711669922e-01
8.817396759986877441e-01
9.682523608207702637e-01
9.927753806114196777e-01
9.949917793273925781e-01
9.926417469978332520e-01
9.928216934204101562e-01
9.932659268379211426e-01
9.961179494857788086e-01
9.986870884895324707e-01
9.993460178375244141e-01
9.998682737350463867e-01
9.999432563781738281e-01
9.999070763587951660e-01
9.996468424797058105e-01
9.832134842872619629e-01
9.456962943077087402e-01
8.856077790260314941e-01
8.057956099510192871e-01
7.903096079826354980e-01
8.131470680236816406e-01
8.659791350364685059e-01
9.302919507026672363e-01
9.623695015907287598e-01
9.876433014869689941e-01
9.823748469352722168e-01
9.694050550460815430e-01
6.848422884941101074e-01
4.076203107833862305e-01
1.805339157581329346e-01
8.716004900634288788e-03
3.832229599356651306e-02
1.429014205932617188e-01
4.116683304309844971e-01
6.039251685142517090e-01
6.843184232711791992e-01
7.363278269767761230e-01
7.606705427169799805e-01
8.083604574203491211e-01
8.718725442886352539e-01
8.873378634452819824e-01
8.817006349563598633e-01
8.451818227767944336e-01
8.005352616310119629e-01
4.434385597705841064e-01
4.536983370780944824e-02
2.228949591517448425e-02
1.097320020198822021e-02
5.559755489230155945e-02
1.317042559385299683e-01
3.604492545127868652e-01
5.474031567573547363e-01
6.205390095710754395e-01
6.923936605453491211e-01
7.624450325965881348e-01
7.979795932769775391e-01
7.917770147323608398e-01
7.696925997734069824e-01
7.344552874565124512e-01
7.583027482032775879e-01
8.157652616500854492e-01
8.301567435264587402e-01
8.288328647613525391e-01
8.347541093826293945e-01
8.422310352325439453e-01
9.004020094871520996e-01
9.624463915824890137e-01
9.763891696929931641e-01
9.891209602355957031e-01
9.916394948959350586e-01
9.941416382789611816e-01
9.965710639953613281e-01
9.981581568717956543e-01
9.976401925086975098e-01
9.891681671142578125e-01
9.675837159156799316e-01
7.455767393112182617e-01
2.955916821956634521e-01
6.928672641515731812e-02
