9.999840259552001953e-01
9.999948143959045410e-01
9.999980926513671875e-01
9.999992847442626953e-01
9.999994039535522461e-01
9.999982714653015137e-01
9.998381733894348145e-01
9.725804924964904785e-01
9.112554788589477539e-01
6.784067749977111816e-01
3.741042613983154297e-01
7.891777204349637032e-05
2.491437792778015137e-01
5.900012254714965820e-01
9.987486004829406738e-01
9.994842410087585449e-01
9.987564086914062500e-01
9.955708980560302734e-01
9.765048623085021973e-01
9.546537399291992188e-01
9.382216334342956543e-01
9.789663553237915039e-01
9.939596056938171387e-01
9.908982515335083008e-01
9.707543849945068359e-01
9.381883740425109863e-01
9.100319147109985352e-01
9.296501874923706055e-01
9.629222750663757324e-01
9.932540655136108398e-01
9.920127987861633301e-01
9.723690152168273926e-01
9.259493350982666016e-01
8.192598819732666016e-01
6.906436681747436523e-01
6.010289788246154785e-01
6.260688900947570801e-01
7.721663117408752441e-01
9.157416224479675293e-01
9.877018928527832031e-01
9.993758797645568848e-01
9.984014630317687988e-01
9.966345429420471191e-01
9.980656504631042480e-01
9.994393587112426758e-01
9.998780488967895508e-01
9.997220039367675781e-01
9.990850687026977539e-01
9.978528618812561035e-01
9.978994727134704590e-01
9.985755085945129395e-01
9.999241828918457031e-01
9.999960064888000488e-01
1.000000000000000000e+00
9.999999403953552246e-01
9.999995231628417969e-01
9.999969005584716797e-01
9.999917745590209961e-01
9.999510049819946289e-01
9.998880028724670410e-01
9.998077750205993652e-01
9.998110532760620117e-01
9.998559355735778809e-01
9.999319911003112793e-01
9.999639391899108887e-01
9.999826550483703613e-01
9.999892115592956543e-01
9.999706149101257324e-01
9.998456239700317383e-01
9.996504187583923340e-01
9.994570016860961914e-01
9.994944334030151367e-01
9.995818734169006348e-01
9.991157650947570801e-01
9.987554550170898438e-01
9.986652135848999023e-01
9.996725916862487793e-01
9.999898076057434082e-01
9.999755620956420898e-01
9.999649524688720703e-01
9.999568462371826172e-01
9.999209046363830566e-01
9.997742176055908203e-01
9.997068643569946289e-01
9.997241497039794922e-01
9.999212622642517090e-01
9.999584555625915527e-01
9.998313188552856445e-01
9.993789196014404297e-01
9.970193505287170410e-01
9.946431517601013184e-01
9.938385486602783203e-01
9.967375993728637695e-01
9.992852807044982910e-01
9.984068870544433594e-01
9.991453886032104492e-01
9.998396039009094238e-01
9.995164275169372559e-01
9.744771122932434082e-01
8.218321204185485840e-01
4.166321754455566406e-01
1.701611578464508057e-01
1.058099269866943359e-01
3.301520049571990967e-01
6.934782862663269043e-01
9.538236260414123535e-01
9.899004101753234863e-01
9.976699948310852051e-01
9.998360872268676758e-01
9.998046159744262695e-01
9.998130798339843750e-01
9.998312592506408691e-01
9.998562335968017578e-01
9.996715188026428223e-01
9.951575398445129395e-01
9.843565821647644043e-01
9.795801639556884766e-01
9.727383255958557129e-01
9.622538685798645020e-01
8.772407770156860352e-01
6.263755559921264648e-01
1.676450371742248535e-01
5.204565450549125671e-02
1.014593817671993747e-05
1.122044704970903695e-05
1.231348589062690735e-01
3.284344077110290527e-01
6.236644387245178223e-01
8.354777097702026367e-01
9.572296738624572754e-01
9.814308881759643555e-01
9.936083555221557617e-01
9.994109272956848145e-01
9.986643791198730469e-01
9.114654064178466797e-01
6.655479669570922852e-01
2.567161023616790771e-01
1.163481920957565308e-01
3.550297319889068604e-01
9.680151343345642090e-01
9.810506105422973633e-01
9.911940097808837891e-01
9.984635114669799805e-01
9.994683265686035156e-01
9.999675750732421875e-01
9.999958872795104980e-01
9.999973177909851074e-01
9.999982714653015137e-01
9.999976754188537598e-01
9.999644756317138672e-01
9.999637603759765625e-01
9.999911785125732422e-01
9.999971985816955566e-01
9.992290139198303223e-01
9.976589083671569824e-01
9.927508831024169922e-01
9.903993606567382812e-01
9.900609254837036133e-01
9.859470725059509277e-01
9.845670461654663086e-01
9.857892990112304688e-01
9.935929775238037109e-01
9.980433583259582520e-01
9.996598958969116211e-01
9.998060464859008789e-01
9.997794032096862793e-01
9.996320605278015137e-01
9.998527169227600098e-01
9.999694228172302246e-01
1.000000000000000000e+00
1.000000000000000000e+00
9.975618720054626465e-01
9.921314120292663574e-01
9.689522385597229004e-01
9.600889086723327637e-01
9.638434052467346191e-01
9.881041049957275391e-01
9.992645978927612305e-01
9.999480843544006348e-01
9.997635483741760254e-01
9.964407086372375488e-01
9.905358552932739258e-01
9.833499789237976074e-01
9.820474982261657715e-01
9.856672883033752441e-01
9.925544261932373047e-01
9.969514608383178711e-01
9.992367625236511230e-01
9.997639060020446777e-01
9.999182820320129395e-01
9.997685551643371582e-01
9.995907545089721680e-01
9.955490827560424805e-01
9.869672060012817383e-01
9.506400823593139648e-01
9.419043660163879395e-01
9.567764997482299805e-01
9.813846349716186523e-01
9.952784180641174316e-01
9.997611045837402344e-01
9.990095496177673340e-01
9.531377553939819336e-01
8.685426712036132812e-01
8.046832680702209473e-01
8.120465278625488281e-01
8.819100856781005859e-01
9.274393916130065918e-01
9.626889824867248535e-01
9.880750179290771484e-01
9.887425303459167480e-01
8.197328448295593262e-01
4.922930300235748291e-01
3.719191849231719971e-01
2.793715000152587891e-01
2.143205255270004272e-01
1.935844421386718750e-01
3.342498540878295898e-01
6.377190351486206055e-01
8.684559464454650879e-01
9.903545379638671875e-01
9.996576905250549316e-01
9.997050166130065918e-01
9.996019005775451660e-01
9.995023012161254883e-01
9.996848106384277344e-01
9.998289346694946289e-01
9.999200105667114258e-01
9.997290372848510742e-01
9.989615678787231445e-01
9.975195527076721191e-01
9.940700531005859375e-01
9.931030273437500000e-01
9.953867197036743164e-01
9.415746927261352539e-01
7.454884648323059082e-01
3.662945032119750977e-01
1.492920368909835815e-01
1.876306533813476562e-01
5.671753883361816406e-01
8.319973945617675781e-01
9.879742264747619629e-01
9.982990026473999023e-01
9.997359514236450195e-01
9.999663829803466797e-01
9.999761581420898438e-01
9.998990893363952637e-01
9.986500740051269531e-01
9.954287409782409668e-01
9.776107668876647949e-01
9.645093679428100586e-01
9.642592668533325195e-01
9.826081991195678711e-01
9.977148175239562988e-01
9.995598196983337402e-01
9.999322295188903809e-01
9.999383091926574707e-01
9.998196959495544434e-01
9.615638852119445801e-01
7.466301321983337402e-01
1.401091814041137695e-01
3.733006119728088379e-02
2.128964960575103760e-01
7.588285207748413086e-01
9.427018761634826660e-01
9.981573224067687988e-01
9.964647889137268066e-01
5.509595870971679688e-01
8.297797292470932007e-02
1.769468188285827637e-02
2.107063494622707367e-02
1.696115583181381226e-01
7.480348348617553711e-01
9.419137835502624512e-01
9.718670845031738281e-01
9.837840795516967773e-01
9.905167222023010254e-01
9.933927655220031738e-01
9.892342686653137207e-01
9.649012684822082520e-01
9.265476465225219727e-01
8.668828010559082031e-01
8.713078498840332031e-01
9.131808280944824219e-01
9.623129367828369141e-01
9.850502610206604004e-01
9.906713962554931641e-01
9.915324449539184570e-01
9.936650395393371582e-01
9.966242909431457520e-01
9.987825155258178711e-01
9.997802972793579102e-01
9.998764395713806152e-01
9.998678565025329590e-01
9.998431801795959473e-01
9.997504353523254395e-01
9.972833395004272461e-01
9.657517671585083008e-01
9.060642719268798828e-01
7.447950243949890137e-01
7.657482028007507324e-01
9.842945337295532227e-01
9.969747662544250488e-01
9.999684691429138184e-01
9.999955296516418457e-01
9.999974370002746582e-01
9.999955892562866211e-01
9.999909996986389160e-01
9.999859929084777832e-01
9.999830722808837891e-01
9.999834895133972168e-01
9.999583363533020020e-01
9.991524815559387207e-01
9.969630241394042969e-01
9.865878820419311523e-01
9.789884686470031738e-01
9.801315665245056152e-01
9.895196557044982910e-01
9.979304671287536621e-01
9.994982481002807617e-01
9.999148845672607422e-01
9.999867081642150879e-01
9.999952316284179688e-01
9.999740123748779297e-01
9.997974038124084473e-01
9.991331696510314941e-01
9.984524846076965332e-01
9.980290532112121582e-01
9.987002015113830566e-01
9.992783665657043457e-01
9.997455477714538574e-01
9.998692274093627930e-01
9.997337460517883301e-01
9.942168593406677246e-01
9.520213007926940918e-01
5.767313838005065918e-01
4.704621434211730957e-02
1.442950367927551270e-01
4.195606410503387451e-01
8.154359459877014160e-01
9.392072558403015137e-01
9.981350898742675781e-01
9.999858140945434570e-01
9.999901056289672852e-01
9.999930262565612793e-01
9.999945163726806641e-01
9.999936223030090332e-01
9.996967315673828125e-01
9.990473389625549316e-01
9.470965266227722168e-01
9.109266996383666992e-01
9.016019701957702637e-01
9.462403059005737305e-01
9.834089279174804688e-01
9.976087212562561035e-01
9.998447895050048828e-01
9.999386668205261230e-01
9.998148083686828613e-01
9.989783167839050293e-01
9.979428648948669434e-01
9.968284368515014648e-01
9.958959817886352539e-01
9.943910837173461914e-01
9.910081624984741211e-01
9.905881881713867188e-01
9.921343922615051270e-01
9.969866871833801270e-01
9.991633892059326172e-01
9.999499917030334473e-01
9.999485611915588379e-01
9.836919903755187988e-01
8.890005350112915039e-01
2.689506411552429199e-01
1.041043829172849655e-02
1.706992479739710689e-04
2.216215245425701141e-03
3.130276501178741455e-01
8.645706176757812500e-01
9.543677568435668945e-01
9.993936419486999512e-01
9.999767541885375977e-01
9.999622702598571777e-01
9.991784095764160156e-01
9.974861741065979004e-01
9.768801927566528320e-01
9.169359207153320312e-01
8.016839027404785156e-01
6.035150289535522461e-01
4.447246491909027100e-01
3.761764168739318848e-01
4.550951719284057617e-01
5.498054623603820801e-01
6.149770617485046387e-01
6.705149412155151367e-01
7.441870570182800293e-01
8.767660260200500488e-01
9.515676498413085938e-01
9.949782490730285645e-01
9.985935091972351074e-01
9.998574852943420410e-01
9.999939799308776855e-01
9.999753832817077637e-01
9.993529915809631348e-01
9.984826445579528809e-01
9.985195994377136230e-01
9.988479018211364746e-01
9.993350505828857422e-01
9.988806247711181641e-01
9.985293149948120117e-01
9.982708692550659180e-01
9.890781044960021973e-01
8.805490732192993164e-01
6.604936122894287109e-01
3.474207222461700439e-01
2.851751148700714111e-01
5.823411941528320312e-01
8.385720252990722656e-01
9.991375803947448730e-01
9.998748302459716797e-01
9.999929666519165039e-01
9.998851418495178223e-01
9.995461702346801758e-01
9.994278550148010254e-01
9.994554519653320312e-01
9.997341036796569824e-01
9.998927712440490723e-01
9.999834895133972168e-01
9.999831914901733398e-01
9.999520182609558105e-01
9.981341958045959473e-01
9.847955107688903809e-01
9.828194379806518555e-01
9.883998632431030273e-01
9.952108263969421387e-01
9.989095926284790039e-01
9.999870657920837402e-01
9.999255537986755371e-01
9.868963956832885742e-01
9.600740671157836914e-01
4.370391964912414551e-01
8.825793862342834473e-02
8.565676398575305939e-03
3.572835349255207962e-25
3.284476132096956352e-17
1.238322464216384550e-16
2.867859601974487305e-02
1.813925355672836304e-01
6.093692183494567871e-01
8.445822000503540039e-01
9.828919768333435059e-01
9.960064888000488281e-01
9.997710585594177246e-01
9.990044236183166504e-01
9.951494932174682617e-01
9.950133562088012695e-01
9.967978000640869141e-01
9.973173737525939941e-01
9.812532067298889160e-01
9.517042040824890137e-01
8.934138417243957520e-01
7.820672392845153809e-01
6.202658414840698242e-01
3.548792600631713867e-01
2.431854754686355591e-01
3.239340782165527344e-01
7.080107331275939941e-01
9.718183875083923340e-01
9.936828017234802246e-01
9.888893365859985352e-01
9.830393791198730469e-01
9.855977892875671387e-01
9.121162891387939453e-01
8.550666570663452148e-01
9.166007637977600098e-01
9.633933305740356445e-01
9.971741437911987305e-01
9.986022114753723145e-01
9.983471632003784180e-01
9.964747428894042969e-01
9.889119863510131836e-01
7.474929094314575195e-01
3.370767235755920410e-01
1.126075610518455505e-01
3.167217830196022987e-03
9.494549594819545746e-03
4.977337121963500977e-01
5.788562893867492676e-01
8.910181373357772827e-02
3.849437832832336426e-02
6.781158596277236938e-02
1.443099975585937500e-01
1.989154070615768433e-01
2.349416762590408325e-01
2.361312955617904663e-01
2.815328836441040039e-01
3.687654137611389160e-01
5.575957894325256348e-01
7.518262267112731934e-01
9.271188378334045410e-01
9.621726870536804199e-01
9.537060260772705078e-01
9.187805056571960449e-01
9.305922985076904297e-01
9.538798332214355469e-01
9.877574443817138672e-01
9.955349564552307129e-01
9.996531009674072266e-01
9.997473955154418945e-01
9.992925524711608887e-01
9.990780949592590332e-01
9.993693828582763672e-01
9.994955062866210938e-01
9.962641000747680664e-01
9.849140644073486328e-01
8.731895089149475098e-01
7.629558444023132324e-01
7.809616327285766602e-01
8.148373365402221680e-01
8.433759212493896484e-01
7.866964340209960938e-01
7.418852448463439941e-01
7.149779200553894043e-01
8.579310178756713867e-01
9.496338963508605957e-01
9.929220080375671387e-01
9.974364638328552246e-01
9.989401698112487793e-01
9.978542923927307129e-01
9.538716077804565430e-01
9.375072121620178223e-01
9.818843007087707520e-01
8.403155207633972168e-01
5.965384244918823242e-01
1.933826357126235962e-01
4.495893046259880066e-02
1.889764331281185150e-03
2.239859197288751602e-03
1.186501011252403259e-01
3.205240964889526367e-01
7.131277918815612793e-01
9.144523739814758301e-01
9.659351706504821777e-01
9.714065194129943848e-01
9.762513637542724609e-01
9.804109334945678711e-01
9.892151951789855957e-01
9.960258603096008301e-01
9.992231726646423340e-01
9.998686313629150391e-01
1.000000000000000000e+00
1.000000000000000000e+00
9.999505281448364258e-01
9.998978972434997559e-01
9.998886585235595703e-01
9.998527765274047852e-01
9.990288019180297852e-01
9.930389523506164551e-01
6.388211846351623535e-01
6.094955280423164368e-02
2.038087695837020874e-02
1.062233131185267333e-35
4.854625665474769633e-37
1.056120489185182615e-14
2.244390780106186867e-03
7.762730587273836136e-03
3.414363563060760498e-01
6.857265233993530273e-01
9.415577650070190430e-01
9.515492320060729980e-01
9.155205488204956055e-01
9.713163375854492188e-01
9.938886165618896484e-01
9.999045729637145996e-01
9.999703764915466309e-01
9.999978542327880859e-01
9.999940395355224609e-01
9.998903870582580566e-01
9.971736073493957520e-01
9.917957186698913574e-01
9.916712641716003418e-01
9.826307892799377441e-01
9.600113034248352051e-01
4.281492531299591064e-01
4.027983522973954678e-04
1.254646485904231668e-04
3.010651744261849672e-05
2.601397985912967670e-09
1.483468636820362008e-08
4.179419204592704773e-02
1.576652526855468750e-01
6.702217459678649902e-01
9.298838973045349121e-01
9.969773888587951660e-01
9.988433718681335449e-01
9.998091459274291992e-01
9.997733235359191895e-01
9.971516728401184082e-01
9.902425408363342285e-01
9.765560626983642578e-01
9.733689427375793457e-01
9.731636047363281250e-01
9.749588370323181152e-01
9.665523171424865723e-01
9.420866370201110840e-01
8.609182238578796387e-01
5.963605642318725586e-01
2.428093403577804565e-01
1.110767349600791931e-01
1.484465152025222778e-01
3.362356126308441162e-01
6.962897181510925293e-01
9.293574690818786621e-01
9.892620444297790527e-01
9.977492094039916992e-01
9.986652135848999023e-01
9.987055659294128418e-01
9.983507990837097168e-01
9.981744885444641113e-01
9.990066289901733398e-01
9.933508634567260742e-01
9.836725592613220215e-01
9.676494002342224121e-01
9.655978679656982422e-01
9.741855859756469727e-01
9.908128976821899414e-01
9.993464350700378418e-01
9.987189173698425293e-01
9.625372290611267090e-01
8.241917490959167480e-01
5.106198787689208984e-01
2.495728582143783569e-01
6.457992643117904663e-02
6.564157456159591675e-02
4.106408357620239258e-01
8.451523184776306152e-01
9.511320590972900391e-01
9.962611198425292969e-01
9.998884797096252441e-01
9.999235272407531738e-01
9.998834133148193359e-01
9.997646808624267578e-01
9.990525841712951660e-01
9.960192441940307617e-01
9.892534017562866211e-01
9.842234253883361816e-01
9.834275841712951660e-01
9.930412173271179199e-01
9.950129389762878418e-01
9.944125413894653320e-01
9.962695837020874023e-01
9.981274008750915527e-01
9.998635053634643555e-01
9.993233084678649902e-01
9.979762434959411621e-01
9.958083629608154297e-01
9.951516389846801758e-01
9.955574274063110352e-01
9.975118041038513184e-01
9.987956285476684570e-01
9.996618628501892090e-01
9.997800588607788086e-01
9.997649788856506348e-01
9.989088773727416992e-01
9.938931465148925781e-01
9.660527110099792480e-01
9.272538423538208008e-01
9.694817662239074707e-01
9.937067031860351562e-01
9.992258548736572266e-01
9.996952414512634277e-01
9.972378611564636230e-01
9.905251860618591309e-01
9.195559620857238770e-01
8.682023286819458008e-01
9.137892723083496094e-01
8.947618007659912109e-01
8.055283427238464355e-01
4.613777697086334229e-01
1.990027725696563721e-01
6.552002014359459281e-05
4.630822149920277297e-05
9.193519502878189087e-02
2.874970436096191406e-01
6.842781305313110352e-01
9.631447792053222656e-01
9.885818362236022949e-01
9.967188835144042969e-01
9.995470643043518066e-01
9.997836947441101074e-01
9.679877161979675293e-01
8.992831707000732422e-01
6.632046103477478027e-01
5.644845366477966309e-01
5.767766237258911133e-01
8.313110470771789551e-01
9.820060729980468750e-01
9.953002333641052246e-01
9.970659017562866211e-01
9.973108768463134766e-01
9.978807568550109863e-01
9.986413717269897461e-01
9.993277192115783691e-01
9.994276762008666992e-01
9.993807077407836914e-01
9.992426633834838867e-01
9.990514516830444336e-01
9.991936087608337402e-01
9.996626973152160645e-01
9.998657107353210449e-01
9.999831318855285645e-01
9.999874234199523926e-01
9.992380142211914062e-01
9.940723180770874023e-01
9.766727685928344727e-01
9.728292226791381836e-01
9.763795137405395508e-01
9.893472790718078613e-01
9.958987832069396973e-01
9.975647926330566406e-01
9.978332519531250000e-01
9.978454113006591797e-01
9.975340366363525391e-01
9.877859950065612793e-01
9.801281690597534180e-01
9.798948168754577637e-01
9.871855974197387695e-01
9.956969618797302246e-01
9.987420439720153809e-01
9.996693730354309082e-01
9.985858201980590820e-01
9.858880043029785156e-01
9.550651311874389648e-01
9.056625366210937500e-01
9.410425424575805664e-01
9.721603393554687500e-01
9.842736124992370605e-01
9.932736754417419434e-01
9.996327757835388184e-01
9.998906850814819336e-01
9.998261332511901855e-01
9.994773864746093750e-01
9.980542063713073730e-01
9.979364275932312012e-01
9.989387392997741699e-01
9.991710782051086426e-01
9.993399381637573242e-01
9.994496107101440430e-01
9.996941685676574707e-01
9.998979568481445312e-01
9.999220967292785645e-01
9.994354248046875000e-01
9.983747005462646484e-01
9.950618743896484375e-01
9.953925013542175293e-01
9.984549283981323242e-01
9.993177056312561035e-01
9.998199343681335449e-01
9.998592734336853027e-01
9.999002814292907715e-01
9.999394416809082031e-01
9.999732971191406250e-01
9.999877214431762695e-01
9.999322295188903809e-01
9.995564818382263184e-01
9.960755109786987305e-01
9.902192950248718262e-01
9.746283888816833496e-01
9.646082520484924316e-01
9.611688852310180664e-01
9.682602286338806152e-01
9.760041236877441406e-01
9.823895096778869629e-01
9.902823567390441895e-01
9.974646568298339844e-01
9.992242455482482910e-01
9.999153614044189453e-01
9.999269843101501465e-01
9.998411536216735840e-01
9.996461272239685059e-01
9.993278980255126953e-01
9.982786178588867188e-01
9.944539666175842285e-01
9.851651787757873535e-01
9.682439565658569336e-01
9.561316967010498047e-01
9.749627113342285156e-01
9.804828166961669922e-01
9.778737425804138184e-01
9.764618873596191406e-01
9.826629161834716797e-01
9.972471594810485840e-01
9.993785023689270020e-01
9.999178051948547363e-01
9.999268651008605957e-01
9.997377991676330566e-01
9.983683228492736816e-01
9.921475648880004883e-01
9.888837337493896484e-01
9.877722859382629395e-01
9.934517145156860352e-01
9.974355697631835938e-01
9.995226860046386719e-01
9.998199939727783203e-01
9.998833537101745605e-01
9.998816251754760742e-01
9.995236992835998535e-01
9.983605742454528809e-01
9.940012097358703613e-01
9.928435683250427246e-01
9.938378930091857910e-01
9.961585402488708496e-01
9.969756007194519043e-01
9.959964752197265625e-01
9.980716705322265625e-01
9.997631907463073730e-01
9.996646642684936523e-01
9.985635280609130859e-01
9.972490072250366211e-01
9.967247843742370605e-01
9.977099895477294922e-01
9.997554421424865723e-01
9.999002218246459961e-01
9.999631047248840332e-01
9.999184608459472656e-01
9.997717142105102539e-01
9.996520876884460449e-01
9.996448159217834473e-01
9.987221360206604004e-01
9.973629713058471680e-01
9.956384897232055664e-01
9.953957796096801758e-01
9.963420629501342773e-01
9.977214932441711426e-01
9.986341595649719238e-01
9.988332986831665039e-01
9.988839030265808105e-01
9.990053772926330566e-01
9.994413256645202637e-01
9.997504949569702148e-01
9.999750852584838867e-01
9.999809265136718750e-01
9.999748468399047852e-01
9.999575018882751465e-01
9.998996853828430176e-01
9.998226165771484375e-01
9.997164607048034668e-01
9.998334646224975586e-01
9.999790787696838379e-01
9.999939203262329102e-01
9.999994635581970215e-01
9.999991059303283691e-01
9.999938607215881348e-01
9.999912977218627930e-01
9.999917745590209961e-01
9.999887347221374512e-01
9.999292492866516113e-01
9.997440576553344727e-01
9.991999268531799316e-01
9.982124567031860352e-01
9.954525828361511230e-01
9.484565854072570801e-01
8.681707978248596191e-01
8.504646420478820801e-01
8.771020174026489258e-01
9.669337272644042969e-01
9.914694428443908691e-01
9.998720884323120117e-01
9.999668598175048828e-01
9.999987483024597168e-01
9.999961256980895996e-01
9.999604821205139160e-01
9.959327578544616699e-01
9.880164861679077148e-01
9.829486012458801270e-01
9.837360382080078125e-01
9.951909780502319336e-01
9.984223246574401855e-01
9.986511468887329102e-01
9.967618584632873535e-01
9.948528409004211426e-01
9.930213093757629395e-01
9.962558150291442871e-01
9.975705146789550781e-01
9.963790178298950195e-01
9.853543639183044434e-01
9.727604985237121582e-01
9.605435132980346680e-01
9.662767648696899414e-01
9.790851473808288574e-01
9.818403720855712891e-01
9.438430070877075195e-01
8.683542609214782715e-01
4.344550371170043945e-01
1.183896213769912720e-01
6.347832083702087402e-02
1.495698839426040649e-01
2.765563130378723145e-01
3.964794874191284180e-01
4.379972815513610840e-01
4.310938715934753418e-01
7.002614736557006836e-01
8.902875185012817383e-01
9.753994345664978027e-01
9.928426146507263184e-01
9.956219196319580078e-01
9.919944405555725098e-01
9.913510084152221680e-01
9.924216270446777344e-01
9.964019656181335449e-01
9.987507462501525879e-01
9.994860291481018066e-01
9.995770454406738281e-01
9.920293092727661133e-01
9.691455960273742676e-01
7.965515851974487305e-01
5.653172731399536133e-01
2.942255139350891113e-01
3.557646572589874268e-01
6.664123535156250000e-01
8.309102654457092285e-01
9.025925397872924805e-01
8.384091854095458984e-01
6.419913172721862793e-01
4.370820224285125732e-01
3.087933957576751709e-01
3.645296096801757812e-01
5.305345654487609863e-01
8.014666438102722168e-01
9.627268910408020020e-01
9.953343272209167480e-01
9.992462992668151855e-01
9.991598725318908691e-01
9.994971156120300293e-01
9.953662753105163574e-01
9.758684039115905762e-01
8.472248911857604980e-01
6.983207464218139648e-01
5.307933688163757324e-01
5.740705728530883789e-01
6.885074377059936523e-01
9.095356464385986328e-01
9.774814844131469727e-01
9.926258325576782227e-01
9.958769083023071289e-01
9.981901049613952637e-01
9.997972249984741211e-01
9.998489618301391602e-01
9.998905062675476074e-01
9.999585151672363281e-01
9.999738335609436035e-01
9.999289512634277344e-01
9.997099637985229492e-01
9.991821646690368652e-01
9.984564781188964844e-01
9.973948597908020020e-01
9.704566597938537598e-01
9.105451107025146484e-01
8.390346765518188477e-01
8.020258545875549316e-01
8.715497255325317383e-01
9.386295080184936523e-01
9.997197389602661133e-01
9.998983144760131836e-01
9.998486042022705078e-01
9.995521306991577148e-01
9.770482182502746582e-01
9.502913355827331543e-01
9.199604988098144531e-01
9.412286281585693359e-01
9.807112216949462891e-01
9.923186898231506348e-01
9.977508187294006348e-01
9.974353909492492676e-01
9.976333379745483398e-01
9.982325434684753418e-01
9.995548129081726074e-01
9.999461770057678223e-01
9.999981522560119629e-01
9.999994039535522461e-01
9.999951720237731934e-01
9.999863505363464355e-01
9.986628293991088867e-01
9.967018961906433105e-01
9.937223792076110840e-01
9.940530061721801758e-01
9.954724907875061035e-01
9.972989559173583984e-01
9.965650439262390137e-01
9.939529895782470703e-01
9.774410724639892578e-01
9.625380039215087891e-01
9.505743980407714844e-01
9.619736075401306152e-01
9.788821935653686523e-01
9.931021332740783691e-01
9.992212057113647461e-01
9.999722242355346680e-01
9.999896883964538574e-01
9.999470114707946777e-01
9.998168945312500000e-01
9.939633011817932129e-01
9.886133670806884766e-01
9.899482131004333496e-01
9.934138059616088867e-01
9.980652928352355957e-01
9.964458942413330078e-01
9.874514937400817871e-01
9.684601426124572754e-01
9.664188027381896973e-01
9.700449109077453613e-01
9.807395935058593750e-01
9.884253740310668945e-01
9.942819476127624512e-01
9.975947141647338867e-01
9.995757341384887695e-01
9.998378753662109375e-01
9.997465610504150391e-01
9.996802806854248047e-01
9.999086856842041016e-01
9.999940395355224609e-01
9.999989867210388184e-01
9.999985098838806152e-01
9.999938607215881348e-01
9.999841451644897461e-01
9.992610216140747070e-01
9.954173564910888672e-01
9.824669361114501953e-01
9.623354673385620117e-01
9.405266642570495605e-01
9.644223451614379883e-01
9.838696122169494629e-01
9.978447556495666504e-01
9.985854029655456543e-01
9.974905848503112793e-01
9.981789588928222656e-01
9.989419579505920410e-01
9.997156262397766113e-01
9.998191595077514648e-01
9.998570084571838379e-01
9.998123049736022949e-01
9.997933506965637207e-01
9.997778534889221191e-01
9.997581839561462402e-01
9.996966123580932617e-01
9.996198415756225586e-01
9.997589588165283203e-01
9.998772740364074707e-01
9.999684691429138184e-01
9.999918937683105469e-01
9.999989867210388184e-01
9.999971389770507812e-01
9.999641776084899902e-01
9.998806715011596680e-01
9.985400438308715820e-01
9.515846967697143555e-01
8.424827456474304199e-01
7.430521845817565918e-01
6.856285929679870605e-01
7.722477316856384277e-01
8.780371546745300293e-01
9.946937561035156250e-01
9.979388117790222168e-01
9.998972415924072266e-01
9.999614953994750977e-01
9.999793171882629395e-01
9.999437928199768066e-01
9.997376203536987305e-01
9.990943670272827148e-01
9.981501102447509766e-01
9.963970780372619629e-01
9.947504401206970215e-01
9.932869076728820801e-01
9.889033436775207520e-01
9.758858680725097656e-01
9.256400465965270996e-01
8.187878727912902832e-01
6.689479947090148926e-01
5.332286357879638672e-01
4.944485127925872803e-01
6.300413608551025391e-01
7.898823618888854980e-01
9.388107657432556152e-01
9.757148027420043945e-01
9.728313088417053223e-01
9.358431696891784668e-01
7.494945526123046875e-01
6.234467029571533203e-01
6.429277658462524414e-01
7.954093813896179199e-01
9.780731797218322754e-01
9.913160204887390137e-01
9.973856210708618164e-01
9.964392185211181641e-01
9.964020848274230957e-01
9.960840940475463867e-01
9.948269724845886230e-01
9.884526133537292480e-01
9.806692600250244141e-01
9.849339127540588379e-01
9.907246232032775879e-01
9.982410073280334473e-01
9.996476173400878906e-01
9.998868107795715332e-01
9.996204376220703125e-01
9.984836578369140625e-01
9.969047307968139648e-01
9.965464472770690918e-01
9.969308376312255859e-01
9.983299374580383301e-01
9.924180507659912109e-01
9.665697216987609863e-01
8.693369626998901367e-01
7.036323547363281250e-01
4.910599291324615479e-01
3.406893610954284668e-01
1.931366175413131714e-01
4.824628308415412903e-02
7.567333523184061050e-03
8.558390662074089050e-03
6.261349469423294067e-02
1.953164190053939819e-01
3.943582773208618164e-01
2.087646275758743286e-01
6.056996434926986694e-02
5.373274534940719604e-02
4.614860117435455322e-01
9.790180325508117676e-01
9.157055020332336426e-01
6.966703534126281738e-01
3.108855485916137695e-01
1.368293166160583496e-01
3.553415834903717041e-02
5.323384329676628113e-02
9.245616197586059570e-02
1.553153693675994873e-01
5.360342860221862793e-01
7.601115703582763672e-01
7.701035141944885254e-01
8.838577270507812500e-01
9.932413101196289062e-01
9.837654232978820801e-01
9.862846136093139648e-01
9.973825216293334961e-01
9.990668296813964844e-01
9.999638199806213379e-01
9.999725818634033203e-01
9.939491748809814453e-01
9.763200879096984863e-01
8.949195742607116699e-01
8.690353631973266602e-01
8.953251242637634277e-01
9.421271681785583496e-01
9.800859689712524414e-01
9.903416633605957031e-01
9.928055405616760254e-01
9.916713833808898926e-01
9.942990541458129883e-01
9.967483282089233398e-01
9.989718794822692871e-01
9.996734261512756348e-01
9.999762773513793945e-01
9.999900460243225098e-01
9.999964237213134766e-01
9.999979734420776367e-01
9.999982118606567383e-01
9.999279975891113281e-01
9.997351765632629395e-01
9.591974020004272461e-01
8.771231770515441895e-01
6.087002754211425781e-01
5.104049444198608398e-01
5.723329782485961914e-01
7.894365191459655762e-01
9.646705985069274902e-01
9.865775108337402344e-01
9.957529306411743164e-01
9.984129667282104492e-01
9.993259310722351074e-01
9.998328685760498047e-01
9.998004436492919922e-01
9.998005628585815430e-01
9.998013973236083984e-01
9.997738599777221680e-01
9.995390772819519043e-01
9.991499185562133789e-01
9.988969564437866211e-01
9.988794922828674316e-01
9.993132948875427246e-01
9.996694326400756836e-01
9.999619722366333008e-01
9.999529123306274414e-01
9.986987113952636719e-01
9.960998892784118652e-01
9.927973151206970215e-01
9.910230040550231934e-01
9.943717718124389648e-01
9.973049759864807129e-01
9.999808669090270996e-01
9.989900588989257812e-01
9.959858059883117676e-01
9.897226691246032715e-01
9.857742786407470703e-01
9.841287732124328613e-01
9.921734929084777832e-01
9.072611927986145020e-01
7.365533113479614258e-01
5.512432456016540527e-01
4.642625451087951660e-01
6.366223692893981934e-01
8.190637826919555664e-01
9.996816515922546387e-01
9.998775124549865723e-01
9.999699592590332031e-01
9.999154210090637207e-01
9.997289180755615234e-01
9.994955062866210938e-01
9.992014765739440918e-01
9.975063204765319824e-01
9.946463108062744141e-01
9.903230071067810059e-01
9.886413812637329102e-01
9.933419823646545410e-01
9.967895746231079102e-01
9.994816184043884277e-01
9.994333386421203613e-01
9.984842538833618164e-01
9.963596463203430176e-01
9.919027090072631836e-01
9.877533316612243652e-01
9.873791933059692383e-01
9.905490279197692871e-01
9.964838027954101562e-01
9.985275864601135254e-01
9.997957348823547363e-01
9.999321699142456055e-01
9.997199773788452148e-01
9.982724785804748535e-01
9.813373684883117676e-01
9.660960435867309570e-01
9.529889822006225586e-01
9.622437953948974609e-01
9.763657450675964355e-01
9.899597764015197754e-01
9.867144227027893066e-01
9.704623818397521973e-01
6.796646714210510254e-01
5.443502068519592285e-01
7.893878817558288574e-01
9.204922914505004883e-01
9.950017333030700684e-01
9.981092810630798340e-01
9.996929764747619629e-01
9.992955923080444336e-01
9.991485476493835449e-01
9.991580247879028320e-01
9.996014237403869629e-01
9.996470808982849121e-01
9.993748664855957031e-01
9.958760738372802734e-01
9.908852577209472656e-01
9.830222129821777344e-01
9.824929833412170410e-01
9.855381846427917480e-01
9.884906411170959473e-01
9.888573884963989258e-01
9.855958819389343262e-01
9.087542891502380371e-01
7.948042154312133789e-01
5.897864103317260742e-01
4.923486113548278809e-01
4.896235466003417969e-01
7.668707966804504395e-01
9.910922050476074219e-01
9.972221255302429199e-01
9.988788962364196777e-01
9.968844056129455566e-01
9.196199178695678711e-01
8.487982153892517090e-01
7.882526516914367676e-01
7.622073292732238770e-01
7.668277025222778320e-01
9.060435891151428223e-01
9.668441414833068848e-01
9.480245113372802734e-01
9.609081745147705078e-01
9.778882265090942383e-01
9.923536181449890137e-01
9.987041950225830078e-01
9.997749924659729004e-01
9.998251795768737793e-01
9.997968077659606934e-01
9.996707439422607422e-01
9.981047511100769043e-01
9.961845278739929199e-01
9.969907402992248535e-01
9.980475306510925293e-01
9.994148612022399902e-01
9.998322129249572754e-01
9.999973177909851074e-01
9.999967217445373535e-01
9.999906420707702637e-01
9.999800324440002441e-01
9.999124407768249512e-01
9.988519549369812012e-01
9.953250885009765625e-01
9.517323374748229980e-01
8.893759846687316895e-01
9.450098872184753418e-01
9.799681901931762695e-01
9.821265935897827148e-01
9.609945416450500488e-01
9.403824806213378906e-01
9.789516925811767578e-01
9.990670680999755859e-01
9.997339844703674316e-01
9.998064637184143066e-01
9.997652173042297363e-01
9.996793270111083984e-01
9.993053674697875977e-01
9.987269043922424316e-01
9.981668591499328613e-01
9.980612397193908691e-01
9.989407658576965332e-01
9.991840124130249023e-01
9.991534352302551270e-01
9.996855854988098145e-01
9.998423457145690918e-01
9.994568824768066406e-01
9.963294863700866699e-01
9.927610754966735840e-01
9.914807081222534180e-01
9.922987818717956543e-01
9.951911568641662598e-01
9.940377473831176758e-01
9.915820956230163574e-01
9.868645668029785156e-01
9.888426661491394043e-01
9.954173564910888672e-01
9.964054226875305176e-01
9.957268238067626953e-01
9.920462965965270996e-01
9.938723444938659668e-01
9.981272220611572266e-01
9.993026256561279297e-01
9.999978542327880859e-01
9.999926686286926270e-01
9.999569058418273926e-01
9.999108314514160156e-01
9.998565912246704102e-01
9.992604255676269531e-01
9.981119036674499512e-01
9.943244457244873047e-01
9.916809797286987305e-01
9.947994351387023926e-01
9.952641725540161133e-01
9.937841892242431641e-01
9.736078977584838867e-01
9.513213038444519043e-01
9.269622564315795898e-01
9.454782605171203613e-01
9.851512908935546875e-01
9.829536676406860352e-01
9.858789443969726562e-01
9.971017837524414062e-01
1.000000000000000000e+00
9.987544417381286621e-01
9.865385293960571289e-01
9.741279482841491699e-01
9.614897966384887695e-01
9.676424860954284668e-01
9.776283502578735352e-01
9.863472580909729004e-01
9.931520819664001465e-01
9.983204603195190430e-01
9.994019865989685059e-01
9.998695254325866699e-01
9.999079704284667969e-01
9.998008012771606445e-01
9.996033906936645508e-01
9.977097511291503906e-01
9.962472319602966309e-01
9.957196116447448730e-01
9.974254369735717773e-01
1.000000000000000000e+00
1.000000000000000000e+00
9.999947547912597656e-01
9.999819397926330566e-01
9.999216198921203613e-01
9.998657703399658203e-01
9.999524950981140137e-01
9.999551773071289062e-01
9.998658299446105957e-01
9.972338676452636719e-01
9.914783835411071777e-01
9.745693802833557129e-01
9.681554436683654785e-01
9.703993201255798340e-01
9.766200780868530273e-01
9.806389808654785156e-01
9.770641922950744629e-01
9.763711094856262207e-01
9.774892926216125488e-01
9.657997488975524902e-01
9.659541845321655273e-01
9.917522072792053223e-01
1.000000000000000000e+00
9.792057871818542480e-01
3.834070861339569092e-01
1.519087050110101700e-02
3.072837134823203087e-03
2.110840287059545517e-03
5.876659229397773743e-02
6.041123270988464355e-01
9.272871613502502441e-01
9.814113974571228027e-01
9.934253692626953125e-01
9.953749775886535645e-01
9.974644780158996582e-01
9.988792538642883301e-01
9.996530413627624512e-01
9.998362660408020020e-01
9.999181628227233887e-01
9.999623298645019531e-01
9.999370574951171875e-01
9.998599290847778320e-01
9.988286495208740234e-01
9.979582428932189941e-01
9.976977705955505371e-01
9.981084465980529785e-01
9.989135265350341797e-01
9.992830157279968262e-01
9.995833635330200195e-01
9.997607469558715820e-01
9.998750686645507812e-01
9.999580383300781250e-01
9.999775290489196777e-01
9.999903440475463867e-01
9.999926090240478516e-01
9.999909400939941406e-01
9.999883174896240234e-01
9.999904036521911621e-01
9.999923706054687500e-01
9.999941587448120117e-01
9.999927878379821777e-01
9.999757409095764160e-01
9.998707771301269531e-01
9.997573494911193848e-01
9.996353983879089355e-01
9.996907114982604980e-01
9.997847676277160645e-01
9.999024868011474609e-01
9.999642372131347656e-01
9.999788999557495117e-01
9.999728798866271973e-01
9.999654889106750488e-01
9.999616742134094238e-01
9.999045729637145996e-01
9.998109936714172363e-01
9.994367361068725586e-01
9.982642531394958496e-01
9.951840639114379883e-01
9.771435856819152832e-01
9.505987167358398438e-01
8.596738576889038086e-01
7.691826224327087402e-01
6.818706989288330078e-01
6.299029588699340820e-01
6.012821793556213379e-01
8.072770833969116211e-01
9.504579305648803711e-01
9.889851808547973633e-01
9.997831583023071289e-01
9.999895095825195312e-01
9.999935030937194824e-01
9.999927878379821777e-01
9.999855756759643555e-01
9.999514222145080566e-01
9.999121427536010742e-01
9.998994469642639160e-01
9.999109506607055664e-01
9.999512434005737305e-01
9.999766349792480469e-01
9.999950528144836426e-01
9.999944567680358887e-01
9.999666213989257812e-01
9.999107718467712402e-01
9.968883991241455078e-01
9.420578479766845703e-01
6.601051092147827148e-01
3.707697093486785889e-01
7.552792131900787354e-02
2.582201175391674042e-02
2.245642058551311493e-02
5.787298828363418579e-02
2.033117115497589111e-01
4.343235492706298828e-01
7.492318153381347656e-01
9.931659102439880371e-01
9.979509115219116211e-01
9.996243119239807129e-01
9.991691708564758301e-01
9.991012811660766602e-01
9.991886615753173828e-01
9.996060132980346680e-01
9.998518228530883789e-01
9.999948143959045410e-01
9.999997019767761230e-01
9.999996423721313477e-01
9.999985694885253906e-01
9.999943375587463379e-01
9.999883770942687988e-01
9.999891519546508789e-01
9.999896287918090820e-01
9.999895095825195312e-01
9.999748468399047852e-01
9.998664855957031250e-01
9.959375262260437012e-01
9.736312627792358398e-01
9.192239046096801758e-01
8.930631279945373535e-01
8.815684318542480469e-01
9.276587963104248047e-01
9.570557475090026855e-01
9.600629210472106934e-01
9.492207169532775879e-01
9.352654218673706055e-01
9.491144418716430664e-01
9.638746976852416992e-01
9.799537062644958496e-01
8.327041864395141602e-01
6.234651207923889160e-01
3.385501205921173096e-01
2.578966319561004639e-01
4.482802152633666992e-01
6.512433290481567383e-01
8.268612027168273926e-01
7.541874051094055176e-01
5.433109402656555176e-01
1.623405963182449341e-01
4.257740452885627747e-02
7.531518349424004555e-05
6.344736320897936821e-04
8.015647530555725098e-02
2.510992586612701416e-01
5.777525901794433594e-01
8.942079544067382812e-01
9.159549474716186523e-01
8.574985265731811523e-01
7.116678357124328613e-01
3.558012545108795166e-01
1.458111405372619629e-02
5.120268557220697403e-03
2.224694035248830914e-04
3.533712515491060913e-05
1.620658395040663891e-06
7.337967389275945607e-08
4.066859560225566383e-08
6.852999329566955566e-03
2.052697166800498962e-02
1.731571406126022339e-01
3.710606694221496582e-01
6.565936207771301270e-01
8.513482213020324707e-01
9.589881300926208496e-01
9.723293185234069824e-01
9.576928019523620605e-01
8.947518467903137207e-01
8.638390898704528809e-01
8.626464009284973145e-01
9.293675422668457031e-01
9.934422373771667480e-01
9.960381388664245605e-01
9.964937567710876465e-01
9.949922561645507812e-01
9.956326484680175781e-01
9.966857433319091797e-01
9.979712367057800293e-01
9.988453388214111328e-01
9.993487000465393066e-01
9.993089437484741211e-01
9.503085613250732422e-01
7.002402544021606445e-01
3.975519537925720215e-01
4.814155772328376770e-02
1.882141987152863294e-06
1.745652237928645981e-19
9.864030576997114351e-19
2.403167039155960083e-01
6.951381564140319824e-01
7.953628301620483398e-01
8.298163414001464844e-01
8.295425176620483398e-01
8.799037933349609375e-01
9.757149815559387207e-01
9.484214782714843750e-01
8.669447898864746094e-01
6.429266929626464844e-01
5.841671228408813477e-01
6.745754480361938477e-01
8.164359927177429199e-01
9.438121318817138672e-01
9.728059768676757812e-01
9.905093908309936523e-01
9.977422952651977539e-01
9.993814826011657715e-01
9.999183416366577148e-01
9.999672174453735352e-01
9.996060132980346680e-01
9.988524913787841797e-01
9.829658269882202148e-01
9.184517860412597656e-01
6.347789764404296875e-01
3.451064229011535645e-01
4.950992017984390259e-02
1.344548072665929794e-04
8.833561441861093044e-04
6.298948079347610474e-03
2.390676140785217285e-01
7.069692611694335938e-01
8.554798960685729980e-01
9.246631264686584473e-01
9.420052766799926758e-01
9.575465917587280273e-01
9.711232781410217285e-01
9.848979115486145020e-01
9.970337152481079102e-01
9.986255168914794922e-01
9.993494153022766113e-01
9.990742206573486328e-01
9.980796575546264648e-01
9.970669746398925781e-01
9.972606897354125977e-01
9.977416992187500000e-01
9.985762238502502441e-01
9.988347291946411133e-01
9.988304972648620605e-01
9.979932904243469238e-01
9.909111857414245605e-01
9.755154848098754883e-01
9.763593673706054688e-01
9.828085899353027344e-01
9.931992888450622559e-01
9.992907047271728516e-01
9.991840720176696777e-01
9.978761076927185059e-01
9.951085448265075684e-01
9.771217703819274902e-01
9.619876742362976074e-01
9.513510465621948242e-01
8.590219616889953613e-01
7.217818498611450195e-01
2.807924151420593262e-01
3.731026598785547321e-09
8.874512236189957548e-10
2.509561454644426703e-05
6.930369883775711060e-03
5.056529641151428223e-01
8.564788103103637695e-01
9.181758761405944824e-01
9.499472975730895996e-01
9.664812088012695312e-01
9.806478619575500488e-01
9.911224842071533203e-01
9.935264587402343750e-01
9.943689107894897461e-01
9.943144917488098145e-01
9.762636423110961914e-01
9.383391141891479492e-01
8.517547249794006348e-01
7.964587807655334473e-01
7.616816163063049316e-01
8.572534322738647461e-01
9.392136931419372559e-01
9.509497880935668945e-01
9.084208011627197266e-01
8.258579373359680176e-01
7.906234860420227051e-01
7.939490675926208496e-01
9.144813418388366699e-01
9.791119098663330078e-01
9.963871836662292480e-01
9.990641474723815918e-01
9.993727207183837891e-01
9.994024038314819336e-01
9.993937015533447266e-01
9.993475675582885742e-01
9.972835779190063477e-01
9.941456913948059082e-01
9.872531890869140625e-01
9.813208580017089844e-01
9.764888286590576172e-01
9.770173430442810059e-01
9.791286587715148926e-01
9.825574159622192383e-01
9.869784116744995117e-01
9.926930069923400879e-01
9.967443943023681641e-01
9.999957680702209473e-01
9.999349713325500488e-01
9.998249411582946777e-01
9.996380805969238281e-01
9.997534155845642090e-01
9.999863505363464355e-01
9.999874234199523926e-01
9.999762773513793945e-01
9.999421834945678711e-01
9.999058246612548828e-01
9.998682737350463867e-01
9.999408721923828125e-01
9.999819397926330566e-01
9.999471902847290039e-01
9.966840147972106934e-01
9.914559721946716309e-01
9.661865830421447754e-01
9.438918828964233398e-01
9.341212511062622070e-01
9.538378715515136719e-01
9.954552054405212402e-01
1.000000000000000000e+00
1.000000000000000000e+00
1.000000000000000000e+00
9.842659831047058105e-01
9.543517231941223145e-01
8.584027886390686035e-01
7.763844728469848633e-01
8.317468762397766113e-01
8.958529233932495117e-01
9.695738554000854492e-01
9.919806718826293945e-01
9.999046921730041504e-01
9.999647140502929688e-01
9.999991655349731445e-01
9.999985694885253906e-01
9.999903440475463867e-01
9.999800920486450195e-01
9.999821186065673828e-01
9.999865889549255371e-01
9.999953508377075195e-01
9.999988675117492676e-01
1.000000000000000000e+00
9.999950528144836426e-01
9.999406933784484863e-01
9.997776746749877930e-01
9.917643070220947266e-01
9.790394306182861328e-01
5.288838148117065430e-01
1.460887640714645386e-01
4.419542104005813599e-02
6.989075245655840263e-06
7.485501214432588313e-07
3.516624569892883301e-01
7.099792361259460449e-01
8.979415297508239746e-01
9.924763441085815430e-01
9.961740970611572266e-01
9.977896809577941895e-01
9.988834857940673828e-01
9.995272159576416016e-01
9.999146461486816406e-01
9.999833703041076660e-01
9.999983906745910645e-01
9.999960064888000488e-01
9.999892115592956543e-01
9.999107718467712402e-01
9.997149109840393066e-01
9.987039566040039062e-01
9.973298311233520508e-01
9.958383440971374512e-01
9.951761960983276367e-01
9.963267445564270020e-01
9.970861673355102539e-01
9.976129531860351562e-01
9.984629750251770020e-01
9.992380738258361816e-01
9.997200965881347656e-01
9.999486804008483887e-01
9.999767541885375977e-01
9.999905228614807129e-01
1.000000000000000000e+00
1.000000000000000000e+00
9.999659061431884766e-01
9.998957514762878418e-01
9.997543692588806152e-01
9.996090531349182129e-01
9.995864033699035645e-01
9.996175169944763184e-01
9.997242689132690430e-01
9.998249411582946777e-01
9.999213814735412598e-01
9.999622702598571777e-01
9.999831318855285645e-01
9.999653100967407227e-01
9.997420310974121094e-01
9.994075894355773926e-01
9.990856051445007324e-01
9.989030957221984863e-01
9.991056919097900391e-01
9.993963837623596191e-01
9.997531771659851074e-01
9.999022483825683594e-01
1.000000000000000000e+00
1.000000000000000000e+00
9.999818801879882812e-01
9.999452829360961914e-01
9.995806217193603516e-01
9.987049102783203125e-01
9.943050742149353027e-01
9.763730764389038086e-01
9.393008351325988770e-01
8.893311619758605957e-01
8.380675911903381348e-01
9.232003688812255859e-01
9.835048913955688477e-01
9.936976432800292969e-01
9.951318502426147461e-01
9.915733933448791504e-01
9.678243994712829590e-01
9.517319798469543457e-01
9.624837636947631836e-01
9.779944419860839844e-01
9.972976446151733398e-01
1.000000000000000000e+00
9.999033212661743164e-01
9.993109703063964844e-01
9.990345239639282227e-01
9.991193413734436035e-01
9.986551403999328613e-01
9.950233101844787598e-01
9.537653326988220215e-01
9.081093668937683105e-01
8.553602695465087891e-01
8.607004284858703613e-01
8.931857347488403320e-01
9.383228421211242676e-01
9.738131165504455566e-01
9.849073886871337891e-01
9.922482371330261230e-01
9.970052242279052734e-01
9.980791807174682617e-01
9.984793066978454590e-01
9.979037046432495117e-01
9.937358498573303223e-01
9.859487414360046387e-01
9.785811901092529297e-01
9.735044240951538086e-01
9.877498149871826172e-01
9.970946311950683594e-01
9.991909265518188477e-01
9.994809031486511230e-01
9.989998936653137207e-01
9.966711997985839844e-01
9.943295121192932129e-01
9.919586777687072754e-01
9.926825761795043945e-01
9.953922629356384277e-01
9.975784420967102051e-01
9.993379712104797363e-01
9.996811151504516602e-01
9.998422861099243164e-01
9.998277425765991211e-01
9.998703002929687500e-01
9.999240040779113770e-01
9.999588727951049805e-01
9.999784827232360840e-01
9.999759793281555176e-01
9.997138977050781250e-01
9.987505674362182617e-01
9.236902594566345215e-01
7.157459855079650879e-01
2.076506018638610840e-01
6.033604219555854797e-02
1.467205435037612915e-01
1.143848896026611328e-01
1.277854740619659424e-01
3.727139830589294434e-01
5.237848162651062012e-01
5.813778638839721680e-01
7.632272839546203613e-01
9.587013721466064453e-01
9.843107461929321289e-01
9.998548626899719238e-01
9.999633431434631348e-01
9.999918937683105469e-01
9.999848008155822754e-01
9.999371170997619629e-01
9.998891353607177734e-01
9.998413324356079102e-01
9.998778700828552246e-01
9.999749064445495605e-01
9.999935626983642578e-01
9.999999403953552246e-01
9.999997615814208984e-01
9.999971985816955566e-01
9.999919533729553223e-01
9.998871088027954102e-01
9.997063279151916504e-01
9.988428950309753418e-01
9.984397292137145996e-01
9.988614320755004883e-01
9.993348717689514160e-01
9.998347759246826172e-01
9.997466206550598145e-01
9.986574649810791016e-01
9.945610761642456055e-01
9.459508061408996582e-01
8.591757416725158691e-01
6.067857742309570312e-01
4.035246968269348145e-01
7.805420160293579102e-01
1.000000000000000000e+00
1.000000000000000000e+00
7.588271498680114746e-01
4.227287769317626953e-01
5.328346490859985352e-01
6.756955385208129883e-01
8.945630192756652832e-01
9.889263510704040527e-01
9.978793859481811523e-01
9.978797435760498047e-01
9.966695904731750488e-01
9.952158927917480469e-01
9.888265132904052734e-01
9.768697619438171387e-01
9.572216272354125977e-01
9.373285770416259766e-01
9.556999206542968750e-01
9.737426042556762695e-01
9.911633133888244629e-01
9.984056353569030762e-01
9.998560547828674316e-01
9.999806284904479980e-01
9.999992251396179199e-01
9.999956488609313965e-01
9.999932050704956055e-01
9.999919533729553223e-01
9.998675584793090820e-01
9.994567036628723145e-01
9.965594410896301270e-01
9.956071376800537109e-01
9.977905750274658203e-01
9.990445375442504883e-01
9.998497962951660156e-01
9.999437928199768066e-01
9.999677538871765137e-01
9.998645782470703125e-01
9.754326343536376953e-01
9.305737614631652832e-01
9.559670686721801758e-01
9.197322726249694824e-01
3.413598835468292236e-01
1.514886156655848026e-03
3.517901932355016470e-04
1.525350958108901978e-01
3.703694641590118408e-01
7.186219096183776855e-01
9.756020307540893555e-01
9.911120533943176270e-01
9.984032511711120605e-01
9.993544220924377441e-01
9.996921420097351074e-01
9.998896121978759766e-01
9.998835921287536621e-01
9.995065331459045410e-01
9.986353516578674316e-01
9.547662138938903809e-01
8.946220874786376953e-01
9.513332247734069824e-01
8.264834284782409668e-01
2.591210305690765381e-01
1.248541940003633499e-02
1.502008060924708843e-03
1.838445132307242602e-05
3.439001366496086121e-02
2.652647793292999268e-01
5.399455428123474121e-01
8.707454800605773926e-01
9.723376035690307617e-01
9.851872920989990234e-01
9.832901358604431152e-01
9.846243262290954590e-01
9.937469363212585449e-01
9.981384277343750000e-01
9.990895986557006836e-01
9.996120333671569824e-01
9.998300075531005859e-01
9.986788034439086914e-01
9.971991181373596191e-01
9.952857494354248047e-01
9.775800108909606934e-01
9.535219669342041016e-01
8.878129124641418457e-01
8.583010435104370117e-01
9.212135672569274902e-01
9.572722315788269043e-01
9.726737141609191895e-01
8.436501026153564453e-01
6.770540475845336914e-01
4.321577847003936768e-01
3.964097797870635986e-01
6.549705266952514648e-01
7.931053042411804199e-01
8.793879151344299316e-01
9.248812198638916016e-01
9.492710232734680176e-01
9.163975715637207031e-01
9.286548495292663574e-01
9.786508679389953613e-01
9.771979451179504395e-01
9.408031105995178223e-01
7.040476202964782715e-01
4.438958764076232910e-01
1.467433422803878784e-01
3.252673521637916565e-02
7.660053204745054245e-03
1.335830092430114746e-01
3.028743863105773926e-01
5.899325013160705566e-01
7.284702658653259277e-01
7.269688844680786133e-01
7.664590477943420410e-01
8.192688822746276855e-01
9.062941670417785645e-01
8.679861426353454590e-01
6.020464301109313965e-01
3.182428479194641113e-01
2.472725510597229004e-02
1.802677296325327916e-08
4.223662472213618457e-05
2.583046152722090483e-04
1.827985495328903198e-01
5.657081007957458496e-01
6.058185696601867676e-01
5.384997129440307617e-01
5.686981678009033203e-01
5.088906288146972656e-01
2.508650422096252441e-01
9.649646282196044922e-02
1.412023976445198059e-02
1.684217602014541626e-01
3.816696703433990479e-01
7.264797091484069824e-01
8.806570172309875488e-01
7.764420509338378906e-01
6.651721596717834473e-01
5.507718920707702637e-01
7.876262664794921875e-01
9.725282788276672363e-01
9.895439147949218750e-01
9.957606792449951172e-01
9.925857782363891602e-01
9.842920899391174316e-01
9.767689704895019531e-01
9.898031949996948242e-01
9.950065612792968750e-01
9.864257574081420898e-01
9.131756424903869629e-01
8.034032583236694336e-01
5.242058038711547852e-01
2.582664489746093750e-01
1.161829605698585510e-01
3.075535036623477936e-02
9.889153763651847839e-03
1.273086816072463989e-01
2.876954674720764160e-01
1.518065929412841797e-01
4.636228457093238831e-02
1.442369539290666580e-02
3.494105860590934753e-02
9.578933566808700562e-02
4.829441308975219727e-01
8.885630369186401367e-01
9.549880623817443848e-01
9.955512285232543945e-01
9.952071309089660645e-01
9.864372611045837402e-01
9.733688235282897949e-01
9.853138327598571777e-01
9.965808987617492676e-01
9.987984895706176758e-01
9.997004866600036621e-01
9.991950392723083496e-01
9.873633980751037598e-01
9.700828194618225098e-01
8.890047669410705566e-01
7.661299109458923340e-01
5.460363626480102539e-01
3.026364743709564209e-01
4.175267368555068970e-02
3.789546608459204435e-04
1.167040411382913589e-02
1.127701252698898315e-01
3.463294506072998047e-01
7.898348569869995117e-01
9.612741470336914062e-01
9.915114641189575195e-01
9.968931674957275391e-01
9.997510313987731934e-01
9.999086260795593262e-01
9.999920725822448730e-01
9.999923110008239746e-01
9.998379349708557129e-01
9.994789361953735352e-01
9.863181710243225098e-01
9.156677722930908203e-01
6.978396177291870117e-01
4.650421440601348877e-01
2.198842316865921021e-01
3.840433657169342041e-01
6.320078969001770020e-01
8.302626013755798340e-01
9.651723504066467285e-01
9.889248609542846680e-01
9.703266620635986328e-01
9.270394444465637207e-01
5.823989510536193848e-01
2.422275543212890625e-01
8.807184547185897827e-02
8.381189545616507530e-04
2.059325051959604025e-04
1.131168380379676819e-02
2.733629196882247925e-02
5.268414020538330078e-01
9.198384881019592285e-01
9.319518804550170898e-01
9.512726664543151855e-01
9.775225520133972168e-01
9.895445704460144043e-01
9.958393573760986328e-01
9.667384028434753418e-01
7.801464200019836426e-01
2.459671050310134888e-01
1.337342709302902222e-02
1.821103971451520920e-03
5.171658471226692200e-03
6.209319457411766052e-02
5.344711542129516602e-01
8.624461889266967773e-01
9.489421248435974121e-01
9.631613492965698242e-01
9.366090893745422363e-01
8.297841548919677734e-01
7.419556379318237305e-01
7.862360477447509766e-01
7.888250946998596191e-01
7.375707626342773438e-01
4.987667798995971680e-01
1.807654201984405518e-01
9.555451571941375732e-02
5.651847645640373230e-02
1.451988667249679565e-01
3.810439109802246094e-01
7.672524452209472656e-01
9.143759012222290039e-01
9.839289188385009766e-01
9.924860000610351562e-01
9.986276626586914062e-01
9.987783432006835938e-01
9.940029978752136230e-01
9.851959943771362305e-01
9.457351565361022949e-01
9.010550975799560547e-01
8.769613504409790039e-01
8.875157237052917480e-01
9.652074575424194336e-01
9.974659681320190430e-01
9.996648430824279785e-01
9.991012215614318848e-01
9.962825775146484375e-01
9.808230996131896973e-01
9.021469354629516602e-01
7.240825295448303223e-01
4.195248782634735107e-01
4.688906297087669373e-02
6.920983083546161652e-03
3.220808878540992737e-02
2.138570249080657959e-01
4.300447404384613037e-01
6.909668445587158203e-01
5.397922396659851074e-01
2.089948654174804688e-01
8.885824680328369141e-02
4.390633199363946915e-03
1.499286666512489319e-02
1.429132074117660522e-01
3.999876081943511963e-01
6.763921976089477539e-01
9.597956538200378418e-01
9.827273488044738770e-01
9.992491006851196289e-01
9.996037483215332031e-01
9.995956420898437500e-01
9.992490410804748535e-01
9.990727901458740234e-01
9.989588856697082520e-01
9.992006421089172363e-01
9.994001984596252441e-01
9.994996190071105957e-01
9.996128678321838379e-01
9.997373819351196289e-01
9.996114969253540039e-01
9.993940591812133789e-01
9.987275004386901855e-01
9.980773925781250000e-01
9.974611997604370117e-01
9.945822358131408691e-01
9.901010394096374512e-01
9.837592244148254395e-01
9.782683253288269043e-01
9.835321307182312012e-01
9.249280691146850586e-01
7.522470355033874512e-01
5.814233422279357910e-01
4.117574691772460938e-01
5.684641599655151367e-01
7.650987505912780762e-01
9.034712910652160645e-01
9.911850690841674805e-01
9.973810315132141113e-01
9.997109174728393555e-01
9.998531937599182129e-01
9.452309012413024902e-01
8.483021855354309082e-01
5.488151311874389648e-01
4.213105440139770508e-01
5.457066893577575684e-01
7.190051078796386719e-01
9.172995090484619141e-01
9.673168063163757324e-01
9.977786540985107422e-01
9.979608654975891113e-01
9.958377480506896973e-01
9.906113147735595703e-01
9.670212864875793457e-01
9.347723722457885742e-01
9.178362488746643066e-01
9.054147005081176758e-01
9.076961278915405273e-01
6.937305331230163574e-01
2.054913640022277832e-01
4.046000540256500244e-02
1.783950068056583405e-02
3.432772457599639893e-01
6.617869138717651367e-01
8.787857294082641602e-01
9.975062012672424316e-01
9.984571337699890137e-01
9.965639710426330566e-01
9.934948682785034180e-01
9.890381693840026855e-01
9.856917262077331543e-01
9.867348074913024902e-01
9.895809888839721680e-01
9.945202469825744629e-01
9.945052266120910645e-01
9.925046563148498535e-01
9.904746413230895996e-01
9.888171553611755371e-01
9.884991049766540527e-01
9.866194725036621094e-01
9.829704165458679199e-01
9.874593019485473633e-01
9.950794577598571777e-01
9.977827668190002441e-01
9.998049736022949219e-01
9.999312758445739746e-01
9.999968409538269043e-01
9.999944567680358887e-01
9.989455342292785645e-01
9.974902868270874023e-01
7.949805259704589844e-01
6.650378704071044922e-01
8.139442801475524902e-01
8.863050341606140137e-01
8.720457553863525391e-01
6.396039128303527832e-01
3.221423625946044922e-01
6.102715134620666504e-01
8.680140972137451172e-01
9.456577897071838379e-01
9.897296428680419922e-01
9.950307011604309082e-01
9.975609183311462402e-01
9.989727735519409180e-01
9.990947246551513672e-01
9.990774989128112793e-01
9.987367391586303711e-01
9.987486004829406738e-01
9.991829395294189453e-01
9.994553923606872559e-01
9.996593594551086426e-01
9.998486638069152832e-01
1.000000000000000000e+00
1.000000000000000000e+00
9.999820590019226074e-01
9.999417066574096680e-01
9.998694658279418945e-01
9.997829198837280273e-01
9.997615218162536621e-01
9.997166991233825684e-01
9.995455145835876465e-01
9.984831809997558594e-01
9.962260127067565918e-01
9.439955353736877441e-01
8.674088716506958008e-01
6.284681558609008789e-01
4.046643674373626709e-01
3.311572670936584473e-01
4.493472576141357422e-01
8.448015451431274414e-01
9.884704947471618652e-01
9.988214969635009766e-01
9.999166727066040039e-01
9.999693632125854492e-01
9.999883174896240234e-01
1.000000000000000000e+00
1.000000000000000000e+00
9.999786019325256348e-01
9.999445676803588867e-01
9.990581274032592773e-01
9.882126450538635254e-01
9.037790894508361816e-01
6.873195171356201172e-01
2.372836023569107056e-01
3.940482810139656067e-02
6.562327034771442413e-03
9.170501492917537689e-03
6.078785285353660583e-02
5.338669419288635254e-01
8.769749402999877930e-01
9.599540233612060547e-01
9.960296154022216797e-01
9.975686073303222656e-01
9.984907507896423340e-01
9.992543458938598633e-01
9.996931552886962891e-01
9.998706579208374023e-01
9.994392991065979004e-01
9.989116191864013672e-01
9.983021020889282227e-01
9.899899959564208984e-01
9.786201119422912598e-01
9.301280379295349121e-01
8.941349387168884277e-01
8.927256464958190918e-01
8.724305629730224609e-01
8.337407708168029785e-01
8.346166610717773438e-01
8.490027189254760742e-01
9.259298443794250488e-01
9.881393313407897949e-01
9.956575632095336914e-01
9.997226595878601074e-01
9.997895956039428711e-01
9.997277855873107910e-01
9.996113777160644531e-01
9.997276067733764648e-01
9.998491406440734863e-01
9.999305009841918945e-01
9.999809861183166504e-01
9.999889135360717773e-01
9.999785423278808594e-01
9.999588131904602051e-01
9.997057914733886719e-01
9.992587566375732422e-01
9.977274537086486816e-01
9.958413243293762207e-01
9.933525919914245605e-01
9.906818270683288574e-01
9.878939986228942871e-01
9.860489368438720703e-01
9.847201108932495117e-01
9.871427416801452637e-01
9.406484961509704590e-01
7.903089523315429688e-01
5.153752565383911133e-01
1.421710550785064697e-01
1.190287619829177856e-01
1.979241371154785156e-01
6.513207554817199707e-01
9.858751296997070312e-01
9.913228154182434082e-01
9.889552593231201172e-01
9.788142442703247070e-01
9.725605845451354980e-01
9.676942825317382812e-01
9.852004647254943848e-01
9.996359944343566895e-01
9.998534321784973145e-01
9.999772906303405762e-01
9.999827742576599121e-01
9.999655485153198242e-01
9.999374747276306152e-01
9.996374845504760742e-01
9.991937279701232910e-01
9.980656504631042480e-01
9.975801706314086914e-01
9.981362223625183105e-01
9.988171458244323730e-01
9.995766282081604004e-01
9.998047351837158203e-01
9.999011754989624023e-01
9.995956420898437500e-01
9.982815384864807129e-01
9.947588443756103516e-01
9.882494807243347168e-01
9.792798757553100586e-01
9.773939847946166992e-01
9.776207804679870605e-01
9.867544174194335938e-01
9.937722682952880859e-01
9.943014383316040039e-01
9.946373105049133301e-01
9.947624802589416504e-01
9.963118433952331543e-01
9.984475374221801758e-01
9.988999366760253906e-01
9.991492033004760742e-01
9.989252686500549316e-01
9.988673925399780273e-01
9.990556240081787109e-01
9.990268349647521973e-01
9.988734722137451172e-01
9.971628189086914062e-01
9.941114187240600586e-01
9.807701110839843750e-01
9.555877447128295898e-01
9.061906933784484863e-01
9.056174159049987793e-01
9.435773491859436035e-01
8.628551363945007324e-01
7.458226680755615234e-01
3.771362900733947754e-01
2.243684530258178711e-01
7.329151034355163574e-01
7.315890789031982422e-01
1.677343398332595825e-01
1.322220116853713989e-01
3.181080520153045654e-01
6.706296205520629883e-01
9.781366586685180664e-01
9.912540316581726074e-01
9.993928074836730957e-01
9.998074769973754883e-01
9.999374151229858398e-01
9.998932480812072754e-01
9.991857409477233887e-01
9.983998537063598633e-01
9.981132745742797852e-01
9.975373744964599609e-01
9.962875843048095703e-01
9.968057870864868164e-01
9.989018440246582031e-01
9.916751384735107422e-01
9.814132452011108398e-01
9.467920660972595215e-01
9.179890751838684082e-01
9.130114912986755371e-01
9.217002391815185547e-01
9.481987357139587402e-01
9.564173817634582520e-01
9.552367925643920898e-01
9.479082226753234863e-01
9.421909451484680176e-01
9.555127620697021484e-01
9.701380133628845215e-01
9.872744679450988770e-01
9.962797164916992188e-01
9.989468455314636230e-01
9.994862675666809082e-01
9.994493722915649414e-01
9.995258450508117676e-01
9.994722008705139160e-01
9.989992380142211914e-01
9.980453848838806152e-01
9.965280890464782715e-01
9.933688640594482422e-01
9.894609451293945312e-01
9.786761403083801270e-01
9.548544883728027344e-01
8.510542511940002441e-01
6.360678672790527344e-01
2.212381958961486816e-01
4.901835322380065918e-02
5.239108204841613770e-02
3.810034096240997314e-01
7.814177870750427246e-01
8.978955149650573730e-01
9.862009882926940918e-01
9.893113374710083008e-01
9.834057688713073730e-01
9.674112200736999512e-01
9.756925106048583984e-01
9.946525096893310547e-01
9.981086850166320801e-01
9.998850822448730469e-01
9.999524354934692383e-01
9.999917745590209961e-01
9.999814629554748535e-01
9.970608949661254883e-01
9.920296072959899902e-01
8.580705523490905762e-01
6.990256905555725098e-01
8.357291817665100098e-01
9.469904899597167969e-01
9.789160490036010742e-01
8.455063700675964355e-01
5.214147567749023438e-01
2.579300403594970703e-01
2.234958112239837646e-02
0.000000000000000000e+00
1.050807357794170116e-11
9.344553603130023589e-11
1.932092159986495972e-01
7.535736560821533203e-01
9.989861845970153809e-01
9.998177289962768555e-01
9.999988079071044922e-01
9.999988079071044922e-01
9.999149441719055176e-01
9.976165294647216797e-01
9.874486923217773438e-01
9.798321127891540527e-01
9.754930138587951660e-01
9.578450322151184082e-01
9.331815838813781738e-01
6.177960634231567383e-01
2.997533082962036133e-01
3.595787584781646729e-01
4.762683510780334473e-01
7.197844982147216797e-01
8.804597258567810059e-01
9.671092033386230469e-01
9.924194812774658203e-01
9.965260624885559082e-01
9.978163838386535645e-01
9.988731741905212402e-01
9.994072914123535156e-01
9.997509717941284180e-01
9.997994303703308105e-01
9.996098875999450684e-01
9.992675185203552246e-01
9.990878105163574219e-01
9.989566206932067871e-01
9.991543889045715332e-01
9.991430640220642090e-01
9.985291957855224609e-01
9.971371293067932129e-01
9.948742985725402832e-01
9.923946261405944824e-01
9.898123741149902344e-01
9.848241806030273438e-01
9.705019593238830566e-01
8.863943219184875488e-01
6.974160671234130859e-01
2.940303981304168701e-01
7.687874138355255127e-02
1.533252000808715820e-02
6.578137632459402084e-03
1.466917432844638824e-02
2.565398514270782471e-01
5.090948343276977539e-01
7.802060842514038086e-01
9.551444649696350098e-01
9.857482314109802246e-01
9.980779290199279785e-01
9.988125562667846680e-01
9.603022933006286621e-01
9.034639000892639160e-01
5.860813856124877930e-01
4.174086451530456543e-01
6.960328221321105957e-01
8.829208016395568848e-01
9.630339145660400391e-01
9.747131466865539551e-01
9.532786607742309570e-01
9.744358658790588379e-01
9.983794689178466797e-01
9.985198974609375000e-01
9.984896183013916016e-01
9.980802536010742188e-01
9.981251955032348633e-01
9.985861182212829590e-01
9.983324408531188965e-01
9.978165626525878906e-01
9.968389868736267090e-01
9.961496591567993164e-01
9.972155094146728516e-01
9.981912970542907715e-01
9.990086555480957031e-01
9.995638728141784668e-01
9.999222755432128906e-01
9.999631643295288086e-01
9.999161958694458008e-01
9.996038675308227539e-01
9.992579817771911621e-01
9.987904429435729980e-01
9.981033802032470703e-01
9.971030950546264648e-01
9.886177778244018555e-01
9.755208492279052734e-01
8.872232437133789062e-01
7.773023247718811035e-01
5.050501823425292969e-01
2.596293687820434570e-01
9.743565320968627930e-02
6.493345368653535843e-03
1.664141076616942883e-03
2.199185825884342194e-02
5.530198663473129272e-02
5.152283906936645508e-01
9.771623611450195312e-01
6.760998964309692383e-01
4.448990523815155029e-01
3.908776938915252686e-01
3.191208243370056152e-01
2.290050983428955078e-01
1.490721106529235840e-01
7.360658049583435059e-02
3.640572726726531982e-02
7.072087377309799194e-03
8.414675481617450714e-03
9.759978950023651123e-02
3.797278404235839844e-01
6.471173167228698730e-01
9.011224508285522461e-01
9.820251464843750000e-01
9.974220991134643555e-01
9.985421299934387207e-01
9.986599087715148926e-01
9.991711378097534180e-01
9.992079138755798340e-01
9.983291625976562500e-01
9.947630763053894043e-01
9.889482259750366211e-01
9.893078804016113281e-01
9.917463660240173340e-01
9.958505630493164062e-01
9.994370341300964355e-01
9.997633695602416992e-01
9.984578490257263184e-01
9.942532777786254883e-01
9.524152278900146484e-01
8.814350962638854980e-01
8.816240429878234863e-01
9.034686088562011719e-01
9.509296417236328125e-01
9.916094541549682617e-01
9.965463280677795410e-01
9.996147751808166504e-01
9.995753169059753418e-01
9.996445775032043457e-01
9.997931718826293945e-01
9.998893141746520996e-01
9.999706745147705078e-01
9.999836683273315430e-01
9.999918937683105469e-01
9.999845623970031738e-01
9.999113678932189941e-01
9.997328519821166992e-01
9.982358813285827637e-01
9.958134293556213379e-01
8.111174106597900391e-01
5.776209831237792969e-01
2.643181085586547852e-01
8.699137717485427856e-03
3.299552714452147484e-03
7.134119186957832426e-06
1.399898974341340363e-05
2.409539651125669479e-03
6.477988790720701218e-03
9.440231323242187500e-02
2.047347575426101685e-01
4.013366103172302246e-01
5.903563499450683594e-01
7.422014474868774414e-01
8.647579550743103027e-01
9.413331151008605957e-01
9.651815891265869141e-01
9.518854022026062012e-01
9.290115237236022949e-01
9.035659432411193848e-01
9.314100146293640137e-01
9.587999582290649414e-01
9.805186986923217773e-01
9.947445392608642578e-01
9.966838359832763672e-01
9.977057576179504395e-01
9.980553984642028809e-01
9.941843152046203613e-01
9.890748262405395508e-01
9.691599011421203613e-01
9.543265700340270996e-01
9.665384292602539062e-01
9.790317416191101074e-01
9.920282959938049316e-01
9.984031319618225098e-01
9.996759295463562012e-01
9.999868869781494141e-01
9.999960064888000488e-01
9.999882578849792480e-01
9.999623298645019531e-01
9.998396635055541992e-01
9.995501637458801270e-01
9.989469647407531738e-01
9.977465867996215820e-01
9.960457086563110352e-01
9.949096441268920898e-01
9.939738512039184570e-01
9.940862655639648438e-01
9.939745664596557617e-01
9.918485879898071289e-01
9.908611178398132324e-01
9.922453761100769043e-01
9.948371052742004395e-01
9.985512495040893555e-01
9.992259740829467773e-01
9.986859560012817383e-01
9.990279078483581543e-01
9.993128776550292969e-01
9.982575178146362305e-01
9.911184906959533691e-01
9.693107008934020996e-01
9.314082264900207520e-01
8.764706254005432129e-01
8.702766895294189453e-01
8.871577382087707520e-01
9.394024610519409180e-01
9.932100176811218262e-01
9.948738217353820801e-01
9.942075610160827637e-01
9.868564605712890625e-01
9.789285659790039062e-01
9.702881574630737305e-01
9.764394760131835938e-01
9.908435344696044922e-01
9.958084225654602051e-01
9.987232089042663574e-01
9.944763183593750000e-01
9.877217411994934082e-01
9.717444181442260742e-01
9.573147296905517578e-01
9.450618028640747070e-01
7.863377928733825684e-01
5.297499895095825195e-01
2.791943252086639404e-01
3.103325515985488892e-02
6.837629526853561401e-02
1.819823682308197021e-01
6.326218247413635254e-01
9.363954663276672363e-01
9.777554869651794434e-01
9.942396283149719238e-01
9.901990294456481934e-01
9.899306297302246094e-01
9.909936785697937012e-01
9.923573732376098633e-01
9.938998222351074219e-01
9.965957999229431152e-01
9.987078309059143066e-01
9.995073676109313965e-01
9.999310374259948730e-01
9.999718666076660156e-01
9.999870657920837402e-01
9.999904036521911621e-01
9.999933242797851562e-01
9.999960660934448242e-01
9.999979138374328613e-01
9.999993443489074707e-01
9.999995827674865723e-01
9.999997615814208984e-01
9.999999403953552246e-01
1.000000000000000000e+00
1.000000000000000000e+00
9.999997019767761230e-01
9.999993443489074707e-01
9.999890923500061035e-01
9.999403357505798340e-01
9.997171163558959961e-01
9.992247223854064941e-01
9.982651472091674805e-01
9.975033402442932129e-01
9.968977570533752441e-01
9.973687529563903809e-01
9.982146024703979492e-01
9.989781975746154785e-01
9.996317028999328613e-01
9.994600415229797363e-01
9.977260231971740723e-01
9.922819137573242188e-01
9.904783964157104492e-01
9.926347136497497559e-01
9.957907199859619141e-01
9.994509220123291016e-01
1.000000000000000000e+00
9.994869232177734375e-01
9.844231605529785156e-01
9.724626541137695312e-01
9.717686176300048828e-01
9.760526418685913086e-01
9.877390861511230469e-01
9.948937892913818359e-01
9.988872408866882324e-01
9.998176097869873047e-01
9.998319149017333984e-01
9.813447594642639160e-01
9.433272480964660645e-01
7.845826745033264160e-01
6.960357427597045898e-01
7.577252984046936035e-01
8.446298241615295410e-01
9.563023447990417480e-01
9.946093559265136719e-01
9.986165761947631836e-01
9.995551109313964844e-01
9.992833137512207031e-01
9.845907092094421387e-01
9.702543020248413086e-01
9.572256207466125488e-01
9.581724405288696289e-01
9.791144728660583496e-01
9.867312908172607422e-01
9.851678609848022461e-01
9.731133580207824707e-01
9.579906463623046875e-01
9.746629595756530762e-01
9.911952018737792969e-01
9.961871504783630371e-01
9.996848702430725098e-01
9.998894929885864258e-01
9.999949336051940918e-01
9.999971985816955566e-01
9.999398589134216309e-01
9.998533129692077637e-01
9.766868948936462402e-01
9.464398026466369629e-01
8.231266140937805176e-01
7.471827268600463867e-01
8.520103693008422852e-01
9.323876500129699707e-01
9.745478034019470215e-01
9.949793219566345215e-01
9.987606406211853027e-01
9.998078346252441406e-01
9.999105930328369141e-01
9.999016523361206055e-01
9.998885393142700195e-01
9.999254345893859863e-01
9.999230504035949707e-01
9.998189806938171387e-01
9.995681047439575195e-01
9.991429448127746582e-01
9.975275397300720215e-01
9.952219128608703613e-01
9.831542372703552246e-01
9.687629342079162598e-01
9.689057469367980957e-01
9.715938568115234375e-01
9.864441752433776855e-01
9.963566064834594727e-01
9.966373443603515625e-01
9.909579157829284668e-01
9.795919060707092285e-01
9.729323387145996094e-01
9.684044718742370605e-01
9.713324904441833496e-01
9.746295213699340820e-01
9.589296579360961914e-01
9.480364918708801270e-01
9.544103145599365234e-01
9.662843346595764160e-01
9.866179227828979492e-01
9.967986345291137695e-01
9.991307258605957031e-01
9.994323849678039551e-01
9.990226626396179199e-01
9.903554320335388184e-01
9.773909449577331543e-01
9.279350042343139648e-01
9.039122462272644043e-01
9.515452980995178223e-01
9.834194183349609375e-01
9.950079321861267090e-01
9.970274567604064941e-01
9.929312467575073242e-01
6.753728985786437988e-01
2.719113230705261230e-01
1.211635470390319824e-01
8.361811342183500528e-05
3.447106792009435594e-05
3.053360342164523900e-05
1.316690759267657995e-04
1.381061738356947899e-04
3.834127710433676839e-05
2.176635007344884798e-06
9.228567137142817955e-07
5.374828726053237915e-02
1.197553649544715881e-01
4.906300008296966553e-01
7.612954378128051758e-01
4.876464307308197021e-01
2.499092668294906616e-01
8.303404599428176880e-02
6.915176287293434143e-03
2.020505256950855255e-02
6.678429245948791504e-02
1.293471455574035645e-01
8.697260171175003052e-02
2.628112956881523132e-02
7.679121941328048706e-02
1.831818819046020508e-01
5.406455397605895996e-01
8.146407008171081543e-01
9.317860007286071777e-01
9.904561042785644531e-01
9.953047037124633789e-01
9.934901595115661621e-01
9.886523485183715820e-01
9.817265272140502930e-01
9.738764166831970215e-01
9.437763690948486328e-01
8.738858699798583984e-01
6.386827826499938965e-01
3.983338177204132080e-01
1.495757550001144409e-01
2.489131316542625427e-02
1.086912397295236588e-02
5.301924422383308411e-02
1.196736693382263184e-01
4.734837114810943604e-01
8.627490997314453125e-01
9.377747178077697754e-01
9.975561499595642090e-01
9.950156807899475098e-01
9.889075160026550293e-01
9.765743613243103027e-01
8.568327426910400391e-01
6.423539519309997559e-01
3.583974838256835938e-01
4.549536108970642090e-02
1.833923906087875366e-01
3.947092294692993164e-01
7.299724817276000977e-01
9.992891550064086914e-01
9.994912743568420410e-01
9.994122982025146484e-01
9.988368749618530273e-01
9.942423105239868164e-01
9.860213398933410645e-01
9.062982797622680664e-01
7.944195270538330078e-01
5.991989970207214355e-01
3.919139802455902100e-01
2.982417345046997070e-01
2.826790213584899902e-01
6.086560487747192383e-01
8.515274524688720703e-01
9.420565962791442871e-01
9.898130893707275391e-01
9.971780776977539062e-01
9.980761408805847168e-01
9.958831071853637695e-01
9.909440279006958008e-01
9.855148792266845703e-01
9.886724352836608887e-01
9.920232892036437988e-01
9.962931275367736816e-01
9.993148446083068848e-01
9.997678995132446289e-01
9.999964237213134766e-01
9.999946355819702148e-01
9.998309016227722168e-01
9.995813369750976562e-01
9.989989399909973145e-01
9.983443021774291992e-01
9.981572031974792480e-01
9.981413483619689941e-01
9.991188049316406250e-01
9.997720718383789062e-01
9.996758699417114258e-01
9.991351962089538574e-01
9.980796575546264648e-01
9.958425164222717285e-01
9.928889274597167969e-01
9.510557055473327637e-01
8.983829021453857422e-01
7.709146738052368164e-01
6.663989424705505371e-01
7.983585000038146973e-01
8.964585661888122559e-01
9.017986059188842773e-01
8.602911233901977539e-01
7.552562952041625977e-01
7.224513888359069824e-01
7.409334778785705566e-01
8.462351560592651367e-01
9.813209176063537598e-01
9.973643422126770020e-01
9.999956488609313965e-01
9.999238848686218262e-01
9.998583793640136719e-01
9.998158812522888184e-01
9.991382956504821777e-01
9.974070787429809570e-01
9.648283720016479492e-01
9.053034186363220215e-01
7.769004702568054199e-01
6.175774335861206055e-01
6.083506345748901367e-01
6.254669427871704102e-01
6.790834069252014160e-01
7.110154628753662109e-01
6.325746178627014160e-01
5.770270228385925293e-01
5.698948502540588379e-01
6.253721714019775391e-01
7.493250966072082520e-01
8.556493520736694336e-01
9.515351057052612305e-01
9.826328158378601074e-01
9.965482950210571289e-01
9.931208491325378418e-01
9.879083633422851562e-01
9.758107066154479980e-01
9.671984314918518066e-01
9.685803651809692383e-01
9.737816452980041504e-01
9.844618439674377441e-01
9.873960018157958984e-01
9.844238162040710449e-01
9.847941398620605469e-01
9.864593148231506348e-01
9.907535314559936523e-01
9.953278303146362305e-01
9.967343807220458984e-01
9.980852007865905762e-01
9.991700649261474609e-01
9.998660087585449219e-01
9.997919797897338867e-01
9.982264041900634766e-01
9.951119422912597656e-01
9.804340600967407227e-01
9.593558907508850098e-01
9.412176609039306641e-01
9.238564968109130859e-01
9.364084005355834961e-01
9.504811167716979980e-01
9.648719429969787598e-01
9.317055344581604004e-01
7.613330483436584473e-01
7.113576531410217285e-01
8.362380266189575195e-01
8.884441852569580078e-01
8.832071423530578613e-01
5.425016283988952637e-01
6.537660956382751465e-02
4.494485037866979837e-04
2.902480307966470718e-03
1.829778850078582764e-01
3.906864821910858154e-01
7.383676767349243164e-01
9.740208983421325684e-01
9.717816114425659180e-01
9.630349278450012207e-01
9.469624757766723633e-01
9.556739330291748047e-01
9.796696305274963379e-01
9.796009659767150879e-01
9.722014665603637695e-01
8.401508331298828125e-01
6.844895482063293457e-01
3.611728250980377197e-01
9.568181633949279785e-02
4.276688396930694580e-02
1.136024370789527893e-01
3.993158340454101562e-01
6.524854302406311035e-01
8.762383460998535156e-01
9.584391117095947266e-01
9.694112539291381836e-01
9.763634204864501953e-01
9.823645949363708496e-01
9.869365692138671875e-01
9.914375543594360352e-01
9.958531856536865234e-01
9.915266036987304688e-01
9.616851806640625000e-01
8.386144042015075684e-01
5.767750740051269531e-01
4.133219420909881592e-01
3.297094106674194336e-01
4.938209056854248047e-01
7.662377357482910156e-01
8.266764283180236816e-01
8.480135202407836914e-01
9.131003618240356445e-01
9.716453552246093750e-01
9.876035451889038086e-01
9.991453289985656738e-01
9.995296001434326172e-01
9.997704029083251953e-01
9.998180866241455078e-01
9.998884201049804688e-01
9.999755620956420898e-01
9.998618364334106445e-01
9.996691346168518066e-01
9.964750409126281738e-01
9.916578531265258789e-01
8.498396873474121094e-01
6.791542172431945801e-01
3.460165262222290039e-01
1.425894647836685181e-01
2.432519346475601196e-01
3.987358808517456055e-01
6.223713755607604980e-01
7.447893619537353516e-01
7.952833175659179688e-01
5.092127323150634766e-01
9.786076843738555908e-02
2.435396425426006317e-02
5.619355909004851782e-15
3.509625587112125134e-13
4.869142081588506699e-03
3.554600849747657776e-02
1.988069117069244385e-01
6.698962450027465820e-01
9.463366866111755371e-01
9.813272953033447266e-01
9.959489703178405762e-01
9.963349699974060059e-01
9.963395595550537109e-01
9.962038397789001465e-01
9.966033697128295898e-01
9.970924854278564453e-01
9.983228445053100586e-01
9.994162917137145996e-01
9.997460246086120605e-01
9.999416470527648926e-01
9.998152256011962891e-01
9.996405243873596191e-01
9.994023442268371582e-01
9.956492781639099121e-01
9.893029928207397461e-01
9.903239011764526367e-01
9.942261576652526855e-01
9.971079230308532715e-01
9.998131394386291504e-01
9.998661279678344727e-01
9.998464584350585938e-01
9.994074702262878418e-01
9.983350634574890137e-01
9.956325888633728027e-01
9.848433732986450195e-01
9.627376794815063477e-01
8.753316402435302734e-01
7.353583574295043945e-01
7.441497445106506348e-01
8.185467123985290527e-01
9.049931764602661133e-01
9.936437010765075684e-01
9.981935024261474609e-01
9.998831748962402344e-01
9.990990757942199707e-01
9.966943860054016113e-01
9.894152879714965820e-01
9.754135608673095703e-01
9.508396983146667480e-01
9.325981140136718750e-01
9.201878309249877930e-01
8.950926661491394043e-01
8.633745908737182617e-01
6.685691475868225098e-01
4.313932061195373535e-01
2.091187983751296997e-01
3.394460771232843399e-03
2.385177649557590485e-03
1.416971208527684212e-03
5.975422682240605354e-04
1.390535831451416016e-01
5.451551675796508789e-01
5.647016763687133789e-01
1.603737175464630127e-01
3.089929521083831787e-01
8.078614473342895508e-01
9.582499861717224121e-01
9.926655888557434082e-01
9.866358637809753418e-01
9.687041640281677246e-01
5.796718001365661621e-01
2.300419956445693970e-01
9.574994444847106934e-02
2.749510793725400988e-21
1.008639219489817521e-21
0.000000000000000000e+00
0.000000000000000000e+00
4.091552455065539107e-06
1.145604983321391046e-05
3.017390072345733643e-01
7.403994202613830566e-01
8.919604420661926270e-01
9.824174046516418457e-01
9.913316369056701660e-01
9.955203533172607422e-01
9.882629513740539551e-01
9.535434842109680176e-01
8.214773535728454590e-01
6.623757481575012207e-01
4.524332880973815918e-01
2.549696266651153564e-01
7.121362537145614624e-02
3.178502956870943308e-04
6.428435881389304996e-05
1.519888144230208127e-07
3.554279999207210494e-07
3.750891685485839844e-01
7.984181046485900879e-01
9.048868417739868164e-01
9.961971640586853027e-01
9.950266480445861816e-01
9.917207360267639160e-01
9.827248454093933105e-01
9.529085159301757812e-01
8.920994400978088379e-01
8.927252888679504395e-01
9.468919038772583008e-01
9.769009947776794434e-01
9.945057630538940430e-01
9.260068535804748535e-01
8.348490595817565918e-01
4.415738880634307861e-01
4.273799061775207520e-02
1.926591433584690094e-02
7.948400480017880909e-07
3.287806578100571642e-07
7.052538109064698801e-09
2.531812537398536733e-09
9.728065197123214602e-05
3.187397087458521128e-04
2.074918597936630249e-01
5.708637237548828125e-01
7.227596640586853027e-01
7.813405394554138184e-01
6.579830646514892578e-01
4.950947761535644531e-01
2.404678612947463989e-01
4.653223732020705938e-04
2.227550430689007044e-04
2.301822043955326080e-02
1.358420103788375854e-01
2.678713202476501465e-01
4.396688938140869141e-01
6.092119812965393066e-01
7.769923806190490723e-01
8.891539573669433594e-01
9.618279337882995605e-01
9.841232299804687500e-01
9.859197735786437988e-01
9.863560795783996582e-01
9.865249395370483398e-01
9.874281287193298340e-01
9.886087775230407715e-01
9.923491477966308594e-01
9.957715272903442383e-01
9.979799389839172363e-01
9.993324279785156250e-01
9.990159273147583008e-01
9.979677200317382812e-01
9.960638880729675293e-01
9.934857487678527832e-01
9.904434680938720703e-01
9.882379770278930664e-01
9.863767623901367188e-01
9.864717125892639160e-01
9.869467616081237793e-01
9.906510710716247559e-01
9.943646788597106934e-01
9.967004656791687012e-01
9.981954097747802734e-01
9.964450597763061523e-01
9.892164468765258789e-01
9.708102345466613770e-01
9.434591531753540039e-01
9.051395654678344727e-01
8.783804774284362793e-01
8.601700067520141602e-01
8.783199787139892578e-01
9.121054410934448242e-01
9.332535862922668457e-01
9.516232013702392578e-01
9.601064920425415039e-01
9.672739505767822266e-01
9.636907577514648438e-01
9.632453322410583496e-01
9.765360355377197266e-01
9.877945184707641602e-01
9.945567846298217773e-01
9.985973834991455078e-01
9.990134239196777344e-01
9.993614554405212402e-01
9.996528029441833496e-01
9.992370605468750000e-01
9.984722733497619629e-01
9.932578802108764648e-01
9.868505597114562988e-01
9.810181856155395508e-01
9.757589101791381836e-01
9.871986508369445801e-01
9.969034790992736816e-01
9.966639280319213867e-01
9.920819997787475586e-01
9.756533503532409668e-01
9.205631017684936523e-01
8.038576245307922363e-01
6.701389551162719727e-01
5.201820135116577148e-01
4.869206845760345459e-01
5.241782665252685547e-01
6.860010623931884766e-01
8.912302851676940918e-01
8.083651661872863770e-01
6.788445115089416504e-01
4.977378547191619873e-01
3.499924540519714355e-01
5.274438858032226562e-01
7.031812071800231934e-01
8.746629953384399414e-01
9.908203482627868652e-01
9.963440299034118652e-01
9.994215369224548340e-01
9.994930028915405273e-01
9.994110465049743652e-01
9.992108345031738281e-01
9.990496039390563965e-01
9.989069700241088867e-01
9.988487362861633301e-01
9.988118410110473633e-01
9.923934936523437500e-01
9.843008518218994141e-01
9.400135874748229980e-01
9.005401730537414551e-01
8.890595436096191406e-01
8.933891057968139648e-01
9.428830146789550781e-01
9.750224947929382324e-01
9.783852696418762207e-01
9.610418677330017090e-01
9.221912622451782227e-01
8.915411829948425293e-01
8.663581609725952148e-01
8.836309313774108887e-01
9.176577925682067871e-01
9.514940977096557617e-01
9.853911995887756348e-01
9.936476945877075195e-01
9.999737739562988281e-01
9.995228052139282227e-01
9.990538954734802246e-01
9.984920024871826172e-01
9.981988668441772461e-01
9.985722899436950684e-01
9.978213310241699219e-01
9.953908920288085938e-01
9.905751347541809082e-01
9.834908843040466309e-01
9.807838797569274902e-01
9.806995391845703125e-01
9.877813458442687988e-01
9.974623322486877441e-01
9.993768930435180664e-01
9.998894929885864258e-01
9.999352693557739258e-01
9.999595284461975098e-01
9.999705553054809570e-01
9.999815821647644043e-01
9.999923706054687500e-01
9.999989867210388184e-01
9.999956488609313965e-01
9.999902844429016113e-01
9.999819993972778320e-01
9.999792575836181641e-01
9.999817609786987305e-01
9.999821782112121582e-01
9.999814033508300781e-01
9.998102784156799316e-01
9.995781183242797852e-01
9.918243885040283203e-01
9.826933741569519043e-01
9.675924181938171387e-01
9.543108344078063965e-01
9.726155996322631836e-01
9.889196753501892090e-01
9.953259825706481934e-01
9.999550580978393555e-01
9.999770522117614746e-01
9.999888539314270020e-01
9.999848604202270508e-01
9.999873638153076172e-01
9.999964237213134766e-01
9.997510313987731934e-01
9.993415474891662598e-01
9.747454524040222168e-01
9.404813647270202637e-01
6.973254084587097168e-01
4.079642891883850098e-01
6.586460471153259277e-01
9.435119628906250000e-01
9.733105897903442383e-01
9.990742206573486328e-01
9.995471835136413574e-01
9.999071955680847168e-01
9.999251961708068848e-01
9.999233484268188477e-01
9.998851418495178223e-01
9.997603893280029297e-01
9.995347261428833008e-01
9.984419941902160645e-01
9.966893196105957031e-01
9.948338866233825684e-01
9.929300546646118164e-01
9.942228198051452637e-01
9.964421391487121582e-01
9.981314539909362793e-01
9.997534155845642090e-01
9.995176196098327637e-01
9.973053336143493652e-01
9.750925898551940918e-01
9.547528028488159180e-01
9.419721364974975586e-01
9.395279884338378906e-01
9.612271785736083984e-01
9.795508384704589844e-01
9.927710294723510742e-01
9.994432926177978516e-01
9.997280836105346680e-01
9.997746944427490234e-01
9.996697902679443359e-01
9.996978640556335449e-01
9.997796416282653809e-01
9.998377561569213867e-01
9.998903274536132812e-01
9.998794794082641602e-01
9.998640418052673340e-01
9.999074339866638184e-01
9.999483823776245117e-01
9.999724030494689941e-01
9.999889731407165527e-01
9.999794960021972656e-01
9.990895986557006836e-01
9.963843822479248047e-01
9.927684664726257324e-01
9.879218935966491699e-01
9.871753454208374023e-01
9.900545477867126465e-01
9.930276870727539062e-01
9.960482716560363770e-01
9.954258799552917480e-01
9.934638738632202148e-01
9.883211851119995117e-01
9.825301170349121094e-01
9.791644215583801270e-01
9.761374592781066895e-01
9.782772064208984375e-01
9.798015356063842773e-01
9.772359728813171387e-01
9.634451866149902344e-01
9.123340249061584473e-01
8.635286688804626465e-01
8.190076351165771484e-01
8.340960144996643066e-01
9.270039200782775879e-01
9.787350893020629883e-01
9.937421679496765137e-01
9.995394349098205566e-01
9.998445510864257812e-01
9.997505545616149902e-01
9.995058774948120117e-01
9.990211725234985352e-01
9.984835982322692871e-01
9.985697865486145020e-01
9.987154603004455566e-01
9.992039203643798828e-01
9.996430873870849609e-01
9.997150897979736328e-01
9.997873306274414062e-01
9.998604059219360352e-01
9.999225139617919922e-01
9.999600052833557129e-01
9.999836087226867676e-01
9.999868273735046387e-01
9.999788403511047363e-01
9.999597072601318359e-01
9.996808767318725586e-01
9.992270469665527344e-01
9.962773323059082031e-01
9.922404885292053223e-01
9.905087947845458984e-01
9.893975257873535156e-01
9.882448911666870117e-01
9.870871901512145996e-01
9.792154431343078613e-01
9.717541933059692383e-01
9.711139202117919922e-01
9.732171297073364258e-01
9.886754751205444336e-01
9.993740916252136230e-01
9.970119595527648926e-01
9.948165416717529297e-01
9.929047226905822754e-01
9.934835433959960938e-01
9.970662593841552734e-01
9.989504218101501465e-01
9.994089603424072266e-01
9.979922771453857422e-01
9.955096840858459473e-01
9.775772094726562500e-01
9.539303779602050781e-01
9.326331019401550293e-01
9.117714762687683105e-01
9.259917140007019043e-01
9.430981874465942383e-01
9.403226971626281738e-01
9.386053085327148438e-01
9.460345506668090820e-01
9.569523930549621582e-01
9.820582866668701172e-01
9.965109229087829590e-01
9.843878746032714844e-01
9.790995121002197266e-01
9.851290583610534668e-01
9.835597872734069824e-01
9.733825325965881348e-01
8.263749480247497559e-01
