9.899604320526123047e-01
9.936568737030029297e-01
9.952270388603210449e-01
9.933973550796508789e-01
9.792715311050415039e-01
9.476610422134399414e-01
9.569131135940551758e-01
9.679804444313049316e-01
9.771069288253784180e-01
7.457264065742492676e-01
6.321354508399963379e-01
6.551787853240966797e-01
5.871897935867309570e-01
3.609231710433959961e-01
2.870526164770126343e-03
8.813887252472341061e-04
2.191746659718774026e-07
2.880833670496940613e-02
4.113369584083557129e-01
7.363846898078918457e-01
9.906926155090332031e-01
9.957499504089355469e-01
9.950411915779113770e-01
9.924079775810241699e-01
9.980973005294799805e-01
9.811379909515380859e-01
8.749504089355468750e-01
4.195909500122070312e-01
1.498770713806152344e-01
1.316127832978963852e-03
3.200752253178507090e-04
4.319457337260246277e-02
9.035051614046096802e-02
1.026962101459503174e-01
1.433424055576324463e-01
3.267234265804290771e-01
8.471810221672058105e-01
9.773337244987487793e-01
9.996756911277770996e-01
9.999074935913085938e-01
9.999652504920959473e-01
9.999650120735168457e-01
9.999217987060546875e-01
9.999499917030334473e-01
9.999223947525024414e-01
9.997841715812683105e-01
9.970676898956298828e-01
9.912742376327514648e-01
9.814559221267700195e-01
9.810987114906311035e-01
9.831064939498901367e-01
9.871559739112854004e-01
9.865332841873168945e-01
9.845176935195922852e-01
9.811825156211853027e-01
9.469782710075378418e-01
8.853465318679809570e-01
7.963321805000305176e-01
7.165870666503906250e-01
6.718279123306274414e-01
6.525623202323913574e-01
4.626374840736389160e-01
2.948273718357086182e-01
1.648989766836166382e-01
3.270271420478820801e-01
5.438923835754394531e-01
7.884662747383117676e-01
9.028424620628356934e-01
9.623033404350280762e-01
9.835094809532165527e-01
9.920356273651123047e-01
9.962068796157836914e-01
9.977765679359436035e-01
9.993842244148254395e-01
9.999458789825439453e-01
9.998815655708312988e-01
9.994790554046630859e-01
9.988244175910949707e-01
9.982146620750427246e-01
9.983348846435546875e-01
9.989195466041564941e-01
9.995527267456054688e-01
9.995982050895690918e-01
9.996318221092224121e-01
9.984953999519348145e-01
9.934291839599609375e-01
9.880276322364807129e-01
9.856876134872436523e-01
9.929384589195251465e-01
9.972423315048217773e-01
9.996026158332824707e-01
9.992200136184692383e-01
9.911900162696838379e-01
9.659749269485473633e-01
9.040325880050659180e-01
7.424930930137634277e-01
5.274744033813476562e-01
2.484878450632095337e-01
1.032697632908821106e-01
9.140648692846298218e-02
2.926794290542602539e-01
1.476309895515441895e-01
8.965970017015933990e-03
1.406019832938909531e-02
2.633178234100341797e-01
5.671027898788452148e-01
8.928267359733581543e-01
9.468954801559448242e-01
9.467301964759826660e-01
9.247813820838928223e-01
9.437206387519836426e-01
9.659119844436645508e-01
9.848148822784423828e-01
9.759348034858703613e-01
8.823769688606262207e-01
6.697539091110229492e-01
4.194309413433074951e-01
2.460308670997619629e-01
1.834138184785842896e-01
6.851074099540710449e-02
9.573584538884460926e-04
5.939603215665556490e-05
5.755200050771236420e-03
2.164289653301239014e-01
6.798145174980163574e-01
8.742286562919616699e-01
9.748224616050720215e-01
9.802606105804443359e-01
9.408466815948486328e-01
8.995384573936462402e-01
8.579384684562683105e-01
9.132536053657531738e-01
9.570382833480834961e-01
9.858578443527221680e-01
9.945179224014282227e-01
9.991845488548278809e-01
9.999784827232360840e-01
9.999892115592956543e-01
9.999926090240478516e-01
9.999920129776000977e-01
9.999962449073791504e-01
9.998879432678222656e-01
9.994942545890808105e-01
9.849333763122558594e-01
9.000284671783447266e-01
7.493434548377990723e-01
5.915178656578063965e-01
6.729887723922729492e-01
9.632828235626220703e-01
9.881041646003723145e-01
9.998358488082885742e-01
9.999994635581970215e-01
9.999997019767761230e-01
9.999995231628417969e-01
9.999668002128601074e-01
9.991206526756286621e-01
9.893998503684997559e-01
9.734380245208740234e-01
9.876636266708374023e-01
9.962401390075683594e-01
9.999340772628784180e-01
9.999362826347351074e-01
9.997996687889099121e-01
9.995542168617248535e-01
9.994167685508728027e-01
9.994513392448425293e-01
9.996261000633239746e-01
9.998040795326232910e-01
9.998736977577209473e-01
9.998522996902465820e-01
9.997754693031311035e-01
9.966030716896057129e-01
9.891918301582336426e-01
9.517002105712890625e-01
9.331715703010559082e-01
9.324658513069152832e-01
9.772180318832397461e-01
9.981429576873779297e-01
9.999961256980895996e-01
9.999987483024597168e-01
9.999997019767761230e-01
9.999989867210388184e-01
9.999943375587463379e-01
9.999849796295166016e-01
9.999730587005615234e-01
9.999824762344360352e-01
9.999905824661254883e-01
9.999957084655761719e-01
9.999654889106750488e-01
9.998902082443237305e-01
9.997838139533996582e-01
9.997846484184265137e-01
9.996330738067626953e-01
9.992009401321411133e-01
9.955645799636840820e-01
9.803508520126342773e-01
9.525138139724731445e-01
8.564120531082153320e-01
7.668317556381225586e-01
6.924819350242614746e-01
8.670772314071655273e-01
9.628166556358337402e-01
9.890449643135070801e-01
9.947096109390258789e-01
9.982860088348388672e-01
9.999709725379943848e-01
9.999884963035583496e-01
9.999945759773254395e-01
9.999901652336120605e-01
9.999817013740539551e-01
9.999257326126098633e-01
9.998064041137695312e-01
9.977974891662597656e-01
9.945434331893920898e-01
9.901046752929687500e-01
9.965187907218933105e-01
9.997690320014953613e-01
9.998279213905334473e-01
9.993696212768554688e-01
9.989463090896606445e-01
9.985624551773071289e-01
9.989548921585083008e-01
9.993441700935363770e-01
9.997164011001586914e-01
9.998056292533874512e-01
9.998771548271179199e-01
9.999376535415649414e-01
9.998950362205505371e-01
9.987745881080627441e-01
9.963712692260742188e-01
9.515094161033630371e-01
8.645756840705871582e-01
7.276600003242492676e-01
6.983422636985778809e-01
7.738714814186096191e-01
9.783695340156555176e-01
9.976997375488281250e-01
9.999689459800720215e-01
9.999806880950927734e-01
9.999385476112365723e-01
9.998897910118103027e-01
9.998391866683959961e-01
9.999218583106994629e-01
9.999870657920837402e-01
9.999984502792358398e-01
9.999999403953552246e-01
9.999985098838806152e-01
9.999945759773254395e-01
9.995340704917907715e-01
9.965845942497253418e-01
9.892175793647766113e-01
9.868983030319213867e-01
9.861857295036315918e-01
9.868151545524597168e-01
9.751480817794799805e-01
9.648157358169555664e-01
9.629088640213012695e-01
9.821983575820922852e-01
9.994081854820251465e-01
9.998688697814941406e-01
9.999657273292541504e-01
9.999567270278930664e-01
9.999238252639770508e-01
9.998605251312255859e-01
9.998202323913574219e-01
9.998707771301269531e-01
9.999364614486694336e-01
9.999886751174926758e-01
9.999819993972778320e-01
9.999420642852783203e-01
9.999150037765502930e-01
9.999785423278808594e-01
9.999984502792358398e-01
9.999998211860656738e-01
9.999993443489074707e-01
9.999884366989135742e-01
9.999530911445617676e-01
9.998245239257812500e-01
9.996619820594787598e-01
9.982273578643798828e-01
9.896962642669677734e-01
5.707579255104064941e-01
1.340539893135428429e-04
3.732658660737797618e-05
8.836184006710823269e-10
6.530657410621643066e-02
7.118154168128967285e-01
9.855131506919860840e-01
9.975575208663940430e-01
9.991264939308166504e-01
9.998404383659362793e-01
9.998909235000610352e-01
9.998826980590820312e-01
9.995789527893066406e-01
9.986242651939392090e-01
9.803336262702941895e-01
9.789546728134155273e-01
9.939587116241455078e-01
9.979445934295654297e-01
9.998677372932434082e-01
9.996422529220581055e-01
9.964728355407714844e-01
9.949361681938171387e-01
9.955083131790161133e-01
9.977952241897583008e-01
9.994012713432312012e-01
9.999251961708068848e-01
9.999887943267822266e-01
9.999989867210388184e-01
9.999994039535522461e-01
9.999991655349731445e-01
9.999989271163940430e-01
9.999986886978149414e-01
9.999954700469970703e-01
9.999536871910095215e-01
9.998341798782348633e-01
9.996683001518249512e-01
9.995746016502380371e-01
9.996781945228576660e-01
9.998445510864257812e-01
9.995412826538085938e-01
9.978760480880737305e-01
9.969181418418884277e-01
9.961526393890380859e-01
9.952275156974792480e-01
9.866674542427062988e-01
9.781634807586669922e-01
9.827058911323547363e-01
9.901801347732543945e-01
9.977812170982360840e-01
9.987929463386535645e-01
9.973157644271850586e-01
9.947513937950134277e-01
9.942595958709716797e-01
9.961377382278442383e-01
9.992771744728088379e-01
9.996415972709655762e-01
9.990983605384826660e-01
9.979048967361450195e-01
9.974226951599121094e-01
9.978226423263549805e-01
9.989919662475585938e-01
9.996411204338073730e-01
9.999485611915588379e-01
9.999054074287414551e-01
9.998304843902587891e-01
9.998245835304260254e-01
9.999019503593444824e-01
9.999640583992004395e-01
9.999863505363464355e-01
9.999545812606811523e-01
9.995546936988830566e-01
9.984427690505981445e-01
9.962101578712463379e-01
9.927924871444702148e-01
9.911437630653381348e-01
9.934353232383728027e-01
9.969500303268432617e-01
9.997065067291259766e-01
9.999282360076904297e-01
9.999762177467346191e-01
9.999731183052062988e-01
9.999710917472839355e-01
9.999642968177795410e-01
9.999232292175292969e-01
9.997573494911193848e-01
9.986826777458190918e-01
9.972745776176452637e-01
9.963216185569763184e-01
9.967154860496520996e-01
9.978547096252441406e-01
9.988870620727539062e-01
9.994956254959106445e-01
9.997873306274414062e-01
9.997277855873107910e-01
9.995489716529846191e-01
9.992810487747192383e-01
9.993369579315185547e-01
9.990478754043579102e-01
9.984178543090820312e-01
9.933676719665527344e-01
9.810419678688049316e-01
9.600950479507446289e-01
8.500888943672180176e-01
6.684473752975463867e-01
3.919331431388854980e-01
2.461447715759277344e-01
1.644766479730606079e-01
1.665260195732116699e-01
8.515601605176925659e-02
5.097727477550506592e-02
1.580255776643753052e-01
5.923509597778320312e-01
9.840155243873596191e-01
9.962402582168579102e-01
9.997075200080871582e-01
9.999453425407409668e-01
9.999828338623046875e-01
9.999969005584716797e-01
9.999996423721313477e-01
9.999998211860656738e-01
9.999999403953552246e-01
9.999995827674865723e-01
9.999961853027343750e-01
9.999890923500061035e-01
9.999798536300659180e-01
9.999829530715942383e-01
9.999896287918090820e-01
9.999995827674865723e-01
9.999998211860656738e-01
9.999998211860656738e-01
9.999995231628417969e-01
9.999958872795104980e-01
9.999188780784606934e-01
9.997397065162658691e-01
9.924504160881042480e-01
9.869050979614257812e-01
9.859980344772338867e-01
9.925135374069213867e-01
9.984224438667297363e-01
9.996692538261413574e-01
9.998915195465087891e-01
9.998191595077514648e-01
9.997386336326599121e-01
9.997087717056274414e-01
9.986266493797302246e-01
9.930033683776855469e-01
9.252980351448059082e-01
8.214436769485473633e-01
6.900125145912170410e-01
6.626159548759460449e-01
7.119414806365966797e-01
8.664845824241638184e-01
9.548899531364440918e-01
9.875625967979431152e-01
9.956210255622863770e-01
9.998434185981750488e-01
9.999855160713195801e-01
9.999845623970031738e-01
9.997423291206359863e-01
9.991813302040100098e-01
9.890940189361572266e-01
9.599469304084777832e-01
8.990768790245056152e-01
9.228044748306274414e-01
9.602892398834228516e-01
9.899390935897827148e-01
9.971420764923095703e-01
9.975174069404602051e-01
9.975771903991699219e-01
9.985324740409851074e-01
9.996612668037414551e-01
9.998490810394287109e-01
9.998893141746520996e-01
9.998300075531005859e-01
9.996324181556701660e-01
9.992536306381225586e-01
9.987552165985107422e-01
9.985409975051879883e-01
9.980108141899108887e-01
9.971802234649658203e-01
9.790794849395751953e-01
9.428178668022155762e-01
8.844930529594421387e-01
9.059690833091735840e-01
9.394332766532897949e-01
9.803439974784851074e-01
9.927651286125183105e-01
9.980396032333374023e-01
9.989903569221496582e-01
9.992743730545043945e-01
9.293494224548339844e-01
6.417294144630432129e-01
5.253611207008361816e-01
5.431771278381347656e-01
8.605361580848693848e-01
9.850758314132690430e-01
9.998484849929809570e-01
9.999037384986877441e-01
9.987565875053405762e-01
9.961133599281311035e-01
9.769886732101440430e-01
9.614095687866210938e-01
9.493840336799621582e-01
9.627487659454345703e-01
9.738271832466125488e-01
9.805417060852050781e-01
9.890478849411010742e-01
9.952390193939208984e-01
9.968074560165405273e-01
9.904978871345520020e-01
9.127160906791687012e-01
6.582741141319274902e-01
3.052914738655090332e-01
0.000000000000000000e+00
0.000000000000000000e+00
0.000000000000000000e+00
1.792631472950778626e-12
1.525297076143683483e-11
3.820491433143615723e-01
9.851740002632141113e-01
9.950189590454101562e-01
9.998160600662231445e-01
9.999732375144958496e-01
9.999912381172180176e-01
9.998238086700439453e-01
9.994292259216308594e-01
9.995151758193969727e-01
9.996494650840759277e-01
9.997831583023071289e-01
9.997456073760986328e-01
9.997184872627258301e-01
9.998025298118591309e-01
9.997245669364929199e-01
9.928513765335083008e-01
9.609704613685607910e-01
7.088132500648498535e-01
4.206595122814178467e-01
5.969112515449523926e-01
7.825604677200317383e-01
9.654973149299621582e-01
9.887150526046752930e-01
1.000000000000000000e+00
1.000000000000000000e+00
1.000000000000000000e+00
1.000000000000000000e+00
1.000000000000000000e+00
9.977962970733642578e-01
9.968586564064025879e-01
9.987596273422241211e-01
9.995121359825134277e-01
9.998776316642761230e-01
9.999220371246337891e-01
9.997392296791076660e-01
9.994663596153259277e-01
9.991694092750549316e-01
9.993117451667785645e-01
9.996324777603149414e-01
9.994131326675415039e-01
9.992508888244628906e-01
9.991418719291687012e-01
9.994995594024658203e-01
9.997756481170654297e-01
9.999620318412780762e-01
9.999898672103881836e-01
1.000000000000000000e+00
1.000000000000000000e+00
1.000000000000000000e+00
1.000000000000000000e+00
1.000000000000000000e+00
9.998227953910827637e-01
9.993893504142761230e-01
9.982379078865051270e-01
9.961993694305419922e-01
9.930959939956665039e-01
9.857248663902282715e-01
9.755572676658630371e-01
9.640870690345764160e-01
9.685754179954528809e-01
9.786630868911743164e-01
9.944230318069458008e-01
9.979707598686218262e-01
9.997444748878479004e-01
9.998299479484558105e-01
9.998645782470703125e-01
9.999068379402160645e-01
9.999826550483703613e-01
1.000000000000000000e+00
1.000000000000000000e+00
1.000000000000000000e+00
1.000000000000000000e+00
9.998652935028076172e-01
9.988561272621154785e-01
9.955595731735229492e-01
9.895066022872924805e-01
9.569656252861022949e-01
8.972108960151672363e-01
8.097429275512695312e-01
8.003433942794799805e-01
6.805412173271179199e-01
3.915501236915588379e-01
1.564680784940719604e-01
1.577805278429877944e-06
6.707948159601073712e-06
4.076251387596130371e-01
8.527799248695373535e-01
9.623036980628967285e-01
9.994531869888305664e-01
9.999966621398925781e-01
9.999989867210388184e-01
9.999783039093017578e-01
9.999401569366455078e-01
9.999019503593444824e-01
9.997374415397644043e-01
9.994332790374755859e-01
9.939929842948913574e-01
9.816206097602844238e-01
9.584181904792785645e-01
9.565324187278747559e-01
9.641270041465759277e-01
9.847275018692016602e-01
9.946484565734863281e-01
9.995611310005187988e-01
9.998044371604919434e-01
9.999139904975891113e-01
9.997957944869995117e-01
9.979492425918579102e-01
9.870331287384033203e-01
9.680385589599609375e-01
9.468553662300109863e-01
9.397779107093811035e-01
9.514979124069213867e-01
9.684404134750366211e-01
9.804336428642272949e-01
9.807183146476745605e-01
9.675878286361694336e-01
9.367085695266723633e-01
8.579434752464294434e-01
8.398813605308532715e-01
8.587471246719360352e-01
9.310052394866943359e-01
9.752094149589538574e-01
9.979237318038940430e-01
9.983165860176086426e-01
9.986875653266906738e-01
9.990342855453491211e-01
9.994556903839111328e-01
9.995337128639221191e-01
9.989914894104003906e-01
9.820870757102966309e-01
9.555220603942871094e-01
9.120481014251708984e-01
9.035848975181579590e-01
9.098852276802062988e-01
9.153615832328796387e-01
6.546279191970825195e-01
2.329923510551452637e-01
2.692998945713043213e-01
4.265616536140441895e-01
7.100433707237243652e-01
8.316137194633483887e-01
9.183939099311828613e-01
9.668923616409301758e-01
9.871092438697814941e-01
9.977244734764099121e-01
9.987699985504150391e-01
9.989736080169677734e-01
9.988450407981872559e-01
9.987308979034423828e-01
9.943224191665649414e-01
9.849618673324584961e-01
9.357305169105529785e-01
8.992746472358703613e-01
8.757445812225341797e-01
9.325451850891113281e-01
9.775500297546386719e-01
9.957339167594909668e-01
9.993926286697387695e-01
9.998788237571716309e-01
9.999388456344604492e-01
9.996526241302490234e-01
9.984520673751831055e-01
9.931510686874389648e-01
9.802149534225463867e-01
9.611375927925109863e-01
9.189600944519042969e-01
8.873452544212341309e-01
8.667054176330566406e-01
8.898040056228637695e-01
9.143578410148620605e-01
9.361999034881591797e-01
6.963342428207397461e-01
4.220549166202545166e-01
2.157671600580215454e-01
8.484412729740142822e-02
7.229697075672447681e-05
4.155899805482476950e-04
1.672448217868804932e-01
4.500860869884490967e-01
6.565876603126525879e-01
8.023868203163146973e-01
8.797132968902587891e-01
9.341713190078735352e-01
9.555246829986572266e-01
9.200710654258728027e-01
9.237919449806213379e-01
9.441851973533630371e-01
9.858003258705139160e-01
9.989526271820068359e-01
9.959059357643127441e-01
9.746624231338500977e-01
8.430852890014648438e-01
6.223374009132385254e-01
3.219452798366546631e-01
2.702476382255554199e-01
5.433985590934753418e-01
7.612106204032897949e-01
9.218542575836181641e-01
9.745374917984008789e-01
9.713020920753479004e-01
9.582225084304809570e-01
9.817733168601989746e-01
9.940233230590820312e-01
9.992356896400451660e-01
9.996414780616760254e-01
9.998820424079895020e-01
9.999605417251586914e-01
9.999518990516662598e-01
9.999023079872131348e-01
9.997949004173278809e-01
9.996176958084106445e-01
9.994695782661437988e-01
9.994492530822753906e-01
9.994851946830749512e-01
9.995766878128051758e-01
9.998723268508911133e-01
9.999230504035949707e-01
9.997738003730773926e-01
9.964243173599243164e-01
9.890517592430114746e-01
9.765893816947937012e-01
9.703713655471801758e-01
9.720680117607116699e-01
9.891654253005981445e-01
9.954759478569030762e-01
9.974927902221679688e-01
9.963242411613464355e-01
9.963672757148742676e-01
9.972024559974670410e-01
9.989809989929199219e-01
9.999175667762756348e-01
9.999910593032836914e-01
9.999985098838806152e-01
1.000000000000000000e+00
1.000000000000000000e+00
9.999995827674865723e-01
9.999991655349731445e-01
9.999992251396179199e-01
9.999986886978149414e-01
9.999943971633911133e-01
9.999601244926452637e-01
9.995868802070617676e-01
9.989228248596191406e-01
9.984271526336669922e-01
9.976111054420471191e-01
9.963166117668151855e-01
9.962478876113891602e-01
9.967616796493530273e-01
9.982073903083801270e-01
9.984378814697265625e-01
9.983480572700500488e-01
9.994287490844726562e-01
9.980237483978271484e-01
9.945927262306213379e-01
9.603289365768432617e-01
9.288637042045593262e-01
9.009918570518493652e-01
9.352698326110839844e-01
9.721368551254272461e-01
9.933040738105773926e-01
9.990127682685852051e-01
9.984533786773681641e-01
9.946387410163879395e-01
9.630330801010131836e-01
9.127477407455444336e-01
8.668130636215209961e-01
8.692140579223632812e-01
9.287149906158447266e-01
9.716644883155822754e-01
9.994249939918518066e-01
9.996191859245300293e-01
9.993798732757568359e-01
9.952787160873413086e-01
9.744203090667724609e-01
9.521623849868774414e-01
9.298069477081298828e-01
9.260441064834594727e-01
9.041067957878112793e-01
8.616796135902404785e-01
7.337042689323425293e-01
6.055727601051330566e-01
4.961711466312408447e-01
5.904654860496520996e-01
7.491790056228637695e-01
9.065298438072204590e-01
9.766646623611450195e-01
9.905106425285339355e-01
9.512815475463867188e-01
8.099100589752197266e-01
5.562087893486022949e-01
2.400654852390289307e-01
1.937724277377128601e-02
5.060523282736539841e-03
2.321444451808929443e-02
1.373819857835769653e-01
6.235948801040649414e-01
8.779014945030212402e-01
9.824890494346618652e-01
9.874135255813598633e-01
9.889198541641235352e-01
9.865938425064086914e-01
9.825903773307800293e-01
9.517955780029296875e-01
8.654130697250366211e-01
6.777512431144714355e-01
5.326495766639709473e-01
7.417597770690917969e-01
8.821179270744323730e-01
9.746353030204772949e-01
9.808347225189208984e-01
9.625259637832641602e-01
9.149381518363952637e-01
9.248692393302917480e-01
9.486818313598632812e-01
9.862024784088134766e-01
9.979551434516906738e-01
9.999134540557861328e-01
9.993689656257629395e-01
9.992560744285583496e-01
9.994520545005798340e-01
9.996861815452575684e-01
9.977530241012573242e-01
9.929713010787963867e-01
9.777299761772155762e-01
9.681913256645202637e-01
9.776560664176940918e-01
9.878377318382263184e-01
9.968599677085876465e-01
9.960520267486572266e-01
9.924789071083068848e-01
9.866830110549926758e-01
9.910882115364074707e-01
9.954233765602111816e-01
9.993153214454650879e-01
9.961460828781127930e-01
9.932788014411926270e-01
9.959561228752136230e-01
9.972047805786132812e-01
9.941028356552124023e-01
9.550427198410034180e-01
9.074484109878540039e-01
8.517940640449523926e-01
8.986058235168457031e-01
9.438806772232055664e-01
9.739146828651428223e-01
9.847944378852844238e-01
9.901916980743408203e-01
9.949787855148315430e-01
9.977711439132690430e-01
9.992880821228027344e-01
9.993557333946228027e-01
9.991030693054199219e-01
9.984832406044006348e-01
9.880908131599426270e-01
9.707484245300292969e-01
9.405715465545654297e-01
9.489510655403137207e-01
9.708839654922485352e-01
9.881643056869506836e-01
9.968926310539245605e-01
9.992014169692993164e-01
9.972004294395446777e-01
9.965464472770690918e-01
9.978957772254943848e-01
9.989893436431884766e-01
9.997944235801696777e-01
9.998850226402282715e-01
9.989759922027587891e-01
9.961063265800476074e-01
9.780303239822387695e-01
9.603895545005798340e-01
9.431727528572082520e-01
9.687317013740539551e-01
9.903408885002136230e-01
9.978528618812561035e-01
9.997255206108093262e-01
9.998508691787719727e-01
9.999269247055053711e-01
9.998353123664855957e-01
9.995770454406738281e-01
9.961256980895996094e-01
9.956328272819519043e-01
9.990021586418151855e-01
9.997705817222595215e-01
9.999985098838806152e-01
9.999993443489074707e-01
9.999982714653015137e-01
9.999956488609313965e-01
9.999862313270568848e-01
9.999557137489318848e-01
9.999058246612548828e-01
9.998728632926940918e-01
9.997638463973999023e-01
9.995126128196716309e-01
9.991116523742675781e-01
9.987716078758239746e-01
9.989041686058044434e-01
9.992534518241882324e-01
9.997435808181762695e-01
9.998940825462341309e-01
9.999842643737792969e-01
9.999945163726806641e-01
9.999969601631164551e-01
9.999972581863403320e-01
9.999957680702209473e-01
9.999959468841552734e-01
9.999970793724060059e-01
9.999990463256835938e-01
9.999723434448242188e-01
9.999175667762756348e-01
9.971737265586853027e-01
9.731119871139526367e-01
9.064133763313293457e-01
5.784307718276977539e-01
2.116098850965499878e-01
1.120697483420372009e-01
3.024881184101104736e-01
7.100574970245361328e-01
8.869029283523559570e-01
9.929538965225219727e-01
9.981884360313415527e-01
9.947460293769836426e-01
9.845761060714721680e-01
9.580004811286926270e-01
9.671937227249145508e-01
9.953309297561645508e-01
9.949263334274291992e-01
9.830267429351806641e-01
9.576076865196228027e-01
9.756805300712585449e-01
9.942932724952697754e-01
9.983887672424316406e-01
9.997836947441101074e-01
9.999796152114868164e-01
9.999927878379821777e-01
9.999994039535522461e-01
9.999999403953552246e-01
9.999995231628417969e-01
9.999976158142089844e-01
9.999930858612060547e-01
9.999880194664001465e-01
9.999852776527404785e-01
9.999955892562866211e-01
9.999995231628417969e-01
9.999987483024597168e-01
9.999968409538269043e-01
9.999953508377075195e-01
9.999946355819702148e-01
9.999369382858276367e-01
9.986888170242309570e-01
9.931110143661499023e-01
9.859817028045654297e-01
9.785088300704956055e-01
9.900695681571960449e-01
9.974901676177978516e-01
9.996532201766967773e-01
9.999913573265075684e-01
9.999969601631164551e-01
9.999888539314270020e-01
9.999800920486450195e-01
9.999729990959167480e-01
9.999907612800598145e-01
9.999968409538269043e-01
9.999903440475463867e-01
9.999881982803344727e-01
9.999861121177673340e-01
9.999829530715942383e-01
9.998053312301635742e-01
9.993851780891418457e-01
9.976219534873962402e-01
9.934115409851074219e-01
9.869234561920166016e-01
9.667298793792724609e-01
9.350617527961730957e-01
8.826080560684204102e-01
8.628161549568176270e-01
8.641659021377563477e-01
9.221930503845214844e-01
9.661831259727478027e-01
9.986246228218078613e-01
9.979134798049926758e-01
9.971328377723693848e-01
9.988107681274414062e-01
9.995306730270385742e-01
9.997217059135437012e-01
9.987759590148925781e-01
9.790638685226440430e-01
9.455856084823608398e-01
9.594174027442932129e-01
9.751190543174743652e-01
9.923779964447021484e-01
9.978928565979003906e-01
9.997110366821289062e-01
9.990733861923217773e-01
9.986850023269653320e-01
9.984670281410217285e-01
9.993009567260742188e-01
9.998471140861511230e-01
9.999758005142211914e-01
9.999426603317260742e-01
9.998501539230346680e-01
9.996776580810546875e-01
9.907085895538330078e-01
9.755672812461853027e-01
9.284758567810058594e-01
9.131535291671752930e-01
9.408951997756958008e-01
9.731563329696655273e-01
9.988219141960144043e-01
9.992747306823730469e-01
9.818278551101684570e-01
9.357727766036987305e-01
3.949253559112548828e-01
1.366550475358963013e-01
2.426888793706893921e-01
6.480985283851623535e-01
1.000000000000000000e+00
1.000000000000000000e+00
5.985463261604309082e-01
2.465381985530257225e-03
5.558060109615325928e-02
3.003509044647216797e-01
7.850978374481201172e-01
9.325735569000244141e-01
9.973831176757812500e-01
9.992142319679260254e-01
9.999121427536010742e-01
9.999890327453613281e-01
9.999784827232360840e-01
9.994320869445800781e-01
9.982223510742187500e-01
9.944514632225036621e-01
9.914887547492980957e-01
9.924613833427429199e-01
9.953229427337646484e-01
9.990791678428649902e-01
9.996705651283264160e-01
9.974099397659301758e-01
9.915560483932495117e-01
9.791452884674072266e-01
9.700090885162353516e-01
9.749362468719482422e-01
9.853508472442626953e-01
9.983952045440673828e-01
9.992886781692504883e-01
9.997609257698059082e-01
9.996862411499023438e-01
9.996768236160278320e-01
9.996829628944396973e-01
9.996970891952514648e-01
9.992170333862304688e-01
9.984521269798278809e-01
9.980095624923706055e-01
9.978472590446472168e-01
9.980679154396057129e-01
9.914532303810119629e-01
9.829550981521606445e-01
9.730583429336547852e-01
9.300374984741210938e-01
8.650303483009338379e-01
6.745873689651489258e-01
5.420401692390441895e-01
4.947234690189361572e-01
7.284603714942932129e-01
9.756647944450378418e-01
9.927371144294738770e-01
9.996016621589660645e-01
9.994353652000427246e-01
9.977186322212219238e-01
9.957912564277648926e-01
9.935542345046997070e-01
9.938381910324096680e-01
9.951619505882263184e-01
9.980493783950805664e-01
9.987760186195373535e-01
9.978662133216857910e-01
9.964225888252258301e-01
9.962843656539916992e-01
9.985458850860595703e-01
9.033880829811096191e-01
7.518156766891479492e-01
4.578270912170410156e-01
4.976254105567932129e-01
8.235549926757812500e-01
7.504504919052124023e-01
5.458484292030334473e-01
1.293373703956604004e-01
7.118707057088613510e-03
1.020925678312778473e-02
1.000411063432693481e-01
1.375074833631515503e-01
1.237560138106346130e-01
6.855871528387069702e-02
2.735676988959312439e-02
3.211680799722671509e-02
4.430714845657348633e-01
9.982578158378601074e-01
9.991493225097656250e-01
9.644614458084106445e-01
8.892789483070373535e-01
4.782694280147552490e-01
1.171464323997497559e-01
6.766863912343978882e-02
2.999882772564888000e-02
0.000000000000000000e+00
0.000000000000000000e+00
0.000000000000000000e+00
0.000000000000000000e+00
4.470076560974121094e-01
8.988723754882812500e-01
9.697757363319396973e-01
9.990784525871276855e-01
9.999062418937683105e-01
9.998278021812438965e-01
9.994758963584899902e-01
9.986928105354309082e-01
9.899848103523254395e-01
9.792585372924804688e-01
9.708370566368103027e-01
9.727416634559631348e-01
9.833403229713439941e-01
9.929136037826538086e-01
9.992958903312683105e-01
9.990150928497314453e-01
9.989863634109497070e-01
9.989278912544250488e-01
9.976056218147277832e-01
9.959104657173156738e-01
9.938145279884338379e-01
9.868029952049255371e-01
9.702522158622741699e-01
9.286858439445495605e-01
6.256269812583923340e-01
1.919268518686294556e-01
7.025967538356781006e-02
6.940153865416269149e-16
1.113224168236396933e-16
5.554348535952158272e-05
8.260350674390792847e-02
5.022021532058715820e-01
7.921107411384582520e-01
9.892659783363342285e-01
9.980530142784118652e-01
9.999126195907592773e-01
9.999771118164062500e-01
9.999940395355224609e-01
9.999940991401672363e-01
9.999908804893493652e-01
9.999843239784240723e-01
9.999747276306152344e-01
9.998849034309387207e-01
9.996233582496643066e-01
9.989548921585083008e-01
9.987197518348693848e-01
9.987078905105590820e-01
9.988702535629272461e-01
9.971128702163696289e-01
9.929255843162536621e-01
9.870610833168029785e-01
9.818904399871826172e-01
9.805754423141479492e-01
9.813284277915954590e-01
9.834784269332885742e-01
9.869558811187744141e-01
9.905922412872314453e-01
9.944682121276855469e-01
9.964223504066467285e-01
9.975880384445190430e-01
9.978196620941162109e-01
9.980023503303527832e-01
9.981390237808227539e-01
9.982101917266845703e-01
9.971379637718200684e-01
9.931399226188659668e-01
9.920890927314758301e-01
9.926283955574035645e-01
9.952285289764404297e-01
9.971848130226135254e-01
9.982872009277343750e-01
9.987255930900573730e-01
9.987235069274902344e-01
9.975205063819885254e-01
6.448949575424194336e-01
3.051432594656944275e-02
1.426021801307797432e-03
4.858605936169624329e-02
1.928210109472274780e-01
5.731739401817321777e-01
9.996993541717529297e-01
9.998517632484436035e-01
9.998379945755004883e-01
9.996448159217834473e-01
9.994348883628845215e-01
9.989101290702819824e-01
9.974151849746704102e-01
9.176781773567199707e-01
7.900384664535522461e-01
3.603847026824951172e-01
9.175514429807662964e-02
8.537709712982177734e-02
5.327460542321205139e-02
1.708943024277687073e-02
5.568067543208599091e-03
4.201839677989482880e-03
1.223337929695844650e-02
2.746466696262359619e-01
4.118155539035797119e-01
1.500523984432220459e-01
3.709278628230094910e-02
3.314549801871180534e-03
1.052563730627298355e-02
9.465948492288589478e-02
2.880409657955169678e-01
6.125200390815734863e-01
9.167701005935668945e-01
9.530107378959655762e-01
9.640972018241882324e-01
9.542717933654785156e-01
9.648473858833312988e-01
9.763871431350708008e-01
9.862714409828186035e-01
9.464955925941467285e-01
8.689970970153808594e-01
5.516861081123352051e-01
2.975147068500518799e-01
1.252266019582748413e-01
3.668445944786071777e-01
6.804142594337463379e-01
8.818023204803466797e-01
9.768117666244506836e-01
9.890083074569702148e-01
9.917301535606384277e-01
9.936815500259399414e-01
9.953356385231018066e-01
9.948477149009704590e-01
9.933137297630310059e-01
9.905943274497985840e-01
9.841284751892089844e-01
9.728929996490478516e-01
9.647121429443359375e-01
9.622330069541931152e-01
9.810222387313842773e-01
9.923796057701110840e-01
9.980123639106750488e-01
9.984054565429687500e-01
9.976302981376647949e-01
9.950315952301025391e-01
9.737515449523925781e-01
9.122768640518188477e-01
3.658677637577056885e-01
4.177732765674591064e-02
6.719970144331455231e-03
1.164156725207128278e-39
3.382496106124621704e-12
2.185757130845900065e-11
1.714856736361980438e-02
4.800745472311973572e-02
1.377908736467361450e-01
2.078667283058166504e-01
2.209078967571258545e-01
1.442982107400894165e-01
2.842383459210395813e-02
1.048756949603557587e-02
2.485635604898561724e-06
4.340994053109170636e-07
1.389505033927949940e-14
2.796324268330725032e-14
2.026119343915416815e-13
4.873913247138261795e-03
1.401751209050416946e-02
1.325835585594177246e-01
2.618526220321655273e-01
3.889327943325042725e-01
3.905093371868133545e-01
3.258180320262908936e-01
4.429306089878082275e-01
4.448021948337554932e-01
2.628670930862426758e-01
4.305059611797332764e-01
6.981853842735290527e-01
8.773089051246643066e-01
9.534540176391601562e-01
9.250383377075195312e-01
6.446926593780517578e-01
3.452953696250915527e-01
1.085040047764778137e-01
1.036567520350217819e-02
2.440098207443952560e-03
8.637838065624237061e-02
2.731195092201232910e-01
6.524240374565124512e-01
8.418255448341369629e-01
9.455958008766174316e-01
9.519029259681701660e-01
9.561995267868041992e-01
9.580240845680236816e-01
9.627573490142822266e-01
9.664002656936645508e-01
9.622461199760437012e-01
9.608601927757263184e-01
9.617133140563964844e-01
9.725235700607299805e-01
9.816237092018127441e-01
9.843083620071411133e-01
9.830605983734130859e-01
9.794100522994995117e-01
9.601346254348754883e-01
9.342952966690063477e-01
8.979978561401367188e-01
8.911492824554443359e-01
8.982322216033935547e-01
9.370372891426086426e-01
9.666940569877624512e-01
9.867334961891174316e-01
9.924263954162597656e-01
9.948807954788208008e-01
9.945170283317565918e-01
9.935172796249389648e-01
9.920657873153686523e-01
9.921509623527526855e-01
9.895966053009033203e-01
9.811378717422485352e-01
6.783353090286254883e-01
2.489377409219741821e-01
9.250923991203308105e-02
1.143118861364200711e-04
2.177403948735445738e-04
1.274111127713695168e-04
2.677612355910241604e-04
2.194802742451429367e-03
1.667731404304504395e-01
4.921351373195648193e-01
7.349408268928527832e-01
9.205695986747741699e-01
9.564310312271118164e-01
9.740092754364013672e-01
9.790360927581787109e-01
9.872744679450988770e-01
9.934245944023132324e-01
9.947689771652221680e-01
9.113621711730957031e-01
7.723972797393798828e-01
2.877949476242065430e-01
1.005282923579216003e-01
3.462591767311096191e-01
6.630169749259948730e-01
9.569098949432373047e-01
9.636802673339843750e-01
9.577347636222839355e-01
9.388074278831481934e-01
9.571205973625183105e-01
9.792926311492919922e-01
9.926791787147521973e-01
9.985699653625488281e-01
9.989579319953918457e-01
9.956455230712890625e-01
9.915617108345031738e-01
9.862382411956787109e-01
9.775173068046569824e-01
9.653875231742858887e-01
8.760008811950683594e-01
6.902437806129455566e-01
3.483958542346954346e-01
1.807167232036590576e-01
8.149432390928268433e-02
4.959039390087127686e-02
9.046614915132522583e-02
2.164551615715026855e-01
2.139706909656524658e-01
1.909205317497253418e-01
2.024800479412078857e-01
3.614842891693115234e-01
6.465371847152709961e-01
8.331273794174194336e-01
9.688299298286437988e-01
9.911764860153198242e-01
9.998290538787841797e-01
9.999915361404418945e-01
9.999967217445373535e-01
9.999969601631164551e-01
9.999949932098388672e-01
9.998593330383300781e-01
9.975600838661193848e-01
9.533117413520812988e-01
9.342249035835266113e-01
9.519165158271789551e-01
7.728501558303833008e-01
5.204291343688964844e-01
1.785883754491806030e-01
1.668186588865694375e-09
2.379872965363460935e-10
0.000000000000000000e+00
3.643587710190632212e-13
2.281689160527067273e-12
3.387625887989997864e-02
9.575366973876953125e-02
5.698704123497009277e-01
9.607838988304138184e-01
9.832907319068908691e-01
9.891006946563720703e-01
9.844174385070800781e-01
9.888367652893066406e-01
9.935939311981201172e-01
9.984480738639831543e-01
9.993063807487487793e-01
9.982815980911254883e-01
9.971277713775634766e-01
9.968597292900085449e-01
9.979792237281799316e-01
9.989672303199768066e-01
9.998270869255065918e-01
9.999245405197143555e-01
9.999833106994628906e-01
9.999951124191284180e-01
9.999986290931701660e-01
9.999999403953552246e-01
9.999998807907104492e-01
9.999980926513671875e-01
9.999945759773254395e-01
9.999639391899108887e-01
9.999349117279052734e-01
9.999266266822814941e-01
9.999498128890991211e-01
9.999966025352478027e-01
9.997680187225341797e-01
9.994880557060241699e-01
9.991314411163330078e-01
9.989941716194152832e-01
9.989855885505676270e-01
9.984079599380493164e-01
9.939914941787719727e-01
9.819487929344177246e-01
8.943051695823669434e-01
7.778803706169128418e-01
8.140255808830261230e-01
8.703422546386718750e-01
9.582837820053100586e-01
9.889287948608398438e-01
9.985850453376770020e-01
9.990004897117614746e-01
9.862912297248840332e-01
9.571820497512817383e-01
7.976015210151672363e-01
6.030678153038024902e-01
4.036303758621215820e-01
3.976901173591613770e-01
5.897946357727050781e-01
6.514658927917480469e-01
6.884737014770507812e-01
7.231954336166381836e-01
7.817419767379760742e-01
8.602713346481323242e-01
9.313427805900573730e-01
9.855649471282958984e-01
9.899976849555969238e-01
9.044849276542663574e-01
7.573686242103576660e-01
3.712424933910369873e-01
1.646738648414611816e-01
4.350364208221435547e-01
6.777908802032470703e-01
9.048510789871215820e-01
8.615872263908386230e-01
7.326937913894653320e-01
4.410758018493652344e-01
5.753967165946960449e-01
9.017992019653320312e-01
9.618365168571472168e-01
9.993273019790649414e-01
9.992985725402832031e-01
9.960771203041076660e-01
9.912492036819458008e-01
9.813323616981506348e-01
9.628564119338989258e-01
9.324766397476196289e-01
7.919086813926696777e-01
6.047894358634948730e-01
3.163029849529266357e-01
1.179815679788589478e-01
2.826672792434692383e-02
1.319376844912767410e-02
3.897569701075553894e-02
1.947918534278869629e-01
2.052620649337768555e-01
6.592253595590591431e-02
2.141767367720603943e-02
3.362522283181790250e-12
1.077553194242519830e-12
0.000000000000000000e+00
0.000000000000000000e+00
0.000000000000000000e+00
1.307776272296905518e-01
7.327443957328796387e-01
9.977402687072753906e-01
9.991040229797363281e-01
9.992688298225402832e-01
9.993684887886047363e-01
9.996454715728759766e-01
9.997981786727905273e-01
9.998656511306762695e-01
9.985852837562561035e-01
9.968882799148559570e-01
9.943565726280212402e-01
9.942314624786376953e-01
9.955422282218933105e-01
9.952633380889892578e-01
9.944003224372863770e-01
9.923546910285949707e-01
9.914742708206176758e-01
9.912148118019104004e-01
9.940229058265686035e-01
9.966372847557067871e-01
9.988443851470947266e-01
9.997125864028930664e-01
9.999423027038574219e-01
9.999186396598815918e-01
9.999045729637145996e-01
9.999074339866638184e-01
9.996745586395263672e-01
9.992225170135498047e-01
9.963315129280090332e-01
9.917142987251281738e-01
9.843682050704956055e-01
9.856017827987670898e-01
9.899168610572814941e-01
9.925264120101928711e-01
9.885570406913757324e-01
9.750659465789794922e-01
8.288579583168029785e-01
6.567687392234802246e-01
6.710355877876281738e-01
7.421278357505798340e-01
8.886224031448364258e-01
9.559369683265686035e-01
9.949923157691955566e-01
9.977276325225830078e-01
9.992260336875915527e-01
9.992022514343261719e-01
9.852814078330993652e-01
9.663648009300231934e-01
9.387672543525695801e-01
9.261617660522460938e-01
9.309136867523193359e-01
9.451103806495666504e-01
9.606153964996337891e-01
9.699674248695373535e-01
9.795163869857788086e-01
9.892798662185668945e-01
9.944686293601989746e-01
9.979167580604553223e-01
9.975346922874450684e-01
9.950010180473327637e-01
9.902461171150207520e-01
9.848865270614624023e-01
9.815660119056701660e-01
9.891436696052551270e-01
9.948329329490661621e-01
9.986426234245300293e-01
9.981705546379089355e-01
9.935479760169982910e-01
9.732036590576171875e-01
9.541516900062561035e-01
9.363399147987365723e-01
9.432117342948913574e-01
9.563279747962951660e-01
9.773522615432739258e-01
9.883599281311035156e-01
9.900729060173034668e-01
9.942902326583862305e-01
9.982582330703735352e-01
9.993151426315307617e-01
6.981206536293029785e-01
1.205450147390365601e-01
1.827155053615570068e-02
2.836386618956874378e-23
1.753116513020139199e-22
1.769758171121793566e-07
5.134191951583488844e-07
2.953524235635995865e-03
2.128957584500312805e-02
1.009587496519088745e-01
3.776036202907562256e-01
8.291463851928710938e-01
9.458890557289123535e-01
9.969015717506408691e-01
9.980636239051818848e-01
9.798278212547302246e-01
9.442776441574096680e-01
8.272626399993896484e-01
6.838161945343017578e-01
4.846904575824737549e-01
3.687174320220947266e-01
3.273822963237762451e-01
5.029352307319641113e-01
6.787181496620178223e-01
7.085171937942504883e-01
4.950886368751525879e-01
6.211490184068679810e-02
1.161207837867550552e-04
7.569558918476104736e-02
4.769890010356903076e-01
7.644958496093750000e-01
9.464796781539916992e-01
9.847480058670043945e-01
9.918770790100097656e-01
9.736540913581848145e-01
9.573884606361389160e-01
9.429958462715148926e-01
9.547777771949768066e-01
9.713951349258422852e-01
9.876444339752197266e-01
9.968519210815429688e-01
9.991065263748168945e-01
9.996892809867858887e-01
9.998697638511657715e-01
9.997031688690185547e-01
9.977651238441467285e-01
9.939951300621032715e-01
9.636502861976623535e-01
9.054732322692871094e-01
7.220832109451293945e-01
5.962920188903808594e-01
5.333418846130371094e-01
6.410760283470153809e-01
7.874985933303833008e-01
9.213684201240539551e-01
9.948121905326843262e-01
9.987011551856994629e-01
9.996442198753356934e-01
9.997833371162414551e-01
9.996603727340698242e-01
9.995885491371154785e-01
9.995796084403991699e-01
9.991846084594726562e-01
9.984949827194213867e-01
9.962011575698852539e-01
9.939836859703063965e-01
9.918677806854248047e-01
9.933011531829833984e-01
9.957499504089355469e-01
9.967700242996215820e-01
9.977617263793945312e-01
9.987125992774963379e-01
9.979212880134582520e-01
9.958066940307617188e-01
9.833520054817199707e-01
9.635957479476928711e-01
9.323281645774841309e-01
9.288148283958435059e-01
9.373793601989746094e-01
9.684978723526000977e-01
9.905419945716857910e-01
9.966806173324584961e-01
9.955232739448547363e-01
9.898372292518615723e-01
8.963246345520019531e-01
8.040227293968200684e-01
7.140878438949584961e-01
6.945549249649047852e-01
7.107676863670349121e-01
8.191685080528259277e-01
9.079486727714538574e-01
9.512548446655273438e-01
9.422529935836791992e-01
9.032757878303527832e-01
8.952697515487670898e-01
9.048387408256530762e-01
9.558066129684448242e-01
9.842887520790100098e-01
9.980474114418029785e-01
9.994814991950988770e-01
9.998579025268554688e-01
9.998993277549743652e-01
9.999316930770874023e-01
9.999573230743408203e-01
9.999703764915466309e-01
9.999810457229614258e-01
9.999883174896240234e-01
9.999012351036071777e-01
9.997346997261047363e-01
9.977228045463562012e-01
9.881328344345092773e-01
9.463201761245727539e-01
6.543571352958679199e-01
1.187265217304229736e-01
1.530779805034399033e-02
1.543057989329099655e-02
9.205897897481918335e-02
3.711814284324645996e-01
8.783465623855590820e-01
9.893672466278076172e-01
9.947896003723144531e-01
9.932259917259216309e-01
9.922621250152587891e-01
9.920905828475952148e-01
9.913347363471984863e-01
9.905688166618347168e-01
9.922466874122619629e-01
9.947581291198730469e-01
9.985684752464294434e-01
9.997327327728271484e-01
9.998031258583068848e-01
9.996513128280639648e-01
9.996161460876464844e-01
9.998005628585815430e-01
9.999117255210876465e-01
9.999862313270568848e-01
9.999877810478210449e-01
9.992681145668029785e-01
9.969052076339721680e-01
9.425287842750549316e-01
8.564976453781127930e-01
8.418018221855163574e-01
7.858203053474426270e-01
5.969347953796386719e-01
4.326737225055694580e-01
2.867016196250915527e-01
2.298736423254013062e-01
2.388106286525726318e-01
4.555632770061492920e-01
6.829395294189453125e-01
9.198901653289794922e-01
9.774693846702575684e-01
9.979380369186401367e-01
9.990078806877136230e-01
9.995275139808654785e-01
9.994422197341918945e-01
9.941369295120239258e-01
9.852693080902099609e-01
9.582749605178833008e-01
9.502645134925842285e-01
9.682636857032775879e-01
9.793395996093750000e-01
9.876673221588134766e-01
9.908739924430847168e-01
9.939069151878356934e-01
9.966409802436828613e-01
9.978343248367309570e-01
9.983111619949340820e-01
9.985463619232177734e-01
9.986538290977478027e-01
9.984811544418334961e-01
9.975154995918273926e-01
9.960737228393554688e-01
9.970640540122985840e-01
9.979989528656005859e-01
9.983136653900146484e-01
9.921606779098510742e-01
9.810420870780944824e-01
9.825395941734313965e-01
9.862089753150939941e-01
9.918121695518493652e-01
9.923233389854431152e-01
9.878779649734497070e-01
9.362987279891967773e-01
8.668683171272277832e-01
7.485421895980834961e-01
6.785650849342346191e-01
6.687197685241699219e-01
7.282834649085998535e-01
8.119019269943237305e-01
9.209739565849304199e-01
9.908912777900695801e-01
9.968935251235961914e-01
9.978497028350830078e-01
9.964319467544555664e-01
9.522375464439392090e-01
7.775434851646423340e-01
3.172823488712310791e-01
9.164170175790786743e-02
5.662783049046993256e-03
1.842043857323005795e-04
2.169157192111015320e-02
1.090180873870849609e-01
9.890323877334594727e-02
1.161560881882905960e-02
2.067732615717351313e-14
1.424988731741905212e-04
9.527449146844446659e-04
2.513765096664428711e-01
7.653043270111083984e-01
9.198237061500549316e-01
9.757195115089416504e-01
9.777886867523193359e-01
9.742667078971862793e-01
9.628719687461853027e-01
9.587784409523010254e-01
9.579931497573852539e-01
9.725379943847656250e-01
9.840536117553710938e-01
9.897701740264892578e-01
9.944849610328674316e-01
9.986578822135925293e-01
9.994201064109802246e-01
9.998729228973388672e-01
9.999024868011474609e-01
9.999333024024963379e-01
9.999651312828063965e-01
9.999820590019226074e-01
9.999892711639404297e-01
9.999630451202392578e-01
9.991946816444396973e-01
9.976673722267150879e-01
9.951013922691345215e-01
9.910828471183776855e-01
9.772435426712036133e-01
9.394780993461608887e-01
8.678704500198364258e-01
8.054997324943542480e-01
7.496349811553955078e-01
7.988321185111999512e-01
8.519807457923889160e-01
9.131047129631042480e-01
9.508917927742004395e-01
9.753109216690063477e-01
9.858115315437316895e-01
9.938644766807556152e-01
9.970514178276062012e-01
9.986358880996704102e-01
9.989283680915832520e-01
9.979777932167053223e-01
9.956005215644836426e-01
9.869450330734252930e-01
9.666020870208740234e-01
9.329739212989807129e-01
8.887450695037841797e-01
8.429894447326660156e-01
8.175984621047973633e-01
7.964858412742614746e-01
7.824848890304565430e-01
8.430827856063842773e-01
9.385406374931335449e-01
9.712076783180236816e-01
9.947956204414367676e-01
9.983230829238891602e-01
9.994730949401855469e-01
9.989864230155944824e-01
9.954105615615844727e-01
9.865572452545166016e-01
9.576798081398010254e-01
8.231820464134216309e-01
5.822709798812866211e-01
5.077667832374572754e-01
5.025872588157653809e-01
7.405740618705749512e-01
9.092496037483215332e-01
9.754059910774230957e-01
9.969063401222229004e-01
9.996765851974487305e-01
9.995087981224060059e-01
9.994854927062988281e-01
9.997860789299011230e-01
9.999380707740783691e-01
9.999948740005493164e-01
9.879940748214721680e-01
9.572985172271728516e-01
8.605318665504455566e-01
7.794926762580871582e-01
7.135577201843261719e-01
3.844008743762969971e-01
3.345694020390510559e-02
1.244068611413240433e-02
3.784691657293670630e-11
1.189786602573406071e-10
3.060201108455657959e-01
7.356783747673034668e-01
8.911418914794921875e-01
9.976636171340942383e-01
9.938619136810302734e-01
9.693849086761474609e-01
9.314891695976257324e-01
9.313380718231201172e-01
9.421802759170532227e-01
9.807479977607727051e-01
1.000000000000000000e+00
1.000000000000000000e+00
9.654704332351684570e-01
9.231374263763427734e-01
8.898097276687622070e-01
8.850346803665161133e-01
9.241206049919128418e-01
9.510325789451599121e-01
9.725124835968017578e-01
9.842820167541503906e-01
9.934757351875305176e-01
9.965779185295104980e-01
9.982895255088806152e-01
9.990049004554748535e-01
9.994577765464782715e-01
9.998098611831665039e-01
9.998610615730285645e-01
9.998849034309387207e-01
9.998780488967895508e-01
9.999320507049560547e-01
1.000000000000000000e+00
1.000000000000000000e+00
9.999648928642272949e-01
9.998668432235717773e-01
9.989510178565979004e-01
9.976043105125427246e-01
9.968212842941284180e-01
9.953520894050598145e-01
9.916645288467407227e-01
9.821382761001586914e-01
9.676131606101989746e-01
9.697678685188293457e-01
9.760543704032897949e-01
9.876211285591125488e-01
9.955125451087951660e-01
9.982766509056091309e-01
9.992319941520690918e-01
9.994463920593261719e-01
9.977947473526000977e-01
9.936981797218322754e-01
9.839014410972595215e-01
9.868921041488647461e-01
9.986549019813537598e-01
1.000000000000000000e+00
9.990814924240112305e-01
9.939330220222473145e-01
9.859838485717773438e-01
9.748755097389221191e-01
9.835975170135498047e-01
9.978019595146179199e-01
9.989339113235473633e-01
9.996677041053771973e-01
9.996480345726013184e-01
9.991372227668762207e-01
9.983458518981933594e-01
9.967718720436096191e-01
9.949823021888732910e-01
9.926424026489257812e-01
9.406026005744934082e-01
8.412732481956481934e-01
7.021910548210144043e-01
5.796106457710266113e-01
7.113705277442932129e-01
7.207395434379577637e-01
5.327202677726745605e-01
6.777079105377197266e-01
9.838244915008544922e-01
9.974414706230163574e-01
9.987893700599670410e-01
9.968077540397644043e-01
9.944005608558654785e-01
9.916340112686157227e-01
9.948425292968750000e-01
9.987947344779968262e-01
9.995074868202209473e-01
9.999150633811950684e-01
9.998893141746520996e-01
9.995018243789672852e-01
9.989594817161560059e-01
9.897419214248657227e-01
9.668610095977783203e-01
9.085343480110168457e-01
7.185291647911071777e-01
4.269480407238006592e-01
3.356603980064392090e-01
3.224106431007385254e-01
5.721979141235351562e-01
7.849079966545104980e-01
9.482349753379821777e-01
9.966824054718017578e-01
9.996607303619384766e-01
9.996957182884216309e-01
9.997419714927673340e-01
9.998156428337097168e-01
9.998893141746520996e-01
9.999628663063049316e-01
9.999805092811584473e-01
9.999753832817077637e-01
9.998901486396789551e-01
9.989169239997863770e-01
9.967930912971496582e-01
9.963245987892150879e-01
9.965045452117919922e-01
9.979158043861389160e-01
9.989794492721557617e-01
9.992000460624694824e-01
9.950337409973144531e-01
9.876773953437805176e-01
9.231496453285217285e-01
8.578787446022033691e-01
8.412361741065979004e-01
8.613458871841430664e-01
9.300017952919006348e-01
9.692768454551696777e-01
9.968219399452209473e-01
9.984776377677917480e-01
9.992966055870056152e-01
9.980791211128234863e-01
9.959259033203125000e-01
9.930486679077148438e-01
9.884080886840820312e-01
9.851006865501403809e-01
9.925569891929626465e-01
9.975148439407348633e-01
9.989624619483947754e-01
9.990895390510559082e-01
9.986472725868225098e-01
9.974076747894287109e-01
9.965674877166748047e-01
9.969007968902587891e-01
9.976587891578674316e-01
9.987725019454956055e-01
9.993050098419189453e-01
9.995295405387878418e-01
9.982118606567382812e-01
9.978403449058532715e-01
9.989444017410278320e-01
9.995639920234680176e-01
9.999470114707946777e-01
9.999652504920959473e-01
9.999192953109741211e-01
9.997222423553466797e-01
9.991370439529418945e-01
9.981858134269714355e-01
9.976337552070617676e-01
9.972484707832336426e-01
9.976342320442199707e-01
9.965676665306091309e-01
9.928631782531738281e-01
9.798022508621215820e-01
9.613941907882690430e-01
9.662579894065856934e-01
9.112570285797119141e-01
6.010622382164001465e-01
5.478615164756774902e-01
7.778860926628112793e-01
9.042825698852539062e-01
9.939534068107604980e-01
9.903197288513183594e-01
9.753038883209228516e-01
9.352502822875976562e-01
9.277604222297668457e-01
9.428870081901550293e-01
9.527688026428222656e-01
9.595299959182739258e-01
9.527220129966735840e-01
9.578387737274169922e-01
9.791188836097717285e-01
9.913855791091918945e-01
9.998414516448974609e-01
9.967557787895202637e-01
9.909378290176391602e-01
9.779323935508728027e-01
9.431784749031066895e-01
8.894522786140441895e-01
9.208982586860656738e-01
9.690783023834228516e-01
9.855597615242004395e-01
9.966345429420471191e-01
9.982013702392578125e-01
9.980587363243103027e-01
9.969519376754760742e-01
9.954043626785278320e-01
9.930498003959655762e-01
9.874232411384582520e-01
9.768568873405456543e-01
9.606362581253051758e-01
9.680764079093933105e-01
9.834907054901123047e-01
9.843724370002746582e-01
9.840160012245178223e-01
9.806565046310424805e-01
9.767984747886657715e-01
9.725570678710937500e-01
9.746111631393432617e-01
9.788935184478759766e-01
9.911576509475708008e-01
9.989334940910339355e-01
9.996097683906555176e-01
9.997856616973876953e-01
9.997049570083618164e-01
9.989833831787109375e-01
9.977137446403503418e-01
9.945403337478637695e-01
9.632844328880310059e-01
9.021138548851013184e-01
7.149762511253356934e-01
4.931501746177673340e-01
4.847178161144256592e-01
5.264844298362731934e-01
6.854437589645385742e-01
8.214116096496582031e-01
9.401318430900573730e-01
9.773573279380798340e-01
9.967105388641357422e-01
9.953655004501342773e-01
9.893885254859924316e-01
9.760702252388000488e-01
9.300370216369628906e-01
8.669435381889343262e-01
8.162750601768493652e-01
7.656563520431518555e-01
7.116053700447082520e-01
6.985043883323669434e-01
7.313951849937438965e-01
8.143017292022705078e-01
9.138433337211608887e-01
9.484730362892150879e-01
9.726310372352600098e-01
9.700258374214172363e-01
9.714671969413757324e-01
9.761889576911926270e-01
9.840258359909057617e-01
9.921822547912597656e-01
9.967971444129943848e-01
9.997795820236206055e-01
9.998963475227355957e-01
9.989743232727050781e-01
9.974468350410461426e-01
9.868074655532836914e-01
9.747978448867797852e-01
9.609717726707458496e-01
9.276552796363830566e-01
8.691168427467346191e-01
6.674351096153259277e-01
4.058831036090850830e-01
2.076195031404495239e-01
1.567394584417343140e-01
5.669663548469543457e-01
8.356457352638244629e-01
9.666879177093505859e-01
9.975337982177734375e-01
9.993289113044738770e-01
9.968647956848144531e-01
9.919493198394775391e-01
9.816315174102783203e-01
9.791113734245300293e-01
9.823063015937805176e-01
9.887633323669433594e-01
9.943631291389465332e-01
9.878753423690795898e-01
9.823388457298278809e-01
9.783931970596313477e-01
9.767072200775146484e-01
9.762943983078002930e-01
9.701210260391235352e-01
9.672130346298217773e-01
9.829818010330200195e-01
9.934925436973571777e-01
9.972252249717712402e-01
9.973082542419433594e-01
9.958525300025939941e-01
9.917990565299987793e-01
9.896036386489868164e-01
9.939298033714294434e-01
9.970803856849670410e-01
9.990360140800476074e-01
9.996855258941650391e-01
9.999142885208129883e-01
9.999476671218872070e-01
9.999714493751525879e-01
9.999715089797973633e-01
9.999299049377441406e-01
9.998541474342346191e-01
9.991766810417175293e-01
9.983162879943847656e-01
9.969107508659362793e-01
9.966169595718383789e-01
9.984773397445678711e-01
9.994179010391235352e-01
9.997493028640747070e-01
9.973638653755187988e-01
9.923874139785766602e-01
9.723889231681823730e-01
9.526017308235168457e-01
9.332097172737121582e-01
9.261953830718994141e-01
9.258427023887634277e-01
9.487829804420471191e-01
9.686772227287292480e-01
9.632496237754821777e-01
9.083133339881896973e-01
7.892538309097290039e-01
5.396154522895812988e-01
2.328146100044250488e-01
9.888010472059249878e-02
2.323779391133484751e-08
7.983937955202691228e-09
4.985986830149796683e-32
1.036304064741420444e-32
4.186983469352603682e-14
9.865765431167627941e-14
6.237708032131195068e-03
1.164058372378349304e-01
5.286282300949096680e-01
8.073410391807556152e-01
9.617860913276672363e-01
9.977512955665588379e-01
9.991916418075561523e-01
9.894372224807739258e-01
9.580309391021728516e-01
8.749372959136962891e-01
7.569257616996765137e-01
6.106709241867065430e-01
5.164759159088134766e-01
4.330627322196960449e-01
3.290612995624542236e-01
2.521796822547912598e-01
2.312304675579071045e-01
4.015453159809112549e-01
7.074451446533203125e-01
8.579027056694030762e-01
9.681900739669799805e-01
9.782571792602539062e-01
9.877503514289855957e-01
9.961842298507690430e-01
9.971765875816345215e-01
9.935300946235656738e-01
9.710930585861206055e-01
9.474695324897766113e-01
9.349116683006286621e-01
9.396545290946960449e-01
9.722369909286499023e-01
9.126040935516357422e-01
8.006505370140075684e-01
6.464830636978149414e-01
5.210046172142028809e-01
5.854092240333557129e-01
6.809779405593872070e-01
8.223372697830200195e-01
9.114726185798645020e-01
9.740844368934631348e-01
9.884930849075317383e-01
9.960608482360839844e-01
9.914453625679016113e-01
9.813702106475830078e-01
9.639375209808349609e-01
9.521440863609313965e-01
9.430097341537475586e-01
9.591996073722839355e-01
9.763091206550598145e-01
9.896153807640075684e-01
9.976426959037780762e-01
9.989744424819946289e-01
9.993477463722229004e-01
9.992989301681518555e-01
9.995226860046386719e-01
9.996950030326843262e-01
9.996060132980346680e-01
9.994934797286987305e-01
9.993532299995422363e-01
9.994656443595886230e-01
9.996825456619262695e-01
9.998434782028198242e-01
9.999618530273437500e-01
9.999296069145202637e-01
9.992073774337768555e-01
9.976843595504760742e-01
9.939985871315002441e-01
9.894416332244873047e-01
9.943840503692626953e-01
9.985759854316711426e-01
9.989055395126342773e-01
9.988763928413391113e-01
9.984413981437683105e-01
9.935232400894165039e-01
9.868789315223693848e-01
9.243758320808410645e-01
8.791798949241638184e-01
9.008769989013671875e-01
9.358420372009277344e-01
9.857290387153625488e-01
9.985846877098083496e-01
9.970639348030090332e-01
9.985938668251037598e-01
9.998731017112731934e-01
9.999300837516784668e-01
9.999538660049438477e-01
9.999400973320007324e-01
9.999377131462097168e-01
9.999397993087768555e-01
9.999535679817199707e-01
9.999665617942810059e-01
9.999753832817077637e-01
9.999836683273315430e-01
9.999914169311523438e-01
9.999957084655761719e-01
9.999986886978149414e-01
9.999994635581970215e-01
1.000000000000000000e+00
1.000000000000000000e+00
1.000000000000000000e+00
1.000000000000000000e+00
1.000000000000000000e+00
9.999999403953552246e-01
9.999997615814208984e-01
9.999982714653015137e-01
9.999918341636657715e-01
9.999516606330871582e-01
9.998692274093627930e-01
9.993791580200195312e-01
9.987066388130187988e-01
9.972698688507080078e-01
9.961529374122619629e-01
9.967211484909057617e-01
9.975923299789428711e-01
9.988704919815063477e-01
9.995490312576293945e-01
9.999352097511291504e-01
9.999834895133972168e-01
9.999985694885253906e-01
9.999992847442626953e-01
9.999997615814208984e-01
9.999999403953552246e-01
1.000000000000000000e+00
1.000000000000000000e+00
1.000000000000000000e+00
1.000000000000000000e+00
1.000000000000000000e+00
1.000000000000000000e+00
1.000000000000000000e+00
1.000000000000000000e+00
1.000000000000000000e+00
9.999985694885253906e-01
9.999943375587463379e-01
9.999707341194152832e-01
9.999344944953918457e-01
9.998759031295776367e-01
9.998805522918701172e-01
9.999266862869262695e-01
9.999591708183288574e-01
9.999868869781494141e-01
9.999911189079284668e-01
9.999846220016479492e-01
9.999564886093139648e-01
9.998430013656616211e-01
9.996665120124816895e-01
9.996911883354187012e-01
9.997641444206237793e-01
9.998878240585327148e-01
9.999787211418151855e-01
9.999933242797851562e-01
1.000000000000000000e+00
1.000000000000000000e+00
1.000000000000000000e+00
1.000000000000000000e+00
1.000000000000000000e+00
1.000000000000000000e+00
1.000000000000000000e+00
9.999890327453613281e-01
9.999674558639526367e-01
9.998693466186523438e-01
9.997450709342956543e-01
9.997445344924926758e-01
9.997657537460327148e-01
9.998551607131958008e-01
9.999237656593322754e-01
9.999682903289794922e-01
9.998221993446350098e-01
9.995950460433959961e-01
9.971310496330261230e-01
9.938206076622009277e-01
9.873065352439880371e-01
9.863120913505554199e-01
9.929386377334594727e-01
9.960693717002868652e-01
9.974049925804138184e-01
9.984917640686035156e-01
9.994533061981201172e-01
9.997892379760742188e-01
1.000000000000000000e+00
1.000000000000000000e+00
1.000000000000000000e+00
1.000000000000000000e+00
9.999393224716186523e-01
9.998614192008972168e-01
9.997157454490661621e-01
9.995381236076354980e-01
9.992927312850952148e-01
9.985921978950500488e-01
9.975320696830749512e-01
9.960753321647644043e-01
9.945788383483886719e-01
9.950650930404663086e-01
9.958376884460449219e-01
9.973962306976318359e-01
9.906693696975708008e-01
9.757015109062194824e-01
8.872500658035278320e-01
7.723201513290405273e-01
7.081835865974426270e-01
6.963176131248474121e-01
8.791699409484863281e-01
9.835267066955566406e-01
9.887049794197082520e-01
9.834522008895874023e-01
9.732440114021301270e-01
9.792735576629638672e-01
9.864501953125000000e-01
9.912664890289306641e-01
9.916498064994812012e-01
9.848416447639465332e-01
6.410754919052124023e-01
8.534059673547744751e-02
3.119955584406852722e-02
6.192986294627189636e-02
2.520907297730445862e-02
2.038662135601043701e-02
8.541405946016311646e-02
3.885007202625274658e-01
8.881670236587524414e-01
6.547526121139526367e-01
2.191444486379623413e-01
9.530881047248840332e-02
3.321709856390953064e-02
1.597780287265777588e-01
3.659519851207733154e-01
6.588910222053527832e-01
7.955436110496520996e-01
8.682398796081542969e-01
8.931665420532226562e-01
9.168184995651245117e-01
9.486209154129028320e-01
9.720079302787780762e-01
9.829416275024414062e-01
8.043804168701171875e-01
5.169224739074707031e-01
3.889565467834472656e-01
2.910426855087280273e-01
2.429920434951782227e-01
1.883347183465957642e-01
1.200657933950424194e-01
1.504465937614440918e-01
2.586845755577087402e-01
4.200927317142486572e-01
5.942856073379516602e-01
6.962069272994995117e-01
8.008174896240234375e-01
9.136646389961242676e-01
9.753330349922180176e-01
9.803788065910339355e-01
9.618550539016723633e-01
9.334546327590942383e-01
8.135877847671508789e-01
7.158577442169189453e-01
7.659872770309448242e-01
8.364693522453308105e-01
9.385271072387695312e-01
9.848847985267639160e-01
9.972068071365356445e-01
9.769476056098937988e-01
9.488029479980468750e-01
8.950194716453552246e-01
8.550446629524230957e-01
8.471589088439941406e-01
8.775513172149658203e-01
9.421253800392150879e-01
9.753184914588928223e-01
9.982949495315551758e-01
9.911001324653625488e-01
9.639175534248352051e-01
8.628621697425842285e-01
8.150448203086853027e-01
8.366066217422485352e-01
8.944740891456604004e-01
9.708724021911621094e-01
9.879108667373657227e-01
9.777224063873291016e-01
8.110225796699523926e-01
5.979259014129638672e-01
2.943274676799774170e-01
1.915593743324279785e-01
2.453357428312301636e-01
4.729430675506591797e-01
7.462746500968933105e-01
8.740059733390808105e-01
9.746221899986267090e-01
9.878364205360412598e-01
9.917228817939758301e-01
9.847084879875183105e-01
9.274454712867736816e-01
8.472917675971984863e-01
7.291336655616760254e-01
6.472737789154052734e-01
8.237369656562805176e-01
9.495783448219299316e-01
9.849231839179992676e-01
9.998354315757751465e-01
9.999592900276184082e-01
9.991652369499206543e-01
9.978198409080505371e-01
9.842824935913085938e-01
9.659817814826965332e-01
9.332764148712158203e-01
9.378719329833984375e-01
9.842597246170043945e-01
9.989905357360839844e-01
9.997957348823547363e-01
9.997446537017822266e-01
9.995772838592529297e-01
9.991728663444519043e-01
9.989835619926452637e-01
9.991768598556518555e-01
9.994454979896545410e-01
9.997690916061401367e-01
9.998900890350341797e-01
9.998942017555236816e-01
9.969675540924072266e-01
9.881490468978881836e-01
9.609161019325256348e-01
8.260192275047302246e-01
5.668855905532836914e-01
3.623511791229248047e-01
1.829550862312316895e-01
9.828340262174606323e-02
3.074972704052925110e-02
1.221569720655679703e-02
4.071301314979791641e-03
1.567031256854534149e-02
2.226957082748413086e-01
5.807049274444580078e-01
8.023285269737243652e-01
9.859232306480407715e-01
9.889913201332092285e-01
9.914086461067199707e-01
9.914965033531188965e-01
8.685286641120910645e-01
5.874751806259155273e-01
3.101300597190856934e-01
3.439502418041229248e-02
1.587948522674409446e-11
1.057258255751784112e-25
1.240098809338293210e-24
7.244077278301119804e-04
3.063562326133251190e-03
2.580293118953704834e-01
7.395538687705993652e-01
8.799601793289184570e-01
9.024489521980285645e-01
8.302332758903503418e-01
7.666549086570739746e-01
7.619304656982421875e-01
8.120101690292358398e-01
9.470607638359069824e-01
9.925247430801391602e-01
9.802545905113220215e-01
9.881547093391418457e-01
9.998332262039184570e-01
9.999278187751770020e-01
9.999974370002746582e-01
9.999948740005493164e-01
9.998735189437866211e-01
9.996191263198852539e-01
9.945775866508483887e-01
9.873348474502563477e-01
9.827119112014770508e-01
9.799857735633850098e-01
9.896488785743713379e-01
9.940639734268188477e-01
9.877665638923645020e-01
9.243823885917663574e-01
8.131673336029052734e-01
8.757288455963134766e-01
9.937409162521362305e-01
9.729226231575012207e-01
9.534563422203063965e-01
9.570521712303161621e-01
9.682888388633728027e-01
9.909929037094116211e-01
9.998537898063659668e-01
9.999321103096008301e-01
9.998492002487182617e-01
9.997281432151794434e-01
9.995062947273254395e-01
9.992285370826721191e-01
9.987843632698059082e-01
9.974491596221923828e-01
9.950767755508422852e-01
9.746990203857421875e-01
9.455801844596862793e-01
9.418377876281738281e-01
9.333253502845764160e-01
8.522802591323852539e-01
8.279134035110473633e-01
9.293797612190246582e-01
9.827643632888793945e-01
9.921967983245849609e-01
9.955258369445800781e-01
9.966158270835876465e-01
9.977668523788452148e-01
9.988200068473815918e-01
9.993163943290710449e-01
9.995729923248291016e-01
9.994074702262878418e-01
9.979404211044311523e-01
9.955050349235534668e-01
9.932950735092163086e-01
9.911476373672485352e-01
9.960469603538513184e-01
9.999752044677734375e-01
9.998884201049804688e-01
9.910698533058166504e-01
9.697931408882141113e-01
9.587070941925048828e-01
9.538719058036804199e-01
9.696165323257446289e-01
9.891280531883239746e-01
9.952625632286071777e-01
9.999127388000488281e-01
9.999480843544006348e-01
9.999644756317138672e-01
9.999579787254333496e-01
9.999663829803466797e-01
9.999825954437255859e-01
9.999846816062927246e-01
9.999812245368957520e-01
9.999369978904724121e-01
9.998971819877624512e-01
9.998686313629150391e-01
9.998505711555480957e-01
9.998435378074645996e-01
9.982241988182067871e-01
9.958974123001098633e-01
9.910080432891845703e-01
9.865906834602355957e-01
9.885109066963195801e-01
9.908514022827148438e-01
9.941152334213256836e-01
9.966043233871459961e-01
9.983756542205810547e-01
9.913539290428161621e-01
9.809996485710144043e-01
9.449031949043273926e-01
9.158818721771240234e-01
9.439570903778076172e-01
9.695304632186889648e-01
9.903365373611450195e-01
9.998680353164672852e-01
9.999649524688720703e-01
9.999700188636779785e-01
9.999442100524902344e-01
9.999054074287414551e-01
9.998652935028076172e-01
9.998214244842529297e-01
9.995610117912292480e-01
9.989161491394042969e-01
9.968350529670715332e-01
9.936417341232299805e-01
9.892714619636535645e-01
9.845377206802368164e-01
9.808155894279479980e-01
9.758017063140869141e-01
9.645192623138427734e-01
9.577739834785461426e-01
9.585763812065124512e-01
9.713127017021179199e-01
9.927601814270019531e-01
9.926032423973083496e-01
9.863333106040954590e-01
9.399445056915283203e-01
8.700623512268066406e-01
6.988312005996704102e-01
5.682547688484191895e-01
5.026687979698181152e-01
5.735530853271484375e-01
7.404220700263977051e-01
8.137105703353881836e-01
8.619446158409118652e-01
9.301792979240417480e-01
9.869191646575927734e-01
9.935875535011291504e-01
9.973381757736206055e-01
9.965203404426574707e-01
9.964784979820251465e-01
9.969791173934936523e-01
9.983620643615722656e-01
9.999809265136718750e-01
1.000000000000000000e+00
9.999684691429138184e-01
9.997997879981994629e-01
9.996370077133178711e-01
9.994829893112182617e-01
9.891284108161926270e-01
9.715877771377563477e-01
6.644555926322937012e-01
2.789707779884338379e-01
4.626281559467315674e-01
6.538351774215698242e-01
8.401976823806762695e-01
9.651624560356140137e-01
9.894223809242248535e-01
9.997694492340087891e-01
9.999210834503173828e-01
9.999489784240722656e-01
9.999406337738037109e-01
9.999665021896362305e-01
9.999898672103881836e-01
9.999960660934448242e-01
1.000000000000000000e+00
1.000000000000000000e+00
9.999834895133972168e-01
9.999542236328125000e-01
9.999492764472961426e-01
9.999518990516662598e-01
9.999305605888366699e-01
9.998610615730285645e-01
9.995290637016296387e-01
9.992826581001281738e-01
9.991970658302307129e-01
9.992493391036987305e-01
9.994176626205444336e-01
9.995425939559936523e-01
9.996521472930908203e-01
9.997705221176147461e-01
9.998780488967895508e-01
9.999076724052429199e-01
9.992321133613586426e-01
9.970875978469848633e-01
9.967278242111206055e-01
9.980217814445495605e-01
9.990268945693969727e-01
9.999169707298278809e-01
9.944574832916259766e-01
9.814046025276184082e-01
9.053509235382080078e-01
8.736759424209594727e-01
9.487603306770324707e-01
9.907420277595520020e-01
9.976868033409118652e-01
9.999490976333618164e-01
9.999918341636657715e-01
9.999971389770507812e-01
9.999963045120239258e-01
9.999859333038330078e-01
9.999689459800720215e-01
9.999333024024963379e-01
9.998825788497924805e-01
9.998134374618530273e-01
9.996363520622253418e-01
9.993985295295715332e-01
9.996539354324340820e-01
9.999268054962158203e-01
9.969070553779602051e-01
9.938765764236450195e-01
9.907723665237426758e-01
9.894405603408813477e-01
9.906930923461914062e-01
9.924645423889160156e-01
9.945797324180603027e-01
9.956156015396118164e-01
9.963585138320922852e-01
9.971961379051208496e-01
9.980251789093017578e-01
9.988013505935668945e-01
9.993483424186706543e-01
9.994853734970092773e-01
9.992063641548156738e-01
9.985851645469665527e-01
9.984169602394104004e-01
9.984081387519836426e-01
9.988139867782592773e-01
9.989345669746398926e-01
9.966318607330322266e-01
9.737386107444763184e-01
9.037883877754211426e-01
7.696103453636169434e-01
5.689651966094970703e-01
4.715998470783233643e-01
4.221903681755065918e-01
5.714958906173706055e-01
7.180625796318054199e-01
3.666346073150634766e-01
8.843161910772323608e-02
3.244034200906753540e-02
8.427332504652440548e-04
1.242623897269368172e-03
2.584425210952758789e-01
6.730859279632568359e-01
8.504526019096374512e-01
9.719272255897521973e-01
9.843974113464355469e-01
9.939777851104736328e-01
9.931184053421020508e-01
9.562646150588989258e-01
8.571280837059020996e-01
6.380924582481384277e-01
3.214091658592224121e-01
1.767565757036209106e-01
9.254261851310729980e-02
4.811445474624633789e-01
8.685451745986938477e-01
9.434681534767150879e-01
9.967854619026184082e-01
9.986099600791931152e-01
9.995315670967102051e-01
9.994686841964721680e-01
9.917715191841125488e-01
9.802037477493286133e-01
8.879371285438537598e-01
7.807294726371765137e-01
6.626576185226440430e-01
6.029132604598999023e-01
7.534795403480529785e-01
8.651293516159057617e-01
9.197902679443359375e-01
8.042454719543457031e-01
5.683673620223999023e-01
3.566612303256988525e-01
1.526820063591003418e-01
2.701384425163269043e-01
4.299544394016265869e-01
7.609002590179443359e-01
9.886409640312194824e-01
9.952649474143981934e-01
9.974038600921630859e-01
9.950514435768127441e-01
9.910162091255187988e-01
9.861998558044433594e-01
9.921680688858032227e-01
9.993832707405090332e-01
9.981219768524169922e-01
9.159289002418518066e-01
5.638037919998168945e-01
2.765650451183319092e-01
8.042861521244049072e-02
8.114513754844665527e-02
2.179477214813232422e-01
5.662018060684204102e-01
9.760382175445556641e-01
9.979754090309143066e-01
9.995830655097961426e-01
9.993419051170349121e-01
9.988393187522888184e-01
9.977633953094482422e-01
9.904932379722595215e-01
9.768504500389099121e-01
9.585435986518859863e-01
9.379647970199584961e-01
9.043168425559997559e-01
8.572077751159667969e-01
4.672400653362274170e-01
1.401451826095581055e-01
5.508500710129737854e-02
1.173483394086360931e-02
3.417173773050308228e-02
2.641997039318084717e-01
6.551401615142822266e-01
8.497385382652282715e-01
9.762299656867980957e-01
9.922007918357849121e-01
9.974293112754821777e-01
9.917852282524108887e-01
9.692409634590148926e-01
9.029613733291625977e-01
8.141506314277648926e-01
6.988689303398132324e-01
6.732000112533569336e-01
6.996992826461791992e-01
8.125232458114624023e-01
9.459124207496643066e-01
9.720155000686645508e-01
9.921348094940185547e-01
9.887752532958984375e-01
9.849418997764587402e-01
9.801497459411621094e-01
9.808964729309082031e-01
9.869062900543212891e-01
9.930202364921569824e-01
9.991660714149475098e-01
9.861938357353210449e-01
9.635431766510009766e-01
7.791137099266052246e-01
5.798520445823669434e-01
3.278765976428985596e-01
2.171307355165481567e-01
3.261868357658386230e-01
4.956222176551818848e-01
7.113012075424194336e-01
8.261750340461730957e-01
9.060608148574829102e-01
9.104474186897277832e-01
9.096801280975341797e-01
9.291698336601257324e-01
9.487270116806030273e-01
9.686579704284667969e-01
9.830861091613769531e-01
9.904493689537048340e-01
9.952234625816345215e-01
9.983323812484741211e-01
9.978421926498413086e-01
9.963558316230773926e-01
9.934941530227661133e-01
9.911584258079528809e-01
9.927670955657958984e-01
9.946371316909790039e-01
9.970992803573608398e-01
9.980196952819824219e-01
9.972090125083923340e-01
9.813372492790222168e-01
9.571055173873901367e-01
9.334337711334228516e-01
9.098170995712280273e-01
9.269091486930847168e-01
9.450151324272155762e-01
9.661035537719726562e-01
9.794214367866516113e-01
9.771246910095214844e-01
9.493332505226135254e-01
8.965456485748291016e-01
7.631384730339050293e-01
5.910971760749816895e-01
5.027481913566589355e-01
4.329385161399841309e-01
5.747944712638854980e-01
7.151283025741577148e-01
8.466952443122863770e-01
9.426838159561157227e-01
9.719097614288330078e-01
9.891739487648010254e-01
9.954531192779541016e-01
9.981791973114013672e-01
9.993062019348144531e-01
9.974804520606994629e-01
9.946680068969726562e-01
9.731033444404602051e-01
9.480250477790832520e-01
9.081121683120727539e-01
9.040120840072631836e-01
9.625242352485656738e-01
9.925164580345153809e-01
9.970653057098388672e-01
9.988302588462829590e-01
9.993766546249389648e-01
9.996671080589294434e-01
9.999113082885742188e-01
9.999384880065917969e-01
9.998955130577087402e-01
9.995687007904052734e-01
9.975739717483520508e-01
9.926747083663940430e-01
9.731697440147399902e-01
9.407674670219421387e-01
9.133629202842712402e-01
8.881571292877197266e-01
9.229098558425903320e-01
9.659529924392700195e-01
9.793205857276916504e-01
9.898941516876220703e-01
9.890676736831665039e-01
9.889248609542846680e-01
9.899922013282775879e-01
9.876537322998046875e-01
9.822388887405395508e-01
9.732734560966491699e-01
9.626935124397277832e-01
9.765843749046325684e-01
9.938887357711791992e-01
9.776059985160827637e-01
9.453310370445251465e-01
8.426628112792968750e-01
7.586140632629394531e-01
7.084901332855224609e-01
7.325361967086791992e-01
8.263626694679260254e-01
9.073513746261596680e-01
9.819182753562927246e-01
9.965797662734985352e-01
9.997172951698303223e-01
9.998230934143066406e-01
9.998761415481567383e-01
9.996641874313354492e-01
9.935842752456665039e-01
9.755298495292663574e-01
7.115780115127563477e-01
1.928796619176864624e-01
9.330430068075656891e-03
1.433433033525943756e-03
6.261120638826998689e-17
1.279579131243232497e-18
0.000000000000000000e+00
7.365828752517700195e-02
6.024780869483947754e-01
9.494879841804504395e-01
8.761234879493713379e-01
7.921619415283203125e-01
6.962997317314147949e-01
6.808276772499084473e-01
7.143465280532836914e-01
7.935913801193237305e-01
8.856782317161560059e-01
9.364394545555114746e-01
9.778996109962463379e-01
9.594976902008056641e-01
8.717926144599914551e-01
5.915710926055908203e-01
3.919142484664916992e-01
2.999489009380340576e-01
3.851443827152252197e-01
5.957288742065429688e-01
7.834493517875671387e-01
9.626182913780212402e-01
9.860480427742004395e-01
9.896337389945983887e-01
9.540508985519409180e-01
8.417003154754638672e-01
4.555788636207580566e-01
2.846814393997192383e-01
4.724981784820556641e-01
6.862167716026306152e-01
9.234129786491394043e-01
9.782511591911315918e-01
9.526193737983703613e-01
8.795975446701049805e-01
7.994873523712158203e-01
8.413950800895690918e-01
8.843312263488769531e-01
9.331660270690917969e-01
9.708531498908996582e-01
9.849388003349304199e-01
9.939317703247070312e-01
9.972859025001525879e-01
9.988660812377929688e-01
9.994089007377624512e-01
9.986844062805175781e-01
9.976196289062500000e-01
9.910547733306884766e-01
9.854688644409179688e-01
9.915910959243774414e-01
9.966627955436706543e-01
9.987455606460571289e-01
9.999697208404541016e-01
9.999764561653137207e-01
9.989793300628662109e-01
9.972200989723205566e-01
9.764591455459594727e-01
9.484006166458129883e-01
8.726421594619750977e-01
7.957761287689208984e-01
9.042291045188903809e-01
9.936755299568176270e-01
9.974070191383361816e-01
9.998919963836669922e-01
9.999075531959533691e-01
9.998371601104736328e-01
9.996775388717651367e-01
9.930402040481567383e-01
9.828235507011413574e-01
6.731562018394470215e-01
2.896032631397247314e-01
3.025401234626770020e-01
3.596306145191192627e-01
6.261035799980163574e-01
8.483256697654724121e-01
9.422633647918701172e-01
9.966840744018554688e-01
9.934859871864318848e-01
9.876831173896789551e-01
9.798361659049987793e-01
9.758322238922119141e-01
9.733639955520629883e-01
9.446770548820495605e-01
9.121963381767272949e-01
9.041208028793334961e-01
9.042755961418151855e-01
9.452213048934936523e-01
9.770547151565551758e-01
9.896352887153625488e-01
9.769958257675170898e-01
9.359132647514343262e-01
7.665410041809082031e-01
5.185428261756896973e-01
3.643172383308410645e-01
2.387724518775939941e-01
3.854388296604156494e-01
5.570789575576782227e-01
7.324463129043579102e-01
8.627442121505737305e-01
8.280394673347473145e-01
8.073747754096984863e-01
8.108972311019897461e-01
8.513953089714050293e-01
9.268732666969299316e-01
9.609239101409912109e-01
9.741041660308837891e-01
9.800117015838623047e-01
9.842188954353332520e-01
9.902460575103759766e-01
9.959355592727661133e-01
9.981931447982788086e-01
9.998744726181030273e-01
9.998552799224853516e-01
9.996579885482788086e-01
9.991955161094665527e-01
9.987069964408874512e-01
9.981949329376220703e-01
9.981597661972045898e-01
9.983317852020263672e-01
9.720926880836486816e-01
9.410640597343444824e-01
4.915968477725982666e-01
9.776028245687484741e-02
7.053610682487487793e-02
8.811371028423309326e-02
2.185505628585815430e-01
3.486434519290924072e-01
4.775354564189910889e-01
4.486084580421447754e-01
3.015887141227722168e-01
1.601268053054809570e-01
2.035922743380069733e-02
9.912711102515459061e-04
2.268280368298292160e-03
2.034611552953720093e-01
4.147237837314605713e-01
6.850780248641967773e-01
8.546001315116882324e-01
7.878278493881225586e-01
8.072454929351806641e-01
9.343594312667846680e-01
9.878064393997192383e-01
9.890549182891845703e-01
9.740211963653564453e-01
9.529276490211486816e-01
9.170967936515808105e-01
8.783299326896667480e-01
7.973285913467407227e-01
7.190766334533691406e-01
6.564472913742065430e-01
6.569911837577819824e-01
8.035824894905090332e-01
9.120232462882995605e-01
9.734388589859008789e-01
9.988216161727905273e-01
9.990226626396179199e-01
9.993990659713745117e-01
9.998387098312377930e-01
9.609414935111999512e-01
9.163048267364501953e-01
8.736103773117065430e-01
8.373147845268249512e-01
8.364825844764709473e-01
8.477462530136108398e-01
8.878992199897766113e-01
9.291612505912780762e-01
9.720867276191711426e-01
9.927132725715637207e-01
9.970771670341491699e-01
9.988709092140197754e-01
9.996541738510131836e-01
9.997670054435729980e-01
9.997689723968505859e-01
8.775752186775207520e-01
7.145039439201354980e-01
3.040072917938232422e-01
2.492475323379039764e-02
8.843740820884704590e-02
2.931987643241882324e-01
6.955667734146118164e-01
8.028472065925598145e-01
6.747887134552001953e-01
4.130146503448486328e-01
9.137736260890960693e-02
2.493662238121032715e-01
5.030936598777770996e-01
4.037075638771057129e-01
2.879800796508789062e-01
1.235357373952865601e-01
9.921909622789826244e-06
3.820769507001386955e-06
1.516952514648437500e-01
5.429832339286804199e-01
8.048198223114013672e-01
9.476941823959350586e-01
9.901061058044433594e-01
9.809588193893432617e-01
7.007346153259277344e-01
3.502176105976104736e-01
1.630184203386306763e-01
1.163527667813468724e-05
5.150222477823263034e-06
1.278799842111766338e-03
7.566121406853199005e-03
9.633239358663558960e-02
3.435818850994110107e-01
5.551376938819885254e-01
7.264812588691711426e-01
8.334928154945373535e-01
8.995628952980041504e-01
9.445068836212158203e-01
9.825370907783508301e-01
9.922880530357360840e-01
9.982326030731201172e-01
9.983676075935363770e-01
9.984595775604248047e-01
9.983117580413818359e-01
9.965466856956481934e-01
9.907144308090209961e-01
9.546256065368652344e-01
8.770485520362854004e-01
7.266008853912353516e-01
5.182033181190490723e-01
4.567641317844390869e-01
4.622518122196197510e-01
3.628424704074859619e-01
2.406480908393859863e-01
1.149640604853630066e-01
3.696678686537779868e-05
1.616838926565833390e-05
7.506648636024237931e-10
4.160069178027470116e-09
2.591996081173419952e-02
9.970384836196899414e-02
3.407203555107116699e-01
7.583954334259033203e-01
9.254656434059143066e-01
9.356374144554138184e-01
9.547915458679199219e-01
9.769778251647949219e-01
9.752970933914184570e-01
9.698128700256347656e-01
9.178519248962402344e-01
8.754561543464660645e-01
8.911941647529602051e-01
8.638769388198852539e-01
7.221841216087341309e-01
5.021184086799621582e-01
1.647347211837768555e-01
1.798418015241622925e-01
5.021175146102905273e-01
7.490192651748657227e-01
9.566540718078613281e-01
6.739368438720703125e-01
2.621102929115295410e-01
5.886992216110229492e-01
9.583699107170104980e-01
9.764425158500671387e-01
9.915404915809631348e-01
9.930009841918945312e-01
9.948698878288269043e-01
9.976581335067749023e-01
9.993804097175598145e-01
9.997575879096984863e-01
9.999194741249084473e-01
9.999179840087890625e-01
9.990633130073547363e-01
9.978373050689697266e-01
8.300685286521911621e-01
6.261429786682128906e-01
3.038583993911743164e-01
3.218844905495643616e-02
4.481520950794219971e-01
8.041091561317443848e-01
9.216037392616271973e-01
9.498026371002197266e-01
7.978403568267822266e-01
6.097999215126037598e-01
3.780627250671386719e-01
4.812945127487182617e-01
8.204447627067565918e-01
6.662498116493225098e-01
3.125932514667510986e-01
1.431674957275390625e-01
1.001799199730157852e-02
1.479764748364686966e-02
3.665146976709365845e-02
1.805661022663116455e-01
3.341253697872161865e-01
5.221641659736633301e-01
7.049133777618408203e-01
8.786116242408752441e-01
9.785072207450866699e-01
9.931872487068176270e-01
9.994709491729736328e-01
9.998818039894104004e-01
9.999238848686218262e-01
9.998174309730529785e-01
9.980196952819824219e-01
9.958940744400024414e-01
9.660192728042602539e-01
9.365417957305908203e-01
9.239988923072814941e-01
9.200504422187805176e-01
9.491667151451110840e-01
9.720406532287597656e-01
9.824085235595703125e-01
9.869918227195739746e-01
9.846022725105285645e-01
9.566361308097839355e-01
9.099694490432739258e-01
7.877415418624877930e-01
6.333164572715759277e-01
6.023705601692199707e-01
5.984798669815063477e-01
7.608205676078796387e-01
9.242781996726989746e-01
9.622906446456909180e-01
9.937660098075866699e-01
9.962984323501586914e-01
9.979230165481567383e-01
9.975117444992065430e-01
9.971776604652404785e-01
9.969450235366821289e-01
9.967992305755615234e-01
9.967250823974609375e-01
9.966927170753479004e-01
9.966812133789062500e-01
9.958853721618652344e-01
9.948792457580566406e-01
9.786272644996643066e-01
9.598407149314880371e-01
9.098898172378540039e-01
8.704633116722106934e-01
8.910948038101196289e-01
8.391855359077453613e-01
5.895953774452209473e-01
3.472361564636230469e-01
1.148043051362037659e-01
4.391473407139301344e-09
1.202685839807315915e-09
6.346480744927096514e-42
1.649748682049607138e-41
3.686640565308402229e-13
8.658879819753440010e-13
2.386981397867202759e-01
5.165349841117858887e-01
7.701161503791809082e-01
9.992597699165344238e-01
9.996550679206848145e-01
9.998673796653747559e-01
9.994147419929504395e-01
9.961839914321899414e-01
9.873310327529907227e-01
9.834844470024108887e-01
9.857840538024902344e-01
9.898957610130310059e-01
9.953901171684265137e-01
9.977151751518249512e-01
9.985386133193969727e-01
9.937724471092224121e-01
9.875660538673400879e-01
8.322408199310302734e-01
6.641966104507446289e-01
5.656086206436157227e-01
4.835603237152099609e-01
4.985999166965484619e-01
4.903889894485473633e-01
4.157418906688690186e-01
3.780346214771270752e-01
4.015051722526550293e-01
3.983767330646514893e-01
3.675249218940734863e-01
5.231528282165527344e-01
8.017293214797973633e-01
9.247480630874633789e-01
9.870142340660095215e-01
9.982725381851196289e-01
9.992106556892395020e-01
9.994140267372131348e-01
9.995751380920410156e-01
9.997528195381164551e-01
9.998829364776611328e-01
9.997854828834533691e-01
9.977668523788452148e-01
9.909943342208862305e-01
9.795163869857788086e-01
9.610604643821716309e-01
9.103952646255493164e-01
8.290638923645019531e-01
8.524969816207885742e-01
9.390439987182617188e-01
9.755829572677612305e-01
9.942697882652282715e-01
9.978534579277038574e-01
9.987111687660217285e-01
9.986643791198730469e-01
9.986072778701782227e-01
9.989413022994995117e-01
9.988849759101867676e-01
9.970842599868774414e-01
9.923737049102783203e-01
9.806957840919494629e-01
9.739994406700134277e-01
9.746824502944946289e-01
9.805110096931457520e-01
9.911944270133972168e-01
9.967381358146667480e-01
9.992182254791259766e-01
9.998990297317504883e-01
9.999291300773620605e-01
9.999603629112243652e-01
9.999916553497314453e-01
9.999890923500061035e-01
9.999850392341613770e-01
9.999830722808837891e-01
9.999817609786987305e-01
9.999836683273315430e-01
9.999829530715942383e-01
9.999756813049316406e-01
9.999647736549377441e-01
9.999480843544006348e-01
9.999446272850036621e-01
9.999544024467468262e-01
9.999688267707824707e-01
9.999861717224121094e-01
9.999847412109375000e-01
9.999758005142211914e-01
9.999077916145324707e-01
9.998267889022827148e-01
9.997534751892089844e-01
9.996858835220336914e-01
9.997696876525878906e-01
9.998509883880615234e-01
9.999159574508666992e-01
9.999662637710571289e-01
9.999722838401794434e-01
9.998887181282043457e-01
9.996404051780700684e-01
9.981620907783508301e-01
9.952506422996520996e-01
9.921402335166931152e-01
9.888905882835388184e-01
9.894371628761291504e-01
9.918565750122070312e-01
9.937170147895812988e-01
9.954219460487365723e-01
9.812743067741394043e-01
9.649330377578735352e-01
8.961252570152282715e-01
8.059229254722595215e-01
5.025476217269897461e-01
2.354129105806350708e-01
1.161453202366828918e-01
7.422795146703720093e-02
2.130386382341384888e-01
4.232861995697021484e-01
7.379211783409118652e-01
9.191953539848327637e-01
9.702717065811157227e-01
9.927048087120056152e-01
9.969835281372070312e-01
9.984238743782043457e-01
9.987261295318603516e-01
9.964823722839355469e-01
9.936690330505371094e-01
9.507119059562683105e-01
8.991305232048034668e-01
5.819638371467590332e-01
2.842076420783996582e-01
1.251237392425537109e-01
1.329573569819331169e-03
5.361554212868213654e-04
2.460291034367401153e-05
9.818403486860916018e-05
8.196267485618591309e-02
2.729707062244415283e-01
5.113434195518493652e-01
7.927412986755371094e-01
9.030309915542602539e-01
9.133260250091552734e-01
8.916594982147216797e-01
8.582937121391296387e-01
9.144207835197448730e-01
9.888360500335693359e-01
9.936999082565307617e-01
9.925272464752197266e-01
9.612408876419067383e-01
9.221951365470886230e-01
8.325136899948120117e-01
7.916830778121948242e-01
9.122044444084167480e-01
9.938017725944519043e-01
9.976071119308471680e-01
9.996473789215087891e-01
9.993773102760314941e-01
9.988144040107727051e-01
9.979947209358215332e-01
9.980493783950805664e-01
9.986245632171630859e-01
9.976918697357177734e-01
9.961878061294555664e-01
9.580909609794616699e-01
9.120495319366455078e-01
8.706197142601013184e-01
8.319959044456481934e-01
9.161017537117004395e-01
9.906224608421325684e-01
9.936167597770690918e-01
9.906265735626220703e-01
9.658788442611694336e-01
7.999508380889892578e-01
3.246009647846221924e-01
3.347142040729522705e-02
1.107744220644235611e-02
1.515968590974807739e-01
4.530424475669860840e-01
7.073260545730590820e-01
9.310795068740844727e-01
9.988596439361572266e-01
9.980917572975158691e-01
9.968642592430114746e-01
9.955178499221801758e-01
9.684945344924926758e-01
9.381034970283508301e-01
6.855865716934204102e-01
4.418183267116546631e-01
3.646962344646453857e-01
3.386619985103607178e-01
5.620997548103332520e-01
7.617166638374328613e-01
8.973140716552734375e-01
9.865182638168334961e-01
9.932885766029357910e-01
9.974228143692016602e-01
9.983662366867065430e-01
9.991142153739929199e-01
9.996958374977111816e-01
9.999381303787231445e-01
9.999869465827941895e-01
9.999943971633911133e-01
9.999866485595703125e-01
9.997090101242065430e-01
9.993731975555419922e-01
9.897611141204833984e-01
9.792147278785705566e-01
9.563526511192321777e-01
9.372837543487548828e-01
9.506989717483520508e-01
9.649347066879272461e-01
9.824789762496948242e-01
9.953675270080566406e-01
9.965859055519104004e-01
9.968274831771850586e-01
9.954537153244018555e-01
9.925183057785034180e-01
9.878004193305969238e-01
9.811540246009826660e-01
