9.946638345718383789e-01
9.739910960197448730e-01
9.271351099014282227e-01
8.368903994560241699e-01
6.842540502548217773e-01
4.478465020656585693e-01
2.277840822935104370e-01
1.207569390535354614e-01
1.539442390203475952e-01
4.986555278301239014e-01
7.847651839256286621e-01
9.949570298194885254e-01
9.977787733078002930e-01
9.555204510688781738e-01
8.521739244461059570e-01
2.616871595382690430e-01
2.614296681713312864e-05
1.432431701973115320e-33
2.045321819927584687e-32
4.017036855220794678e-01
9.233691096305847168e-01
2.489497065544128418e-01
3.170535478602687363e-08
6.226409599184989929e-02
4.806272387504577637e-01
7.880403399467468262e-01
9.945220351219177246e-01
9.983515739440917969e-01
9.995372891426086426e-01
9.996145367622375488e-01
9.997993111610412598e-01
9.998859167098999023e-01
9.996739029884338379e-01
9.986737370491027832e-01
9.990462660789489746e-01
9.996834397315979004e-01
9.999471902847290039e-01
1.000000000000000000e+00
9.937894940376281738e-01
9.741509556770324707e-01
9.629184603691101074e-01
9.625502824783325195e-01
9.794564247131347656e-01
9.904602766036987305e-01
9.970402717590332031e-01
9.979233741760253906e-01
9.988055229187011719e-01
9.994964599609375000e-01
9.999107718467712402e-01
9.999608993530273438e-01
9.999070763587951660e-01
9.997580647468566895e-01
9.998255968093872070e-01
9.999091029167175293e-01
9.999982714653015137e-01
1.000000000000000000e+00
1.000000000000000000e+00
9.999997019767761230e-01
9.999616146087646484e-01
9.998651742935180664e-01
9.997160434722900391e-01
9.995861053466796875e-01
9.993888139724731445e-01
9.991105794906616211e-01
9.984617233276367188e-01
9.982141852378845215e-01
9.983552694320678711e-01
9.994610548019409180e-01
9.999355077743530273e-01
9.999828934669494629e-01
9.999814033508300781e-01
9.999709725379943848e-01
9.999550580978393555e-01
9.999380707740783691e-01
9.999618530273437500e-01
1.000000000000000000e+00
1.000000000000000000e+00
1.000000000000000000e+00
1.000000000000000000e+00
1.000000000000000000e+00
9.999903440475463867e-01
9.999697208404541016e-01
9.999232888221740723e-01
9.999248981475830078e-01
9.994056820869445801e-01
9.970663785934448242e-01
9.354606866836547852e-01
8.113328814506530762e-01
5.615932941436767578e-01
4.447639286518096924e-01
4.450134932994842529e-01
6.481090188026428223e-01
8.433715701103210449e-01
9.839096069335937500e-01
9.951700568199157715e-01
9.988091588020324707e-01
1.000000000000000000e+00
1.000000000000000000e+00
1.000000000000000000e+00
1.000000000000000000e+00
1.000000000000000000e+00
9.954604506492614746e-01
9.905247092247009277e-01
9.865496158599853516e-01
9.908758401870727539e-01
9.956704974174499512e-01
9.987658858299255371e-01
9.992278814315795898e-01
9.993325471878051758e-01
9.995045065879821777e-01
9.997294545173645020e-01
9.998828768730163574e-01
9.999140501022338867e-01
9.998990297317504883e-01
9.998275041580200195e-01
9.996810555458068848e-01
9.996868371963500977e-01
9.997834563255310059e-01
9.999856352806091309e-01
1.000000000000000000e+00
9.986408352851867676e-01
9.955176115036010742e-01
9.938589334487915039e-01
9.918019175529479980e-01
9.891429543495178223e-01
9.610378742218017578e-01
9.240377545356750488e-01
8.780129551887512207e-01
8.499345183372497559e-01
8.307572603225708008e-01
8.208008408546447754e-01
8.911318778991699219e-01
9.494990706443786621e-01
9.928942322731018066e-01
9.976573586463928223e-01
9.998881816864013672e-01
9.999886751174926758e-01
9.999907016754150391e-01
9.999937415122985840e-01
9.999980926513671875e-01
9.999831914901733398e-01
9.998294711112976074e-01
9.995336532592773438e-01
9.985921978950500488e-01
9.980008602142333984e-01
9.976948499679565430e-01
9.955374598503112793e-01
9.909988045692443848e-01
9.846191406250000000e-01
9.889616370201110840e-01
9.940304160118103027e-01
9.995616078376770020e-01
9.998316764831542969e-01
9.999613761901855469e-01
9.999662637710571289e-01
9.999013543128967285e-01
9.990901350975036621e-01
9.977160096168518066e-01
9.980105161666870117e-01
9.986490011215209961e-01
9.995439648628234863e-01
9.998130202293395996e-01
9.999359250068664551e-01
9.999383091926574707e-01
9.999348521232604980e-01
9.999527335166931152e-01
9.999865889549255371e-01
9.999951720237731934e-01
9.999973773956298828e-01
9.999947547912597656e-01
9.999970197677612305e-01
9.999688267707824707e-01
9.979544281959533691e-01
9.622728228569030762e-01
8.619856834411621094e-01
7.186868786811828613e-01
7.135276794433593750e-01
8.180093765258789062e-01
9.990972876548767090e-01
9.997003674507141113e-01
9.998520016670227051e-01
9.996246099472045898e-01
9.990804791450500488e-01
9.992672204971313477e-01
1.000000000000000000e+00
1.000000000000000000e+00
9.982108473777770996e-01
9.948585629463195801e-01
9.893893599510192871e-01
9.889957904815673828e-01
9.927706718444824219e-01
9.974314570426940918e-01
9.996788501739501953e-01
9.999064207077026367e-01
9.996272325515747070e-01
9.953276515007019043e-01
9.858393669128417969e-01
9.336287975311279297e-01
9.204048514366149902e-01
9.412844181060791016e-01
9.797161221504211426e-01
9.984720349311828613e-01
9.999999403953552246e-01
9.999979734420776367e-01
9.999809861183166504e-01
9.999029040336608887e-01
9.980143904685974121e-01
9.851616621017456055e-01
9.622232317924499512e-01
9.395675063133239746e-01
9.516764283180236816e-01
9.962477684020996094e-01
9.986156225204467773e-01
9.998370409011840820e-01
9.999245405197143555e-01
9.948341846466064453e-01
8.485049009323120117e-01
5.597095489501953125e-01
1.953120231628417969e-01
3.315053880214691162e-01
9.892547726631164551e-01
3.744871020317077637e-01
1.408351659774780273e-01
3.474881947040557861e-01
7.153028249740600586e-01
9.378885626792907715e-01
9.892508387565612793e-01
9.948971867561340332e-01
9.968966841697692871e-01
9.967765808105468750e-01
9.965173602104187012e-01
9.971396923065185547e-01
9.988780021667480469e-01
9.995590448379516602e-01
9.999299645423889160e-01
9.999856352806091309e-01
9.999530315399169922e-01
9.998629689216613770e-01
9.997020959854125977e-01
9.995430707931518555e-01
9.992737174034118652e-01
9.988390803337097168e-01
9.985583424568176270e-01
9.986214041709899902e-01
9.992027878761291504e-01
9.996691942214965820e-01
9.999374747276306152e-01
9.998961091041564941e-01
9.994243383407592773e-01
9.989389777183532715e-01
9.985535740852355957e-01
9.990514516830444336e-01
9.992909431457519531e-01
9.986922740936279297e-01
9.975228905677795410e-01
9.947218894958496094e-01
9.886668324470520020e-01
9.910246133804321289e-01
9.889056086540222168e-01
9.716252684593200684e-01
9.064657688140869141e-01
8.576822876930236816e-01
8.833886981010437012e-01
9.081487059593200684e-01
9.335643649101257324e-01
9.617584943771362305e-01
9.827112555503845215e-01
9.970985651016235352e-01
9.982498288154602051e-01
9.986988902091979980e-01
9.988367557525634766e-01
9.987943768501281738e-01
9.986940026283264160e-01
9.985605478286743164e-01
9.983910322189331055e-01
9.984484910964965820e-01
9.986527562141418457e-01
9.990607500076293945e-01
9.993984103202819824e-01
9.995939731597900391e-01
9.991927146911621094e-01
9.984173178672790527e-01
9.976261258125305176e-01
9.982132315635681152e-01
9.989764094352722168e-01
9.997758269309997559e-01
9.999076724052429199e-01
9.996662139892578125e-01
9.990848302841186523e-01
9.975662231445312500e-01
9.959135651588439941e-01
9.942252039909362793e-01
9.938296079635620117e-01
9.951453804969787598e-01
9.979051351547241211e-01
9.991623163223266602e-01
9.983972311019897461e-01
9.956731200218200684e-01
8.542209863662719727e-01
5.653437376022338867e-01
1.177924349904060364e-01
7.798831909894943237e-02
1.156364530324935913e-01
2.300480008125305176e-01
4.444276988506317139e-01
6.549875140190124512e-01
8.513831496238708496e-01
9.475371241569519043e-01
9.998844265937805176e-01
9.999721646308898926e-01
9.999607205390930176e-01
9.998298287391662598e-01
9.995114207267761230e-01
9.984957575798034668e-01
9.976438879966735840e-01
9.973878264427185059e-01
9.981327056884765625e-01
9.980187416076660156e-01
9.953119158744812012e-01
9.712770581245422363e-01
9.305652379989624023e-01
8.599475026130676270e-01
8.505047559738159180e-01
8.802237510681152344e-01
9.713865518569946289e-01
9.987522959709167480e-01
9.999985098838806152e-01
9.999988675117492676e-01
9.999957084655761719e-01
9.999913573265075684e-01
9.999895095825195312e-01
9.999914765357971191e-01
9.999949932098388672e-01
9.999953508377075195e-01
9.999796152114868164e-01
9.999344348907470703e-01
9.996922016143798828e-01
9.986736774444580078e-01
9.957213401794433594e-01
9.678431153297424316e-01
9.655861854553222656e-01
9.857345819473266602e-01
9.952040314674377441e-01
1.000000000000000000e+00
1.000000000000000000e+00
8.746769428253173828e-01
8.442489504814147949e-01
9.306243062019348145e-01
9.737122058868408203e-01
9.978754520416259766e-01
9.997228980064392090e-01
9.999583959579467773e-01
9.999755024909973145e-01
9.999416470527648926e-01
9.997485876083374023e-01
9.996626377105712891e-01
9.998450279235839844e-01
9.999418854713439941e-01
9.999971389770507812e-01
9.999994635581970215e-01
1.000000000000000000e+00
1.000000000000000000e+00
1.000000000000000000e+00
9.999992847442626953e-01
9.999962449073791504e-01
9.999850988388061523e-01
9.999705553054809570e-01
9.999616146087646484e-01
9.999895691871643066e-01
9.999997615814208984e-01
1.000000000000000000e+00
1.000000000000000000e+00
9.999991059303283691e-01
9.999955892562866211e-01
9.999651908874511719e-01
9.998769760131835938e-01
9.997494220733642578e-01
9.999166727066040039e-01
1.000000000000000000e+00
1.000000000000000000e+00
9.999313354492187500e-01
9.998971819877624512e-01
9.999061822891235352e-01
9.998022317886352539e-01
9.995886087417602539e-01
9.992272257804870605e-01
9.994513988494873047e-01
9.997138381004333496e-01
9.999052286148071289e-01
9.998540282249450684e-01
9.886627793312072754e-01
9.528662562370300293e-01
6.408501863479614258e-01
3.467172384262084961e-01
3.209717571735382080e-01
5.997762084007263184e-01
8.737468123435974121e-01
7.078090906143188477e-01
5.926696062088012695e-01
5.456268191337585449e-01
7.364938259124755859e-01
8.743829727172851562e-01
9.720343351364135742e-01
9.908353090286254883e-01
9.991830587387084961e-01
9.999250769615173340e-01
9.999681115150451660e-01
9.999894499778747559e-01
9.999911785125732422e-01
9.998689889907836914e-01
9.997979402542114258e-01
9.997846484184265137e-01
9.975944161415100098e-01
9.858509898185729980e-01
9.609406590461730957e-01
9.201881289482116699e-01
9.080326557159423828e-01
9.498189091682434082e-01
9.439216256141662598e-01
9.066296815872192383e-01
8.199821114540100098e-01
7.310489416122436523e-01
6.993756890296936035e-01
8.428056836128234863e-01
9.272809028625488281e-01
9.777807593345642090e-01
9.809681177139282227e-01
9.790746569633483887e-01
9.747128486633300781e-01
9.712489843368530273e-01
9.419947266578674316e-01
8.985087275505065918e-01
8.886277675628662109e-01
8.988419175148010254e-01
9.256802201271057129e-01
9.457632899284362793e-01
9.580374360084533691e-01
9.620054960250854492e-01
9.408996105194091797e-01
9.284039139747619629e-01
9.292493462562561035e-01
8.860287070274353027e-01
8.388571739196777344e-01
7.940265536308288574e-01
8.216539025306701660e-01
8.661292791366577148e-01
9.156823158264160156e-01
9.481773972511291504e-01
9.714153409004211426e-01
9.813481569290161133e-01
9.870211482048034668e-01
8.778508901596069336e-01
2.318068742752075195e-01
6.165320798754692078e-02
1.466372013092041016e-01
1.432942897081375122e-01
1.946739554405212402e-01
2.970592975616455078e-01
6.346030831336975098e-01
7.842959761619567871e-01
7.559782862663269043e-01
3.895203769207000732e-01
3.041188716888427734e-01
5.744939446449279785e-01
7.975136637687683105e-01
9.485751390457153320e-01
9.895256757736206055e-01
9.968821406364440918e-01
9.955397248268127441e-01
9.885294437408447266e-01
9.508662223815917969e-01
8.978790044784545898e-01
8.244563341140747070e-01
8.125914931297302246e-01
8.430655598640441895e-01
9.537591934204101562e-01
9.962164759635925293e-01
9.999978542327880859e-01
9.999963641166687012e-01
9.999920129776000977e-01
9.999846220016479492e-01
9.999531507492065430e-01
9.995133280754089355e-01
9.986613988876342773e-01
9.744786024093627930e-01
9.051392078399658203e-01
7.764010429382324219e-01
6.146436929702758789e-01
4.655981063842773438e-01
3.474942743778228760e-01
5.710785984992980957e-01
8.184269070625305176e-01
9.350997805595397949e-01
9.789288640022277832e-01
9.947084188461303711e-01
9.984954595565795898e-01
9.998205900192260742e-01
9.997808933258056641e-01
9.987085461616516113e-01
9.836387038230895996e-01
9.567832946777343750e-01
8.927692174911499023e-01
8.766119480133056641e-01
9.044796824455261230e-01
9.166496992111206055e-01
9.069669842720031738e-01
8.705113530158996582e-01
7.981555461883544922e-01
5.943300724029541016e-01
1.729193925857543945e-01
5.426636710762977600e-02
1.414031833410263062e-01
5.799043774604797363e-01
8.368111848831176758e-01
9.925929307937622070e-01
9.980252981185913086e-01
9.930953383445739746e-01
9.755195379257202148e-01
9.082903861999511719e-01
8.210688829421997070e-01
7.305594682693481445e-01
8.193271160125732422e-01
8.856094479560852051e-01
9.306822419166564941e-01
9.656014442443847656e-01
9.889687299728393555e-01
9.975476264953613281e-01
9.974786639213562012e-01
9.768034815788269043e-01
9.200630784034729004e-01
7.176669836044311523e-01
6.080903410911560059e-01
8.431790471076965332e-01
9.454070925712585449e-01
9.885463118553161621e-01
9.913318753242492676e-01
9.903171658515930176e-01
9.870786666870117188e-01
9.825971722602844238e-01
9.603193998336791992e-01
9.167090058326721191e-01
4.822248816490173340e-01
2.165870517492294312e-01
1.368997246026992798e-01
3.753717243671417236e-01
6.482419967651367188e-01
9.397177696228027344e-01
9.919079542160034180e-01
9.945879578590393066e-01
9.820425510406494141e-01
9.692779779434204102e-01
9.562566876411437988e-01
9.425621628761291504e-01
9.213275909423828125e-01
9.006663560867309570e-01
9.078128933906555176e-01
9.322333335876464844e-01
9.681497216224670410e-01
9.869011640548706055e-01
9.973561167716979980e-01
9.994378685951232910e-01
9.995091557502746582e-01
9.996014833450317383e-01
9.998718500137329102e-01
9.999520778656005859e-01
9.999690055847167969e-01
9.999145269393920898e-01
9.999231696128845215e-01
9.999516010284423828e-01
9.999838471412658691e-01
9.999964237213134766e-01
9.999978542327880859e-01
9.999869465827941895e-01
9.999437332153320312e-01
9.998710155487060547e-01
9.996387362480163574e-01
9.995106458663940430e-01
9.994885921478271484e-01
9.991226792335510254e-01
9.902946949005126953e-01
9.690005183219909668e-01
9.571310877799987793e-01
9.559156894683837891e-01
9.751251339912414551e-01
9.891671538352966309e-01
9.990568757057189941e-01
9.995617866516113281e-01
9.998052120208740234e-01
9.999109506607055664e-01
9.999732375144958496e-01
9.999543428421020508e-01
9.998688697814941406e-01
9.995440840721130371e-01
9.991096258163452148e-01
9.985545277595520020e-01
9.975938796997070312e-01
9.950869679450988770e-01
9.900653958320617676e-01
9.833447933197021484e-01
9.778417348861694336e-01
9.764162898063659668e-01
9.547411203384399414e-01
9.118055105209350586e-01
8.054797649383544922e-01
7.589004039764404297e-01
7.566848993301391602e-01
8.614925742149353027e-01
9.412754774093627930e-01
9.989026188850402832e-01
1.000000000000000000e+00
1.000000000000000000e+00
1.000000000000000000e+00
9.658748507499694824e-01
9.277583360671997070e-01
8.913289904594421387e-01
7.972081899642944336e-01
6.993822455406188965e-01
6.461505293846130371e-01
6.569970846176147461e-01
7.097342014312744141e-01
8.399658799171447754e-01
9.290977716445922852e-01
9.864017963409423828e-01
9.941435456275939941e-01
9.986533522605895996e-01
9.995065331459045410e-01
9.997847676277160645e-01
9.999449253082275391e-01
9.999911785125732422e-01
1.000000000000000000e+00
9.994254708290100098e-01
9.971735477447509766e-01
9.785651564598083496e-01
9.552451968193054199e-01
9.449720382690429688e-01
9.474197030067443848e-01
9.572399258613586426e-01
9.379296898841857910e-01
7.729317545890808105e-01
4.558425843715667725e-01
1.834404319524765015e-01
1.890179887413978577e-02
2.583057433366775513e-02
1.767425388097763062e-01
3.820727169513702393e-01
6.520760059356689453e-01
7.635506391525268555e-01
7.891443371772766113e-01
6.952342987060546875e-01
7.705343961715698242e-01
9.477009773254394531e-01
9.808554053306579590e-01
9.982580542564392090e-01
9.996898174285888672e-01
9.997878074645996094e-01
9.985810518264770508e-01
9.954209923744201660e-01
9.835604429244995117e-01
9.713959097862243652e-01
9.632970690727233887e-01
9.394099116325378418e-01
8.463322520256042480e-01
4.211439192295074463e-01
1.758294254541397095e-01
5.831211432814598083e-02
1.211271584033966064e-01
2.938562035560607910e-01
5.807899236679077148e-01
7.214118838310241699e-01
8.142926692962646484e-01
8.456148505210876465e-01
7.080651521682739258e-01
5.832296013832092285e-01
6.021541357040405273e-01
7.776884436607360840e-01
9.049171209335327148e-01
3.493541777133941650e-01
7.432778179645538330e-02
1.298838355978659820e-06
2.270163167850114405e-05
2.478535498084966093e-05
5.077036348666297272e-06
1.812286525964736938e-01
2.708781957626342773e-01
1.596980243921279907e-01
2.642684876918792725e-01
4.667037427425384521e-01
8.059670329093933105e-01
8.550555109977722168e-01
7.573179006576538086e-01
6.162925362586975098e-01
7.033248543739318848e-01
9.746717214584350586e-01
9.261527657508850098e-01
8.803273439407348633e-01
8.409566283226013184e-01
8.443832993507385254e-01
8.384114503860473633e-01
7.981308698654174805e-01
8.126292228698730469e-01
8.541517257690429688e-01
9.339376688003540039e-01
9.775558710098266602e-01
9.983010292053222656e-01
9.987161159515380859e-01
9.992112517356872559e-01
9.997848272323608398e-01
9.998712539672851562e-01
9.995908141136169434e-01
9.987646341323852539e-01
9.978252649307250977e-01
9.971810579299926758e-01
9.974578022956848145e-01
9.971690773963928223e-01
9.966725111007690430e-01
9.964406490325927734e-01
9.972766041755676270e-01
9.989140629768371582e-01
9.980773925781250000e-01
9.905944466590881348e-01
9.747103452682495117e-01
8.743263483047485352e-01
7.235088348388671875e-01
4.879639446735382080e-01
5.078638792037963867e-01
6.143854856491088867e-01
7.309715151786804199e-01
8.269489407539367676e-01
9.075952172279357910e-01
9.407160282135009766e-01
9.578864574432373047e-01
9.587063789367675781e-01
9.781887531280517578e-01
9.934198260307312012e-01
9.986436367034912109e-01
9.996020793914794922e-01
9.988802671432495117e-01
9.961692094802856445e-01
8.313802480697631836e-01
5.713129043579101562e-01
1.804836094379425049e-01
5.092719937905359392e-19
1.428772593074078998e-20
8.907770996177483572e-25
9.035947150550782681e-04
3.133400343358516693e-03
2.089999169111251831e-01
3.998177647590637207e-01
4.443940222263336182e-01
3.786228299140930176e-01
3.118232488632202148e-01
5.268182754516601562e-01
7.331014871597290039e-01
9.321091771125793457e-01
9.358713030815124512e-01
9.472106695175170898e-01
9.682792425155639648e-01
9.866371154785156250e-01
9.993312954902648926e-01
9.998022317886352539e-01
9.764944911003112793e-01
9.418478012084960938e-01
8.935485482215881348e-01
7.235726714134216309e-01
4.766686558723449707e-01
4.189106523990631104e-01
5.058912038803100586e-01
7.638542652130126953e-01
8.290838599205017090e-01
8.133272528648376465e-01
6.774468421936035156e-01
7.331405282020568848e-01
8.425745964050292969e-01
9.106516242027282715e-01
9.572350382804870605e-01
9.891662001609802246e-01
9.958055019378662109e-01
9.994037151336669922e-01
9.995822310447692871e-01
9.964806437492370605e-01
9.900869727134704590e-01
9.777482151985168457e-01
9.813156723976135254e-01
9.888482689857482910e-01
9.917559623718261719e-01
9.942706823348999023e-01
9.965377449989318848e-01
9.986844658851623535e-01
9.998670816421508789e-01
9.999831318855285645e-01
9.999975562095642090e-01
9.999998211860656738e-01
9.999993443489074707e-01
9.999978542327880859e-01
9.999948143959045410e-01
9.999861121177673340e-01
9.999856352806091309e-01
9.999903440475463867e-01
9.999951720237731934e-01
9.999982118606567383e-01
9.999994039535522461e-01
9.999997615814208984e-01
9.999999403953552246e-01
1.000000000000000000e+00
9.999986290931701660e-01
9.997631311416625977e-01
9.984403252601623535e-01
9.984164237976074219e-01
9.992392659187316895e-01
9.997318387031555176e-01
9.542635679244995117e-01
8.538873791694641113e-01
6.508981585502624512e-01
5.291498899459838867e-01
6.212624311447143555e-01
7.864841818809509277e-01
9.517121911048889160e-01
9.769828319549560547e-01
9.903578758239746094e-01
9.951938390731811523e-01
9.980114102363586426e-01
9.997168183326721191e-01
9.999604225158691406e-01
9.999976158142089844e-01
9.999995231628417969e-01
9.999997019767761230e-01
9.999982714653015137e-01
9.999871253967285156e-01
9.999153017997741699e-01
9.996402859687805176e-01
9.992018938064575195e-01
9.994849562644958496e-01
9.997354745864868164e-01
9.999132156372070312e-01
9.997367858886718750e-01
9.992032647132873535e-01
9.978082776069641113e-01
9.958009719848632812e-01
9.899837970733642578e-01
9.495870471000671387e-01
8.520648479461669922e-01
7.005909681320190430e-01
8.207584619522094727e-01
8.903880119323730469e-01
8.370634913444519043e-01
8.847542405128479004e-01
9.407658576965332031e-01
9.192786812782287598e-01
8.481377363204956055e-01
7.505477070808410645e-01
7.224962711334228516e-01
7.674051523208618164e-01
8.959645628929138184e-01
9.554657340049743652e-01
9.921850562095642090e-01
9.977759122848510742e-01
9.996137022972106934e-01
9.999881982803344727e-01
9.999954700469970703e-01
9.999988079071044922e-01
9.999991059303283691e-01
9.999927282333374023e-01
9.993779659271240234e-01
9.978843331336975098e-01
7.868066430091857910e-01
5.186836123466491699e-01
2.082062810659408569e-01
1.077790334820747375e-01
1.522406935691833496e-01
6.156875491142272949e-01
8.853399157524108887e-01
9.662320613861083984e-01
9.848152399063110352e-01
9.949362277984619141e-01
9.984836578369140625e-01
9.996478557586669922e-01
1.000000000000000000e+00
1.000000000000000000e+00
9.999855160713195801e-01
9.999610185623168945e-01
9.999142289161682129e-01
9.998546242713928223e-01
9.997783899307250977e-01
9.994190335273742676e-01
9.987810850143432617e-01
9.975189566612243652e-01
9.948583245277404785e-01
9.917868971824645996e-01
9.907251000404357910e-01
9.929754137992858887e-01
9.982718229293823242e-01
9.993995428085327148e-01
9.999566674232482910e-01
9.999797940254211426e-01
9.999868869781494141e-01
9.999900460243225098e-01
9.999971389770507812e-01
1.000000000000000000e+00
1.000000000000000000e+00
1.000000000000000000e+00
1.000000000000000000e+00
1.000000000000000000e+00
9.999890327453613281e-01
9.999800324440002441e-01
9.999822974205017090e-01
9.999768733978271484e-01
9.999577999114990234e-01
9.998377561569213867e-01
9.997270703315734863e-01
9.996258616447448730e-01
9.997568726539611816e-01
9.998646378517150879e-01
9.998833537101745605e-01
9.998087882995605469e-01
9.997389316558837891e-01
9.998633265495300293e-01
9.999451637268066406e-01
9.999951720237731934e-01
9.999984502792358398e-01
1.000000000000000000e+00
1.000000000000000000e+00
9.999996423721313477e-01
9.999903440475463867e-01
9.999499917030334473e-01
9.990427494049072266e-01
9.966277480125427246e-01
9.742887020111083984e-01
9.722132086753845215e-01
9.939420819282531738e-01
9.984951615333557129e-01
9.999650120735168457e-01
9.999542236328125000e-01
9.993112683296203613e-01
9.973142743110656738e-01
9.865510463714599609e-01
9.808285832405090332e-01
9.797396063804626465e-01
9.909123182296752930e-01
9.991183876991271973e-01
9.998247623443603516e-01
9.999341368675231934e-01
9.998598098754882812e-01
9.998538494110107422e-01
9.996357560157775879e-01
9.992596507072448730e-01
9.968383312225341797e-01
9.618892073631286621e-01
8.766863346099853516e-01
4.266404807567596436e-01
3.637529909610748291e-03
7.487228605896234512e-03
2.263402640819549561e-01
5.628140568733215332e-01
4.918013215065002441e-01
3.444584012031555176e-01
9.974557161331176758e-02
3.180183097720146179e-02
1.813262514770030975e-02
7.007310539484024048e-02
2.176081091165542603e-01
4.067724347114562988e-01
5.128092169761657715e-01
5.739895701408386230e-01
5.868036746978759766e-01
7.000071406364440918e-01
8.028153181076049805e-01
8.520347476005554199e-01
7.105787992477416992e-01
5.407007932662963867e-01
7.836381793022155762e-01
9.315043091773986816e-01
9.908863306045532227e-01
9.968670010566711426e-01
9.979971051216125488e-01
9.981789588928222656e-01
9.988754987716674805e-01
9.996593594551086426e-01
9.998747110366821289e-01
9.999802112579345703e-01
9.999958872795104980e-01
9.999973177909851074e-01
9.999978542327880859e-01
9.999979734420776367e-01
9.999985098838806152e-01
9.999990463256835938e-01
9.999993443489074707e-01
9.999988675117492676e-01
9.999979138374328613e-01
9.999693036079406738e-01
9.996824264526367188e-01
9.989868402481079102e-01
9.946680068969726562e-01
9.863878488540649414e-01
9.657189249992370605e-01
9.327786564826965332e-01
8.914016485214233398e-01
7.961564064025878906e-01
7.937244176864624023e-01
9.261580109596252441e-01
9.758535027503967285e-01
9.997187852859497070e-01
9.990573525428771973e-01
8.521611690521240234e-01
6.145268678665161133e-01
3.806287646293640137e-01
4.283547699451446533e-01
8.578309416770935059e-01
9.589656591415405273e-01
9.850307106971740723e-01
9.891425371170043945e-01
9.600288867950439453e-01
9.039719104766845703e-01
6.373149156570434570e-01
4.407368600368499756e-01
3.348756134510040283e-01
4.816677868366241455e-01
6.847523450851440430e-01
9.124092459678649902e-01
9.964829087257385254e-01
9.999095201492309570e-01
9.997205734252929688e-01
9.893665909767150879e-01
9.662845134735107422e-01
5.345860719680786133e-01
1.300115734338760376e-01
3.399664163589477539e-02
9.412738290848210454e-05
5.389295765212409606e-08
1.918070857698239706e-08
7.989415351516981900e-09
2.586962999373554339e-08
1.461902260780334473e-01
3.863596320152282715e-01
8.347883224487304688e-01
9.961824417114257812e-01
9.996571540832519531e-01
9.979324936866760254e-01
9.123505949974060059e-01
7.210960984230041504e-01
3.271454572677612305e-01
1.709787466097623110e-05
4.529639227257575840e-06
8.459231466986238956e-04
4.278543870896100998e-03
6.114005297422409058e-02
9.919651597738265991e-02
1.128388121724128723e-01
3.969199061393737793e-01
6.959360837936401367e-01
8.611376285552978516e-01
9.529331326484680176e-01
1.000000000000000000e+00
1.000000000000000000e+00
9.915852546691894531e-01
9.717053771018981934e-01
9.606424570083618164e-01
9.566705226898193359e-01
9.713352322578430176e-01
9.841602444648742676e-01
9.957121610641479492e-01
9.979147315025329590e-01
9.968520402908325195e-01
9.909825325012207031e-01
7.658646702766418457e-01
4.749741852283477783e-01
1.376000940799713135e-01
3.521908986670041486e-09
4.308406409414544669e-11
5.387886751334614033e-12
9.938678704202175140e-03
3.579992428421974182e-02
5.068455934524536133e-01
1.000000000000000000e+00
1.000000000000000000e+00
9.469676017761230469e-01
8.537051081657409668e-01
7.286646366119384766e-01
7.212480306625366211e-01
9.289160966873168945e-01
9.891148209571838379e-01
9.989471435546875000e-01
9.992791414260864258e-01
9.993506669998168945e-01
9.991990923881530762e-01
9.990510940551757812e-01
9.988065361976623535e-01
9.983631968498229980e-01
9.979081749916076660e-01
9.975656867027282715e-01
9.981411099433898926e-01
9.989206194877624512e-01
9.998996257781982422e-01
1.000000000000000000e+00
9.998152852058410645e-01
9.991797208786010742e-01
9.961968660354614258e-01
9.921128749847412109e-01
9.879085421562194824e-01
9.889562726020812988e-01
9.959923028945922852e-01
9.984892606735229492e-01
9.998225569725036621e-01
9.998982548713684082e-01
9.998091459274291992e-01
9.996053576469421387e-01
9.987197518348693848e-01
9.978145956993103027e-01
9.968828558921813965e-01
9.969244003295898438e-01
9.967737793922424316e-01
9.949957132339477539e-01
9.841569662094116211e-01
9.671162962913513184e-01
9.353784322738647461e-01
9.113786816596984863e-01
9.006302356719970703e-01
8.236986994743347168e-01
7.308651804924011230e-01
6.625407338142395020e-01
6.906957030296325684e-01
8.000921010971069336e-01
8.974770903587341309e-01
9.180863499641418457e-01
7.761970758438110352e-01
6.394094228744506836e-01
5.331822037696838379e-01
6.966160535812377930e-01
8.237735033035278320e-01
9.123033881187438965e-01
6.799011826515197754e-01
4.850865304470062256e-01
5.294596552848815918e-01
6.330666542053222656e-01
7.612174153327941895e-01
6.826809048652648926e-01
6.185627579689025879e-01
5.741506218910217285e-01
5.316880941390991211e-01
4.678933918476104736e-01
3.153043687343597412e-01
3.736362159252166748e-01
5.828168392181396484e-01
8.306630849838256836e-01
9.930469989776611328e-01
9.985239505767822266e-01
9.999508857727050781e-01
9.999779462814331055e-01
9.999856352806091309e-01
9.999803304672241211e-01
9.999628067016601562e-01
9.992718696594238281e-01
9.981771111488342285e-01
9.962583184242248535e-01
9.957690834999084473e-01
9.960936903953552246e-01
9.982893466949462891e-01
9.993091225624084473e-01
9.988405704498291016e-01
9.986656308174133301e-01
9.987617731094360352e-01
9.996349215507507324e-01
9.998577237129211426e-01
9.996411800384521484e-01
9.902889132499694824e-01
9.812125563621520996e-01
9.729018807411193848e-01
9.765581488609313965e-01
9.841951131820678711e-01
9.914727210998535156e-01
9.674372673034667969e-01
9.138630628585815430e-01
4.043989479541778564e-01
1.850054311136606344e-11
7.124911077793782965e-11
4.105546772480010986e-01
9.711129665374755859e-01
3.527805507183074951e-01
0.000000000000000000e+00
0.000000000000000000e+00
0.000000000000000000e+00
0.000000000000000000e+00
0.000000000000000000e+00
2.011744976043701172e-01
5.521917939186096191e-01
8.222058415412902832e-01
9.990164041519165039e-01
9.996518492698669434e-01
9.948089718818664551e-01
9.664595127105712891e-01
7.457868456840515137e-01
5.198261737823486328e-01
2.881551682949066162e-01
6.518765091896057129e-01
1.000000000000000000e+00
1.000000000000000000e+00
8.632755279541015625e-01
6.441027522087097168e-01
8.120002150535583496e-01
9.355819821357727051e-01
9.868302941322326660e-01
9.995135068893432617e-01
9.999858140945434570e-01
9.999588131904602051e-01
9.951243996620178223e-01
9.858540892601013184e-01
6.268151998519897461e-01
3.360814452171325684e-01
3.243186175823211670e-01
5.218559503555297852e-01
8.207617998123168945e-01
9.269180297851562500e-01
9.407281279563903809e-01
8.233857750892639160e-01
4.114792943000793457e-01
4.413538612425327301e-03
2.015607664361596107e-03
2.211009152233600616e-03
4.562371410429477692e-03
3.519900143146514893e-02
1.344134509563446045e-01
3.870184421539306641e-01
6.520006060600280762e-01
9.101120829582214355e-01
9.542675018310546875e-01
9.824209213256835938e-01
9.897641539573669434e-01
9.906134009361267090e-01
9.771791100502014160e-01
9.074521660804748535e-01
6.061531901359558105e-01
1.240980327129364014e-01
4.239040240645408630e-02
1.490367203950881958e-02
4.769458994269371033e-02
3.410774767398834229e-01
6.962448954582214355e-01
2.535621821880340576e-01
4.848891403526067734e-03
2.363829873502254486e-03
6.380844861268997192e-02
2.126779854297637939e-01
6.712880730628967285e-01
9.130968451499938965e-01
9.877955317497253418e-01
9.966331720352172852e-01
9.998261928558349609e-01
9.999485015869140625e-01
9.999030232429504395e-01
9.910182356834411621e-01
8.477600216865539551e-01
6.886800527572631836e-01
5.090306401252746582e-01
6.849117875099182129e-01
9.039777517318725586e-01
9.378046989440917969e-01
8.795872926712036133e-01
7.477802038192749023e-01
4.607960283756256104e-01
2.884237170219421387e-01
4.125438928604125977e-01
6.634650230407714844e-01
9.635376334190368652e-01
9.856019020080566406e-01
9.978912472724914551e-01
9.964326024055480957e-01
9.943293929100036621e-01
9.799348711967468262e-01
9.019715785980224609e-01
6.751129031181335449e-01
3.179963231086730957e-01
1.369932591915130615e-01
1.858492009341716766e-02
1.654235087335109711e-02
1.378210932016372681e-01
3.302562832832336426e-01
7.427324652671813965e-01
9.971414208412170410e-01
9.994368553161621094e-01
9.999990463256835938e-01
9.999964833259582520e-01
9.999732971191406250e-01
9.995981454849243164e-01
9.988657236099243164e-01
9.976002573966979980e-01
9.967098236083984375e-01
9.972848892211914062e-01
9.965249896049499512e-01
9.948965311050415039e-01
9.940384626388549805e-01
9.943537116050720215e-01
9.968767166137695312e-01
9.965596795082092285e-01
9.912337660789489746e-01
9.406184554100036621e-01
9.103938341140747070e-01
9.052608013153076172e-01
9.333093166351318359e-01
9.642567038536071777e-01
9.746693968772888184e-01
9.543167352676391602e-01
9.090432524681091309e-01
7.911161780357360840e-01
7.444136738777160645e-01
8.911194801330566406e-01
9.600173830986022949e-01
9.873608350753784180e-01
9.918732643127441406e-01
9.957765340805053711e-01
9.987168312072753906e-01
9.996128678321838379e-01
9.998273849487304688e-01
9.999223351478576660e-01
9.999710917472839355e-01
9.999710321426391602e-01
9.995592832565307617e-01
9.958769083023071289e-01
9.808982014656066895e-01
7.659473419189453125e-01
4.090814292430877686e-01
1.640460491180419922e-01
1.513720490038394928e-04
4.064831591676920652e-05
1.155686564743518829e-03
4.718218464404344559e-03
4.801493138074874878e-02
1.920343786478042603e-01
4.815507531166076660e-01
7.547056078910827637e-01
9.873300790786743164e-01
9.956788420677185059e-01
9.998725652694702148e-01
9.999588131904602051e-01
9.999643564224243164e-01
9.999545812606811523e-01
9.999354481697082520e-01
9.999340176582336426e-01
9.999446868896484375e-01
9.999575018882751465e-01
9.998198747634887695e-01
9.993609189987182617e-01
9.961578249931335449e-01
9.909942150115966797e-01
9.711456298828125000e-01
9.270587563514709473e-01
8.478523492813110352e-01
6.381465792655944824e-01
3.883279263973236084e-01
1.304870247840881348e-01
8.821890440380286691e-11
1.112723368307255711e-11
0.000000000000000000e+00
2.802596928649634142e-45
1.261168617892335364e-44
3.520902991294860840e-01
9.613301157951354980e-01
9.992255568504333496e-01
9.965333938598632812e-01
9.865601062774658203e-01
7.427158355712890625e-01
3.828754425048828125e-01
2.120217084884643555e-01
1.459430009126663208e-01
2.495678514242172241e-01
5.948699712753295898e-01
9.811336994171142578e-01
9.932940602302551270e-01
9.995838999748229980e-01
9.990083575248718262e-01
9.982920885086059570e-01
9.978134036064147949e-01
9.985511302947998047e-01
9.992292523384094238e-01
9.998562932014465332e-01
9.999539852142333984e-01
9.999821782112121582e-01
9.999834299087524414e-01
9.999773502349853516e-01
9.999667406082153320e-01
9.998651742935180664e-01
9.997998476028442383e-01
9.998107552528381348e-01
9.998634457588195801e-01
9.999290108680725098e-01
9.998772740364074707e-01
9.991017580032348633e-01
9.972658753395080566e-01
9.967797398567199707e-01
9.946625232696533203e-01
9.773398637771606445e-01
9.415519237518310547e-01
8.854892253875732422e-01
8.648460507392883301e-01
8.429523706436157227e-01
7.855765819549560547e-01
7.346161007881164551e-01
6.889004707336425781e-01
7.893636822700500488e-01
8.913621902465820312e-01
9.523042440414428711e-01
9.806887507438659668e-01
9.886254668235778809e-01
9.321971535682678223e-01
8.781030178070068359e-01
8.331784009933471680e-01
8.545217514038085938e-01
9.071505069732666016e-01
9.628897309303283691e-01
9.976270794868469238e-01
9.995035529136657715e-01
9.999699592590332031e-01
9.998266696929931641e-01
9.984967112541198730e-01
9.971143007278442383e-01
9.956665635108947754e-01
9.964475035667419434e-01
9.977746009826660156e-01
9.991638660430908203e-01
9.998883008956909180e-01
9.999803304672241211e-01
9.999948740005493164e-01
9.999886751174926758e-01
9.999510645866394043e-01
9.985532760620117188e-01
9.961376786231994629e-01
9.910680055618286133e-01
9.860066771507263184e-01
9.815080165863037109e-01
9.782975912094116211e-01
9.758394956588745117e-01
9.850054383277893066e-01
9.927930235862731934e-01
9.974334836006164551e-01
9.993299245834350586e-01
9.999454617500305176e-01
9.999766349792480469e-01
9.999878406524658203e-01
9.999675750732421875e-01
9.999138712882995605e-01
9.998546242713928223e-01
9.998573064804077148e-01
9.998943209648132324e-01
9.999741911888122559e-01
9.998870491981506348e-01
9.988420605659484863e-01
9.923930168151855469e-01
9.857885837554931641e-01
9.790250658988952637e-01
9.844895601272583008e-01
9.917284250259399414e-01
9.968820214271545410e-01
9.994575977325439453e-01
9.998708367347717285e-01
9.999341368675231934e-01
9.998586773872375488e-01
9.994825124740600586e-01
9.911578893661499023e-01
9.773892760276794434e-01
9.266805052757263184e-01
9.078783988952636719e-01
9.729111790657043457e-01
9.977873563766479492e-01
9.998358488082885742e-01
9.988563060760498047e-01
9.957818388938903809e-01
9.886158108711242676e-01
9.647985100746154785e-01
9.312027096748352051e-01
8.293765783309936523e-01
7.375050187110900879e-01
6.624429225921630859e-01
7.260612845420837402e-01
8.411428332328796387e-01
9.374955892562866211e-01
9.952068328857421875e-01
9.987641572952270508e-01
9.997051358222961426e-01
9.998105764389038086e-01
9.997222423553466797e-01
9.994461536407470703e-01
9.989458918571472168e-01
9.959656596183776855e-01
9.598508477210998535e-01
7.340890169143676758e-01
4.774474501609802246e-01
1.896187216043472290e-01
1.001133844256401062e-01
1.596304327249526978e-01
7.104989290237426758e-01
9.679344296455383301e-01
9.635071754455566406e-01
9.394466280937194824e-01
8.707922697067260742e-01
6.517170071601867676e-01
4.869765341281890869e-01
3.650103211402893066e-01
3.486132621765136719e-01
4.025878310203552246e-01
6.349544525146484375e-01
8.181885480880737305e-01
9.674912691116333008e-01
9.827563166618347168e-01
9.870157837867736816e-01
9.855456352233886719e-01
9.496462345123291016e-01
8.932778835296630859e-01
8.782726526260375977e-01
8.854153752326965332e-01
9.387424588203430176e-01
9.740387201309204102e-01
9.996867179870605469e-01
9.994901418685913086e-01
9.992225170135498047e-01
9.990403652191162109e-01
9.992103576660156250e-01
9.995422363281250000e-01
9.997071623802185059e-01
9.995979666709899902e-01
9.990098476409912109e-01
9.969537258148193359e-01
9.944501519203186035e-01
9.951459169387817383e-01
9.964031577110290527e-01
9.985480904579162598e-01
9.987490773200988770e-01
9.977983236312866211e-01
9.910908341407775879e-01
9.550154209136962891e-01
8.764355778694152832e-01
4.853557050228118896e-01
3.272585943341255188e-02
1.194940228015184402e-02
1.275107497349381447e-03
4.005497321486473083e-03
3.709530532360076904e-01
8.072373867034912109e-01
9.299904108047485352e-01
9.982476234436035156e-01
9.994338154792785645e-01
9.995930790901184082e-01
9.995270371437072754e-01
9.998348355293273926e-01
9.939895868301391602e-01
9.810204505920410156e-01
9.009400606155395508e-01
8.025216460227966309e-01
6.927592754364013672e-01
7.400896549224853516e-01
9.585581421852111816e-01
9.993026852607727051e-01
9.999986290931701660e-01
9.999985098838806152e-01
9.999836087226867676e-01
9.999533891677856445e-01
9.998266696929931641e-01
9.997019171714782715e-01
9.996877312660217285e-01
9.994794726371765137e-01
9.990780949592590332e-01
9.975911378860473633e-01
9.965900778770446777e-01
9.988790750503540039e-01
9.986104369163513184e-01
9.958872795104980469e-01
9.963581562042236328e-01
9.975075721740722656e-01
9.991018772125244141e-01
9.998978376388549805e-01
9.999529123306274414e-01
9.998652935028076172e-01
9.981679916381835938e-01
9.896333217620849609e-01
9.680009484291076660e-01
9.343918561935424805e-01
9.460221529006958008e-01
9.658071994781494141e-01
9.881309866905212402e-01
9.990656971931457520e-01
9.997380375862121582e-01
9.959372878074645996e-01
9.093528389930725098e-01
4.851505458354949951e-01
1.951452642679214478e-01
2.429567836225032806e-02
4.819713358301669359e-04
9.338008612394332886e-02
5.688694715499877930e-01
8.584592938423156738e-01
9.821167588233947754e-01
9.995331168174743652e-01
9.985970854759216309e-01
9.927864670753479004e-01
9.873249530792236328e-01
9.821768999099731445e-01
9.882232546806335449e-01
9.951744675636291504e-01
9.983037114143371582e-01
9.998549222946166992e-01
9.999818205833435059e-01
9.999466538429260254e-01
9.998982548713684082e-01
9.999088644981384277e-01
9.999210238456726074e-01
9.999346733093261719e-01
9.999580383300781250e-01
9.999805092811584473e-01
9.999907612800598145e-01
9.999938011169433594e-01
9.999898076057434082e-01
9.998521804809570312e-01
9.995127916336059570e-01
9.983275532722473145e-01
9.969116449356079102e-01
9.952679872512817383e-01
9.971489310264587402e-01
9.979316592216491699e-01
9.894841909408569336e-01
9.645866751670837402e-01
9.226762652397155762e-01
7.902944087982177734e-01
6.647362112998962402e-01
6.893327236175537109e-01
6.791610717773437500e-01
6.310567259788513184e-01
5.864319801330566406e-01
5.736442804336547852e-01
7.567167878150939941e-01
8.875797390937805176e-01
9.583457112312316895e-01
9.819603562355041504e-01
9.749360084533691406e-01
8.357744216918945312e-01
5.557462573051452637e-01
1.023916676640510559e-01
1.606227742740884423e-04
0.000000000000000000e+00
0.000000000000000000e+00
0.000000000000000000e+00
0.000000000000000000e+00
3.734617261216044426e-03
5.507599562406539917e-02
6.184338927268981934e-01
9.452831149101257324e-01
9.311769604682922363e-01
6.792255043983459473e-01
3.599164783954620361e-01
2.971253693103790283e-01
3.575223684310913086e-01
6.121301054954528809e-01
8.134694695472717285e-01
9.819635748863220215e-01
8.749048113822937012e-01
6.848291754722595215e-01
3.492419123649597168e-01
3.807794451713562012e-01
5.773767232894897461e-01
6.919309496879577637e-01
7.173149585723876953e-01
5.683769583702087402e-01
5.476508140563964844e-01
5.919950604438781738e-01
7.924207448959350586e-01
7.921498417854309082e-01
3.461372256278991699e-01
1.138156205415725708e-01
4.466673359274864197e-03
1.785802486381048033e-25
1.655890996971398423e-35
7.528777289965297264e-35
3.393147885799407959e-02
8.992592245340347290e-02
5.946898460388183594e-01
9.289560317993164062e-01
6.536623835563659668e-01
3.919827938079833984e-01
1.409246772527694702e-01
4.622949659824371338e-01
7.933933734893798828e-01
9.303779602050781250e-01
9.949093461036682129e-01
9.981076717376708984e-01
9.981778860092163086e-01
9.979772567749023438e-01
9.987633228302001953e-01
9.992966651916503906e-01
9.995818138122558594e-01
9.996806979179382324e-01
9.997420310974121094e-01
9.998112320899963379e-01
9.998793005943298340e-01
9.999459981918334961e-01
9.999741911888122559e-01
9.994362592697143555e-01
9.944781661033630371e-01
9.869783520698547363e-01
9.761537909507751465e-01
9.528700113296508789e-01
9.283327460289001465e-01
9.420828223228454590e-01
9.596297144889831543e-01
9.830745458602905273e-01
9.940704703330993652e-01
9.997910857200622559e-01
9.998936653137207031e-01
9.997766613960266113e-01
9.992470741271972656e-01
8.726296424865722656e-01
6.828929781913757324e-01
7.151295542716979980e-01
7.790322303771972656e-01
9.074561595916748047e-01
9.709220528602600098e-01
9.948555231094360352e-01
9.971500635147094727e-01
9.975858330726623535e-01
9.967318177223205566e-01
9.969734549522399902e-01
9.980288743972778320e-01
9.980508685111999512e-01
9.979098439216613770e-01
9.976319074630737305e-01
9.977414011955261230e-01
9.981999993324279785e-01
9.976317286491394043e-01
9.968278408050537109e-01
9.957993030548095703e-01
9.962973594665527344e-01
9.984741806983947754e-01
9.994156360626220703e-01
9.999678730964660645e-01
9.999878406524658203e-01
9.999994635581970215e-01
9.999995827674865723e-01
9.999875426292419434e-01
9.996718764305114746e-01
9.939832687377929688e-01
9.822999835014343262e-01
9.603028297424316406e-01
8.755148649215698242e-01
7.613620758056640625e-01
7.734265923500061035e-01
7.991011142730712891e-01
8.542699217796325684e-01
8.857436776161193848e-01
9.030642509460449219e-01
5.931712985038757324e-01
2.955853044986724854e-01
9.580907225608825684e-02
6.570442765951156616e-02
1.656319797039031982e-01
6.011905670166015625e-01
9.891694784164428711e-01
9.902446866035461426e-01
9.684529304504394531e-01
9.243731498718261719e-01
9.405292272567749023e-01
9.678025841712951660e-01
9.824028015136718750e-01
9.901953339576721191e-01
9.895186424255371094e-01
9.932138323783874512e-01
9.978928565979003906e-01
9.969897866249084473e-01
9.965878129005432129e-01
9.970043897628784180e-01
9.979689121246337891e-01
9.991746544837951660e-01
9.994662404060363770e-01
9.997085332870483398e-01
9.998431801795959473e-01
9.998868107795715332e-01
9.998762011528015137e-01
9.998864531517028809e-01
9.998893141746520996e-01
9.998655319213867188e-01
9.995982050895690918e-01
9.991378188133239746e-01
9.991564154624938965e-01
9.992846846580505371e-01
9.995825886726379395e-01
9.996880292892456055e-01
9.995905756950378418e-01
9.992534518241882324e-01
9.988860487937927246e-01
9.987857341766357422e-01
9.980292916297912598e-01
9.963484406471252441e-01
9.926656484603881836e-01
9.884561896324157715e-01
9.910559654235839844e-01
9.929435253143310547e-01
9.934655427932739258e-01
9.949199557304382324e-01
9.968786239624023438e-01
9.870740175247192383e-01
9.821380972862243652e-01
9.922036528587341309e-01
9.976404905319213867e-01
9.996094107627868652e-01
9.993764758110046387e-01
9.977620244026184082e-01
9.914646148681640625e-01
9.799215197563171387e-01
9.630138278007507324e-01
9.694238901138305664e-01
9.811788201332092285e-01
9.895845055580139160e-01
9.957567453384399414e-01
9.987698793411254883e-01
9.997107386589050293e-01
9.998025298118591309e-01
9.983624219894409180e-01
9.942330121994018555e-01
9.846757650375366211e-01
9.820127487182617188e-01
9.832826256752014160e-01
9.900079965591430664e-01
9.959193468093872070e-01
9.983730912208557129e-01
9.996007084846496582e-01
9.998396635055541992e-01
9.998965263366699219e-01
9.998950362205505371e-01
9.997463822364807129e-01
9.869386553764343262e-01
9.597170948982238770e-01
9.062518477439880371e-01
8.535996675491333008e-01
9.088835716247558594e-01
9.303533434867858887e-01
8.960848450660705566e-01
6.002993583679199219e-01
1.823068559169769287e-01
7.529775798320770264e-02
2.997615747153759003e-02
1.248943731188774109e-01
4.516220688819885254e-01
9.379228949546813965e-01
9.840179681777954102e-01
9.789241552352905273e-01
9.774569869041442871e-01
9.723189473152160645e-01
9.634824395179748535e-01
9.522652029991149902e-01
9.443776011466979980e-01
9.711917042732238770e-01
9.900175333023071289e-01
9.970277547836303711e-01
9.993883967399597168e-01
9.997988343238830566e-01
9.998728632926940918e-01
9.999099969863891602e-01
9.998644590377807617e-01
9.981708526611328125e-01
9.954180717468261719e-01
9.741515517234802246e-01
9.486594796180725098e-01
9.141224622726440430e-01
9.169465899467468262e-01
9.558894038200378418e-01
9.769349098205566406e-01
9.922536015510559082e-01
9.950907826423645020e-01
9.963655471801757812e-01
9.953725337982177734e-01
9.268482327461242676e-01
8.296112418174743652e-01
6.148756742477416992e-01
4.605986773967742920e-01
4.425783157348632812e-01
6.170368194580078125e-01
9.163753986358642578e-01
9.711302518844604492e-01
9.946907162666320801e-01
9.975857734680175781e-01
9.991807937622070312e-01
9.994804263114929199e-01
9.977259039878845215e-01
9.945935010910034180e-01
9.833047986030578613e-01
9.798910021781921387e-01
9.885702729225158691e-01
9.943220615386962891e-01
9.987674951553344727e-01
9.991935491561889648e-01
9.988952279090881348e-01
9.969108700752258301e-01
9.858121871948242188e-01
9.681839346885681152e-01
9.715895652770996094e-01
9.786356687545776367e-01
9.891260862350463867e-01
9.960421919822692871e-01
9.989337921142578125e-01
9.990379810333251953e-01
9.981929659843444824e-01
9.958759546279907227e-01
9.946925044059753418e-01
9.955404996871948242e-01
9.969956874847412109e-01
9.987692236900329590e-01
9.990790486335754395e-01
9.989584684371948242e-01
9.977408647537231445e-01
9.959086775779724121e-01
9.935522675514221191e-01
9.929116964340209961e-01
9.928914308547973633e-01
9.947849512100219727e-01
9.966474771499633789e-01
9.984614849090576172e-01
9.994075894355773926e-01
1.000000000000000000e+00
1.000000000000000000e+00
9.996221661567687988e-01
9.983625411987304688e-01
9.958297014236450195e-01
9.924235343933105469e-01
9.833314418792724609e-01
9.670832157135009766e-01
9.213264584541320801e-01
8.660448789596557617e-01
8.000194430351257324e-01
6.522927880287170410e-01
4.827933013439178467e-01
3.838849961757659912e-01
3.038057684898376465e-01
2.593588232994079590e-01
1.551474630832672119e-01
1.674853079020977020e-02
7.376449182629585266e-03
7.366555929183959961e-02
3.717435896396636963e-01
6.618107557296752930e-01
9.446200132369995117e-01
1.000000000000000000e+00
9.996670484542846680e-01
9.961053133010864258e-01
9.915134906768798828e-01
9.852546453475952148e-01
9.898173213005065918e-01
9.996159672737121582e-01
9.999808669090270996e-01
9.999808073043823242e-01
9.999641180038452148e-01
9.998756647109985352e-01
9.997267723083496094e-01
9.981399178504943848e-01
9.949465394020080566e-01
9.823079705238342285e-01
9.563387632369995117e-01
9.113636016845703125e-01
8.763269186019897461e-01
8.455451726913452148e-01
9.346110224723815918e-01
1.000000000000000000e+00
1.000000000000000000e+00
1.000000000000000000e+00
1.000000000000000000e+00
9.690620303153991699e-01
9.415804743766784668e-01
9.674611687660217285e-01
9.844447374343872070e-01
9.895781278610229492e-01
9.828750491142272949e-01
9.712934494018554688e-01
9.199182987213134766e-01
8.819977045059204102e-01
8.768693804740905762e-01
8.970836400985717773e-01
9.358343482017517090e-01
9.165331721305847168e-01
8.903223276138305664e-01
8.771926164627075195e-01
8.955034613609313965e-01
9.545935392379760742e-01
9.825474023818969727e-01
9.983600378036499023e-01
9.993203282356262207e-01
9.998058676719665527e-01
9.991443157196044922e-01
9.987444281578063965e-01
9.985347986221313477e-01
9.986672997474670410e-01
9.980419278144836426e-01
9.927266240119934082e-01
9.594671130180358887e-01
8.892961740493774414e-01
8.293818235397338867e-01
7.735058665275573730e-01
8.096013665199279785e-01
8.532401323318481445e-01
9.157645106315612793e-01
9.584521055221557617e-01
9.858999252319335938e-01
9.945649504661560059e-01
9.992600083351135254e-01
9.997270703315734863e-01
9.999750852584838867e-01
9.999150037765502930e-01
9.999271631240844727e-01
9.999704360961914062e-01
9.999795556068420410e-01
9.999845027923583984e-01
9.999796748161315918e-01
9.999223947525024414e-01
9.998211264610290527e-01
9.967442750930786133e-01
9.925605058670043945e-01
9.843829274177551270e-01
9.835433959960937500e-01
9.941517710685729980e-01
9.985485076904296875e-01
9.999114274978637695e-01
9.999662041664123535e-01
9.999641776084899902e-01
9.999852776527404785e-01
9.997892975807189941e-01
9.993886351585388184e-01
9.991946816444396973e-01
9.990864992141723633e-01
9.993721246719360352e-01
9.996193647384643555e-01
9.997969865798950195e-01
9.998848438262939453e-01
9.999210238456726074e-01
9.999313950538635254e-01
9.999156594276428223e-01
9.998018145561218262e-01
9.991917610168457031e-01
9.980366826057434082e-01
9.976072907447814941e-01
9.974536895751953125e-01
9.984894394874572754e-01
9.993348121643066406e-01
9.997573494911193848e-01
9.999524354934692383e-01
9.999895691871643066e-01
9.999483227729797363e-01
9.998036623001098633e-01
9.991273283958435059e-01
9.980461001396179199e-01
9.964159131050109863e-01
9.972789287567138672e-01
9.992012381553649902e-01
9.996274113655090332e-01
9.998870491981506348e-01
9.997518658638000488e-01
9.994985461235046387e-01
9.991419911384582520e-01
9.978034496307373047e-01
9.961358308792114258e-01
9.934083819389343262e-01
9.928483963012695312e-01
9.961046576499938965e-01
9.979679584503173828e-01
9.990469217300415039e-01
9.993425011634826660e-01
9.995582103729248047e-01
9.997457265853881836e-01
9.998793601989746094e-01
9.999515414237976074e-01
9.999775886535644531e-01
9.999864101409912109e-01
9.999283552169799805e-01
9.997912645339965820e-01
9.994620680809020996e-01
9.995024204254150391e-01
9.998269677162170410e-01
9.997982382774353027e-01
9.997273087501525879e-01
9.998544454574584961e-01
9.999362826347351074e-01
9.999464750289916992e-01
9.998127222061157227e-01
9.996054768562316895e-01
9.980484247207641602e-01
9.957687258720397949e-01
9.911096692085266113e-01
9.869122505187988281e-01
9.832183718681335449e-01
9.896537065505981445e-01
9.991087913513183594e-01
9.996107816696166992e-01
9.999681115150451660e-01
9.999857544898986816e-01
9.999778866767883301e-01
9.999508857727050781e-01
9.999391436576843262e-01
9.999279379844665527e-01
9.998990297317504883e-01
9.997538924217224121e-01
9.994245171546936035e-01
9.981285333633422852e-01
9.963285326957702637e-01
9.935068488121032715e-01
9.920627474784851074e-01
9.963746666908264160e-01
9.990146160125732422e-01
9.997794628143310547e-01
9.999823570251464844e-01
9.999898672103881836e-01
9.999691247940063477e-01
9.997534155845642090e-01
9.990386962890625000e-01
9.978097677230834961e-01
9.961628913879394531e-01
9.960411787033081055e-01
9.963870644569396973e-01
9.980948567390441895e-01
9.993208050727844238e-01
9.997016191482543945e-01
9.998831748962402344e-01
9.999486207962036133e-01
9.996536374092102051e-01
9.977123141288757324e-01
9.878312349319458008e-01
9.471386075019836426e-01
8.665736317634582520e-01
5.746119022369384766e-01
1.942222565412521362e-01
8.598014712333679199e-02
1.224757824093103409e-02
2.330741845071315765e-02
3.022530376911163330e-01
8.397943973541259766e-01
9.776546955108642578e-01
9.994235038757324219e-01
9.996726512908935547e-01
9.982892870903015137e-01
9.933006763458251953e-01
8.000326752662658691e-01
4.687690138816833496e-01
2.741173803806304932e-01
1.362772434949874878e-01
2.560162544250488281e-01
4.281299710273742676e-01
6.878277063369750977e-01
8.445774912834167480e-01
9.434207081794738770e-01
9.132357835769653320e-01
8.264825344085693359e-01
5.308322310447692871e-01
3.793372511863708496e-01
4.138413369655609131e-01
5.764238834381103516e-01
7.930904030799865723e-01
9.030283093452453613e-01
9.868197441101074219e-01
9.954671859741210938e-01
9.998455643653869629e-01
9.998760819435119629e-01
9.990425705909729004e-01
9.978360533714294434e-01
9.922394752502441406e-01
9.888990521430969238e-01
9.911616444587707520e-01
9.944320917129516602e-01
9.985274076461791992e-01
9.995012879371643066e-01
9.997435212135314941e-01
9.998059868812561035e-01
9.998608231544494629e-01
9.999009370803833008e-01
9.999077320098876953e-01
9.998925328254699707e-01
9.998700022697448730e-01
9.998396635055541992e-01
9.997625946998596191e-01
9.995742440223693848e-01
9.992112517356872559e-01
9.985134005546569824e-01
9.976353645324707031e-01
9.932709336280822754e-01
9.765850305557250977e-01
9.031412601470947266e-01
6.774317622184753418e-01
2.545090019702911377e-01
2.510978579521179199e-01
4.303493499755859375e-01
7.458705306053161621e-01
9.979143738746643066e-01
9.992796182632446289e-01
9.999887347221374512e-01
9.999772906303405762e-01
9.989183545112609863e-01
9.974862337112426758e-01
9.217236042022705078e-01
8.112695813179016113e-01
6.005776524543762207e-01
4.822356402873992920e-01
4.499356746673583984e-01
6.631767749786376953e-01
9.381913542747497559e-01
9.743009805679321289e-01
9.997420310974121094e-01
9.998342394828796387e-01
9.994809627532958984e-01
9.987674951553344727e-01
9.919902086257934570e-01
9.824538826942443848e-01
9.546866416931152344e-01
9.282871484756469727e-01
9.047085046768188477e-01
9.066270589828491211e-01
9.266636371612548828e-01
9.541423916816711426e-01
9.809554815292358398e-01
9.893287420272827148e-01
9.951583743095397949e-01
9.964168071746826172e-01
9.965054392814636230e-01
9.958649277687072754e-01
6.964976191520690918e-01
3.792905211448669434e-01
2.444258779287338257e-01
2.931711971759796143e-01
6.373734474182128906e-01
8.465362787246704102e-01
9.794432520866394043e-01
9.965376257896423340e-01
9.995895028114318848e-01
9.998159408569335938e-01
9.999569058418273926e-01
9.999729394912719727e-01
9.999766349792480469e-01
9.999740719795227051e-01
9.999694228172302246e-01
9.996191263198852539e-01
9.975988268852233887e-01
9.871891140937805176e-01
9.654819369316101074e-01
9.376489520072937012e-01
9.069275259971618652e-01
9.509584903717041016e-01
9.918876886367797852e-01
9.963648319244384766e-01
9.849244952201843262e-01
9.532954692840576172e-01
6.411130428314208984e-01
2.061137408018112183e-01
8.664532005786895752e-02
2.279238961637020111e-02
1.112293750047683716e-01
3.507297337055206299e-01
7.701238393783569336e-01
9.159529805183410645e-01
9.486712813377380371e-01
7.555543184280395508e-01
5.495985746383666992e-01
3.330857157707214355e-01
1.835026890039443970e-01
1.116142868995666504e-01
7.744318991899490356e-02
5.834612250328063965e-02
1.265570372343063354e-01
2.792372405529022217e-01
7.239935398101806641e-01
9.704320430755615234e-01
9.927684068679809570e-01
9.991944432258605957e-01
9.995058178901672363e-01
9.995402097702026367e-01
9.995988011360168457e-01
9.997716546058654785e-01
9.997895956039428711e-01
9.996339082717895508e-01
9.910916090011596680e-01
9.792934656143188477e-01
6.066086888313293457e-01
3.177689611911773682e-01
3.648098409175872803e-01
5.340724587440490723e-01
8.416428565979003906e-01
9.564607143402099609e-01
9.956249594688415527e-01
9.834916591644287109e-01
9.697281718254089355e-01
9.560583233833312988e-01
9.609819054603576660e-01
9.873013496398925781e-01
9.958360195159912109e-01
9.971925020217895508e-01
9.971134662628173828e-01
9.967291951179504395e-01
9.954129457473754883e-01
9.951727390289306641e-01
9.962221980094909668e-01
9.918516874313354492e-01
9.851716160774230957e-01
9.605675339698791504e-01
9.388533830642700195e-01
9.327172040939331055e-01
9.457759857177734375e-01
9.828809499740600586e-01
9.962313175201416016e-01
9.989693164825439453e-01
9.991239905357360840e-01
9.989235401153564453e-01
9.979153871536254883e-01
9.950684905052185059e-01
9.897550940513610840e-01
9.752374291419982910e-01
9.562337994575500488e-01
9.231025576591491699e-01
8.939731717109680176e-01
8.915545940399169922e-01
9.039437174797058105e-01
9.377502799034118652e-01
9.619067907333374023e-01
9.809190034866333008e-01
8.973684906959533691e-01
7.714471817016601562e-01
4.596922993659973145e-01
3.044627308845520020e-01
3.981974124908447266e-01
5.562719702720642090e-01
7.521025538444519043e-01
7.808079123497009277e-01
7.666354775428771973e-01
6.127944588661193848e-01
6.122376322746276855e-01
8.828665018081665039e-01
9.933313727378845215e-01
9.989505410194396973e-01
9.995036721229553223e-01
9.991444349288940430e-01
9.986746907234191895e-01
9.986137747764587402e-01
9.993723630905151367e-01
9.972010254859924316e-01
9.928684234619140625e-01
6.159426569938659668e-01
1.758463382720947266e-01
7.236217707395553589e-02
3.414721576246865231e-13
1.074304558615520044e-13
8.179568166242035184e-30
2.329955139239435916e-29
1.512277871370315552e-02
4.614648222923278809e-02
5.460973381996154785e-01
9.262240529060363770e-01
9.748039245605468750e-01
9.989908933639526367e-01
9.992979168891906738e-01
9.992455244064331055e-01
9.990704059600830078e-01
9.986611008644104004e-01
9.980468750000000000e-01
9.967399239540100098e-01
9.960370659828186035e-01
9.960335493087768555e-01
9.973506331443786621e-01
9.992297291755676270e-01
9.992588162422180176e-01
9.981649518013000488e-01
9.925119280815124512e-01
9.855723977088928223e-01
9.768478274345397949e-01
9.764741063117980957e-01
9.803930521011352539e-01
9.827026128768920898e-01
9.852478504180908203e-01
9.905220270156860352e-01
9.933754801750183105e-01
9.921497702598571777e-01
9.787237644195556641e-01
9.574516415596008301e-01
9.246016144752502441e-01
8.944555521011352539e-01
9.167292714118957520e-01
9.296773076057434082e-01
9.228276610374450684e-01
9.090460538864135742e-01
8.897936940193176270e-01
9.142565727233886719e-01
9.496135115623474121e-01
9.730148315429687500e-01
9.911201000213623047e-01
9.945448637008666992e-01
9.942980408668518066e-01
9.903993606567382812e-01
9.452757239341735840e-01
8.853029608726501465e-01
7.543192505836486816e-01
6.668672561645507812e-01
7.540024518966674805e-01
8.451278209686279297e-01
9.414126276969909668e-01
9.825835824012756348e-01
9.976119995117187500e-01
9.992189407348632812e-01
9.995245337486267090e-01
9.997366666793823242e-01
9.998598098754882812e-01
9.998388290405273438e-01
9.998064637184143066e-01
9.997668862342834473e-01
9.995772838592529297e-01
9.992795586585998535e-01
9.980565905570983887e-01
9.966366887092590332e-01
9.947856068611145020e-01
9.951081871986389160e-01
9.972311854362487793e-01
9.985427260398864746e-01
9.996132850646972656e-01
9.997389316558837891e-01
9.997926950454711914e-01
9.996270537376403809e-01
9.993169903755187988e-01
9.988496899604797363e-01
9.973391294479370117e-01
9.953987598419189453e-01
9.853742122650146484e-01
9.764730930328369141e-01
9.753950834274291992e-01
9.783797264099121094e-01
9.873938560485839844e-01
9.935092926025390625e-01
9.979651570320129395e-01
9.990485310554504395e-01
9.995625615119934082e-01
9.996392130851745605e-01
9.997279644012451172e-01
9.998418092727661133e-01
9.999260902404785156e-01
9.999870657920837402e-01
9.998590350151062012e-01
9.996645450592041016e-01
9.985786676406860352e-01
9.955546855926513672e-01
9.865944981575012207e-01
9.737987518310546875e-01
9.568040370941162109e-01
9.489849209785461426e-01
9.450108408927917480e-01
9.600480198860168457e-01
9.756309986114501953e-01
9.869334101676940918e-01
9.948397278785705566e-01
9.974770545959472656e-01
9.983569979667663574e-01
9.981623291969299316e-01
9.988024234771728516e-01
9.995524883270263672e-01
9.998158216476440430e-01
9.994025230407714844e-01
9.974137544631958008e-01
9.904859662055969238e-01
9.791444540023803711e-01
9.654788374900817871e-01
9.510565400123596191e-01
9.601671695709228516e-01
9.714155793190002441e-01
9.890753030776977539e-01
9.992899894714355469e-01
9.998024106025695801e-01
9.999710917472839355e-01
9.999629259109497070e-01
9.999010562896728516e-01
9.998177289962768555e-01
9.996179342269897461e-01
9.991987943649291992e-01
9.983496665954589844e-01
9.976345300674438477e-01
9.970237612724304199e-01
9.973609447479248047e-01
9.979504942893981934e-01
9.980797171592712402e-01
9.982528090476989746e-01
9.985674619674682617e-01
9.975025057792663574e-01
9.948233962059020996e-01
9.936029314994812012e-01
9.930453896522521973e-01
9.932623505592346191e-01
9.921846389770507812e-01
9.822521209716796875e-01
9.554668068885803223e-01
8.984033465385437012e-01
5.981556177139282227e-01
1.218995973467826843e-01
2.127589471638202667e-02
1.592047512531280518e-02
1.156078353524208069e-01
2.740679979324340820e-01
6.102616190910339355e-01
8.439824581146240234e-01
9.622544646263122559e-01
9.989370107650756836e-01
9.997290968894958496e-01
9.987171888351440430e-01
9.947151541709899902e-01
9.732936024665832520e-01
9.427535533905029297e-01
8.959982395172119141e-01
8.950142860412597656e-01
9.271694421768188477e-01
9.607461094856262207e-01
9.939782023429870605e-01
9.963377118110656738e-01
9.976788759231567383e-01
9.958410263061523438e-01
9.953356981277465820e-01
9.963650107383728027e-01
9.964763522148132324e-01
9.961649775505065918e-01
8.973066806793212891e-01
7.972542643547058105e-01
7.591533064842224121e-01
7.634050250053405762e-01
8.481393456459045410e-01
9.164395928382873535e-01
9.718577265739440918e-01
9.866673946380615234e-01
9.901700615882873535e-01
9.945762753486633301e-01
9.982616901397705078e-01
9.993612170219421387e-01
9.999804496765136719e-01
9.999827742576599121e-01
9.999660849571228027e-01
9.999395012855529785e-01
9.999257922172546387e-01
9.999131560325622559e-01
9.998933076858520508e-01
9.994208216667175293e-01
9.979393482208251953e-01
9.940179586410522461e-01
9.879068732261657715e-01
9.858055710792541504e-01
9.850904941558837891e-01
9.907124638557434082e-01
9.959226846694946289e-01
9.979766011238098145e-01
9.982445836067199707e-01
9.957435727119445801e-01
9.917173981666564941e-01
9.867180585861206055e-01
9.891214370727539062e-01
9.928426146507263184e-01
9.907039999961853027e-01
9.849176406860351562e-01
9.686493277549743652e-01
9.585734009742736816e-01
9.554263949394226074e-01
9.673524498939514160e-01
9.862045645713806152e-01
9.463708996772766113e-01
8.901573419570922852e-01
7.574716210365295410e-01
6.981250047683715820e-01
7.884858846664428711e-01
8.329138755798339844e-01
8.389539122581481934e-01
7.538647055625915527e-01
6.396968960762023926e-01
7.413268685340881348e-01
8.442556858062744141e-01
9.264752268791198730e-01
9.696151614189147949e-01
9.541050791740417480e-01
9.197716712951660156e-01
8.735884428024291992e-01
8.715404868125915527e-01
8.792819380760192871e-01
8.981843590736389160e-01
9.240504503250122070e-01
9.706976413726806641e-01
9.965809583663940430e-01
9.982966184616088867e-01
9.952488541603088379e-01
9.898914694786071777e-01
9.853523373603820801e-01
9.823291897773742676e-01
9.921319484710693359e-01
9.990699887275695801e-01
9.996547698974609375e-01
9.999252557754516602e-01
9.999082684516906738e-01
9.999102354049682617e-01
9.999191164970397949e-01
9.999353289604187012e-01
9.999508857727050781e-01
9.999604225158691406e-01
9.999354481697082520e-01
9.998496174812316895e-01
6.796224713325500488e-01
1.211256384849548340e-01
2.479119487475145434e-08
1.738772181791858884e-10
0.000000000000000000e+00
2.259746927334913352e-20
1.333843471896418227e-19
4.454318514035549015e-06
1.526384039607364684e-05
1.333067211817251518e-05
3.561909352356451564e-06
1.015033262774522882e-06
1.943861183129058645e-10
2.527563991439052415e-10
1.475057888455921784e-05
7.543686660937964916e-05
1.515468358993530273e-01
4.865199029445648193e-01
7.472084760665893555e-01
9.695619940757751465e-01
9.982389807701110840e-01
9.962375760078430176e-01
9.820485115051269531e-01
9.628835916519165039e-01
9.310994148254394531e-01
8.904286623001098633e-01
8.405706882476806641e-01
7.766011953353881836e-01
7.064406275749206543e-01
6.543064713478088379e-01
6.177595257759094238e-01
6.948790550231933594e-01
7.895733118057250977e-01
9.228696823120117188e-01
9.907484054565429688e-01
9.978541135787963867e-01
9.998663663864135742e-01
9.999509453773498535e-01
9.999719262123107910e-01
9.999829530715942383e-01
9.999608397483825684e-01
9.993666410446166992e-01
9.976673126220703125e-01
9.809707999229431152e-01
9.517244696617126465e-01
9.451913833618164062e-01
9.463179707527160645e-01
9.679173231124877930e-01
9.868518710136413574e-01
9.857751131057739258e-01
9.807186722755432129e-01
9.685981273651123047e-01
9.748179912567138672e-01
9.952400922775268555e-01
9.871688485145568848e-01
9.704177379608154297e-01
9.683102965354919434e-01
9.695444107055664062e-01
9.845955371856689453e-01
9.952222704887390137e-01
9.984937310218811035e-01
9.955573678016662598e-01
9.880929589271545410e-01
8.065968155860900879e-01
5.758588314056396484e-01
5.856831073760986328e-01
6.359241008758544922e-01
8.452334403991699219e-01
9.794393777847290039e-01
9.935854673385620117e-01
9.995836019515991211e-01
9.998295903205871582e-01
9.999334812164306641e-01
9.999993443489074707e-01
9.999524354934692383e-01
9.999184608459472656e-01
9.999445080757141113e-01
9.999670386314392090e-01
9.999839067459106445e-01
9.999921917915344238e-01
9.999943971633911133e-01
9.999791979789733887e-01
9.999594092369079590e-01
9.982045292854309082e-01
9.836708307266235352e-01
9.136949181556701660e-01
7.728409171104431152e-01
5.198698043823242188e-01
2.808791399002075195e-01
5.173739790916442871e-02
1.492177485488355160e-03
2.195397973991930485e-05
8.023421396501362324e-04
1.330749131739139557e-03
5.733259604312479496e-04
1.061678485712036490e-04
1.147074144682846963e-04
2.748648524284362793e-01
7.509472370147705078e-01
9.120936989784240723e-01
9.813852310180664062e-01
9.569402337074279785e-01
9.289737343788146973e-01
8.968669772148132324e-01
8.847963809967041016e-01
9.074508547782897949e-01
9.392228126525878906e-01
9.780579805374145508e-01
9.921457171440124512e-01
9.984667301177978516e-01
9.991466999053955078e-01
9.992139935493469238e-01
9.973159432411193848e-01
9.906753897666931152e-01
9.751175045967102051e-01
8.984528779983520508e-01
7.704663276672363281e-01
4.517281353473663330e-01
6.537228077650070190e-02
3.290378674864768982e-02
4.114881902933120728e-02
1.530433446168899536e-01
1.929430365562438965e-01
8.286597579717636108e-02
2.137543261051177979e-02
4.842242226004600525e-03
1.902282005175948143e-03
4.395340569317340851e-03
3.590537905693054199e-01
7.260000109672546387e-01
8.762550950050354004e-01
9.844565987586975098e-01
9.917218685150146484e-01
9.964567422866821289e-01
9.985132813453674316e-01
9.888688325881958008e-01
9.737051725387573242e-01
7.720021009445190430e-01
5.392598509788513184e-01
2.529054880142211914e-01
1.368641704320907593e-01
5.102238059043884277e-01
7.797578573226928711e-01
9.231283664703369141e-01
9.748653173446655273e-01
9.758189320564270020e-01
9.782898426055908203e-01
9.810639023780822754e-01
9.835405945777893066e-01
9.827013611793518066e-01
9.697583317756652832e-01
9.585896730422973633e-01
9.499490857124328613e-01
9.487473964691162109e-01
9.525386095046997070e-01
9.595264792442321777e-01
9.673509001731872559e-01
9.723331332206726074e-01
9.665793180465698242e-01
9.094464778900146484e-01
8.423574566841125488e-01
7.580723166465759277e-01
7.839955091476440430e-01
9.006507992744445801e-01
8.210120797157287598e-01
6.717836260795593262e-01
7.019930481910705566e-01
7.539989948272705078e-01
8.648824095726013184e-01
9.512704014778137207e-01
9.825876355171203613e-01
9.986384510993957520e-01
9.991280436515808105e-01
9.989468455314636230e-01
9.984561800956726074e-01
9.925106763839721680e-01
9.597077965736389160e-01
5.151626467704772949e-01
1.560958474874496460e-01
5.650921165943145752e-02
4.902665750705637038e-05
1.617295783944427967e-04
2.936918139457702637e-01
7.671159505844116211e-01
8.811676502227783203e-01
9.100990891456604004e-01
9.357445240020751953e-01
9.606837034225463867e-01
9.822105169296264648e-01
9.964748620986938477e-01
9.983169436454772949e-01
9.986646771430969238e-01
9.978088736534118652e-01
9.981795549392700195e-01
9.989776611328125000e-01
9.994755983352661133e-01
9.999023079872131348e-01
9.999576807022094727e-01
9.999963045120239258e-01
9.999952316284179688e-01
9.999893307685852051e-01
9.999781847000122070e-01
9.998469352722167969e-01
9.996547698974609375e-01
9.995766878128051758e-01
9.995247721672058105e-01
9.996472001075744629e-01
9.993972778320312500e-01
9.978103637695312500e-01
9.630296230316162109e-01
8.788511753082275391e-01
7.900719642639160156e-01
6.976832151412963867e-01
7.056968212127685547e-01
7.436410188674926758e-01
8.231139779090881348e-01
9.002115726470947266e-01
9.498340487480163574e-01
9.865282177925109863e-01
9.955034852027893066e-01
9.990848302841186523e-01
9.972598552703857422e-01
9.963486194610595703e-01
9.958650469779968262e-01
9.951143264770507812e-01
9.940969944000244141e-01
9.887285232543945312e-01
9.804320931434631348e-01
9.624132513999938965e-01
9.459251165390014648e-01
9.315283298492431641e-01
9.303833842277526855e-01
9.383946657180786133e-01
9.501246213912963867e-01
9.629239439964294434e-01
9.688007831573486328e-01
9.747593998908996582e-01
9.837584495544433594e-01
9.803002476692199707e-01
9.494650363922119141e-01
9.001468420028686523e-01
8.319507837295532227e-01
6.387492418289184570e-01
3.842971920967102051e-01
2.918736934661865234e-01
2.352701425552368164e-01
4.261403381824493408e-01
6.204634904861450195e-01
8.261109590530395508e-01
9.608525037765502930e-01
9.841432571411132812e-01
9.958552718162536621e-01
9.986984133720397949e-01
9.995852112770080566e-01
9.997959136962890625e-01
9.850237965583801270e-01
9.666416049003601074e-01
9.265377521514892578e-01
8.417990207672119141e-01
6.416128873825073242e-01
6.296877264976501465e-01
8.429824113845825195e-01
9.457054138183593750e-01
9.839583039283752441e-01
8.539978861808776855e-01
6.842350363731384277e-01
3.138627409934997559e-01
0.000000000000000000e+00
0.000000000000000000e+00
0.000000000000000000e+00
0.000000000000000000e+00
4.502368824432778638e-07
1.330146687905653380e-06
3.629106581211090088e-01
8.880519270896911621e-01
9.675764441490173340e-01
9.764053225517272949e-01
9.681355357170104980e-01
8.478336930274963379e-01
3.259899020195007324e-01
6.200729869306087494e-03
1.882259151898324490e-03
7.032404997218068442e-29
1.448042627828801000e-29
2.311125863343477249e-03
5.440741311758756638e-03
4.871097207069396973e-01
9.699504375457763672e-01
9.814997315406799316e-01
9.876665472984313965e-01
9.786787033081054688e-01
9.612503647804260254e-01
9.327630996704101562e-01
9.180300235748291016e-01
9.121164083480834961e-01
9.465504288673400879e-01
9.920617341995239258e-01
9.834553599357604980e-01
9.648836255073547363e-01
8.963075876235961914e-01
8.624955415725708008e-01
9.097290039062500000e-01
9.503282904624938965e-01
9.833778738975524902e-01
9.967422485351562500e-01
9.993094205856323242e-01
9.998112916946411133e-01
9.998497366905212402e-01
9.998986721038818359e-01
9.999431967735290527e-01
9.999644160270690918e-01
9.999613165855407715e-01
9.999091029167175293e-01
9.997462630271911621e-01
9.994750618934631348e-01
9.995366334915161133e-01
9.997593760490417480e-01
9.997334480285644531e-01
9.996618628501892090e-01
9.996812343597412109e-01
9.996153712272644043e-01
9.991654157638549805e-01
9.974825978279113770e-01
9.935089349746704102e-01
9.679667949676513672e-01
9.223505854606628418e-01
9.192941188812255859e-01
9.354965090751647949e-01
9.632080793380737305e-01
9.920251965522766113e-01
9.935215115547180176e-01
9.940879344940185547e-01
9.908186197280883789e-01
9.908882975578308105e-01
9.967945218086242676e-01
9.933402538299560547e-01
9.815964698791503906e-01
9.766832590103149414e-01
9.747605919837951660e-01
9.813366532325744629e-01
9.890754222869873047e-01
9.912869334220886230e-01
9.928094148635864258e-01
9.915266633033752441e-01
9.919366836547851562e-01
9.952834844589233398e-01
9.976613521575927734e-01
9.992004632949829102e-01
9.997876882553100586e-01
9.999674558639526367e-01
9.999950528144836426e-01
9.999982118606567383e-01
9.999786615371704102e-01
9.998382925987243652e-01
9.992064833641052246e-01
9.976826906204223633e-01
9.945916533470153809e-01
9.919505119323730469e-01
9.897223114967346191e-01
9.918897747993469238e-01
9.960243105888366699e-01
9.977125525474548340e-01
9.989309310913085938e-01
9.971625208854675293e-01
9.817655682563781738e-01
9.065388441085815430e-01
8.262457251548767090e-01
7.360016107559204102e-01
7.726999521255493164e-01
9.288384914398193359e-01
9.869652986526489258e-01
9.980832934379577637e-01
9.999213218688964844e-01
9.999760389328002930e-01
9.999609589576721191e-01
9.999508857727050781e-01
9.999658465385437012e-01
9.999774098396301270e-01
9.999821186065673828e-01
9.999694824218750000e-01
9.999390244483947754e-01
9.998911619186401367e-01
9.998338818550109863e-01
9.997267127037048340e-01
9.996087551116943359e-01
9.995249509811401367e-01
9.994779825210571289e-01
9.996524453163146973e-01
9.994080066680908203e-01
9.981974363327026367e-01
9.920874238014221191e-01
9.803026318550109863e-01
9.706616997718811035e-01
9.623410701751708984e-01
9.650970101356506348e-01
9.709125161170959473e-01
9.759745001792907715e-01
9.808492660522460938e-01
9.843904972076416016e-01
9.856545925140380859e-01
9.806309342384338379e-01
9.735715389251708984e-01
9.637212753295898438e-01
9.635649323463439941e-01
9.702813625335693359e-01
9.644353985786437988e-01
9.542489647865295410e-01
9.736254811286926270e-01
9.950802922248840332e-01
9.978201389312744141e-01
9.999707341194152832e-01
9.999862313270568848e-01
9.999886751174926758e-01
9.999694824218750000e-01
9.998472929000854492e-01
9.996351599693298340e-01
9.991965293884277344e-01
9.986561536788940430e-01
9.981880784034729004e-01
9.977353215217590332e-01
9.975014925003051758e-01
9.975450634956359863e-01
9.990072846412658691e-01
9.997891187667846680e-01
9.991339445114135742e-01
9.990577697753906250e-01
9.996179938316345215e-01
9.998822808265686035e-01
9.999735355377197266e-01
9.999931454658508301e-01
9.999936223030090332e-01
9.999927282333374023e-01
9.999918341636657715e-01
9.999926686286926270e-01
9.999663233757019043e-01
9.998614788055419922e-01
9.984423518180847168e-01
9.951400756835937500e-01
9.916520714759826660e-01
9.880311489105224609e-01
9.876527786254882812e-01
9.885329604148864746e-01
9.929736852645874023e-01
9.973868131637573242e-01
9.844065308570861816e-01
9.619879126548767090e-01
8.978924751281738281e-01
7.436977028846740723e-01
4.126296043395996094e-01
1.796716004610061646e-01
4.693233966827392578e-02
1.172799329651752487e-05
1.971141273315879516e-06
2.045988738536834717e-01
4.596968889236450195e-01
7.266330718994140625e-01
9.667587280273437500e-01
9.747812747955322266e-01
9.766339063644409180e-01
9.606710672378540039e-01
8.728520870208740234e-01
6.813775897026062012e-01
6.042937040328979492e-01
6.176167130470275879e-01
7.223018407821655273e-01
8.641804456710815430e-01
9.095997810363769531e-01
9.370436668395996094e-01
7.829397916793823242e-01
5.966854095458984375e-01
2.483830451965332031e-01
9.602997452020645142e-03
3.330256557092070580e-03
3.424245733185671270e-06
1.070619236998027191e-05
1.502773910760879517e-01
3.928245902061462402e-01
6.739896535873413086e-01
9.667100906372070312e-01
9.934926033020019531e-01
9.962733387947082520e-01
9.942145347595214844e-01
9.907954335212707520e-01
9.824611544609069824e-01
9.508875608444213867e-01
8.788396716117858887e-01
6.605383753776550293e-01
3.036020994186401367e-01
1.189219951629638672e-01
2.112716995179653168e-02
1.916729379445314407e-03
9.451060323044657707e-04
9.644444286823272705e-02
2.284985333681106567e-01
6.270322799682617188e-01
9.275951385498046875e-01
9.388831257820129395e-01
8.654581904411315918e-01
6.658011078834533691e-01
6.423947215080261230e-01
7.632141113281250000e-01
8.695985674858093262e-01
9.700788259506225586e-01
9.917144775390625000e-01
9.988084435462951660e-01
9.961752295494079590e-01
9.217525720596313477e-01
3.944888114929199219e-01
1.418887358158826828e-02
5.170692689716815948e-03
1.854048296809196472e-02
6.175014376640319824e-02
3.581226170063018799e-01
8.434753417968750000e-01
9.861121773719787598e-01
9.950788617134094238e-01
9.978318810462951660e-01
9.995960593223571777e-01
9.996478557586669922e-01
9.996206164360046387e-01
9.991552829742431641e-01
9.987605214118957520e-01
9.985287785530090332e-01
9.937657117843627930e-01
9.833497405052185059e-01
6.695951223373413086e-01
1.431229859590530396e-01
6.341669501643942396e-17
7.109331160401329518e-18
0.000000000000000000e+00
6.968022789806127548e-03
4.351949095726013184e-01
8.127481341361999512e-01
9.161683917045593262e-01
9.896473288536071777e-01
9.945032596588134766e-01
9.978537559509277344e-01
9.993436336517333984e-01
9.999700188636779785e-01
9.999929070472717285e-01
9.999963045120239258e-01
9.999924898147583008e-01
9.999771714210510254e-01
9.999607205390930176e-01
9.999819993972778320e-01
9.999905824661254883e-01
9.999300837516784668e-01
9.995442628860473633e-01
9.983822107315063477e-01
9.893064498901367188e-01
9.699605703353881836e-01
7.787728309631347656e-01
4.607772529125213623e-01
2.277571111917495728e-01
2.856784313917160034e-02
1.336733438074588776e-02
2.856485731899738312e-02
3.176370859146118164e-01
5.923126339912414551e-01
7.762878537178039551e-01
9.225860834121704102e-01
9.700805544853210449e-01
9.982544183731079102e-01
9.992064237594604492e-01
9.997391104698181152e-01
9.999389648437500000e-01
1.000000000000000000e+00
1.000000000000000000e+00
9.992089271545410156e-01
9.982612133026123047e-01
9.137831926345825195e-01
7.877117395401000977e-01
3.387191891670227051e-01
1.258755451999604702e-03
4.792260588146746159e-04
3.486170987304637592e-12
1.470313996422556446e-12
3.581683337688446045e-02
1.043068841099739075e-01
4.224121272563934326e-01
8.701931834220886230e-01
9.770662784576416016e-01
9.969492554664611816e-01
9.978635907173156738e-01
9.973534345626831055e-01
9.962114691734313965e-01
9.958174228668212891e-01
9.983392357826232910e-01
9.989134669303894043e-01
9.957389831542968750e-01
9.845120310783386230e-01
9.645145535469055176e-01
9.642697572708129883e-01
9.765453934669494629e-01
9.863885045051574707e-01
9.954508543014526367e-01
9.957917928695678711e-01
9.946272969245910645e-01
9.733061194419860840e-01
9.424719810485839844e-01
8.577869534492492676e-01
7.936865091323852539e-01
7.806128263473510742e-01
8.212558031082153320e-01
9.356129765510559082e-01
9.905014038085937500e-01
9.973159432411193848e-01
9.995034933090209961e-01
9.995834827423095703e-01
9.989474415779113770e-01
9.981560111045837402e-01
9.967002272605895996e-01
9.951078295707702637e-01
9.924585223197937012e-01
9.890962839126586914e-01
9.831796884536743164e-01
9.807773232460021973e-01
9.848231673240661621e-01
9.898961782455444336e-01
9.960454106330871582e-01
9.988790750503540039e-01
9.996345639228820801e-01
9.998418092727661133e-01
9.998629093170166016e-01
9.998043775558471680e-01
9.997354745864868164e-01
9.997235536575317383e-01
9.997127652168273926e-01
9.997091293334960938e-01
9.996447563171386719e-01
9.994187355041503906e-01
9.991662502288818359e-01
9.988728761672973633e-01
9.985237717628479004e-01
9.981268644332885742e-01
9.980182051658630371e-01
9.980566501617431641e-01
9.984448552131652832e-01
9.989250898361206055e-01
9.991221427917480469e-01
9.992651343345642090e-01
9.988459348678588867e-01
9.984955787658691406e-01
9.984609484672546387e-01
9.983567595481872559e-01
9.980975985527038574e-01
9.981139898300170898e-01
9.984807372093200684e-01
9.988405108451843262e-01
9.991941452026367188e-01
9.990628361701965332e-01
9.987192749977111816e-01
9.940268397331237793e-01
9.883903861045837402e-01
9.542702436447143555e-01
9.159501791000366211e-01
8.463723659515380859e-01
7.981709241867065430e-01
8.341668844223022461e-01
8.814198970794677734e-01
9.517600536346435547e-01
9.893337488174438477e-01
9.883337020874023438e-01
9.502236247062683105e-01
8.860420584678649902e-01
7.159782052040100098e-01
5.035752058029174805e-01
3.719438016414642334e-01
2.562443315982818604e-01
3.737841546535491943e-01
5.112011432647705078e-01
7.585744857788085938e-01
9.573976397514343262e-01
9.738371968269348145e-01
9.810389280319213867e-01
9.701753258705139160e-01
9.682940244674682617e-01
9.768384099006652832e-01
9.851732850074768066e-01
9.933418035507202148e-01
9.972866773605346680e-01
9.995182752609252930e-01
9.999284148216247559e-01
9.999843835830688477e-01
9.999421238899230957e-01
9.998914599418640137e-01
9.997926354408264160e-01
9.996803998947143555e-01
9.995177984237670898e-01
9.990485310554504395e-01
9.979529380798339844e-01
9.976137876510620117e-01
9.981878995895385742e-01
9.982253909111022949e-01
9.978690147399902344e-01
9.974201321601867676e-01
9.969329237937927246e-01
9.932763576507568359e-01
9.889277815818786621e-01
9.918885231018066406e-01
9.952054023742675781e-01
9.974709153175354004e-01
9.984838366508483887e-01
9.940041303634643555e-01
9.483950734138488770e-01
8.096106052398681641e-01
6.517708301544189453e-01
4.674889445304870605e-01
5.401051640510559082e-01
8.233734965324401855e-01
9.402343630790710449e-01
9.741812348365783691e-01
9.891983270645141602e-01
9.991163611412048340e-01
9.982759356498718262e-01
9.962167143821716309e-01
9.891034364700317383e-01
9.833047389984130859e-01
9.850200414657592773e-01
9.867153167724609375e-01
9.883716106414794922e-01
9.907985925674438477e-01
9.944623112678527832e-01
9.970932602882385254e-01
9.987122416496276855e-01
9.995279312133789062e-01
9.998559355735778809e-01
9.999491572380065918e-01
9.999603033065795898e-01
9.986178874969482422e-01
9.970535039901733398e-01
9.928321838378906250e-01
9.895288944244384766e-01
9.954018592834472656e-01
9.973713755607604980e-01
9.851240515708923340e-01
9.706290960311889648e-01
9.514977335929870605e-01
8.922809362411499023e-01
7.840715050697326660e-01
7.750074267387390137e-01
8.426080346107482910e-01
9.087432622909545898e-01
9.741091728210449219e-01
9.918693304061889648e-01
9.975422024726867676e-01
9.962804913520812988e-01
9.943891167640686035e-01
9.938533902168273926e-01
9.919021129608154297e-01
9.814888238906860352e-01
9.400614500045776367e-01
8.097270131111145020e-01
7.303195595741271973e-01
7.353215217590332031e-01
8.011962175369262695e-01
9.302242398262023926e-01
9.868484139442443848e-01
9.955471754074096680e-01
9.985308647155761719e-01
9.992772936820983887e-01
9.986976385116577148e-01
9.978471398353576660e-01
9.952591061592102051e-01
9.925207495689392090e-01
9.888745546340942383e-01
9.856032729148864746e-01
9.840927124023437500e-01
9.845477342605590820e-01
9.898704886436462402e-01
9.942089319229125977e-01
9.970465898513793945e-01
9.908510446548461914e-01
9.760363101959228516e-01
9.615010619163513184e-01
9.470770359039306641e-01
9.535593986511230469e-01
9.675773978233337402e-01
9.825820922851562500e-01
9.977277517318725586e-01
9.977712631225585938e-01
9.971909523010253906e-01
9.970918297767639160e-01
9.972128272056579590e-01
9.983168840408325195e-01
9.989759325981140137e-01
9.985579848289489746e-01
9.904334545135498047e-01
9.709594249725341797e-01
8.913792967796325684e-01
7.550349831581115723e-01
5.894415974617004395e-01
4.056418240070343018e-01
4.379126727581024170e-01
5.480393171310424805e-01
7.065695524215698242e-01
8.736492991447448730e-01
8.065233826637268066e-01
7.081015706062316895e-01
3.212781548500061035e-01
7.014338279986986890e-06
2.940066906376159750e-06
3.485332945217352911e-23
1.319350536889964330e-23
2.129407599568367004e-02
7.606367021799087524e-02
1.385121345520019531e-01
2.089868783950805664e-01
1.619014292955398560e-01
3.884134814143180847e-02
7.596371229737997055e-03
1.347879413515329361e-02
3.594979941844940186e-01
7.807796001434326172e-01
8.611548542976379395e-01
9.134674072265625000e-01
9.219612479209899902e-01
9.329878091812133789e-01
9.594796895980834961e-01
9.615259766578674316e-01
8.888635635375976562e-01
7.798926234245300293e-01
6.035917401313781738e-01
5.318930149078369141e-01
5.825448036193847656e-01
7.193605303764343262e-01
9.216453433036804199e-01
9.925934672355651855e-01
9.986382722854614258e-01
9.996119141578674316e-01
9.991252422332763672e-01
9.691473245620727539e-01
9.350783228874206543e-01
8.673553466796875000e-01
8.102939128875732422e-01
8.661668896675109863e-01
9.181963801383972168e-01
9.548438191413879395e-01
9.829748868942260742e-01
9.911501407623291016e-01
9.966549277305603027e-01
9.981766343116760254e-01
9.991126060485839844e-01
9.994764328002929688e-01
9.985359311103820801e-01
9.967609047889709473e-01
9.915583133697509766e-01
9.849575757980346680e-01
9.758718609809875488e-01
9.662469625473022461e-01
9.674578905105590820e-01
9.698218703269958496e-01
9.813923835754394531e-01
9.916031956672668457e-01
9.921258687973022461e-01
9.904048442840576172e-01
9.809673428535461426e-01
9.721828699111938477e-01
9.647924304008483887e-01
9.685676097869873047e-01
9.872002005577087402e-01
9.970509409904479980e-01
9.991735219955444336e-01
9.999707937240600586e-01
9.999938011169433594e-01
1.000000000000000000e+00
1.000000000000000000e+00
9.999995827674865723e-01
9.999990463256835938e-01
9.999980926513671875e-01
9.999970793724060059e-01
9.999943375587463379e-01
9.999878406524658203e-01
9.999560117721557617e-01
9.998943805694580078e-01
9.997332692146301270e-01
9.995469450950622559e-01
9.993085265159606934e-01
9.990875124931335449e-01
9.988898038864135742e-01
9.962571263313293457e-01
9.914789199829101562e-01
9.532142281532287598e-01
8.950666785240173340e-01
8.525437712669372559e-01
8.157656192779541016e-01
8.917545676231384277e-01
9.921033382415771484e-01
1.000000000000000000e+00
9.997351765632629395e-01
9.854006767272949219e-01
9.663488268852233887e-01
9.109197854995727539e-01
8.822452425956726074e-01
9.509436488151550293e-01
9.985529780387878418e-01
9.993765950202941895e-01
9.988527894020080566e-01
9.963726997375488281e-01
9.252761006355285645e-01
7.863422036170959473e-01
5.027735829353332520e-01
1.212358698248863220e-01
3.014223882928490639e-03
5.255051073618233204e-04
7.807624526321887970e-03
1.767457090318202972e-02
4.417112767696380615e-01
9.200744032859802246e-01
9.540731310844421387e-01
9.785519242286682129e-01
9.902623891830444336e-01
9.458767771720886230e-01
6.284313797950744629e-01
3.409431874752044678e-01
1.336305886507034302e-01
1.004839548841118813e-03
1.161289168521761894e-03
6.531584262847900391e-02
2.065386474132537842e-01
4.411017596721649170e-01
7.524977922439575195e-01
9.059110879898071289e-01
9.691414237022399902e-01
9.905633926391601562e-01
9.967557191848754883e-01
9.986602067947387695e-01
9.996599555015563965e-01
9.998405575752258301e-01
9.999458789825439453e-01
9.998924732208251953e-01
9.996278285980224609e-01
9.975230693817138672e-01
9.913875460624694824e-01
9.688431024551391602e-01
9.288327693939208984e-01
8.457930684089660645e-01
7.735688686370849609e-01
7.195118069648742676e-01
7.225992679595947266e-01
7.903742790222167969e-01
8.336293697357177734e-01
