1.324925720691680908e-01
3.350785970687866211e-01
6.174769997596740723e-01
5.699082612991333008e-01
5.525414347648620605e-01
6.441978812217712402e-01
8.540458679199218750e-01
9.833155870437622070e-01
9.992383122444152832e-01
9.999341368675231934e-01
9.999955296516418457e-01
9.999998807907104492e-01
9.999991059303283691e-01
9.999988675117492676e-01
9.999991655349731445e-01
9.999995827674865723e-01
9.999998211860656738e-01
9.999998211860656738e-01
9.999995827674865723e-01
9.999986886978149414e-01
9.999958872795104980e-01
9.999818801879882812e-01
9.998964667320251465e-01
9.997975826263427734e-01
9.998619556427001953e-01
9.999358057975769043e-01
9.999998211860656738e-01
9.999989867210388184e-01
9.999989271163940430e-01
9.999974966049194336e-01
9.999895095825195312e-01
9.995816946029663086e-01
9.990518093109130859e-01
9.985902309417724609e-01
9.990024566650390625e-01
9.995303153991699219e-01
9.996876120567321777e-01
9.983619451522827148e-01
9.943781495094299316e-01
9.854558110237121582e-01
8.698270320892333984e-01
7.149884104728698730e-01
5.270197987556457520e-01
7.065281271934509277e-01
8.866484761238098145e-01
9.712129235267639160e-01
9.910758733749389648e-01
9.986957907676696777e-01
9.997955560684204102e-01
9.999268054962158203e-01
9.999611973762512207e-01
9.999725818634033203e-01
9.999731779098510742e-01
9.997939467430114746e-01
9.994098544120788574e-01
9.993018507957458496e-01
9.994438886642456055e-01
9.998333454132080078e-01
9.998500347137451172e-01
9.992543458938598633e-01
9.981307983398437500e-01
9.978548288345336914e-01
9.985329508781433105e-01
9.999050498008728027e-01
9.999687075614929199e-01
9.999963641166687012e-01
9.999963641166687012e-01
9.999849796295166016e-01
9.995932579040527344e-01
9.987399578094482422e-01
9.962497353553771973e-01
9.967249035835266113e-01
9.987825155258178711e-01
9.996314644813537598e-01
9.999582767486572266e-01
9.999980330467224121e-01
9.999989867210388184e-01
9.999979138374328613e-01
9.999877214431762695e-01
9.999420046806335449e-01
9.998232126235961914e-01
9.993567466735839844e-01
9.976807832717895508e-01
9.977298378944396973e-01
9.984914660453796387e-01
9.993674159049987793e-01
9.993066787719726562e-01
9.981339573860168457e-01
9.946031570434570312e-01
9.942628145217895508e-01
9.952688217163085938e-01
9.971999526023864746e-01
9.988639950752258301e-01
9.999831318855285645e-01
9.999467134475708008e-01
9.942233562469482422e-01
9.217005372047424316e-01
7.019100785255432129e-01
4.901201128959655762e-01
3.755939900875091553e-01
4.579049050807952881e-01
6.870360970497131348e-01
8.863241672515869141e-01
9.728157520294189453e-01
9.928530454635620117e-01
9.986101388931274414e-01
9.993535876274108887e-01
9.994913339614868164e-01
9.993685483932495117e-01
9.989662766456604004e-01
9.989813566207885742e-01
9.992296099662780762e-01
9.997555613517761230e-01
9.997019767761230469e-01
9.996150135993957520e-01
9.995750784873962402e-01
9.997636079788208008e-01
9.998924732208251953e-01
9.999094009399414062e-01
9.998983740806579590e-01
9.999079704284667969e-01
9.999470710754394531e-01
9.999448657035827637e-01
9.996095895767211914e-01
9.988660216331481934e-01
9.959616065025329590e-01
9.894422292709350586e-01
9.787761569023132324e-01
7.888742685317993164e-01
7.037297487258911133e-01
7.438182234764099121e-01
8.716629743576049805e-01
9.581621289253234863e-01
9.978313446044921875e-01
9.994255304336547852e-01
9.999020099639892578e-01
9.997027516365051270e-01
9.998551011085510254e-01
9.999443888664245605e-01
9.999678134918212891e-01
9.997925758361816406e-01
9.985035061836242676e-01
9.961787462234497070e-01
9.971294999122619629e-01
9.982933998107910156e-01
9.996321797370910645e-01
9.998170733451843262e-01
9.996792674064636230e-01
9.992738366127014160e-01
9.996973276138305664e-01
9.966285228729248047e-01
9.830129742622375488e-01
7.501822113990783691e-01
4.393765628337860107e-01
8.071207255125045776e-02
2.049680650234222412e-01
5.247666239738464355e-01
9.910323619842529297e-01
9.971917271614074707e-01
9.999935030937194824e-01
9.999989271163940430e-01
9.999986290931701660e-01
9.999970793724060059e-01
9.999883770942687988e-01
9.998655319213867188e-01
9.998394846916198730e-01
9.995503425598144531e-01
9.929826855659484863e-01
8.979198932647705078e-01
7.246611118316650391e-01
4.322088360786437988e-01
2.924149930477142334e-01
2.996099889278411865e-01
7.250242829322814941e-01
9.452893137931823730e-01
9.994605779647827148e-01
9.997306466102600098e-01
9.997141361236572266e-01
9.994790554046630859e-01
9.994062781333923340e-01
9.995867609977722168e-01
9.999505281448364258e-01
9.999847412109375000e-01
9.999995827674865723e-01
9.999988675117492676e-01
9.999983906745910645e-01
9.999979138374328613e-01
9.999973177909851074e-01
9.999960660934448242e-01
9.999959468841552734e-01
9.999967813491821289e-01
9.999983310699462891e-01
9.999990463256835938e-01
9.999987483024597168e-01
9.999912381172180176e-01
9.999102950096130371e-01
9.997732043266296387e-01
9.997674226760864258e-01
9.998491406440734863e-01
1.000000000000000000e+00
1.000000000000000000e+00
9.998624920845031738e-01
9.996162652969360352e-01
9.997227191925048828e-01
9.998311400413513184e-01
9.999395012855529785e-01
9.999754428863525391e-01
9.999949336051940918e-01
9.999989867210388184e-01
9.999889731407165527e-01
9.999268054962158203e-01
9.998165369033813477e-01
9.998382925987243652e-01
9.998410344123840332e-01
9.998252987861633301e-01
9.998685717582702637e-01
9.999214410781860352e-01
9.999839067459106445e-01
9.999946951866149902e-01
1.000000000000000000e+00
9.999999403953552246e-01
9.999986290931701660e-01
9.999985098838806152e-01
9.999998211860656738e-01
9.999997615814208984e-01
9.999968409538269043e-01
9.999907612800598145e-01
9.997172951698303223e-01
9.974359273910522461e-01
9.927692413330078125e-01
9.918090701103210449e-01
9.920074343681335449e-01
9.934125542640686035e-01
9.907050728797912598e-01
9.921497106552124023e-01
9.994384050369262695e-01
9.980347156524658203e-01
9.961417913436889648e-01
9.945800304412841797e-01
9.974263906478881836e-01
9.995381236076354980e-01
9.998857975006103516e-01
9.999294281005859375e-01
9.998506307601928711e-01
9.996353983879089355e-01
9.971861243247985840e-01
9.809002280235290527e-01
9.416119456291198730e-01
8.950910568237304688e-01
8.779753446578979492e-01
9.166154861450195312e-01
9.651162028312683105e-01
9.988942146301269531e-01
9.998026490211486816e-01
9.999770522117614746e-01
9.999275207519531250e-01
9.997267723083496094e-01
9.990445375442504883e-01
9.986011385917663574e-01
9.989871978759765625e-01
9.979165792465209961e-01
9.815421700477600098e-01
9.269654750823974609e-01
6.155129671096801758e-01
2.755587399005889893e-01
7.107488065958023071e-02
1.049259528517723083e-01
2.948383092880249023e-01
7.291374802589416504e-01
9.148582220077514648e-01
9.895180463790893555e-01
9.970636963844299316e-01
9.994702935218811035e-01
9.996880292892456055e-01
9.996734261512756348e-01
9.997881054878234863e-01
9.995453357696533203e-01
9.973289370536804199e-01
8.947689533233642578e-01
7.215513586997985840e-01
4.373175501823425293e-01
4.210162460803985596e-01
5.587482452392578125e-01
7.091234326362609863e-01
8.388432860374450684e-01
9.462945461273193359e-01
9.702798724174499512e-01
9.864728450775146484e-01
9.965770840644836426e-01
9.988667368888854980e-01
9.999145865440368652e-01
9.999991059303283691e-01
9.999996423721313477e-01
9.999999403953552246e-01
1.000000000000000000e+00
9.999999403953552246e-01
9.999996423721313477e-01
9.999989867210388184e-01
9.999853372573852539e-01
9.998183846473693848e-01
9.994857311248779297e-01
9.983277320861816406e-01
9.977841377258300781e-01
9.980220198631286621e-01
9.989162087440490723e-01
9.995763897895812988e-01
9.998587369918823242e-01
9.999265670776367188e-01
9.999487996101379395e-01
9.999342560768127441e-01
9.999426007270812988e-01
9.999597072601318359e-01
9.999866485595703125e-01
9.999914765357971191e-01
9.999686479568481445e-01
9.998977780342102051e-01
9.998244047164916992e-01
9.997949004173278809e-01
9.998709559440612793e-01
9.999319314956665039e-01
9.999769926071166992e-01
9.999892711639404297e-01
9.999936819076538086e-01
9.999951124191284180e-01
9.999957084655761719e-01
9.999712109565734863e-01
9.983586668968200684e-01
9.902021884918212891e-01
9.476500153541564941e-01
8.946289420127868652e-01
8.722960948944091797e-01
9.191274046897888184e-01
9.942312836647033691e-01
9.981608390808105469e-01
9.997518658638000488e-01
9.998333454132080078e-01
9.998913407325744629e-01
9.999262690544128418e-01
9.999427199363708496e-01
9.999392032623291016e-01
9.991005063056945801e-01
9.973350167274475098e-01
9.807021021842956543e-01
9.690861105918884277e-01
9.626345038414001465e-01
9.824664592742919922e-01
9.953106045722961426e-01
9.990440011024475098e-01
9.989933371543884277e-01
9.983708858489990234e-01
9.973056912422180176e-01
9.957647919654846191e-01
9.934152960777282715e-01
9.898033738136291504e-01
9.633224606513977051e-01
8.479016423225402832e-01
5.624620914459228516e-01
2.384544759988784790e-01
1.997405663132667542e-03
3.718260850291699171e-04
1.453396292205866303e-09
6.805022060871124268e-02
3.401006758213043213e-01
6.886479258537292480e-01
9.883790612220764160e-01
9.924581646919250488e-01
9.953227639198303223e-01
9.973697662353515625e-01
9.980857372283935547e-01
9.985669851303100586e-01
9.989258646965026855e-01
9.993574023246765137e-01
9.992491006851196289e-01
9.987163543701171875e-01
9.974840879440307617e-01
9.970058202743530273e-01
9.971591830253601074e-01
9.978088140487670898e-01
9.983374476432800293e-01
9.987448453903198242e-01
9.943624734878540039e-01
9.465700387954711914e-01
8.467744588851928711e-01
9.243344068527221680e-01
9.839001893997192383e-01
9.979606866836547852e-01
9.991196990013122559e-01
9.987290501594543457e-01
9.986379742622375488e-01
9.989711046218872070e-01
9.990633130073547363e-01
9.984352588653564453e-01
9.973501563072204590e-01
9.965676665306091309e-01
9.970093965530395508e-01
9.981567859649658203e-01
9.993624091148376465e-01
9.998137354850769043e-01
9.999652504920959473e-01
9.999734163284301758e-01
9.999643564224243164e-01
9.999672174453735352e-01
9.999772906303405762e-01
9.999890327453613281e-01
9.999952912330627441e-01
9.999973177909851074e-01
9.999956488609313965e-01
9.999859929084777832e-01
9.999690651893615723e-01
9.999507069587707520e-01
9.999513626098632812e-01
9.999732971191406250e-01
9.999882578849792480e-01
9.999908208847045898e-01
9.999766945838928223e-01
9.998754858970642090e-01
9.997853636741638184e-01
9.997338056564331055e-01
9.994766712188720703e-01
9.870535731315612793e-01
9.473415613174438477e-01
4.610115289688110352e-01
6.354880042636068538e-06
1.387042743772326503e-06
0.000000000000000000e+00
1.206112870022479910e-06
7.521813131461385638e-06
3.665222525596618652e-01
8.605570793151855469e-01
9.588881731033325195e-01
9.985402226448059082e-01
9.995647668838500977e-01
9.991681575775146484e-01
9.983478784561157227e-01
9.971574544906616211e-01
9.947854876518249512e-01
7.666728496551513672e-01
2.984487414360046387e-01
1.041556373238563538e-01
3.504869937387411483e-06
3.756951855393708684e-06
5.705518722534179688e-01
9.814763069152832031e-01
9.889779686927795410e-01
9.668846130371093750e-01
9.413933753967285156e-01
9.219453930854797363e-01
9.543434977531433105e-01
9.914658069610595703e-01
9.939699172973632812e-01
9.946188330650329590e-01
9.949079751968383789e-01
9.971455931663513184e-01
9.837704300880432129e-01
9.171445369720458984e-01
4.892196059226989746e-01
4.136491715908050537e-01
5.992665290832519531e-01
8.490714430809020996e-01
9.761880636215209961e-01
9.870771765708923340e-01
9.940028190612792969e-01
9.984004497528076172e-01
9.997772574424743652e-01
9.998418688774108887e-01
9.992051124572753906e-01
9.976243376731872559e-01
9.861509799957275391e-01
9.780095815658569336e-01
9.812209606170654297e-01
9.902504682540893555e-01
9.927335977554321289e-01
9.696990251541137695e-01
8.056376576423645020e-01
5.918428897857666016e-01
4.147880673408508301e-01
4.504392147064208984e-01
6.104513406753540039e-01
8.145202398300170898e-01
9.326398968696594238e-01
9.847859144210815430e-01
9.926400184631347656e-01
9.973420500755310059e-01
9.988739490509033203e-01
9.991797208786010742e-01
9.994096159934997559e-01
9.996002316474914551e-01
9.997897148132324219e-01
9.999247193336486816e-01
9.999607801437377930e-01
9.998571872711181641e-01
9.996798634529113770e-01
9.993937015533447266e-01
9.990110993385314941e-01
9.988330006599426270e-01
9.995508790016174316e-01
9.990283846855163574e-01
9.979886412620544434e-01
9.975369572639465332e-01
9.980412125587463379e-01
9.991207718849182129e-01
9.990763068199157715e-01
9.888730645179748535e-01
9.693077206611633301e-01
9.426418542861938477e-01
9.342918395996093750e-01
9.487786293029785156e-01
9.721748828887939453e-01
9.783986806869506836e-01
9.537492394447326660e-01
9.527981281280517578e-01
9.639468789100646973e-01
9.928078055381774902e-01
9.858762025833129883e-01
9.676907658576965332e-01
9.517151713371276855e-01
9.694201350212097168e-01
9.990680813789367676e-01
9.997230768203735352e-01
9.999927282333374023e-01
9.999989867210388184e-01
9.999864101409912109e-01
9.997875094413757324e-01
9.994119405746459961e-01
9.985677599906921387e-01
9.978843331336975098e-01
9.974279999732971191e-01
9.978292584419250488e-01
9.985780119895935059e-01
9.997732639312744141e-01
9.940705299377441406e-01
9.738548398017883301e-01
9.186096787452697754e-01
7.575112581253051758e-01
6.204661726951599121e-01
7.569039463996887207e-01
8.675191402435302734e-01
9.564499855041503906e-01
9.798941612243652344e-01
9.916697740554809570e-01
9.926154017448425293e-01
9.019608497619628906e-01
5.909660458564758301e-01
3.650728985667228699e-02
2.511452976250438951e-06
0.000000000000000000e+00
0.000000000000000000e+00
0.000000000000000000e+00
2.545007760090811644e-09
1.084538325812900439e-08
3.128977715969085693e-01
6.704759001731872559e-01
8.422177433967590332e-01
8.055927157402038574e-01
6.541467308998107910e-01
4.070184528827667236e-01
3.759235441684722900e-01
5.031829476356506348e-01
7.596559524536132812e-01
9.216666221618652344e-01
9.883938431739807129e-01
9.961230158805847168e-01
9.991012811660766602e-01
9.994841217994689941e-01
9.875456690788269043e-01
7.777538299560546875e-01
1.477797180414199829e-01
1.938156317919492722e-03
2.766776496798684093e-08
1.300066827525370172e-07
1.865027844905853271e-01
4.570633769035339355e-01
7.033784985542297363e-01
8.539294600486755371e-01
9.350038766860961914e-01
9.714835286140441895e-01
9.925211071968078613e-01
9.978333115577697754e-01
9.982070922851562500e-01
9.874917268753051758e-01
9.607970714569091797e-01
8.840804100036621094e-01
8.209641575813293457e-01
8.074123859405517578e-01
8.773279190063476562e-01
9.589617848396301270e-01
9.868161678314208984e-01
9.976285099983215332e-01
9.994390606880187988e-01
9.982355833053588867e-01
9.955688714981079102e-01
9.919657111167907715e-01
9.960979223251342773e-01
9.985961914062500000e-01
9.992745518684387207e-01
9.983574748039245605e-01
9.972233176231384277e-01
9.959416985511779785e-01
9.894679188728332520e-01
9.518899917602539062e-01
8.361023664474487305e-01
5.781038403511047363e-01
3.706974685192108154e-01
6.438434123992919922e-01
7.692739963531494141e-01
7.635531425476074219e-01
2.442882806062698364e-01
2.253368438687175512e-05
4.210869235521386145e-07
1.674355153227224946e-04
1.695082187652587891e-01
5.636014342308044434e-01
8.270803689956665039e-01
9.762643575668334961e-01
9.272993803024291992e-01
6.188064813613891602e-01
2.765679955482482910e-01
7.602424174547195435e-02
5.996009800583124161e-03
1.384298811899498105e-04
9.840135317062959075e-05
2.944503794424235821e-04
7.441656198352575302e-04
4.951306153088808060e-03
1.243720427155494690e-01
3.745307326316833496e-01
2.453728765249252319e-01
1.235168054699897766e-01
7.699260115623474121e-02
1.263608783483505249e-01
2.555400431156158447e-01
5.515773296356201172e-01
7.556505203247070312e-01
8.957273960113525391e-01
8.925371170043945312e-01
8.997125625610351562e-01
9.142955541610717773e-01
9.372373223304748535e-01
9.602277874946594238e-01
9.832118749618530273e-01
9.926209449768066406e-01
9.959375262260437012e-01
9.908444285392761230e-01
9.670404195785522461e-01
8.941666483879089355e-01
6.995231509208679199e-01
3.486897349357604980e-01
1.719556050375103951e-03
4.851114354096353054e-04
4.459167257664375938e-07
1.887457631528377533e-02
3.851217329502105713e-01
6.984459161758422852e-01
9.584227204322814941e-01
9.826402068138122559e-01
9.880987405776977539e-01
9.869327545166015625e-01
9.840009808540344238e-01
9.826268553733825684e-01
9.863992333412170410e-01
9.892830252647399902e-01
9.915958046913146973e-01
9.927550554275512695e-01
9.918065667152404785e-01
9.874838590621948242e-01
9.429438114166259766e-01
9.380171298980712891e-01
9.742503166198730469e-01
9.862102866172790527e-01
9.475500583648681641e-01
8.278369903564453125e-01
8.751054406166076660e-01
9.468722343444824219e-01
9.823944568634033203e-01
9.952782988548278809e-01
9.981752038002014160e-01
9.986558556556701660e-01
9.990392923355102539e-01
9.993515014648437500e-01
9.995684027671813965e-01
9.993435740470886230e-01
9.986204504966735840e-01
9.923422336578369141e-01
9.906545877456665039e-01
9.983953833580017090e-01
1.000000000000000000e+00
9.994766712188720703e-01
9.972257614135742188e-01
9.964868426322937012e-01
9.967235922813415527e-01
9.988283514976501465e-01
9.998276829719543457e-01
9.999335408210754395e-01
9.998310804367065430e-01
9.995146393775939941e-01
9.989207386970520020e-01
9.935965538024902344e-01
9.873691797256469727e-01
9.806530475616455078e-01
9.820948839187622070e-01
9.867795109748840332e-01
9.938279390335083008e-01
9.976879954338073730e-01
9.995485544204711914e-01
9.998505115509033203e-01
1.000000000000000000e+00
1.000000000000000000e+00
9.992934465408325195e-01
9.933902621269226074e-01
9.791510701179504395e-01
9.646454453468322754e-01
9.567914009094238281e-01
9.682493805885314941e-01
9.407761693000793457e-01
9.012738466262817383e-01
8.949316740036010742e-01
9.218000769615173340e-01
9.737666249275207520e-01
9.887019395828247070e-01
9.973855018615722656e-01
9.981908798217773438e-01
9.990832209587097168e-01
9.997631311416625977e-01
9.999529123306274414e-01
9.996327161788940430e-01
9.992794394493103027e-01
9.995108842849731445e-01
9.997343420982360840e-01
9.999423027038574219e-01
9.999760389328002930e-01
9.999937415122985840e-01
9.999949932098388672e-01
9.999890923500061035e-01
9.998837113380432129e-01
9.996057152748107910e-01
9.897929430007934570e-01
9.780533313751220703e-01
9.678779244422912598e-01
9.710031747817993164e-01
9.779471158981323242e-01
9.608612656593322754e-01
9.187699556350708008e-01
8.552231788635253906e-01
8.630551695823669434e-01
8.957207798957824707e-01
9.617392420768737793e-01
9.820598363876342773e-01
9.917052984237670898e-01
9.963842034339904785e-01
9.987472295761108398e-01
9.999551177024841309e-01
9.999825358390808105e-01
9.999421834945678711e-01
9.998502135276794434e-01
9.996587038040161133e-01
9.993467330932617188e-01
9.988800883293151855e-01
9.980481266975402832e-01
9.973628520965576172e-01
9.971467256546020508e-01
9.978072047233581543e-01
9.987572431564331055e-01
9.995566010475158691e-01
9.999163150787353516e-01
9.999559521675109863e-01
9.992533326148986816e-01
9.878647327423095703e-01
9.638524651527404785e-01
9.310681819915771484e-01
9.145890474319458008e-01
9.346832633018493652e-01
9.634379148483276367e-01
9.904729723930358887e-01
9.969781637191772461e-01
9.996114969253540039e-01
9.996348023414611816e-01
9.958825707435607910e-01
9.741113185882568359e-01
9.320254921913146973e-01
8.819575309753417969e-01
8.786753416061401367e-01
9.720382094383239746e-01
9.971455931663513184e-01
9.999813437461853027e-01
9.999841451644897461e-01
9.999864101409912109e-01
9.999841451644897461e-01
9.998998641967773438e-01
9.993497729301452637e-01
9.982871413230895996e-01
9.945810437202453613e-01
9.904897212982177734e-01
9.861905574798583984e-01
9.641420245170593262e-01
9.296875596046447754e-01
8.657184839248657227e-01
8.655124902725219727e-01
9.059086441993713379e-01
9.610114693641662598e-01
9.927883148193359375e-01
9.984416961669921875e-01
9.993216395378112793e-01
9.983287453651428223e-01
9.945529103279113770e-01
7.260023951530456543e-01
3.841179609298706055e-01
1.092028766870498657e-01
4.195732827838583034e-08
2.018967643380165100e-05
6.971550174057483673e-04
1.816681474447250366e-01
5.780301094055175781e-01
8.211104273796081543e-01
9.783718585968017578e-01
9.886049628257751465e-01
9.930994510650634766e-01
9.951803684234619141e-01
9.954738616943359375e-01
9.958741664886474609e-01
9.963518381118774414e-01
9.970695376396179199e-01
9.953014850616455078e-01
9.902663230895996094e-01
8.906069397926330566e-01
7.472102642059326172e-01
5.322861671447753906e-01
4.477709233760833740e-01
4.256585836410522461e-01
4.568315744400024414e-01
4.436642229557037354e-01
3.948971629142761230e-01
5.934376716613769531e-01
7.828438878059387207e-01
9.504557251930236816e-01
9.548180699348449707e-01
9.095002412796020508e-01
8.187919259071350098e-01
8.574891686439514160e-01
9.530183672904968262e-01
9.746401309967041016e-01
9.151881933212280273e-01
7.791668772697448730e-01
5.756918787956237793e-01
5.034737586975097656e-01
6.733124852180480957e-01
8.474847674369812012e-01
9.886322617530822754e-01
9.956104159355163574e-01
9.987498521804809570e-01
9.995412230491638184e-01
9.996881484985351562e-01
9.979456663131713867e-01
9.940369725227355957e-01
9.708157181739807129e-01
9.403832554817199707e-01
8.992347121238708496e-01
8.673418164253234863e-01
8.440142273902893066e-01
8.499258756637573242e-01
8.865768313407897949e-01
9.463643431663513184e-01
9.686611294746398926e-01
9.835510849952697754e-01
9.882807731628417969e-01
9.886102676391601562e-01
9.818345308303833008e-01
9.563080668449401855e-01
8.836666941642761230e-01
7.833122611045837402e-01
6.401204466819763184e-01
6.556696891784667969e-01
8.258362412452697754e-01
9.308217167854309082e-01
9.970083832740783691e-01
9.993262290954589844e-01
9.995550513267517090e-01
9.986464977264404297e-01
9.955131411552429199e-01
9.918494820594787598e-01
9.880132079124450684e-01
9.943788051605224609e-01
9.976263046264648438e-01
9.968031644821166992e-01
9.980110526084899902e-01
9.992805123329162598e-01
9.997540116310119629e-01
9.999413490295410156e-01
9.999917149543762207e-01
9.999905228614807129e-01
9.999816417694091797e-01
9.999655485153198242e-01
9.999395012855529785e-01
9.998900294303894043e-01
9.997986555099487305e-01
9.997091889381408691e-01
9.996564388275146484e-01
9.997651576995849609e-01
9.998717308044433594e-01
9.999749660491943359e-01
9.999371170997619629e-01
9.990200400352478027e-01
9.969372749328613281e-01
9.376701712608337402e-01
8.663881421089172363e-01
7.911029458045959473e-01
7.649651765823364258e-01
7.477626204490661621e-01
5.829275250434875488e-01
4.284329414367675781e-01
2.845019698143005371e-01
3.912105858325958252e-01
5.741553306579589844e-01
8.657589554786682129e-01
9.050389528274536133e-01
8.300902247428894043e-01
6.091173887252807617e-01
4.357697963714599609e-01
2.980889081954956055e-01
4.201840758323669434e-01
5.975754857063293457e-01
8.523834943771362305e-01
9.510442018508911133e-01
9.996269345283508301e-01
9.998946189880371094e-01
9.998217821121215820e-01
9.993668794631958008e-01
9.952144026756286621e-01
9.900637865066528320e-01
9.837341904640197754e-01
9.922870993614196777e-01
9.998096823692321777e-01
9.993115663528442383e-01
9.921127557754516602e-01
9.758750796318054199e-01
9.099547863006591797e-01
8.214856386184692383e-01
7.122898697853088379e-01
6.313430666923522949e-01
5.812246203422546387e-01
5.866587162017822266e-01
3.224595785140991211e-01
2.380134724080562592e-02
7.466697134077548981e-03
3.009021747857332230e-04
5.122285529068903998e-06
5.098899360746145248e-03
1.692147552967071533e-01
5.791357755661010742e-01
8.255023360252380371e-01
9.884774684906005859e-01
9.937840104103088379e-01
9.907144308090209961e-01
9.828113317489624023e-01
9.827815294265747070e-01
9.858237504959106445e-01
9.927802085876464844e-01
9.962711930274963379e-01
9.985550045967102051e-01
9.991382360458374023e-01
9.995806813240051270e-01
9.999285936355590820e-01
9.999718666076660156e-01
9.999942183494567871e-01
9.999939203262329102e-01
9.999915957450866699e-01
9.999884963035583496e-01
9.999840855598449707e-01
9.999747872352600098e-01
9.999529719352722168e-01
9.998489022254943848e-01
9.963685870170593262e-01
9.897460341453552246e-01
9.833717942237854004e-01
9.811358451843261719e-01
9.872249364852905273e-01
9.933698773384094238e-01
9.987200498580932617e-01
9.992266297340393066e-01
9.995391368865966797e-01
9.996927380561828613e-01
9.996194839477539062e-01
9.995743632316589355e-01
9.995962977409362793e-01
9.996351599693298340e-01
9.914671182632446289e-01
9.439012408256530762e-01
6.145823001861572266e-01
7.858071476221084595e-02
2.016396224498748779e-01
4.129413068294525146e-01
7.443983554840087891e-01
8.309697508811950684e-01
8.407116532325744629e-01
8.002592921257019043e-01
8.149290084838867188e-01
8.662532567977905273e-01
9.386566877365112305e-01
9.842840433120727539e-01
9.910582900047302246e-01
9.918754100799560547e-01
9.924772977828979492e-01
9.973270297050476074e-01
9.994685053825378418e-01
9.999246597290039062e-01
9.999614357948303223e-01
9.999771118164062500e-01
9.999641776084899902e-01
9.999135732650756836e-01
9.997621774673461914e-01
9.993022680282592773e-01
9.955134391784667969e-01
9.898391366004943848e-01
9.850913286209106445e-01
9.847544431686401367e-01
9.900939464569091797e-01
9.948198199272155762e-01
9.981161355972290039e-01
9.972546696662902832e-01
9.959594607353210449e-01
9.936404228210449219e-01
9.738950729370117188e-01
8.145117163658142090e-01
4.802839159965515137e-01
2.021770179271697998e-01
7.490002317354083061e-04
2.801802183967083693e-04
7.352344691753387451e-03
3.125999122858047485e-02
3.161848783493041992e-01
5.920523405075073242e-01
8.571351766586303711e-01
9.458019733428955078e-01
9.898331165313720703e-01
9.954021573066711426e-01
9.976958632469177246e-01
9.981764554977416992e-01
9.983490705490112305e-01
9.984921216964721680e-01
9.985980987548828125e-01
9.986355900764465332e-01
9.986953139305114746e-01
9.988640546798706055e-01
9.987531900405883789e-01
9.984818696975708008e-01
9.981456995010375977e-01
9.896537661552429199e-01
9.705733656883239746e-01
9.577389955520629883e-01
9.523369073867797852e-01
9.675909876823425293e-01
9.752514958381652832e-01
9.782785177230834961e-01
9.761841893196105957e-01
9.772027134895324707e-01
9.824686646461486816e-01
9.699861407279968262e-01
9.416435360908508301e-01
8.700582981109619141e-01
8.199817538261413574e-01
7.845309376716613770e-01
8.517982959747314453e-01
9.150791168212890625e-01
9.724909663200378418e-01
9.897127151489257812e-01
9.929560422897338867e-01
9.801932573318481445e-01
9.463644623756408691e-01
8.980258107185363770e-01
8.629150390625000000e-01
8.527723550796508789e-01
8.822957873344421387e-01
9.235385060310363770e-01
9.630035161972045898e-01
9.782740473747253418e-01
9.814932942390441895e-01
9.755846858024597168e-01
7.337195873260498047e-01
5.343377590179443359e-01
4.282608032226562500e-01
6.221086382865905762e-01
8.834912776947021484e-01
9.576436877250671387e-01
9.936757683753967285e-01
9.970796704292297363e-01
9.940809607505798340e-01
9.895551204681396484e-01
9.828256964683532715e-01
9.627897739410400391e-01
9.436392784118652344e-01
9.719627499580383301e-01
9.899510741233825684e-01
9.978308677673339844e-01
9.854518175125122070e-01
9.578170180320739746e-01
8.986591696739196777e-01
8.817236423492431641e-01
8.885831832885742188e-01
9.471144676208496094e-01
9.831451773643493652e-01
9.934154748916625977e-01
9.948122501373291016e-01
9.943108558654785156e-01
9.924716353416442871e-01
9.935461878776550293e-01
9.962241649627685547e-01
9.983064532279968262e-01
9.993909597396850586e-01
9.991119503974914551e-01
9.904707074165344238e-01
9.108657240867614746e-01
5.613337159156799316e-01
2.665296494960784912e-01
9.185963310301303864e-03
1.929824589751660824e-03
2.789431619021343067e-06
6.031682914908742532e-06
6.560307741165161133e-02
2.123370915651321411e-01
6.958467364311218262e-01
9.444148540496826172e-01
9.954742789268493652e-01
9.989271759986877441e-01
9.983963966369628906e-01
9.969364404678344727e-01
9.929543733596801758e-01
9.817075133323669434e-01
9.116377234458923340e-01
8.194797635078430176e-01
7.035949230194091797e-01
6.301742792129516602e-01
6.012098193168640137e-01
6.808080077171325684e-01
8.013811707496643066e-01
9.405119419097900391e-01
9.771845340728759766e-01
9.987498521804809570e-01
9.996678829193115234e-01
9.997160434722900391e-01
9.946283698081970215e-01
9.693936705589294434e-01
9.209393262863159180e-01
8.558785915374755859e-01
8.825066685676574707e-01
9.233121275901794434e-01
9.843394160270690918e-01
9.999938011169433594e-01
9.999967813491821289e-01
9.999978542327880859e-01
9.999962449073791504e-01
9.999921321868896484e-01
9.990550875663757324e-01
9.967725276947021484e-01
9.913851022720336914e-01
9.927324652671813965e-01
9.972076416015625000e-01
9.988352060317993164e-01
9.992681145668029785e-01
9.981889724731445312e-01
9.959641098976135254e-01
9.941392540931701660e-01
9.946835041046142578e-01
9.965931773185729980e-01
9.994254708290100098e-01
9.989419579505920410e-01
9.979616403579711914e-01
9.962272047996520996e-01
9.928675889968872070e-01
9.897217750549316406e-01
9.916531443595886230e-01
9.941517114639282227e-01
9.971876740455627441e-01
9.987238645553588867e-01
9.997408986091613770e-01
9.998649358749389648e-01
9.997502565383911133e-01
9.994856119155883789e-01
9.986231327056884766e-01
9.985155463218688965e-01
9.994118213653564453e-01
9.997785091400146484e-01
9.999727010726928711e-01
9.999575018882751465e-01
9.999683499336242676e-01
9.999986886978149414e-01
9.995108246803283691e-01
9.987596869468688965e-01
9.975372552871704102e-01
9.973124861717224121e-01
9.975774884223937988e-01
9.987183213233947754e-01
9.832551479339599609e-01
9.498615264892578125e-01
4.763261973857879639e-01
5.488968268036842346e-02
1.804376579821109772e-02
1.424936205148696899e-01
3.650664687156677246e-01
7.539216876029968262e-01
9.959781765937805176e-01
9.989606142044067383e-01
9.998270869255065918e-01
9.999986290931701660e-01
9.999889731407165527e-01
9.999204277992248535e-01
9.997975230216979980e-01
9.998873472213745117e-01
9.999709129333496094e-01
9.999765157699584961e-01
9.999659657478332520e-01
9.999458789825439453e-01
9.998947381973266602e-01
9.998437762260437012e-01
9.997931718826293945e-01
9.998747110366821289e-01
9.999744296073913574e-01
9.999913573265075684e-01
9.999992847442626953e-01
9.999997019767761230e-01
9.999995231628417969e-01
9.999994635581970215e-01
9.999998807907104492e-01
9.999998807907104492e-01
9.999994039535522461e-01
9.999932050704956055e-01
9.998649954795837402e-01
9.995775222778320312e-01
9.912380576133728027e-01
9.636837244033813477e-01
8.596800565719604492e-01
8.609072566032409668e-01
9.441443681716918945e-01
9.774971008300781250e-01
9.980175495147705078e-01
9.976825714111328125e-01
9.651231765747070312e-01
8.959283232688903809e-01
5.089446306228637695e-01
4.843972325325012207e-01
9.204705357551574707e-01
9.543371200561523438e-01
9.073739051818847656e-01
8.981001973152160645e-01
9.281378388404846191e-01
9.885668158531188965e-01
9.879308938980102539e-01
9.832118749618530273e-01
9.781737327575683594e-01
9.082355499267578125e-01
7.839687466621398926e-01
2.831583917140960693e-01
6.133068382041528821e-05
9.865172614809125662e-06
5.670193203854978492e-09
6.747834384441375732e-02
4.360426366329193115e-01
7.289804816246032715e-01
9.614548087120056152e-01
9.906717538833618164e-01
9.970518350601196289e-01
9.872359037399291992e-01
9.318386912345886230e-01
8.467148542404174805e-01
5.980632901191711426e-01
3.958557844161987305e-01
2.593911588191986084e-01
2.962394952774047852e-01
3.956810534000396729e-01
5.794635415077209473e-01
6.616987586021423340e-01
6.545546650886535645e-01
5.212681889533996582e-01
4.210793375968933105e-01
4.434814453125000000e-01
6.139435768127441406e-01
8.630208373069763184e-01
9.461141824722290039e-01
9.852214455604553223e-01
9.541719555854797363e-01
9.703249335289001465e-01
9.979125857353210449e-01
9.991272687911987305e-01
9.987791776657104492e-01
9.968441724777221680e-01
9.710019826889038086e-01
9.373116493225097656e-01
8.901357650756835938e-01
9.167446494102478027e-01
9.913606643676757812e-01
9.971832633018493652e-01
9.998152852058410645e-01
9.999039173126220703e-01
9.990092515945434570e-01
9.836493134498596191e-01
8.029414415359497070e-01
5.797669887542724609e-01
3.039049208164215088e-01
3.483341038227081299e-01
5.031787753105163574e-01
8.273795843124389648e-01
9.783051609992980957e-01
9.891348481178283691e-01
9.741448760032653809e-01
9.609578847885131836e-01
9.578530788421630859e-01
9.677068591117858887e-01
9.842626452445983887e-01
9.933921694755554199e-01
9.991536140441894531e-01
9.995720386505126953e-01
9.977850317955017090e-01
9.728420972824096680e-01
7.841740250587463379e-01
4.825123548507690430e-01
6.124790385365486145e-02
1.472036112660146320e-15
3.945878241211175919e-03
2.181875519454479218e-02
3.761304616928100586e-01
9.691951274871826172e-01
9.954071640968322754e-01
9.871495962142944336e-01
9.672861099243164062e-01
9.481436014175415039e-01
9.304590821266174316e-01
9.370746612548828125e-01
9.363623857498168945e-01
9.250647425651550293e-01
9.189766645431518555e-01
9.158169031143188477e-01
9.213971495628356934e-01
9.400637745857238770e-01
9.716664552688598633e-01
9.827964901924133301e-01
9.802765250205993652e-01
9.426431059837341309e-01
6.387343406677246094e-01
1.520253121852874756e-01
9.187965095043182373e-02
2.139055579900741577e-01
6.822353601455688477e-01
8.991523981094360352e-01
9.942415952682495117e-01
9.934574365615844727e-01
9.933584928512573242e-01
9.942561984062194824e-01
9.966384172439575195e-01
9.991598129272460938e-01
9.997045397758483887e-01
9.999859333038330078e-01
9.999973773956298828e-01
9.999995231628417969e-01
9.999997615814208984e-01
9.999988079071044922e-01
9.999878406524658203e-01
9.999696612358093262e-01
9.996423125267028809e-01
9.993190169334411621e-01
9.990529417991638184e-01
9.990205168724060059e-01
9.991088509559631348e-01
9.992071390151977539e-01
9.993518590927124023e-01
9.995717406272888184e-01
9.997271895408630371e-01
9.998509287834167480e-01
9.998948574066162109e-01
9.999251961708068848e-01
9.999395012855529785e-01
9.999650120735168457e-01
9.999886155128479004e-01
9.999922513961791992e-01
9.999900460243225098e-01
9.999828934669494629e-01
9.999914765357971191e-01
9.999992251396179199e-01
9.999994039535522461e-01
9.999442100524902344e-01
9.998546838760375977e-01
9.788004159927368164e-01
8.540919423103332520e-01
5.241022706031799316e-01
2.637336254119873047e-01
4.607897251844406128e-02
5.948740616440773010e-02
2.401945441961288452e-01
6.659915447235107422e-01
8.682295083999633789e-01
9.857713580131530762e-01
9.922074079513549805e-01
9.968346357345581055e-01
9.994865655899047852e-01
9.999181032180786133e-01
9.997395277023315430e-01
9.988498091697692871e-01
9.984345436096191406e-01
9.984106421470642090e-01
9.988746643066406250e-01
9.993048310279846191e-01
9.994854927062988281e-01
9.996220469474792480e-01
9.997308850288391113e-01
9.976277351379394531e-01
9.962813854217529297e-01
9.966659545898437500e-01
9.979097843170166016e-01
9.995111823081970215e-01
9.998084902763366699e-01
9.999914169311523438e-01
9.999954104423522949e-01
9.975986480712890625e-01
9.676121473312377930e-01
6.945557594299316406e-01
5.000008940696716309e-01
4.004136621952056885e-01
3.740947246551513672e-01
3.717923462390899658e-01
4.035481810569763184e-01
5.135067105293273926e-01
6.980909705162048340e-01
8.636241555213928223e-01
9.902291297912597656e-01
9.888509511947631836e-01
9.608367085456848145e-01
9.128899574279785156e-01
8.314913511276245117e-01
7.731062769889831543e-01
7.809934020042419434e-01
8.336082100868225098e-01
9.125425219535827637e-01
9.068043828010559082e-01
8.826469779014587402e-01
8.247277736663818359e-01
8.394047021865844727e-01
8.828778266906738281e-01
8.113190531730651855e-01
6.738578677177429199e-01
4.330745339393615723e-01
3.419813811779022217e-01
3.337070345878601074e-01
6.216906905174255371e-01
8.226774930953979492e-01
9.149581789970397949e-01
9.435252547264099121e-01
9.573821425437927246e-01
9.818863272666931152e-01
9.957934617996215820e-01
9.988546371459960938e-01
9.995481371879577637e-01
9.972816109657287598e-01
9.845629930496215820e-01
6.584625840187072754e-01
6.951598823070526123e-02
5.038046743720769882e-03
3.696575015783309937e-02
1.735481768846511841e-01
5.019060373306274414e-01
9.616104364395141602e-01
9.881442785263061523e-01
9.864351749420166016e-01
9.812236428260803223e-01
9.818483591079711914e-01
9.857907295227050781e-01
9.914697408676147461e-01
9.946555495262145996e-01
9.927828311920166016e-01
9.899044036865234375e-01
9.865941405296325684e-01
9.846606850624084473e-01
9.821526408195495605e-01
9.786998033523559570e-01
9.655802249908447266e-01
9.477755427360534668e-01
9.169049263000488281e-01
9.067708849906921387e-01
9.256370663642883301e-01
9.169000387191772461e-01
8.798462748527526855e-01
6.807895898818969727e-01
4.150166511535644531e-01
6.998797506093978882e-02
6.627536495216190815e-04
1.718338467071589548e-06
1.345810869679553434e-05
2.168583273887634277e-01
6.566199660301208496e-01
8.462033271789550781e-01
9.629838466644287109e-01
9.705232381820678711e-01
9.807922244071960449e-01
9.934679269790649414e-01
9.975053071975708008e-01
9.997270703315734863e-01
9.999167323112487793e-01
9.999976158142089844e-01
9.999933838844299316e-01
9.999925494194030762e-01
9.999918937683105469e-01
9.999907016754150391e-01
9.999830722808837891e-01
9.999710917472839355e-01
9.999639391899108887e-01
9.999611377716064453e-01
9.999684095382690430e-01
9.999721050262451172e-01
9.999737143516540527e-01
9.999350309371948242e-01
9.998732805252075195e-01
9.997631311416625977e-01
9.997701644897460938e-01
9.998394250869750977e-01
9.999279379844665527e-01
9.999365806579589844e-01
9.997881650924682617e-01
9.998368620872497559e-01
9.999753832817077637e-01
9.999861717224121094e-01
9.999938607215881348e-01
9.999962449073791504e-01
9.999981522560119629e-01
9.999998211860656738e-01
9.999997615814208984e-01
9.999936819076538086e-01
9.999780654907226562e-01
9.996285438537597656e-01
9.989212751388549805e-01
9.950466156005859375e-01
9.899785518646240234e-01
9.831833839416503906e-01
8.543110489845275879e-01
6.685516238212585449e-01
3.189176619052886963e-01
9.278254210948944092e-02
3.051952645182609558e-02
2.602278999984264374e-02
5.141926556825637817e-02
1.787106692790985107e-01
2.411192059516906738e-01
2.236727178096771240e-01
1.975504308938980103e-01
2.185904383659362793e-01
5.845129489898681641e-01
8.161365389823913574e-01
8.922729492187500000e-01
8.429516553878784180e-01
7.330404520034790039e-01
4.420788884162902832e-01
2.072352916002273560e-01
3.352698683738708496e-02
8.463988197036087513e-04
2.445892446911734908e-12
8.239043128299705643e-13
2.427150321004933886e-11
7.359972353793153843e-11
1.002344209700822830e-02
1.112774983048439026e-01
6.631129384040832520e-01
9.569064378738403320e-01
9.938620328903198242e-01
9.998903274536132812e-01
9.998968839645385742e-01
9.998800158500671387e-01
9.998803734779357910e-01
9.998973608016967773e-01
9.999312162399291992e-01
9.974741935729980469e-01
9.839172363281250000e-01
9.389066696166992188e-01
8.647092580795288086e-01
8.425980806350708008e-01
8.486294746398925781e-01
9.372001290321350098e-01
9.829647541046142578e-01
9.895871281623840332e-01
9.926446080207824707e-01
9.945178627967834473e-01
9.939340949058532715e-01
9.792659282684326172e-01
9.519067406654357910e-01
8.752793669700622559e-01
7.877478003501892090e-01
6.878123283386230469e-01
6.444182395935058594e-01
6.512282490730285645e-01
7.534506320953369141e-01
8.381260037422180176e-01
7.888955473899841309e-01
5.282602906227111816e-01
7.892680913209915161e-02
7.920063100755214691e-03
9.471085406326089665e-35
3.041372088519666229e-35
0.000000000000000000e+00
0.000000000000000000e+00
7.559065373641260521e-09
8.119812607765197754e-02
5.016395449638366699e-01
7.170239686965942383e-01
7.473172545433044434e-01
7.570161819458007812e-01
7.636609673500061035e-01
7.719910740852355957e-01
6.902428269386291504e-01
5.249580740928649902e-01
4.122782051563262939e-01
3.531566262245178223e-01
4.938395023345947266e-01
6.835284233093261719e-01
9.201122522354125977e-01
9.711182117462158203e-01
9.847784638404846191e-01
9.873300790786743164e-01
9.690743088722229004e-01
9.302735328674316406e-01
8.692306876182556152e-01
8.302524089813232422e-01
9.267988204956054688e-01
9.826544523239135742e-01
9.964267611503601074e-01
9.993077516555786133e-01
9.997227191925048828e-01
9.997084736824035645e-01
9.996969103813171387e-01
9.996884465217590332e-01
9.994460940361022949e-01
9.988377094268798828e-01
9.962635040283203125e-01
9.929754137992858887e-01
9.888656139373779297e-01
9.909530878067016602e-01
9.939287304878234863e-01
9.917147159576416016e-01
9.389351010322570801e-01
8.239380717277526855e-01
5.547651648521423340e-01
2.642363309860229492e-01
1.747698187828063965e-01
3.214652836322784424e-01
7.825515866279602051e-01
9.359713792800903320e-01
9.859600067138671875e-01
9.947877526283264160e-01
9.987742304801940918e-01
9.957814812660217285e-01
9.962022304534912109e-01
9.966864585876464844e-01
9.800850749015808105e-01
8.755160570144653320e-01
6.322627663612365723e-01
7.105001807212829590e-01
9.119011759757995605e-01
9.629517197608947754e-01
9.963023066520690918e-01
9.986283779144287109e-01
9.927112460136413574e-01
9.812747240066528320e-01
8.411893844604492188e-01
7.940362095832824707e-01
9.285594224929809570e-01
9.842400550842285156e-01
9.998273253440856934e-01
9.794269204139709473e-01
9.523979425430297852e-01
9.116617441177368164e-01
8.764114975929260254e-01
8.443744182586669922e-01
7.785418629646301270e-01
7.585202455520629883e-01
8.588290214538574219e-01
9.342330694198608398e-01
9.932414293289184570e-01
9.979048967361450195e-01
9.967141151428222656e-01
9.905040860176086426e-01
9.844305515289306641e-01
9.784707427024841309e-01
9.878985285758972168e-01
9.969165921211242676e-01
9.983476996421813965e-01
9.993258118629455566e-01
9.999191164970397949e-01
1.000000000000000000e+00
1.000000000000000000e+00
1.000000000000000000e+00
9.996211528778076172e-01
9.988731741905212402e-01
9.988104701042175293e-01
9.989495277404785156e-01
9.994257688522338867e-01
9.997478127479553223e-01
9.998947978019714355e-01
9.999523758888244629e-01
9.999816417694091797e-01
9.999738335609436035e-01
9.999473690986633301e-01
9.998963475227355957e-01
9.995712041854858398e-01
9.989727139472961426e-01
9.959459900856018066e-01
9.947491288185119629e-01
9.964248538017272949e-01
9.982143044471740723e-01
1.000000000000000000e+00
1.000000000000000000e+00
9.981088042259216309e-01
9.926678538322448730e-01
9.877258539199829102e-01
9.830337166786193848e-01
9.853461980819702148e-01
9.886912703514099121e-01
9.941433668136596680e-01
9.975341558456420898e-01
9.996703863143920898e-01
9.996193051338195801e-01
9.946752190589904785e-01
9.759878516197204590e-01
8.682790398597717285e-01
6.944527029991149902e-01
6.862207651138305664e-01
7.233033180236816406e-01
8.549888730049133301e-01
9.424002766609191895e-01
9.899098873138427734e-01
9.932488203048706055e-01
9.900245666503906250e-01
9.955112338066101074e-01
9.979259371757507324e-01
9.969626069068908691e-01
9.965856671333312988e-01
9.965993762016296387e-01
9.985808730125427246e-01
9.997888207435607910e-01
9.999369382858276367e-01
9.999456405639648438e-01
9.998687505722045898e-01
9.991517066955566406e-01
9.976307153701782227e-01
9.947264194488525391e-01
9.917245507240295410e-01
9.886735677719116211e-01
9.917037487030029297e-01
9.938041567802429199e-01
9.938384294509887695e-01
9.929843544960021973e-01
9.915971755981445312e-01
9.827427268028259277e-01
9.698592424392700195e-01
9.464974403381347656e-01
9.078210592269897461e-01
8.573574423789978027e-01
6.958084106445312500e-01
4.898373484611511230e-01
1.617444604635238647e-01
0.000000000000000000e+00
0.000000000000000000e+00
1.223280662556629553e-14
9.879498742520809174e-03
8.331845700740814209e-02
3.528213202953338623e-01
8.668450117111206055e-01
9.949085116386413574e-01
9.994890093803405762e-01
9.990897178649902344e-01
9.921315908432006836e-01
9.744443893432617188e-01
9.677850604057312012e-01
9.658968448638916016e-01
9.232097268104553223e-01
8.559952378273010254e-01
7.350667119026184082e-01
7.573009729385375977e-01
8.648715615272521973e-01
9.343693852424621582e-01
9.812139272689819336e-01
9.668738245964050293e-01
9.305549860000610352e-01
8.767961859703063965e-01
8.646132349967956543e-01
7.702912092208862305e-01
2.611547708511352539e-01
1.033286844176473096e-05
1.753429614836932160e-06
1.579236602600175843e-10
5.913156655878992751e-06
6.241133087314665318e-05
1.065918896347284317e-02
3.610410541296005249e-02
2.464832924306392670e-02
3.661430440843105316e-03
1.133867800235748291e-01
3.426479697227478027e-01
8.023591637611389160e-01
9.695062041282653809e-01
9.783987402915954590e-01
7.967965006828308105e-01
5.543237328529357910e-01
1.662288010120391846e-01
1.742486432920742345e-10
1.882967393118661903e-11
7.624498981467366497e-31
8.086269721388816833e-03
5.127469077706336975e-02
3.411146402359008789e-01
8.831956982612609863e-01
9.948040246963500977e-01
9.989734292030334473e-01
9.960812926292419434e-01
9.939211010932922363e-01
9.927963614463806152e-01
9.945839643478393555e-01
9.974569678306579590e-01
9.986369609832763672e-01
9.978851675987243652e-01
9.932345151901245117e-01
9.861270785331726074e-01
9.776335954666137695e-01
9.818064570426940918e-01
9.872592687606811523e-01
9.942737221717834473e-01
9.945052862167358398e-01
9.892820119857788086e-01
9.859916567802429199e-01
9.847495555877685547e-01
9.923977851867675781e-01
9.966203570365905762e-01
9.969221353530883789e-01
9.831895828247070312e-01
9.630826115608215332e-01
9.154185056686401367e-01
9.083232879638671875e-01
9.680404067039489746e-01
9.899979233741760254e-01
9.943103194236755371e-01
9.941265583038330078e-01
9.943266510963439941e-01
9.956431984901428223e-01
9.974710941314697266e-01
9.996510148048400879e-01
9.998950958251953125e-01
9.999037384986877441e-01
9.998858571052551270e-01
9.998638033866882324e-01
9.998376965522766113e-01
9.995106458663940430e-01
9.990877509117126465e-01
9.984903931617736816e-01
9.983136653900146484e-01
9.987590909004211426e-01
9.980659484863281250e-01
9.968461394309997559e-01
9.890463352203369141e-01
9.772529602050781250e-01
9.565127491950988770e-01
9.333311915397644043e-01
9.085552692413330078e-01
9.034206271171569824e-01
8.950469493865966797e-01
8.671336770057678223e-01
8.720244169235229492e-01
9.086312055587768555e-01
9.392027854919433594e-01
9.661821126937866211e-01
9.752764701843261719e-01
9.842461943626403809e-01
9.930456876754760742e-01
9.974026679992675781e-01
9.999173879623413086e-01
9.999653697013854980e-01
9.999887347221374512e-01
9.999566674232482910e-01
9.996312856674194336e-01
9.991155862808227539e-01
9.962856769561767578e-01
9.935518503189086914e-01
9.921713471412658691e-01
9.707756042480468750e-01
9.293803572654724121e-01
9.423432350158691406e-01
9.680463671684265137e-01
9.838591814041137695e-01
9.942492842674255371e-01
9.963269829750061035e-01
9.979043602943420410e-01
9.992584586143493652e-01
9.985761642456054688e-01
9.934968948364257812e-01
9.775533080101013184e-01
8.650106191635131836e-01
6.832622885704040527e-01
4.235174357891082764e-01
2.825790047645568848e-01
7.515953779220581055e-01
9.521556496620178223e-01
8.504394292831420898e-01
8.737805485725402832e-01
9.334228038787841797e-01
9.656983017921447754e-01
9.879337549209594727e-01
9.921748638153076172e-01
9.952200055122375488e-01
9.976269006729125977e-01
9.979050159454345703e-01
9.975600242614746094e-01
9.956279993057250977e-01
9.835377335548400879e-01
9.627403616905212402e-01
8.724645376205444336e-01
7.652444839477539062e-01
6.379002928733825684e-01
6.359823942184448242e-01
8.082624077796936035e-01
7.414698600769042969e-01
5.777579545974731445e-01
3.476920127868652344e-01
2.459241896867752075e-01
4.445596039295196533e-01
6.799086332321166992e-01
9.404432773590087891e-01
9.850302338600158691e-01
9.988920092582702637e-01
9.995443820953369141e-01
9.999052286148071289e-01
9.999371170997619629e-01
9.999481439590454102e-01
9.999513626098632812e-01
9.999336004257202148e-01
9.999153614044189453e-01
9.998963475227355957e-01
9.999306797981262207e-01
9.999954700469970703e-01
9.996326565742492676e-01
9.991856217384338379e-01
9.985557198524475098e-01
9.984568953514099121e-01
9.988626837730407715e-01
9.994345307350158691e-01
9.999901652336120605e-01
9.999954700469970703e-01
9.999854564666748047e-01
9.999508857727050781e-01
9.998791813850402832e-01
9.997894167900085449e-01
9.997871518135070801e-01
9.998036026954650879e-01
9.998654127120971680e-01
9.999065995216369629e-01
9.999305009841918945e-01
9.999564886093139648e-01
9.999811649322509766e-01
9.999930262565612793e-01
9.999986886978149414e-01
9.999954104423522949e-01
9.999839067459106445e-01
9.999688863754272461e-01
9.996830821037292480e-01
9.992713928222656250e-01
9.985385537147521973e-01
9.981230497360229492e-01
9.979523420333862305e-01
9.983878731727600098e-01
9.988305568695068359e-01
9.986819028854370117e-01
9.960219860076904297e-01
9.900171756744384766e-01
9.348459243774414062e-01
8.606729507446289062e-01
8.460766673088073730e-01
8.636026978492736816e-01
9.594194889068603516e-01
1.000000000000000000e+00
1.000000000000000000e+00
9.003583788871765137e-01
8.170354962348937988e-01
9.173630475997924805e-01
9.803162813186645508e-01
9.945565462112426758e-01
9.981866478919982910e-01
9.977228045463562012e-01
9.986592531204223633e-01
9.993856549263000488e-01
9.996025562286376953e-01
9.984526634216308594e-01
9.963088035583496094e-01
9.864677190780639648e-01
9.777172207832336426e-01
9.823969602584838867e-01
9.870873689651489258e-01
9.917916655540466309e-01
9.957605600357055664e-01
9.994394183158874512e-01
9.997677206993103027e-01
9.998552799224853516e-01
9.993417263031005859e-01
9.990254044532775879e-01
9.988607764244079590e-01
9.993931055068969727e-01
9.999647140502929688e-01
9.999856352806091309e-01
9.999982118606567383e-01
9.999990463256835938e-01
9.999976754188537598e-01
9.999954104423522949e-01
9.998686909675598145e-01
9.997106790542602539e-01
9.994712471961975098e-01
9.993425607681274414e-01
9.993064403533935547e-01
9.994851350784301758e-01
9.997047781944274902e-01
9.998882412910461426e-01
9.999330639839172363e-01
9.997615814208984375e-01
9.981203079223632812e-01
9.957610964775085449e-01
9.768882393836975098e-01
9.330038428306579590e-01
8.102317452430725098e-01
6.402662992477416992e-01
4.258025288581848145e-01
4.726650714874267578e-01
5.949288606643676758e-01
8.147391080856323242e-01
9.639590978622436523e-01
9.849724769592285156e-01
9.926890134811401367e-01
9.927561283111572266e-01
9.823683500289916992e-01
9.676943421363830566e-01
9.393382668495178223e-01
9.453732371330261230e-01
9.892756938934326172e-01
9.994999766349792480e-01
9.905773401260375977e-01
7.429826259613037109e-01
4.838002026081085205e-01
2.000814974308013916e-01
7.626621425151824951e-02
6.350779533386230469e-02
3.716799616813659668e-01
7.033069729804992676e-01
8.843194842338562012e-01
9.911985993385314941e-01
9.975938796997070312e-01
9.992087483406066895e-01
9.987965226173400879e-01
9.557377099990844727e-01
7.898660302162170410e-01
2.748879194259643555e-01
3.346110284328460693e-01
8.946234583854675293e-01
1.000000000000000000e+00
9.495369195938110352e-01
3.697201907634735107e-01
1.221851166337728500e-02
4.578720033168792725e-02
3.596940934658050537e-01
8.319206237792968750e-01
9.373899102210998535e-01
9.946349859237670898e-01
9.923765659332275391e-01
9.917755722999572754e-01
9.930657744407653809e-01
9.945725798606872559e-01
9.960544109344482422e-01
9.917079210281372070e-01
9.785206317901611328e-01
9.438582658767700195e-01
9.468466639518737793e-01
9.787829518318176270e-01
9.917488694190979004e-01
9.973198771476745605e-01
9.737564921379089355e-01
9.223572611808776855e-01
8.269283175468444824e-01
6.523638367652893066e-01
4.375967681407928467e-01
3.668506145477294922e-01
3.892148137092590332e-01
7.259171009063720703e-01
9.263914823532104492e-01
9.808623790740966797e-01
9.962580800056457520e-01
9.989698529243469238e-01
9.993712902069091797e-01
9.996392130851745605e-01
9.995939135551452637e-01
9.995808005332946777e-01
9.995918273925781250e-01
9.997510313987731934e-01
9.999220967292785645e-01
9.999703764915466309e-01
1.000000000000000000e+00
1.000000000000000000e+00
9.999939203262329102e-01
9.999846220016479492e-01
9.999567866325378418e-01
9.998673200607299805e-01
9.995393157005310059e-01
9.991409182548522949e-01
9.986629486083984375e-01
9.985897541046142578e-01
9.986505508422851562e-01
9.981642365455627441e-01
9.978387355804443359e-01
9.979241490364074707e-01
9.983932971954345703e-01
9.991738796234130859e-01
9.993278980255126953e-01
9.993597269058227539e-01
9.995286464691162109e-01
9.920059442520141602e-01
9.709346294403076172e-01
9.234261512756347656e-01
8.605056405067443848e-01
8.752036094665527344e-01
9.035998582839965820e-01
9.569732546806335449e-01
9.902468919754028320e-01
9.975100159645080566e-01
9.997221827507019043e-01
9.998055696487426758e-01
9.997875094413757324e-01
9.995980262756347656e-01
9.988747835159301758e-01
9.926674365997314453e-01
9.811674356460571289e-01
8.852777481079101562e-01
7.644556164741516113e-01
6.299573779106140137e-01
5.724532604217529297e-01
6.854599118232727051e-01
8.198476433753967285e-01
9.699063301086425781e-01
9.842464327812194824e-01
9.555262923240661621e-01
7.823982834815979004e-01
5.935428738594055176e-01
3.783871233463287354e-01
2.766247093677520752e-01
2.387306541204452515e-01
1.528957188129425049e-01
7.015758007764816284e-02
2.644933760166168213e-02
2.232957929372787476e-01
7.310712337493896484e-01
9.288076162338256836e-01
9.959275126457214355e-01
9.988655447959899902e-01
9.994667768478393555e-01
9.996601343154907227e-01
9.998211860656738281e-01
9.999493956565856934e-01
9.999607205390930176e-01
9.997619986534118652e-01
9.917849302291870117e-01
9.071936011314392090e-01
6.317284107208251953e-01
5.700883865356445312e-01
6.834530234336853027e-01
8.402513265609741211e-01
9.937872886657714844e-01
9.941131472587585449e-01
9.946917295455932617e-01
9.957601428031921387e-01
9.960805177688598633e-01
9.959064126014709473e-01
9.964773058891296387e-01
9.956363439559936523e-01
9.841911792755126953e-01
7.896611094474792480e-01
3.071835637092590332e-01
8.662830293178558350e-02
7.038569543510675430e-03
5.236591732682427391e-06
2.528692036867141724e-02
1.703570187091827393e-01
3.251764476299285889e-01
4.926231205463409424e-01
5.111321210861206055e-01
4.648121893405914307e-01
3.474792242050170898e-01
2.215897738933563232e-01
7.618678361177444458e-02
5.969519770587794483e-05
1.240724759554723278e-05
6.516025111918793481e-30
1.535367300772856379e-29
8.994331892608897761e-07
5.648366734385490417e-02
2.771479785442352295e-01
5.405916571617126465e-01
8.442553877830505371e-01
7.043786048889160156e-01
4.463880360126495361e-01
4.450272023677825928e-01
4.104464352130889893e-01
2.966028153896331787e-01
1.925874650478363037e-01
9.652173519134521484e-02
1.572269052267074585e-01
2.651956379413604736e-01
5.176463127136230469e-01
6.513922214508056641e-01
5.403189659118652344e-01
5.363730192184448242e-01
6.085757613182067871e-01
6.406451463699340820e-01
6.560852527618408203e-01
5.894797444343566895e-01
5.711396336555480957e-01
6.392212510108947754e-01
5.225228071212768555e-01
2.906382381916046143e-01
1.308147609233856201e-01
1.275675557553768158e-02
1.083239093422889709e-01
3.427100181579589844e-01
8.004772663116455078e-01
9.782196283340454102e-01
9.975213408470153809e-01
9.997256994247436523e-01
9.997301101684570312e-01
9.986013770103454590e-01
9.964257478713989258e-01
9.927130341529846191e-01
9.674776196479797363e-01
9.312728047370910645e-01
5.227329730987548828e-01
1.412905007600784302e-01
5.147312209010124207e-02
1.366221372145481894e-11
3.315437117554220769e-12
9.890857654681894928e-06
2.444548044877592474e-05
1.879747211933135986e-01
3.818463683128356934e-01
5.439630746841430664e-01
6.932935118675231934e-01
8.264066576957702637e-01
9.167650341987609863e-01
9.881646633148193359e-01
9.939995408058166504e-01
9.918282628059387207e-01
9.720262289047241211e-01
9.487746953964233398e-01
9.214630722999572754e-01
9.267734885215759277e-01
9.455720782279968262e-01
9.726918339729309082e-01
9.949821829795837402e-01
9.977684617042541504e-01
9.994284510612487793e-01
9.997809529304504395e-01
9.999124407768249512e-01
9.999555349349975586e-01
9.999433755874633789e-01
9.999184012413024902e-01
9.998540878295898438e-01
9.985762834548950195e-01
9.959238767623901367e-01
9.340032339096069336e-01
8.492643237113952637e-01
3.820604979991912842e-01
8.101156912744045258e-03
2.810245379805564880e-03
2.409438602626323700e-03
7.490201853215694427e-03
4.132662415504455566e-01
9.746016860008239746e-01
9.962828755378723145e-01
9.999634623527526855e-01
9.999696016311645508e-01
9.986512064933776855e-01
9.958338737487792969e-01
9.740022420883178711e-01
9.447639584541320801e-01
8.827122449874877930e-01
8.452970981597900391e-01
9.005525112152099609e-01
9.408833980560302734e-01
9.639239907264709473e-01
9.553354978561401367e-01
9.339810013771057129e-01
6.391652226448059082e-01
3.506110906600952148e-01
1.317138522863388062e-01
9.763602167367935181e-03
3.995971754193305969e-03
9.726834483444690704e-03
2.035313658416271210e-02
4.069194942712783813e-02
8.613217622041702271e-02
2.316230237483978271e-01
4.321511089801788330e-01
7.018256783485412598e-01
6.830830574035644531e-01
5.353917479515075684e-01
2.475504577159881592e-01
3.621793584898114204e-03
1.925301738083362579e-03
5.024217441678047180e-02
1.656028032302856445e-01
3.686081469058990479e-01
6.143301129341125488e-01
7.960242033004760742e-01
9.395718574523925781e-01
9.188788533210754395e-01
9.225752949714660645e-01
9.615478515625000000e-01
9.840418696403503418e-01
9.977862834930419922e-01
9.995920658111572266e-01
9.999940395355224609e-01
9.999963045120239258e-01
9.999928474426269531e-01
9.999803304672241211e-01
9.977872371673583984e-01
9.943144917488098145e-01
9.837838411331176758e-01
9.734845757484436035e-01
9.726905822753906250e-01
9.741554260253906250e-01
9.796165823936462402e-01
9.846148490905761719e-01
9.893158078193664551e-01
9.944888949394226074e-01
9.992971420288085938e-01
9.996647834777832031e-01
9.998710155487060547e-01
9.997538924217224121e-01
9.987166523933410645e-01
9.970002174377441406e-01
9.923227429389953613e-01
9.850564002990722656e-01
9.462605714797973633e-01
9.261031150817871094e-01
9.493479728698730469e-01
9.719469547271728516e-01
9.939977526664733887e-01
9.991897940635681152e-01
9.985044002532958984e-01
9.506454467773437500e-01
7.786722183227539062e-01
2.632819116115570068e-01
5.933270789682865143e-03
1.203845371492207050e-03
1.704137631008961762e-08
3.990170327483610890e-08
3.574033677577972412e-01
6.809631586074829102e-01
8.660445809364318848e-01
9.744719266891479492e-01
9.941442608833312988e-01
9.996128678321838379e-01
9.990610480308532715e-01
9.985476732254028320e-01
9.982212185859680176e-01
9.987276196479797363e-01
9.991243481636047363e-01
9.993700981140136719e-01
9.995442032814025879e-01
9.996815919876098633e-01
9.992592930793762207e-01
9.985810518264770508e-01
9.966596961021423340e-01
9.948800206184387207e-01
9.933359622955322266e-01
9.936653375625610352e-01
9.951996207237243652e-01
9.971599578857421875e-01
9.990715980529785156e-01
9.996243119239807129e-01
9.999991655349731445e-01
9.999966621398925781e-01
9.999834299087524414e-01
9.999617338180541992e-01
9.999755024909973145e-01
9.999976158142089844e-01
9.999965429306030273e-01
9.999933838844299316e-01
9.999845027923583984e-01
9.999760389328002930e-01
9.999679923057556152e-01
9.999710321426391602e-01
9.999780058860778809e-01
9.999400973320007324e-01
9.998709559440612793e-01
9.996870756149291992e-01
9.996302127838134766e-01
9.997339844703674316e-01
9.998300671577453613e-01
9.999224543571472168e-01
9.999664425849914551e-01
9.999886155128479004e-01
9.999110102653503418e-01
9.997513890266418457e-01
9.994583725929260254e-01
9.993323683738708496e-01
9.993115067481994629e-01
9.995974302291870117e-01
9.998422861099243164e-01
9.989919066429138184e-01
9.934281706809997559e-01
9.775432348251342773e-01
8.914820551872253418e-01
7.474648952484130859e-01
5.717245936393737793e-01
3.914057612419128418e-01
5.374516248703002930e-01
6.963848471641540527e-01
8.938448429107666016e-01
9.976690411567687988e-01
9.994456171989440918e-01
9.999467134475708008e-01
9.999250769615173340e-01
9.998643994331359863e-01
9.997747540473937988e-01
9.995579123497009277e-01
9.980326294898986816e-01
9.945648908615112305e-01
9.676992893218994141e-01
9.273843765258789062e-01
9.095521569252014160e-01
9.005413651466369629e-01
9.414604306221008301e-01
9.741459488868713379e-01
9.901190996170043945e-01
9.980301260948181152e-01
9.995783567428588867e-01
9.999341964721679688e-01
9.999654293060302734e-01
9.998350143432617188e-01
9.993995428085327148e-01
9.980297088623046875e-01
9.965639710426330566e-01
9.949960112571716309e-01
9.940597414970397949e-01
9.933881759643554688e-01
9.962700605392456055e-01
9.989960789680480957e-01
9.995995759963989258e-01
9.999693632125854492e-01
9.999765157699584961e-01
9.998917579650878906e-01
9.997506141662597656e-01
9.979919195175170898e-01
9.932443499565124512e-01
9.550096988677978516e-01
9.010340571403503418e-01
8.103574514389038086e-01
6.726004481315612793e-01
4.926922619342803955e-01
3.192087411880493164e-01
1.478168964385986328e-01
4.017060995101928711e-01
6.506054997444152832e-01
8.496784567832946777e-01
9.613392949104309082e-01
9.590857625007629395e-01
6.552108526229858398e-01
1.970582157373428345e-01
7.288597524166107178e-02
3.441112861037254333e-02
3.396550416946411133e-01
6.145532727241516113e-01
8.287602663040161133e-01
9.248271584510803223e-01
9.288055896759033203e-01
6.103172302246093750e-01
2.073663175106048584e-01
9.309487789869308472e-02
5.124713480472564697e-02
2.428477704524993896e-01
5.096393227577209473e-01
8.646672964096069336e-01
9.822476506233215332e-01
9.918749928474426270e-01
5.176562070846557617e-01
6.144880503416061401e-02
2.436373941600322723e-02
5.426231771707534790e-02
2.043374925851821899e-01
3.869971632957458496e-01
5.932403802871704102e-01
6.825441122055053711e-01
7.426860928535461426e-01
7.919268012046813965e-01
8.491918444633483887e-01
9.307232499122619629e-01
9.803390502929687500e-01
9.940577745437622070e-01
9.987457990646362305e-01
9.994612932205200195e-01
9.982571005821228027e-01
9.968118667602539062e-01
9.949652552604675293e-01
9.946765303611755371e-01
9.971580505371093750e-01
9.987604022026062012e-01
9.997282624244689941e-01
9.999116063117980957e-01
9.999009370803833008e-01
9.998645186424255371e-01
9.998391866683959961e-01
9.998483061790466309e-01
9.996429085731506348e-01
9.991899132728576660e-01
9.985692501068115234e-01
9.978713989257812500e-01
9.980183243751525879e-01
9.983081817626953125e-01
9.989753961563110352e-01
9.990130066871643066e-01
9.978540539741516113e-01
9.560826420783996582e-01
8.829318881034851074e-01
7.749180197715759277e-01
6.572437882423400879e-01
7.000973820686340332e-01
7.334549427032470703e-01
7.328295707702636719e-01
7.797756791114807129e-01
8.878353238105773926e-01
9.501652717590332031e-01
9.885398149490356445e-01
9.954632520675659180e-01
9.974606633186340332e-01
9.951369762420654297e-01
9.824172854423522949e-01
9.465214014053344727e-01
7.762610912322998047e-01
4.854632318019866943e-01
3.179626762866973877e-01
1.930835247039794922e-01
5.233972668647766113e-01
8.293102383613586426e-01
9.322756528854370117e-01
9.876623749732971191e-01
9.692810177803039551e-01
8.885999321937561035e-01
7.679947614669799805e-01
8.013973236083984375e-01
8.672502636909484863e-01
9.287589192390441895e-01
9.774215817451477051e-01
9.888442158699035645e-01
9.936926960945129395e-01
9.911850690841674805e-01
9.799278378486633301e-01
9.646447896957397461e-01
8.692249655723571777e-01
7.476183772087097168e-01
4.922384023666381836e-01
2.670363485813140869e-01
1.031914800405502319e-01
2.187087759375572205e-02
9.517581202089786530e-03
4.691138491034507751e-02
1.001790612936019897e-01
2.216758877038955688e-01
3.434347212314605713e-01
4.584871828556060791e-01
6.240084767341613770e-01
8.652725219726562500e-01
9.285210371017456055e-01
8.789307475090026855e-01
8.454712629318237305e-01
8.140685558319091797e-01
7.471318840980529785e-01
6.089479327201843262e-01
2.575314044952392578e-01
5.080935359001159668e-02
1.250199973583221436e-02
1.064141270035179332e-05
1.258117549696180504e-06
5.963010153209324926e-06
1.117341435019625351e-05
4.735960828838869929e-06
1.402248290105490014e-05
5.823795800097286701e-05
8.100883662700653076e-02
2.361078858375549316e-01
5.610622167587280273e-01
9.483287334442138672e-01
9.823449850082397461e-01
9.921745657920837402e-01
9.898259043693542480e-01
9.862362146377563477e-01
9.804618358612060547e-01
9.801458716392517090e-01
9.839047789573669434e-01
9.803636670112609863e-01
9.748009443283081055e-01
9.517470002174377441e-01
9.243176579475402832e-01
8.804370760917663574e-01
8.567616939544677734e-01
8.619140982627868652e-01
8.259413838386535645e-01
7.646441459655761719e-01
6.100478768348693848e-01
4.394584596157073975e-01
3.592381477355957031e-01
3.150111436843872070e-01
3.827780783176422119e-01
5.224270224571228027e-01
7.492931485176086426e-01
8.885688781738281250e-01
9.826428890228271484e-01
9.929233789443969727e-01
9.895650744438171387e-01
9.764397144317626953e-01
9.637268781661987305e-01
9.520603418350219727e-01
9.190272092819213867e-01
8.637430667877197266e-01
6.189456582069396973e-01
2.910036444664001465e-01
2.331359535455703735e-01
2.379132807254791260e-01
5.160788893699645996e-01
7.557982802391052246e-01
9.110720157623291016e-01
9.890653491020202637e-01
9.952625632286071777e-01
9.962817430496215820e-01
9.953408837318420410e-01
9.946873784065246582e-01
9.944437146186828613e-01
9.966667890548706055e-01
9.982529282569885254e-01
9.986138939857482910e-01
9.986879229545593262e-01
9.985218644142150879e-01
9.981926679611206055e-01
9.978091120719909668e-01
9.974046349525451660e-01
9.970176815986633301e-01
9.967315196990966797e-01
9.956285953521728516e-01
9.930762648582458496e-01
8.713077306747436523e-01
6.572222113609313965e-01
3.635019361972808838e-01
4.519183561205863953e-02
2.168175019323825836e-02
8.490746840834617615e-03
3.264443017542362213e-03
3.573448736915452173e-07
1.062874233070942864e-07
2.088209475914482027e-05
5.700493420590646565e-05
6.384211033582687378e-02
1.456648558378219604e-01
2.298090159893035889e-01
2.892689704895019531e-01
2.391151040792465210e-01
2.827123701572418213e-01
4.761794507503509521e-01
6.891821622848510742e-01
9.155033826828002930e-01
9.786906242370605469e-01
9.982016086578369141e-01
9.992513656616210938e-01
9.999089241027832031e-01
9.996724724769592285e-01
9.992489814758300781e-01
9.985325336456298828e-01
9.976431131362915039e-01
9.966316819190979004e-01
9.800267815589904785e-01
9.592548608779907227e-01
9.739452600479125977e-01
9.876599907875061035e-01
9.953167438507080078e-01
9.998402595520019531e-01
9.994281530380249023e-01
9.934644699096679688e-01
9.835897684097290039e-01
9.856628775596618652e-01
9.909850358963012695e-01
8.912664651870727539e-01
7.267938852310180664e-01
2.784489691257476807e-01
2.443484561354125617e-07
7.262293166832023417e-08
1.547025045004198461e-30
4.227719035274754519e-30
3.902469873428344727e-01
8.950345516204833984e-01
9.577866196632385254e-01
9.984858632087707520e-01
9.928725361824035645e-01
9.540522694587707520e-01
8.576084971427917480e-01
8.733243942260742188e-01
9.755753278732299805e-01
1.000000000000000000e+00
1.000000000000000000e+00
1.000000000000000000e+00
1.000000000000000000e+00
1.000000000000000000e+00
1.000000000000000000e+00
1.000000000000000000e+00
7.325403690338134766e-01
2.402955293655395508e-01
1.248022168874740601e-01
1.428599804639816284e-01
2.115568071603775024e-01
2.759290933609008789e-01
2.861486673355102539e-01
3.822085559368133545e-01
6.570874452590942383e-01
8.454529643058776855e-01
9.538634419441223145e-01
9.906523227691650391e-01
9.988254904747009277e-01
9.996722340583801270e-01
9.985001087188720703e-01
9.858416914939880371e-01
9.802877306938171387e-01
9.918230772018432617e-01
9.983580708503723145e-01
9.996004700660705566e-01
1.000000000000000000e+00
1.000000000000000000e+00
1.000000000000000000e+00
1.000000000000000000e+00
1.000000000000000000e+00
9.332036375999450684e-01
6.749953627586364746e-01
5.797783732414245605e-01
6.830204129219055176e-01
8.034762144088745117e-01
9.339673519134521484e-01
9.679811596870422363e-01
9.776080250740051270e-01
7.778033614158630371e-01
6.435323953628540039e-01
7.467523813247680664e-01
8.442196846008300781e-01
9.338597655296325684e-01
9.561994075775146484e-01
9.333403110504150391e-01
5.385999083518981934e-01
4.524219408631324768e-02
1.592589728534221649e-02
2.017291961237788200e-03
1.374017167836427689e-02
2.163498848676681519e-01
7.559877634048461914e-01
7.253060340881347656e-01
2.248844206333160400e-01
5.618470162153244019e-02
4.082908853888511658e-03
8.436256647109985352e-02
1.950622200965881348e-01
4.571129381656646729e-01
6.950159072875976562e-01
8.798534870147705078e-01
9.799355268478393555e-01
9.936788678169250488e-01
9.983806014060974121e-01
9.988934397697448730e-01
9.887915253639221191e-01
9.752906560897827148e-01
9.323052763938903809e-01
8.957212567329406738e-01
8.785928487777709961e-01
8.993400335311889648e-01
9.693766832351684570e-01
9.946740269660949707e-01
9.924367070198059082e-01
9.426713585853576660e-01
8.814522624015808105e-01
4.149497449398040771e-01
3.391531854867935181e-02
5.722042918205261230e-02
1.968853175640106201e-01
5.380293726921081543e-01
7.602595686912536621e-01
8.875855207443237305e-01
9.476680755615234375e-01
9.841177463531494141e-01
9.881504774093627930e-01
9.868690371513366699e-01
9.637070298194885254e-01
9.497935175895690918e-01
9.579004049301147461e-01
9.702704548835754395e-01
9.872038364410400391e-01
9.954359531402587891e-01
9.992353916168212891e-01
9.998471140861511230e-01
9.998862743377685547e-01
9.996381998062133789e-01
9.986245632171630859e-01
9.948660135269165039e-01
9.872123599052429199e-01
9.737405776977539062e-01
9.772557616233825684e-01
9.927471280097961426e-01
9.978519082069396973e-01
9.998459815979003906e-01
9.999613761901855469e-01
9.999104738235473633e-01
9.994001984596252441e-01
9.983782172203063965e-01
9.962651729583740234e-01
9.924164414405822754e-01
9.868524670600891113e-01
9.849721193313598633e-01
9.848138689994812012e-01
9.907142519950866699e-01
9.973058104515075684e-01
9.988057017326354980e-01
9.997062683105468750e-01
9.985957145690917969e-01
9.413749575614929199e-01
8.035577535629272461e-01
5.054199695587158203e-01
9.522084891796112061e-02
8.860988891683518887e-04
4.150435051997192204e-05
5.871168755633473978e-18
6.878123432397842407e-02
5.964962840080261230e-01
9.618309736251831055e-01
9.693044424057006836e-01
9.745630621910095215e-01
9.775039553642272949e-01
9.838860034942626953e-01
9.919528961181640625e-01
9.953469634056091309e-01
9.978665113449096680e-01
9.980803728103637695e-01
8.838026523590087891e-01
3.353611528873443604e-01
7.813911198464810196e-18
2.789977304873160751e-17
3.506422799546271563e-04
9.729178855195641518e-04
3.982505202293395996e-01
9.311919808387756348e-01
9.846190214157104492e-01
9.952405691146850586e-01
9.932094216346740723e-01
9.918275475502014160e-01
9.921311736106872559e-01
8.470175266265869141e-01
5.287651419639587402e-01
3.000999987125396729e-01
1.238760948181152344e-01
7.995208352804183960e-02
6.689167767763137817e-02
1.319658756256103516e-01
2.294564098119735718e-01
4.889988899230957031e-01
7.079665660858154297e-01
8.487852215766906738e-01
9.360527396202087402e-01
9.728862047195434570e-01
9.852658510208129883e-01
9.866241216659545898e-01
9.848579168319702148e-01
9.826661348342895508e-01
9.818786382675170898e-01
9.822207689285278320e-01
9.866135716438293457e-01
9.907606244087219238e-01
9.945006370544433594e-01
9.960563778877258301e-01
9.959248304367065430e-01
9.965181946754455566e-01
9.973678588867187500e-01
9.977252483367919922e-01
9.720531702041625977e-01
6.752219200134277344e-01
4.567344486713409424e-01
4.576216340065002441e-01
5.719140768051147461e-01
8.341181278228759766e-01
9.563906192779541016e-01
9.890030622482299805e-01
9.977377653121948242e-01
9.998263716697692871e-01
9.999543428421020508e-01
9.998700022697448730e-01
9.989680051803588867e-01
9.099073410034179688e-01
6.167386770248413086e-01
3.577270209789276123e-01
1.377237290143966675e-01
3.002113699913024902e-01
6.740934252738952637e-01
8.488095998764038086e-01
9.792171120643615723e-01
9.894469976425170898e-01
9.965171813964843750e-01
9.948349595069885254e-01
9.853478074073791504e-01
9.600079655647277832e-01
8.985008001327514648e-01
8.015874028205871582e-01
7.514047622680664062e-01
7.240781784057617188e-01
8.296521306037902832e-01
9.588406682014465332e-01
9.811770915985107422e-01
9.995540976524353027e-01
9.997928142547607422e-01
9.999582767486572266e-01
9.999864697456359863e-01
9.997521042823791504e-01
9.992736577987670898e-01
9.840598702430725098e-01
9.621204137802124023e-01
8.058087229728698730e-01
6.233736276626586914e-01
2.819415628910064697e-01
2.011045254766941071e-02
8.394727855920791626e-02
2.711518108844757080e-01
6.735512018203735352e-01
8.929085135459899902e-01
9.488461613655090332e-01
9.728699922561645508e-01
9.829207658767700195e-01
9.911508560180664062e-01
9.988854527473449707e-01
9.994927644729614258e-01
9.999828338623046875e-01
9.999933242797851562e-01
9.999885559082031250e-01
9.999572634696960449e-01
9.998968243598937988e-01
9.998106360435485840e-01
9.996119737625122070e-01
9.993658065795898438e-01
9.993719458580017090e-01
9.994222521781921387e-01
9.996362924575805664e-01
9.998261928558349609e-01
9.999174475669860840e-01
9.999803900718688965e-01
9.999927282333374023e-01
9.999983310699462891e-01
9.999977946281433105e-01
9.997825026512145996e-01
9.994706511497497559e-01
9.682716131210327148e-01
9.330700039863586426e-01
9.561862349510192871e-01
9.774909019470214844e-01
9.911496043205261230e-01
9.812646508216857910e-01
9.276725053787231445e-01
8.997480273246765137e-01
8.960604071617126465e-01
9.295489192008972168e-01
9.806678891181945801e-01
9.914615154266357422e-01
9.944301247596740723e-01
9.788860678672790527e-01
9.544993042945861816e-01
8.861890435218811035e-01
8.330813646316528320e-01
8.113410472869873047e-01
8.165833353996276855e-01
8.496613502502441406e-01
8.731782436370849609e-01
8.917523622512817383e-01
9.232009053230285645e-01
9.574209451675415039e-01
9.791306257247924805e-01
9.975445866584777832e-01
9.976229667663574219e-01
9.978649020195007324e-01
9.984835982322692871e-01
9.984685778617858887e-01
9.977155327796936035e-01
9.973046779632568359e-01
9.971029162406921387e-01
9.936018586158752441e-01
9.891811013221740723e-01
9.577472209930419922e-01
9.289885759353637695e-01
9.373394250869750977e-01
9.511403441429138184e-01
9.801442027091979980e-01
9.974626898765563965e-01
9.990943074226379395e-01
9.963143467903137207e-01
9.904135465621948242e-01
8.258212804794311523e-01
6.066972613334655762e-01
3.550866544246673584e-01
1.311857253313064575e-01
3.927056193351745605e-01
6.408565640449523926e-01
8.383386135101318359e-01
9.694309234619140625e-01
9.895532131195068359e-01
9.991839528083801270e-01
9.997445344924926758e-01
9.997890591621398926e-01
9.996054768562316895e-01
9.930535554885864258e-01
9.850742816925048828e-01
9.336864948272705078e-01
8.877401351928710938e-01
8.689239025115966797e-01
7.918398976325988770e-01
5.920622348785400391e-01
4.670925140380859375e-01
4.249184429645538330e-01
5.431931018829345703e-01
7.549285888671875000e-01
8.843144178390502930e-01
9.921389818191528320e-01
9.990167617797851562e-01
9.999656081199645996e-01
9.999671578407287598e-01
9.999459385871887207e-01
9.998586773872375488e-01
9.996378421783447266e-01
9.992250800132751465e-01
9.988050460815429688e-01
9.983804821968078613e-01
9.974899888038635254e-01
9.964218139648437500e-01
9.950926899909973145e-01
9.936845898628234863e-01
9.909354448318481445e-01
9.884890317916870117e-01
9.874216914176940918e-01
9.867611527442932129e-01
9.869059324264526367e-01
9.890643358230590820e-01
9.933142066001892090e-01
9.549877643585205078e-01
8.931546211242675781e-01
7.087301611900329590e-01
4.941985011100769043e-01
4.047164916992187500e-01
3.189778327941894531e-01
2.082899808883666992e-01
1.277299672365188599e-01
1.343386471271514893e-01
3.165040612220764160e-01
7.521111369132995605e-01
9.596121907234191895e-01
9.867296814918518066e-01
9.442636966705322266e-01
8.735981583595275879e-01
8.310441374778747559e-01
7.899605631828308105e-01
5.768272280693054199e-01
3.849856555461883545e-01
2.958703637123107910e-01
2.989764511585235596e-01
4.994287192821502686e-01
6.069554686546325684e-01
6.093048453330993652e-01
5.816939473152160645e-01
5.356739163398742676e-01
4.588254988193511963e-01
3.726428747177124023e-01
4.376522898674011230e-01
5.236587524414062500e-01
7.110095620155334473e-01
8.703866600990295410e-01
9.266535043716430664e-01
9.696885347366333008e-01
9.900861978530883789e-01
9.999592304229736328e-01
9.999771714210510254e-01
9.999802708625793457e-01
9.999759197235107422e-01
9.998870491981506348e-01
9.997789263725280762e-01
9.973301291465759277e-01
9.940079450607299805e-01
9.843321442604064941e-01
9.769867062568664551e-01
9.765238165855407715e-01
9.808191657066345215e-01
9.922041893005371094e-01
9.831980466842651367e-01
9.574537873268127441e-01
8.288574814796447754e-01
6.550819277763366699e-01
6.034811139106750488e-01
5.744575858116149902e-01
7.880407571792602539e-01
9.755725264549255371e-01
9.888702034950256348e-01
9.985766410827636719e-01
9.992092251777648926e-01
9.988058805465698242e-01
9.970206022262573242e-01
9.936650395393371582e-01
9.891400933265686035e-01
9.877883791923522949e-01
9.876742362976074219e-01
9.899111390113830566e-01
9.925078153610229492e-01
9.929066300392150879e-01
9.673755764961242676e-01
7.979639172554016113e-01
6.194611787796020508e-01
4.180635511875152588e-01
3.210515975952148438e-01
3.547658920288085938e-01
4.595616757869720459e-01
6.140735149383544922e-01
4.941476583480834961e-01
2.719630897045135498e-01
1.442548334598541260e-01
3.190157935023307800e-02
4.207282885909080505e-02
9.404601901769638062e-02
3.674485683441162109e-01
6.198080778121948242e-01
8.255637884140014648e-01
9.510568380355834961e-01
9.770520925521850586e-01
9.563683271408081055e-01
9.031934142112731934e-01
9.072246551513671875e-01
9.322798848152160645e-01
9.609240889549255371e-01
9.897305965423583984e-01
9.948641657829284668e-01
9.990402460098266602e-01
9.979295134544372559e-01
9.920396804809570312e-01
9.747441411018371582e-01
9.584988951683044434e-01
9.435189962387084961e-01
9.368435740470886230e-01
9.362288713455200195e-01
7.372018694877624512e-01
4.609945416450500488e-01
2.268559187650680542e-01
3.231522860005497932e-04
2.509166652231442640e-09
4.049703711643815041e-04
3.274605609476566315e-03
9.627699851989746094e-02
4.217652380466461182e-01
6.858081221580505371e-01
8.626798987388610840e-01
9.554615020751953125e-01
9.814530014991760254e-01
9.905465245246887207e-01
9.922235608100891113e-01
9.908329844474792480e-01
9.888310432434082031e-01
9.739139676094055176e-01
9.537674784660339355e-01
8.935216069221496582e-01
8.441247940063476562e-01
8.275186419486999512e-01
8.394105434417724609e-01
8.964180946350097656e-01
9.434752464294433594e-01
9.813281893730163574e-01
9.962089657783508301e-01
9.993191361427307129e-01
9.999721050262451172e-01
9.999976754188537598e-01
9.999783039093017578e-01
9.992493987083435059e-01
9.888072609901428223e-01
9.813294410705566406e-01
9.853362441062927246e-01
9.806924462318420410e-01
9.594151377677917480e-01
9.464164376258850098e-01
9.425600767135620117e-01
9.575397968292236328e-01
9.844353795051574707e-01
9.932375550270080566e-01
9.960215687751770020e-01
9.847857952117919922e-01
9.678812026977539062e-01
7.363300919532775879e-01
5.256658196449279785e-01
4.287404716014862061e-01
3.956484794616699219e-01
5.222129821777343750e-01
6.643681526184082031e-01
8.276003003120422363e-01
9.248904585838317871e-01
9.687135219573974609e-01
9.885498285293579102e-01
9.974513649940490723e-01
9.962276816368103027e-01
9.928295016288757324e-01
9.893094301223754883e-01
9.836818575859069824e-01
9.566439390182495117e-01
9.181477427482604980e-01
8.387686610221862793e-01
7.168563008308410645e-01
5.158505439758300781e-01
3.159512877464294434e-01
1.177123785018920898e-01
3.153038769960403442e-02
1.555032003670930862e-02
1.714322268962860107e-01
3.855050802230834961e-01
5.969718098640441895e-01
8.065482974052429199e-01
8.378806710243225098e-01
8.751481175422668457e-01
9.475546479225158691e-01
9.922126531600952148e-01
9.637128114700317383e-01
9.565934538841247559e-01
9.810718297958374023e-01
9.941214919090270996e-01
9.971788525581359863e-01
9.983575940132141113e-01
9.985760450363159180e-01
9.990787506103515625e-01
9.996560811996459961e-01
9.998187422752380371e-01
9.999415874481201172e-01
9.999611377716064453e-01
9.999748468399047852e-01
9.999615550041198730e-01
9.997763633728027344e-01
9.992087483406066895e-01
9.991322159767150879e-01
9.996792674064636230e-01
9.915087223052978516e-01
9.767571687698364258e-01
8.722973465919494629e-01
7.288459539413452148e-01
7.059977650642395020e-01
7.094094157218933105e-01
8.168550729751586914e-01
9.238377213478088379e-01
9.571419954299926758e-01
9.852090477943420410e-01
9.924922585487365723e-01
9.977835416793823242e-01
9.990905523300170898e-01
9.997327923774719238e-01
9.995918869972229004e-01
9.908751845359802246e-01
9.761333465576171875e-01
9.444283843040466309e-01
9.059556126594543457e-01
9.368042945861816406e-01
9.812574982643127441e-01
9.263354539871215820e-01
8.637011647224426270e-01
7.622057199478149414e-01
6.904814839363098145e-01
7.301402091979980469e-01
7.965120673179626465e-01
9.157552123069763184e-01
9.831398725509643555e-01
9.906316399574279785e-01
9.482382535934448242e-01
8.711467981338500977e-01
7.544932365417480469e-01
6.223172545433044434e-01
5.644646286964416504e-01
5.210841894149780273e-01
5.451998710632324219e-01
5.779104828834533691e-01
6.740535497665405273e-01
7.498693466186523438e-01
7.468579411506652832e-01
7.290553450584411621e-01
6.810861825942993164e-01
6.245734095573425293e-01
5.574198961257934570e-01
4.820922911167144775e-01
4.009501039981842041e-01
4.043903648853302002e-01
4.443376958370208740e-01
5.256881713867187500e-01
6.160614490509033203e-01
5.649121403694152832e-01
5.115182399749755859e-01
5.434225797653198242e-01
5.988022685050964355e-01
7.563211321830749512e-01
8.869313001632690430e-01
9.578592181205749512e-01
9.963249564170837402e-01
9.915031194686889648e-01
9.444349408149719238e-01
8.628111481666564941e-01
7.359103560447692871e-01
5.870288610458374023e-01
5.862699747085571289e-01
6.253335475921630859e-01
7.521525621414184570e-01
8.852621912956237793e-01
9.348093271255493164e-01
9.781306982040405273e-01
9.856482148170471191e-01
9.913752079010009766e-01
9.922865629196166992e-01
8.778269886970520020e-01
5.798158049583435059e-01
3.271332383155822754e-01
1.191996708512306213e-01
1.627362370491027832e-01
3.577851355075836182e-01
6.393513679504394531e-01
9.509214758872985840e-01
9.965959787368774414e-01
9.995567798614501953e-01
8.657524585723876953e-01
7.038184404373168945e-01
3.100104033946990967e-01
1.492427778430283070e-03
5.969984340481460094e-04
1.401298464324817071e-45
0.000000000000000000e+00
4.643780331018869421e-34
1.496860731012677214e-33
6.328246513476187829e-07
1.751997842802666128e-06
1.074858382344245911e-02
2.656503207981586456e-02
7.507132738828659058e-02
1.320639997720718384e-01
9.532514959573745728e-02
5.002460628747940063e-02
2.308703213930130005e-02
1.191414921777322888e-04
3.976368170697242022e-04
1.101531367748975754e-02
5.124183371663093567e-02
1.863760948181152344e-01
4.781256318092346191e-01
7.083401679992675781e-01
8.732354044914245605e-01
9.060358405113220215e-01
8.515138030052185059e-01
6.657413244247436523e-01
4.277231395244598389e-01
3.839570581912994385e-01
3.794902563095092773e-01
6.021119952201843262e-01
8.283933997154235840e-01
9.095523953437805176e-01
9.601133465766906738e-01
8.639302849769592285e-01
6.909900903701782227e-01
3.283451199531555176e-01
8.693027496337890625e-02
2.856632508337497711e-02
7.571924015792319551e-06
2.063839247057330795e-06
1.963995813040759347e-14
4.098872899893548499e-15
7.929321388042726095e-33
1.050982223927848337e-33
6.774979466328545641e-10
1.475234268077940669e-09
9.685562551021575928e-02
2.136117964982986450e-01
5.450406670570373535e-01
8.266332745552062988e-01
8.848268985748291016e-01
9.128686189651489258e-01
8.680745959281921387e-01
7.122218608856201172e-01
3.929529488086700439e-01
2.087138742208480835e-01
1.502770483493804932e-01
2.749386131763458252e-01
5.100037455558776855e-01
4.843372404575347900e-01
3.646900355815887451e-01
2.201925218105316162e-01
7.148828357458114624e-02
4.042430967092514038e-02
1.939681731164455414e-02
5.873231217265129089e-02
1.102214753627777100e-01
2.196954041719436646e-01
2.547038197517395020e-01
9.767673164606094360e-02
1.654882566072046757e-03
5.517133977264165878e-04
6.211622803675709292e-06
1.869608422566670924e-05
1.232725977897644043e-01
3.259924650192260742e-01
3.974846601486206055e-01
4.158203303813934326e-01
4.040938317775726318e-01
3.857052028179168701e-01
6.069851517677307129e-01
8.420568704605102539e-01
9.157341718673706055e-01
9.804455041885375977e-01
9.888478517532348633e-01
9.950440526008605957e-01
9.945577383041381836e-01
9.942746758460998535e-01
9.943622946739196777e-01
9.955167174339294434e-01
9.979143738746643066e-01
9.981020092964172363e-01
9.965944886207580566e-01
8.731669783592224121e-01
6.897173523902893066e-01
4.267941415309906006e-01
1.401080042123794556e-01
1.096599102020263672e-01
1.139497309923171997e-01
5.399956107139587402e-01
9.360853433609008789e-01
9.693234562873840332e-01
9.960702061653137207e-01
9.960643053054809570e-01
9.954470992088317871e-01
9.934041500091552734e-01
9.923465251922607422e-01
9.927526116371154785e-01
9.934340715408325195e-01
9.943818449974060059e-01
9.921398162841796875e-01
9.878571033477783203e-01
9.859429597854614258e-01
9.849761128425598145e-01
9.895111918449401855e-01
9.952780604362487793e-01
9.936643838882446289e-01
9.910463094711303711e-01
9.706696867942810059e-01
9.524288177490234375e-01
9.494111537933349609e-01
9.517250061035156250e-01
9.723937511444091797e-01
9.806131720542907715e-01
9.630612134933471680e-01
8.749330043792724609e-01
6.925267577171325684e-01
7.166336178779602051e-01
9.236539006233215332e-01
6.964936852455139160e-01
2.168373465538024902e-01
1.553859263658523560e-01
2.481660097837448120e-01
4.895484149456024170e-01
7.612242698669433594e-01
8.591752052307128906e-01
9.397001862525939941e-01
8.674702048301696777e-01
7.487825751304626465e-01
3.250714242458343506e-01
3.710983728524297476e-04
1.484285312471911311e-04
6.390074146536590762e-19
2.312101385501896567e-19
5.150487049832008779e-05
1.701549626886844635e-04
2.069555521011352539e-01
5.959137678146362305e-01
8.264158368110656738e-01
9.622356891632080078e-01
9.995729923248291016e-01
9.999246597290039062e-01
9.998961091041564941e-01
9.997860789299011230e-01
9.997017383575439453e-01
9.996173977851867676e-01
9.994062781333923340e-01
9.992504715919494629e-01
9.995133876800537109e-01
9.972468614578247070e-01
9.857864379882812500e-01
8.220775127410888672e-01
3.245701193809509277e-01
2.312273904681205750e-02
7.652521133422851562e-03
1.626844830418907369e-15
4.861775146694762711e-15
6.874070048937383146e-15
8.076204195152630189e-15
3.650698959827423096e-01
8.893054127693176270e-01
5.851772427558898926e-01
6.094169244170188904e-02
1.349787223107012981e-18
2.876634937872839195e-18
3.508782901917584240e-05
1.902250689454376698e-03
2.603187225759029388e-02
8.905844390392303467e-02
3.410408794879913330e-01
5.899879336357116699e-01
8.328347206115722656e-01
9.903600215911865234e-01
9.962375164031982422e-01
9.991356730461120605e-01
9.984317421913146973e-01
9.976288080215454102e-01
9.967467784881591797e-01
9.936545491218566895e-01
9.893079400062561035e-01
9.905115365982055664e-01
9.937505125999450684e-01
9.346444606781005859e-01
8.621269464492797852e-01
7.107253670692443848e-01
5.547555088996887207e-01
5.976085662841796875e-01
6.499944925308227539e-01
7.863950133323669434e-01
9.057691693305969238e-01
9.554757475852966309e-01
9.922862648963928223e-01
9.967619180679321289e-01
9.996310472488403320e-01
9.998335242271423340e-01
9.999403953552246094e-01
9.999396800994873047e-01
9.998002648353576660e-01
