9.791622161865234375e-01
9.686235189437866211e-01
9.647709727287292480e-01
9.761010408401489258e-01
9.863469600677490234e-01
9.920458793640136719e-01
9.962102174758911133e-01
9.978669285774230957e-01
9.965337514877319336e-01
9.972779154777526855e-01
9.984460473060607910e-01
9.999847412109375000e-01
9.999815821647644043e-01
9.989680051803588867e-01
9.950031638145446777e-01
9.404979944229125977e-01
7.776018381118774414e-01
5.306916236877441406e-01
3.108352124691009521e-01
1.980292499065399170e-01
1.536467522382736206e-01
7.632044702768325806e-02
3.768591880798339844e-01
8.389737010002136230e-01
9.564048051834106445e-01
9.972710609436035156e-01
9.991326928138732910e-01
9.986069202423095703e-01
9.976689219474792480e-01
9.965389966964721680e-01
9.953500628471374512e-01
9.960450530052185059e-01
9.974595904350280762e-01
9.989834427833557129e-01
9.996550083160400391e-01
9.999559521675109863e-01
9.999698400497436523e-01
9.999020695686340332e-01
9.984886646270751953e-01
9.942101836204528809e-01
9.809889793395996094e-01
9.691767096519470215e-01
9.634426832199096680e-01
9.740618467330932617e-01
9.862933158874511719e-01
9.968869686126708984e-01
9.991790652275085449e-01
9.999617338180541992e-01
9.999967217445373535e-01
9.999995827674865723e-01
9.999981522560119629e-01
9.999946355819702148e-01
9.997632503509521484e-01
9.991930127143859863e-01
9.982495903968811035e-01
9.980595707893371582e-01
9.986150860786437988e-01
9.999091029167175293e-01
9.999688267707824707e-01
9.999455809593200684e-01
9.997395277023315430e-01
9.966757297515869141e-01
9.941349029541015625e-01
9.924800992012023926e-01
9.975593686103820801e-01
9.997101426124572754e-01
9.992637634277343750e-01
9.942445158958435059e-01
9.792385697364807129e-01
9.465511441230773926e-01
8.273361921310424805e-01
7.384276390075683594e-01
6.889867782592773438e-01
7.733246088027954102e-01
8.530208468437194824e-01
9.165144562721252441e-01
9.092665910720825195e-01
9.148198962211608887e-01
9.336500763893127441e-01
9.834047555923461914e-01
9.991840124130249023e-01
9.999788403511047363e-01
9.999942779541015625e-01
9.999992251396179199e-01
9.999998807907104492e-01
9.999998211860656738e-01
9.999928474426269531e-01
9.997658133506774902e-01
9.988821148872375488e-01
9.855661988258361816e-01
9.304896593093872070e-01
7.735186219215393066e-01
6.891728639602661133e-01
6.864742636680603027e-01
8.337553739547729492e-01
9.289501905441284180e-01
9.884622097015380859e-01
9.971400499343872070e-01
9.992720484733581543e-01
9.997138977050781250e-01
9.997141957283020020e-01
9.997711777687072754e-01
9.994404911994934082e-01
9.983444809913635254e-01
9.500935077667236328e-01
8.917639255523681641e-01
8.299961686134338379e-01
8.671548366546630859e-01
9.243675470352172852e-01
9.898314476013183594e-01
9.988427162170410156e-01
9.997824430465698242e-01
9.996863603591918945e-01
9.995801448822021484e-01
9.995540380477905273e-01
9.996463060379028320e-01
9.997831583023071289e-01
9.998964071273803711e-01
9.999713301658630371e-01
9.999873042106628418e-01
9.999949932098388672e-01
9.999976754188537598e-01
9.999967217445373535e-01
9.999068379402160645e-01
9.997074007987976074e-01
9.844956398010253906e-01
9.738813042640686035e-01
9.695805907249450684e-01
9.835185408592224121e-01
9.938330054283142090e-01
9.993171691894531250e-01
9.969712495803833008e-01
9.853654503822326660e-01
9.639654159545898438e-01
9.688411355018615723e-01
9.777550101280212402e-01
9.905106425285339355e-01
9.796662926673889160e-01
9.084948301315307617e-01
7.784142494201660156e-01
8.872632384300231934e-01
9.596108198165893555e-01
9.962477087974548340e-01
9.987745881080627441e-01
9.999933838844299316e-01
9.999909400939941406e-01
9.997999668121337891e-01
9.986757040023803711e-01
9.967063069343566895e-01
9.947801232337951660e-01
9.948397278785705566e-01
9.966625571250915527e-01
9.987498521804809570e-01
9.998035430908203125e-01
9.999529123306274414e-01
9.999721050262451172e-01
9.999870657920837402e-01
9.999979734420776367e-01
9.999992251396179199e-01
9.999995231628417969e-01
9.999975562095642090e-01
9.999659657478332520e-01
9.985279440879821777e-01
9.940726757049560547e-01
9.547101855278015137e-01
8.853045701980590820e-01
7.988501787185668945e-01
8.487263321876525879e-01
9.093562960624694824e-01
9.756889343261718750e-01
9.918388128280639648e-01
9.993754625320434570e-01
9.999574422836303711e-01
9.999158382415771484e-01
9.999215602874755859e-01
9.999523758888244629e-01
9.997765421867370605e-01
9.997624158859252930e-01
9.998714327812194824e-01
9.998840689659118652e-01
9.997557997703552246e-01
9.993877410888671875e-01
9.968237280845642090e-01
9.806312322616577148e-01
9.482951164245605469e-01
8.240530490875244141e-01
8.115190863609313965e-01
8.889682292938232422e-01
9.577386975288391113e-01
9.924111366271972656e-01
9.990386366844177246e-01
9.983154535293579102e-01
9.984630346298217773e-01
9.993001222610473633e-01
9.994806647300720215e-01
9.995471239089965820e-01
9.994747638702392578e-01
9.983891844749450684e-01
9.242727756500244141e-01
7.760466337203979492e-01
3.193393349647521973e-01
7.278596609830856323e-02
2.597768232226371765e-02
4.843080639839172363e-01
8.025124073028564453e-01
9.917989969253540039e-01
9.904484748840332031e-01
9.920482635498046875e-01
9.962263107299804688e-01
9.931854009628295898e-01
9.918131828308105469e-01
9.920505881309509277e-01
9.955376982688903809e-01
9.953105449676513672e-01
9.914557337760925293e-01
9.872554540634155273e-01
9.872841835021972656e-01
9.915786981582641602e-01
9.963968396186828613e-01
9.992032051086425781e-01
9.999163746833801270e-01
9.999684095382690430e-01
9.999833703041076660e-01
9.999698400497436523e-01
9.995974302291870117e-01
9.991104602813720703e-01
9.985039830207824707e-01
9.991040229797363281e-01
9.995835423469543457e-01
9.998579025268554688e-01
9.994264841079711914e-01
9.953926205635070801e-01
9.868832826614379883e-01
9.392977356910705566e-01
8.786181211471557617e-01
8.040079474449157715e-01
8.680176138877868652e-01
9.333714842796325684e-01
9.843735694885253906e-01
9.953554272651672363e-01
9.996457099914550781e-01
9.999496340751647949e-01
9.999814629554748535e-01
9.999470710754394531e-01
9.998593926429748535e-01
9.995640516281127930e-01
9.994915127754211426e-01
9.998468756675720215e-01
9.999495744705200195e-01
9.999917149543762207e-01
9.999974370002746582e-01
9.999982118606567383e-01
9.999801516532897949e-01
9.999263882637023926e-01
9.997866153717041016e-01
9.996894598007202148e-01
9.997228980064392090e-01
9.998661875724792480e-01
9.999874234199523926e-01
9.999954104423522949e-01
9.999974966049194336e-01
9.999957680702209473e-01
9.999883770942687988e-01
9.999365806579589844e-01
9.998758435249328613e-01
9.998270869255065918e-01
9.998894929885864258e-01
9.999698400497436523e-01
9.999884963035583496e-01
9.998437166213989258e-01
9.920626878738403320e-01
9.570583701133728027e-01
7.270317077636718750e-01
4.509918987751007080e-01
3.191107511520385742e-01
5.417007803916931152e-01
8.755899071693420410e-01
9.684954881668090820e-01
9.993934035301208496e-01
9.972845911979675293e-01
9.878122806549072266e-01
9.728070497512817383e-01
9.572925567626953125e-01
9.602199196815490723e-01
9.687410593032836914e-01
9.807549118995666504e-01
9.924887418746948242e-01
9.980946779251098633e-01
9.993230104446411133e-01
9.994397163391113281e-01
9.993511438369750977e-01
9.990850090980529785e-01
9.984557032585144043e-01
9.967334270477294922e-01
9.937760829925537109e-01
9.779840707778930664e-01
9.616656303405761719e-01
9.448372721672058105e-01
9.573737978935241699e-01
9.681209325790405273e-01
9.767435193061828613e-01
5.020001530647277832e-01
1.728249490261077881e-01
4.088859260082244873e-02
1.497549414634704590e-01
4.380651712417602539e-01
9.496287703514099121e-01
9.989038109779357910e-01
9.999664425849914551e-01
9.998976588249206543e-01
9.899485111236572266e-01
9.675993919372558594e-01
9.256651997566223145e-01
9.032190442085266113e-01
9.052428603172302246e-01
9.498302936553955078e-01
7.941140532493591309e-01
5.352036952972412109e-01
1.405505985021591187e-01
4.913238808512687683e-02
6.781785935163497925e-02
1.570836454629898071e-01
3.873866796493530273e-01
6.547881960868835449e-01
8.839333057403564453e-01
9.727992415428161621e-01
9.988101124763488770e-01
9.995945692062377930e-01
9.985823035240173340e-01
9.971318840980529785e-01
9.978653788566589355e-01
9.988391399383544922e-01
9.998212456703186035e-01
9.999279379844665527e-01
9.999712109565734863e-01
9.999538064002990723e-01
9.997314214706420898e-01
8.911001682281494141e-01
6.860202550888061523e-01
2.187303751707077026e-01
1.129053998738527298e-05
8.572140219875734601e-10
3.723975572356152952e-09
3.423412563279271126e-04
1.034277724102139473e-03
5.607777833938598633e-01
9.103702902793884277e-01
9.928842782974243164e-01
9.970521330833435059e-01
9.943831562995910645e-01
9.895615577697753906e-01
9.911634922027587891e-01
9.942397475242614746e-01
9.985330104827880859e-01
9.982858896255493164e-01
9.907816052436828613e-01
9.703125357627868652e-01
9.228259921073913574e-01
8.839963078498840332e-01
8.814487457275390625e-01
9.386991262435913086e-01
9.956148266792297363e-01
9.983640909194946289e-01
9.951030611991882324e-01
9.826068878173828125e-01
9.431815147399902344e-01
9.226055741310119629e-01
9.186645746231079102e-01
9.560475945472717285e-01
9.805625081062316895e-01
9.960892200469970703e-01
9.983340501785278320e-01
9.995019435882568359e-01
9.999067783355712891e-01
9.999684095382690430e-01
9.999971389770507812e-01
9.999986886978149414e-01
9.999902844429016113e-01
9.999880790710449219e-01
9.999920725822448730e-01
9.998448491096496582e-01
9.846977591514587402e-01
9.515423774719238281e-01
7.583006620407104492e-01
4.925642907619476318e-01
1.383228003978729248e-01
4.072153568267822266e-02
2.492018575139809400e-05
9.193349251290783286e-05
1.017186492681503296e-01
3.336368799209594727e-01
8.100818395614624023e-01
9.480294585227966309e-01
9.127460718154907227e-01
6.482695341110229492e-01
3.004896640777587891e-01
8.609220385551452637e-04
2.079303376376628876e-04
3.239457313508609104e-11
8.873677032904844601e-16
6.548791185983365848e-15
1.604305580258369446e-04
6.879133731126785278e-02
7.244952917098999023e-01
9.998088479042053223e-01
9.997370243072509766e-01
9.995838403701782227e-01
9.994796514511108398e-01
9.994195699691772461e-01
9.989131093025207520e-01
9.975045919418334961e-01
9.950839281082153320e-01
9.935041069984436035e-01
9.936660528182983398e-01
9.961969852447509766e-01
9.975708127021789551e-01
9.981272816658020020e-01
9.974952936172485352e-01
9.977216720581054688e-01
9.983699917793273926e-01
9.995850324630737305e-01
9.999218583106994629e-01
9.999769330024719238e-01
9.999367594718933105e-01
9.995603561401367188e-01
9.987072348594665527e-01
9.963876008987426758e-01
9.911721944808959961e-01
9.848256707191467285e-01
9.808230400085449219e-01
9.850699305534362793e-01
9.942933320999145508e-01
9.980553984642028809e-01
9.998331069946289062e-01
9.999485015869140625e-01
9.998255372047424316e-01
9.993838667869567871e-01
9.986033439636230469e-01
9.976102113723754883e-01
9.967451095581054688e-01
9.960666298866271973e-01
9.929752945899963379e-01
9.890146255493164062e-01
9.840251803398132324e-01
9.848050475120544434e-01
9.881538152694702148e-01
9.947655797004699707e-01
9.981543421745300293e-01
9.998329877853393555e-01
9.991353154182434082e-01
9.957318305969238281e-01
9.861625432968139648e-01
9.526506066322326660e-01
8.867375850677490234e-01
8.110613226890563965e-01
8.018916845321655273e-01
8.710596561431884766e-01
9.918015599250793457e-01
9.868967533111572266e-01
8.317494392395019531e-01
5.339115858078002930e-01
3.062485456466674805e-01
2.547222971916198730e-01
4.191170036792755127e-01
7.710773944854736328e-01
1.000000000000000000e+00
1.000000000000000000e+00
1.000000000000000000e+00
9.654369354248046875e-01
8.548206090927124023e-01
7.877508401870727539e-01
7.629622817039489746e-01
8.309769034385681152e-01
8.477600216865539551e-01
8.293974995613098145e-01
7.447553873062133789e-01
6.860147118568420410e-01
6.579398512840270996e-01
7.660876512527465820e-01
8.799332976341247559e-01
9.941734671592712402e-01
9.976372718811035156e-01
9.994917511940002441e-01
9.997269511222839355e-01
9.998610615730285645e-01
9.999535679817199707e-01
9.999954104423522949e-01
1.000000000000000000e+00
9.999997019767761230e-01
9.999989271163940430e-01
9.999951124191284180e-01
9.999932050704956055e-01
9.999978542327880859e-01
9.999895691871643066e-01
9.998558163642883301e-01
9.992638230323791504e-01
9.849602580070495605e-01
9.525597691535949707e-01
8.460680246353149414e-01
8.120329380035400391e-01
8.317586779594421387e-01
9.294940829277038574e-01
9.804058074951171875e-01
9.882857799530029297e-01
9.958285689353942871e-01
1.000000000000000000e+00
1.000000000000000000e+00
9.975430965423583984e-01
9.957767724990844727e-01
9.956187605857849121e-01
9.978538751602172852e-01
9.998257756233215332e-01
9.999588131904602051e-01
9.999834895133972168e-01
9.999552369117736816e-01
9.998641014099121094e-01
9.996407628059387207e-01
9.991227984428405762e-01
9.971005320549011230e-01
9.896256327629089355e-01
9.791458249092102051e-01
9.809977412223815918e-01
9.879344105720520020e-01
9.996941685676574707e-01
1.000000000000000000e+00
9.968445301055908203e-01
9.895527362823486328e-01
9.910560250282287598e-01
9.943015575408935547e-01
9.987783432006835938e-01
9.998028874397277832e-01
9.999461174011230469e-01
9.998902082443237305e-01
9.997211694717407227e-01
9.995162487030029297e-01
9.993373751640319824e-01
9.993793368339538574e-01
9.995445609092712402e-01
9.997301697731018066e-01
9.994146227836608887e-01
9.987276792526245117e-01
9.990809559822082520e-01
9.994924068450927734e-01
9.999686479568481445e-01
1.000000000000000000e+00
9.822037816047668457e-01
9.367111921310424805e-01
6.805010437965393066e-01
3.817392885684967041e-01
7.314199209213256836e-02
1.142807450378313661e-04
3.302231489215046167e-04
1.833426184020936489e-03
4.300155937671661377e-01
9.822435379028320312e-01
9.944375753402709961e-01
9.995066523551940918e-01
9.995167255401611328e-01
9.991331696510314941e-01
9.990241527557373047e-01
9.991925358772277832e-01
9.996932744979858398e-01
1.000000000000000000e+00
1.000000000000000000e+00
9.962075352668762207e-01
9.895917773246765137e-01
9.782060384750366211e-01
9.844104051589965820e-01
9.941471219062805176e-01
9.980952739715576172e-01
9.995339512825012207e-01
9.997706413269042969e-01
9.998731613159179688e-01
9.999316930770874023e-01
9.999477267265319824e-01
9.997023344039916992e-01
9.984030723571777344e-01
9.960305690765380859e-01
9.977192282676696777e-01
9.991456866264343262e-01
9.998666048049926758e-01
9.999476671218872070e-01
9.999303817749023438e-01
9.999345541000366211e-01
9.999604821205139160e-01
9.999874234199523926e-01
9.999927878379821777e-01
9.998981952667236328e-01
9.980808496475219727e-01
9.837225675582885742e-01
9.660535454750061035e-01
9.462001323699951172e-01
9.408653378486633301e-01
8.905646204948425293e-01
7.904857993125915527e-01
5.881142020225524902e-01
3.543854355812072754e-01
8.223199099302291870e-02
1.632695086300373077e-02
1.079796711564995348e-04
2.311874050064943731e-05
1.154688344939813760e-09
1.674911752343177795e-02
1.110731810331344604e-01
4.866797327995300293e-01
9.858607053756713867e-01
9.952468872070312500e-01
9.995658993721008301e-01
9.993841648101806641e-01
9.970661401748657227e-01
9.771638512611389160e-01
9.339547753334045410e-01
9.443968534469604492e-01
9.644203186035156250e-01
9.887346625328063965e-01
9.967435598373413086e-01
9.993469119071960449e-01
9.995192885398864746e-01
9.989759325981140137e-01
9.975759983062744141e-01
9.925341010093688965e-01
9.629859924316406250e-01
9.042134284973144531e-01
3.136406540870666504e-01
7.353680848609656096e-05
5.772560143668670207e-06
2.597930093273248531e-09
1.200588643550872803e-01
4.528748989105224609e-01
7.680303454399108887e-01
9.997447133064270020e-01
9.997508525848388672e-01
9.995560050010681152e-01
9.991582632064819336e-01
9.980929493904113770e-01
9.975277185440063477e-01
9.973707795143127441e-01
9.987859725952148438e-01
9.992865324020385742e-01
9.988285303115844727e-01
9.982962608337402344e-01
9.979823231697082520e-01
9.980344772338867188e-01
9.871205091476440430e-01
9.004800915718078613e-01
6.157240271568298340e-01
2.887471616268157959e-01
7.832001574570313096e-05
2.209515332651790231e-05
5.899108312945600119e-09
7.535060867667198181e-03
1.537558734416961670e-01
4.625820219516754150e-01
9.368698000907897949e-01
9.810446500778198242e-01
9.933115243911743164e-01
9.971936941146850586e-01
9.984506964683532715e-01
9.990221858024597168e-01
9.992146492004394531e-01
9.892684817314147949e-01
9.173374772071838379e-01
5.394972562789916992e-01
3.118358254432678223e-01
2.055714130401611328e-01
5.461297631263732910e-01
8.074629902839660645e-01
9.864783883094787598e-01
9.993456006050109863e-01
9.999570846557617188e-01
9.999309182167053223e-01
9.999183416366577148e-01
9.999260902404785156e-01
9.999830722808837891e-01
9.999962449073791504e-01
9.999920725822448730e-01
9.999951720237731934e-01
9.999897480010986328e-01
9.999595284461975098e-01
9.992834925651550293e-01
9.943531155586242676e-01
9.846238493919372559e-01
9.837484359741210938e-01
9.864730834960937500e-01
9.942228794097900391e-01
9.974231719970703125e-01
9.990617632865905762e-01
9.994723200798034668e-01
9.997546672821044922e-01
9.999529123306274414e-01
9.999854564666748047e-01
9.999966621398925781e-01
9.999906420707702637e-01
9.999931454658508301e-01
9.999958872795104980e-01
9.999988079071044922e-01
9.999948740005493164e-01
9.999613761901855469e-01
9.998652338981628418e-01
9.998177289962768555e-01
9.998057484626770020e-01
9.998769760131835938e-01
9.999274611473083496e-01
9.999605417251586914e-01
9.999215602874755859e-01
9.992223381996154785e-01
9.978756904602050781e-01
9.984818696975708008e-01
9.868999123573303223e-01
9.554048776626586914e-01
9.606162905693054199e-01
9.749363660812377930e-01
9.922696352005004883e-01
9.986315965652465820e-01
9.999623298645019531e-01
9.999881982803344727e-01
9.999993443489074707e-01
9.999991059303283691e-01
9.999622702598571777e-01
9.998685121536254883e-01
9.997028708457946777e-01
9.995154738426208496e-01
9.748007059097290039e-01
8.964648842811584473e-01
4.554927051067352295e-01
6.788405880797654390e-05
1.856927883636672050e-05
9.756615757942199707e-02
2.728210389614105225e-01
7.427980899810791016e-01
9.726765155792236328e-01
9.564325809478759766e-01
5.174435973167419434e-01
1.826037615537643433e-01
8.814909309148788452e-02
4.714364409446716309e-01
8.736643195152282715e-01
9.424683451652526855e-01
9.620832800865173340e-01
9.595720171928405762e-01
9.771991372108459473e-01
9.855226278305053711e-01
9.858633875846862793e-01
9.620029330253601074e-01
9.401910305023193359e-01
9.223963618278503418e-01
9.538422226905822754e-01
9.864680767059326172e-01
9.966945052146911621e-01
9.998201131820678711e-01
9.999106526374816895e-01
9.995614290237426758e-01
9.995109438896179199e-01
9.996852874755859375e-01
9.998545050621032715e-01
9.999622106552124023e-01
9.999909400939941406e-01
9.999919533729553223e-01
9.997038245201110840e-01
9.987568259239196777e-01
8.169275522232055664e-01
5.478138923645019531e-01
1.696031689643859863e-01
8.815930038690567017e-02
2.100006192922592163e-01
3.903199732303619385e-01
6.247347593307495117e-01
9.230535030364990234e-01
9.801064133644104004e-01
9.962552189826965332e-01
9.894503355026245117e-01
9.489199519157409668e-01
8.972578048706054688e-01
8.453101515769958496e-01
8.814916610717773438e-01
9.697220325469970703e-01
9.720979332923889160e-01
9.736515879631042480e-01
9.742813706398010254e-01
9.890221953392028809e-01
9.998363852500915527e-01
9.995493888854980469e-01
9.997285604476928711e-01
9.999941587448120117e-01
9.999967217445373535e-01
9.999978542327880859e-01
9.999980926513671875e-01
9.999979734420776367e-01
9.999974370002746582e-01
9.999963045120239258e-01
9.999905824661254883e-01
9.996665716171264648e-01
9.987004399299621582e-01
9.900522828102111816e-01
9.762448072433471680e-01
9.505811929702758789e-01
9.638801217079162598e-01
9.999563097953796387e-01
9.989220499992370605e-01
9.974311590194702148e-01
9.954261183738708496e-01
9.976159334182739258e-01
9.984807968139648438e-01
9.955877661705017090e-01
9.895591735839843750e-01
9.843366742134094238e-01
9.877016544342041016e-01
9.925189018249511719e-01
9.981493353843688965e-01
9.988622069358825684e-01
9.993498921394348145e-01
9.995684623718261719e-01
9.995353817939758301e-01
9.995891451835632324e-01
9.999137520790100098e-01
1.000000000000000000e+00
9.996652007102966309e-01
9.975584149360656738e-01
9.962760806083679199e-01
9.955872297286987305e-01
9.951456189155578613e-01
9.949490427970886230e-01
9.950745701789855957e-01
9.957714080810546875e-01
9.962900876998901367e-01
9.961110949516296387e-01
9.965077042579650879e-01
9.972292184829711914e-01
9.985200166702270508e-01
9.992715120315551758e-01
9.995907545089721680e-01
9.994628429412841797e-01
9.995164275169372559e-01
9.998574852943420410e-01
9.989829063415527344e-01
9.964230060577392578e-01
9.894977807998657227e-01
9.821438789367675781e-01
9.751632213592529297e-01
9.740661978721618652e-01
9.574674367904663086e-01
9.262281060218811035e-01
8.508827686309814453e-01
7.926325201988220215e-01
7.703312635421752930e-01
8.241230249404907227e-01
8.956978321075439453e-01
9.540290236473083496e-01
9.829381108283996582e-01
9.935762286186218262e-01
9.937070608139038086e-01
9.940015077590942383e-01
9.944834709167480469e-01
9.967626333236694336e-01
9.987032413482666016e-01
9.993733763694763184e-01
9.993916153907775879e-01
9.989784359931945801e-01
9.974863529205322266e-01
9.914788007736206055e-01
9.820719957351684570e-01
4.815692007541656494e-01
1.362549662590026855e-01
2.132355235517024994e-02
2.334435880184173584e-01
5.305206775665283203e-01
8.815031647682189941e-01
9.988133907318115234e-01
9.752837419509887695e-01
6.973191499710083008e-01
3.806871771812438965e-01
2.639229968190193176e-02
3.129111098980306440e-17
4.943263959056557342e-37
1.924436318963355637e-36
5.331022664904594421e-03
1.234591156244277954e-01
7.419809103012084961e-01
9.939049482345581055e-01
9.999719262123107910e-01
9.999596476554870605e-01
9.999470710754394531e-01
9.999341964721679688e-01
9.999474883079528809e-01
9.999660253524780273e-01
9.999862313270568848e-01
9.976865649223327637e-01
9.942072629928588867e-01
9.897046685218811035e-01
9.889308214187622070e-01
9.915826320648193359e-01
9.929239749908447266e-01
9.927839040756225586e-01
9.900763034820556641e-01
9.917037487030029297e-01
9.946776628494262695e-01
9.978326559066772461e-01
9.994015097618103027e-01
9.998983144760131836e-01
9.998089671134948730e-01
9.994124174118041992e-01
9.986084699630737305e-01
9.837380051612854004e-01
9.490562081336975098e-01
8.657634854316711426e-01
8.095955252647399902e-01
7.790607213973999023e-01
8.768427968025207520e-01
9.406709074974060059e-01
9.708859920501708984e-01
9.848802685737609863e-01
9.943853616714477539e-01
9.977577328681945801e-01
9.971200823783874512e-01
9.947812557220458984e-01
9.907172322273254395e-01
9.916947484016418457e-01
9.964478611946105957e-01
9.984551668167114258e-01
9.994934201240539551e-01
9.991415143013000488e-01
9.892445802688598633e-01
8.519284129142761230e-01
2.794390320777893066e-01
6.244299188256263733e-02
7.717698067426681519e-02
6.671996116638183594e-01
9.898638725280761719e-01
9.988119006156921387e-01
9.991486072540283203e-01
9.916101098060607910e-01
9.674330353736877441e-01
9.450865983963012695e-01
9.278118610382080078e-01
9.455597400665283203e-01
9.605666995048522949e-01
9.730542898178100586e-01
9.744881987571716309e-01
9.787476062774658203e-01
9.900174140930175781e-01
9.940764307975769043e-01
9.957703948020935059e-01
9.975371956825256348e-01
9.986662864685058594e-01
9.993161559104919434e-01
9.996848106384277344e-01
9.999278187751770020e-01
9.999840855598449707e-01
9.999970793724060059e-01
9.999931454658508301e-01
9.999660849571228027e-01
9.964482188224792480e-01
9.901382327079772949e-01
9.623278975486755371e-01
9.397978186607360840e-01
9.239526987075805664e-01
9.307770133018493652e-01
8.524650931358337402e-01
5.141800642013549805e-01
2.335334122180938721e-01
1.046843171934597194e-04
3.586370439734309912e-05
3.314438799861818552e-04
1.020904164761304855e-03
2.384978681802749634e-01
5.297530293464660645e-01
8.789651989936828613e-01
9.899752140045166016e-01
9.997787475585937500e-01
9.998807311058044434e-01
9.999247193336486816e-01
9.999147057533264160e-01
9.987693428993225098e-01
9.908007979393005371e-01
9.692695140838623047e-01
9.254433512687683105e-01
8.695750236511230469e-01
7.892240285873413086e-01
7.192444801330566406e-01
6.578807234764099121e-01
6.661438345909118652e-01
6.997791528701782227e-01
7.726073861122131348e-01
8.305096626281738281e-01
8.820155858993530273e-01
9.250069856643676758e-01
9.613659381866455078e-01
9.928594827651977539e-01
9.972834587097167969e-01
9.982581138610839844e-01
9.945936799049377441e-01
9.897364974021911621e-01
9.864205121994018555e-01
9.907463788986206055e-01
9.949589967727661133e-01
9.990807771682739258e-01
9.994656443595886230e-01
9.997560977935791016e-01
9.999098777770996094e-01
9.999099373817443848e-01
9.997671842575073242e-01
9.992322325706481934e-01
9.923619627952575684e-01
9.788607954978942871e-01
8.438445925712585449e-01
6.513113975524902344e-01
3.808120787143707275e-01
1.693728715181350708e-01
1.750823855400085449e-02
2.362729050219058990e-02
1.549437195062637329e-01
3.642736673355102539e-01
7.309460043907165527e-01
9.546273946762084961e-01
9.937027096748352051e-01
9.986894130706787109e-01
9.977434873580932617e-01
9.987513422966003418e-01
9.994585514068603516e-01
9.999733567237854004e-01
9.999811053276062012e-01
9.999831318855285645e-01
9.999780654907226562e-01
9.994992613792419434e-01
9.777413010597229004e-01
8.914532661437988281e-01
5.801035761833190918e-01
1.749657243490219116e-01
3.576418459415435791e-01
5.916410684585571289e-01
8.894649744033813477e-01
9.690435528755187988e-01
9.992287755012512207e-01
9.997981190681457520e-01
1.000000000000000000e+00
9.999439120292663574e-01
9.986685514450073242e-01
9.955717325210571289e-01
9.901780486106872559e-01
9.927298426628112793e-01
9.962838292121887207e-01
9.983548521995544434e-01
9.637295603752136230e-01
9.004629850387573242e-01
6.371710896492004395e-01
5.517470240592956543e-01
6.972449421882629395e-01
8.491322398185729980e-01
9.716625809669494629e-01
9.911471009254455566e-01
9.989607334136962891e-01
9.998344182968139648e-01
9.999393224716186523e-01
1.000000000000000000e+00
1.000000000000000000e+00
9.919616580009460449e-01
9.355784058570861816e-01
7.109754681587219238e-01
6.755059361457824707e-01
7.599390149116516113e-01
8.812373280525207520e-01
9.630898833274841309e-01
9.868729114532470703e-01
9.843850731849670410e-01
9.404445290565490723e-01
7.539601922035217285e-01
7.332040071487426758e-01
8.265978693962097168e-01
9.272841215133666992e-01
9.915362596511840820e-01
9.974706768989562988e-01
9.987868070602416992e-01
9.985532760620117188e-01
9.971499443054199219e-01
9.927023649215698242e-01
9.859441518783569336e-01
9.510524868965148926e-01
9.210615158081054688e-01
9.018898606300354004e-01
9.262427091598510742e-01
9.629443287849426270e-01
9.875109791755676270e-01
9.988343119621276855e-01
9.988209009170532227e-01
9.814893007278442383e-01
9.722192883491516113e-01
9.820182323455810547e-01
9.913471341133117676e-01
9.994453191757202148e-01
9.992644190788269043e-01
9.993469715118408203e-01
9.996871352195739746e-01
9.998236894607543945e-01
9.998561739921569824e-01
9.996909499168395996e-01
9.985740184783935547e-01
9.968394041061401367e-01
9.929297566413879395e-01
9.808309078216552734e-01
9.594221711158752441e-01
9.770900011062622070e-01
9.958485960960388184e-01
9.988667368888854980e-01
9.999647140502929688e-01
9.999880194664001465e-01
9.999746084213256836e-01
9.999310374259948730e-01
9.998463392257690430e-01
9.997091293334960938e-01
9.995385408401489258e-01
9.992837905883789062e-01
9.985352158546447754e-01
9.974486827850341797e-01
9.984807372093200684e-01
9.993337988853454590e-01
9.998314380645751953e-01
9.996517300605773926e-01
9.913020730018615723e-01
9.389795660972595215e-01
8.875529766082763672e-01
8.368275761604309082e-01
9.138053655624389648e-01
9.781142473220825195e-01
9.949693083763122559e-01
9.998128414154052734e-01
9.996531009674072266e-01
9.990115761756896973e-01
9.986010193824768066e-01
9.984368085861206055e-01
9.991024732589721680e-01
9.997287988662719727e-01
9.999007582664489746e-01
9.999583959579467773e-01
9.999454021453857422e-01
9.997010231018066406e-01
9.993838071823120117e-01
9.989669919013977051e-01
9.988245368003845215e-01
9.987266063690185547e-01
9.985459446907043457e-01
9.979423284530639648e-01
9.970362782478332520e-01
9.955677390098571777e-01
9.957731366157531738e-01
9.990290999412536621e-01
9.996742606163024902e-01
9.994736909866333008e-01
9.996405243873596191e-01
9.997898340225219727e-01
9.999223947525024414e-01
9.991243481636047363e-01
9.978126883506774902e-01
9.954729080200195312e-01
9.945051074028015137e-01
9.942830204963684082e-01
9.952525496482849121e-01
9.963653087615966797e-01
9.976595044136047363e-01
9.985905885696411133e-01
9.993312954902648926e-01
9.996531605720520020e-01
9.998494982719421387e-01
9.999610185623168945e-01
9.999855160713195801e-01
9.999968409538269043e-01
9.999882578849792480e-01
9.999802112579345703e-01
9.999510049819946289e-01
9.997797608375549316e-01
9.980270266532897949e-01
9.947817921638488770e-01
9.873098134994506836e-01
9.823864102363586426e-01
9.852643609046936035e-01
9.902512431144714355e-01
9.958854913711547852e-01
9.929152131080627441e-01
9.581205248832702637e-01
8.809537291526794434e-01
8.896858692169189453e-01
9.231604933738708496e-01
9.770382642745971680e-01
9.917920231819152832e-01
9.774703979492187500e-01
8.916974067687988281e-01
8.645595312118530273e-01
9.593375921249389648e-01
9.906400442123413086e-01
9.964605569839477539e-01
9.975008368492126465e-01
9.980427622795104980e-01
9.980465173721313477e-01
9.928286671638488770e-01
9.759569168090820312e-01
9.254653453826904297e-01
8.240650296211242676e-01
6.920629143714904785e-01
7.749246954917907715e-01
8.671704530715942383e-01
9.743542075157165527e-01
1.000000000000000000e+00
9.995492696762084961e-01
9.963253140449523926e-01
9.933956861495971680e-01
9.907451868057250977e-01
9.942297935485839844e-01
9.881250858306884766e-01
9.553582668304443359e-01
8.948283195495605469e-01
8.228043317794799805e-01
8.269618749618530273e-01
8.635035753250122070e-01
9.460380077362060547e-01
9.595269560813903809e-01
9.565112590789794922e-01
9.623458385467529297e-01
9.764222502708435059e-01
9.973505735397338867e-01
9.994800686836242676e-01
9.998986124992370605e-01
9.999753832817077637e-01
1.000000000000000000e+00
9.999356865882873535e-01
9.987877607345581055e-01
9.847841858863830566e-01
9.540038108825683594e-01
5.832462310791015625e-01
2.122561633586883545e-01
1.930137127637863159e-01
4.240717291831970215e-01
8.504146933555603027e-01
9.022397994995117188e-01
9.151695966720581055e-01
8.977114558219909668e-01
9.365224838256835938e-01
9.966211318969726562e-01
9.987599253654479980e-01
9.999672770500183105e-01
9.999923706054687500e-01
9.999929666519165039e-01
9.999892115592956543e-01
9.999898672103881836e-01
9.999865293502807617e-01
9.999801516532897949e-01
9.998154640197753906e-01
9.994896054267883301e-01
9.988320469856262207e-01
9.984232187271118164e-01
9.982016682624816895e-01
9.991165399551391602e-01
9.968662858009338379e-01
9.905009865760803223e-01
9.633508920669555664e-01
9.416888356208801270e-01
9.667205810546875000e-01
9.839284420013427734e-01
9.948811531066894531e-01
9.941589236259460449e-01
9.904466867446899414e-01
9.819043278694152832e-01
9.659804701805114746e-01
9.475886821746826172e-01
9.539760947227478027e-01
9.679825901985168457e-01
9.926360249519348145e-01
9.984444379806518555e-01
9.988701939582824707e-01
9.975916147232055664e-01
9.972243309020996094e-01
9.976583719253540039e-01
9.984648823738098145e-01
9.989941120147705078e-01
9.986868500709533691e-01
9.882773160934448242e-01
9.692781567573547363e-01
7.567486166954040527e-01
5.017347931861877441e-01
1.789593398571014404e-01
6.074787303805351257e-02
1.923532225191593170e-02
4.906998574733734131e-02
2.488906830549240112e-01
6.213095188140869141e-01
7.655452489852905273e-01
8.588115572929382324e-01
9.021350741386413574e-01
9.461037516593933105e-01
9.904921650886535645e-01
9.882634878158569336e-01
9.875062704086303711e-01
9.919775128364562988e-01
9.953510165214538574e-01
9.977188110351562500e-01
9.935211539268493652e-01
9.898682236671447754e-01
9.868814945220947266e-01
9.899377822875976562e-01
9.776942729949951172e-01
8.910790681838989258e-01
8.052529096603393555e-01
7.199805378913879395e-01
7.156243324279785156e-01
7.390698194503784180e-01
8.143608570098876953e-01
9.041705727577209473e-01
9.997376799583435059e-01
9.998942613601684570e-01
9.999855756759643555e-01
9.999733567237854004e-01
9.995457530021667480e-01
9.984489679336547852e-01
9.934569597244262695e-01
9.894603490829467773e-01
9.865093231201171875e-01
9.903014898300170898e-01
9.949257969856262207e-01
9.984341263771057129e-01
9.998871088027954102e-01
9.998859167098999023e-01
9.999049305915832520e-01
9.998685717582702637e-01
9.997099041938781738e-01
9.960732460021972656e-01
9.909040927886962891e-01
9.881802201271057129e-01
9.885358810424804688e-01
9.933400154113769531e-01
9.969305992126464844e-01
9.997433423995971680e-01
9.999070167541503906e-01
9.999886155128479004e-01
9.999890327453613281e-01
9.991832971572875977e-01
9.977238774299621582e-01
9.945003986358642578e-01
9.926476478576660156e-01
9.917359948158264160e-01
9.943639636039733887e-01
9.951694607734680176e-01
9.917249083518981934e-01
9.891740679740905762e-01
9.873515367507934570e-01
9.922537207603454590e-01
9.963027834892272949e-01
9.990988373756408691e-01
9.998023509979248047e-01
9.997760057449340820e-01
9.990561604499816895e-01
9.915084242820739746e-01
9.770005941390991211e-01
9.811564683914184570e-01
9.881459474563598633e-01
9.939944148063659668e-01
9.962797164916992188e-01
9.959504008293151855e-01
9.970752000808715820e-01
9.982383251190185547e-01
9.992676973342895508e-01
9.997509717941284180e-01
9.999477863311767578e-01
9.999530911445617676e-01
9.995273947715759277e-01
9.984034299850463867e-01
9.883621335029602051e-01
9.719657301902770996e-01
9.267500638961791992e-01
8.835284113883972168e-01
8.426386713981628418e-01
7.906306385993957520e-01
7.527166604995727539e-01
7.896966934204101562e-01
8.609267473220825195e-01
9.614366888999938965e-01
9.867078661918640137e-01
9.992422461509704590e-01
9.997816681861877441e-01
9.999925494194030762e-01
9.999997615814208984e-01
9.999997615814208984e-01
9.999994039535522461e-01
9.999985694885253906e-01
9.999788999557495117e-01
9.999451637268066406e-01
9.997996687889099121e-01
9.996196627616882324e-01
9.993888139724731445e-01
9.992944002151489258e-01
9.992950558662414551e-01
9.996846914291381836e-01
9.999201893806457520e-01
9.999870657920837402e-01
9.999958872795104980e-01
9.999917149543762207e-01
9.999814033508300781e-01
9.993675947189331055e-01
9.982548356056213379e-01
9.918617010116577148e-01
9.849765300750732422e-01
9.783098697662353516e-01
9.838028550148010254e-01
9.969450235366821289e-01
9.985030889511108398e-01
9.986822009086608887e-01
9.967602491378784180e-01
9.694304466247558594e-01
9.258459806442260742e-01
7.635875940322875977e-01
5.651713013648986816e-01
3.098649680614471436e-01
1.590871512889862061e-01
1.121275350451469421e-01
6.857706904411315918e-01
7.254262566566467285e-01
1.175185143947601318e-01
2.323462249478325248e-04
5.155380442738533020e-02
3.718954622745513916e-01
6.516965627670288086e-01
8.932226300239562988e-01
9.609951972961425781e-01
9.937866330146789551e-01
9.971010088920593262e-01
9.984263181686401367e-01
9.982672929763793945e-01
9.988613128662109375e-01
9.994314908981323242e-01
9.997868537902832031e-01
9.999400377273559570e-01
9.999746680259704590e-01
9.999895691871643066e-01
9.999963045120239258e-01
9.999875426292419434e-01
9.999607205390930176e-01
9.999264478683471680e-01
9.999152421951293945e-01
9.999175667762756348e-01
9.999412298202514648e-01
9.999552369117736816e-01
9.999656081199645996e-01
9.999727010726928711e-01
9.999781847000122070e-01
9.999816417694091797e-01
9.999313354492187500e-01
9.997663497924804688e-01
9.990063309669494629e-01
9.980286359786987305e-01
9.968280792236328125e-01
9.983576536178588867e-01
9.999756217002868652e-01
9.998500347137451172e-01
9.994643926620483398e-01
9.988606572151184082e-01
9.994148612022399902e-01
9.999413490295410156e-01
9.999502897262573242e-01
9.999302625656127930e-01
9.998903274536132812e-01
9.998294711112976074e-01
9.997599720954895020e-01
9.996728897094726562e-01
9.996098279953002930e-01
9.995604157447814941e-01
9.996441602706909180e-01
9.997432827949523926e-01
9.998688101768493652e-01
9.999343752861022949e-01
9.999713301658630371e-01
9.999889731407165527e-01
9.999555945396423340e-01
9.998376965522766113e-01
9.969632625579833984e-01
9.852327704429626465e-01
8.713348507881164551e-01
7.814882397651672363e-01
7.255056500434875488e-01
8.150040507316589355e-01
9.392158389091491699e-01
9.778693914413452148e-01
9.992455840110778809e-01
9.998551607131958008e-01
9.999250173568725586e-01
9.998500943183898926e-01
9.997134804725646973e-01
9.995777010917663574e-01
9.994430541992187500e-01
9.964748024940490723e-01
9.849295020103454590e-01
9.377822279930114746e-01
9.159474968910217285e-01
9.167011380195617676e-01
9.453007578849792480e-01
9.684207439422607422e-01
9.572610259056091309e-01
7.834963798522949219e-01
4.831713736057281494e-01
2.525506019592285156e-01
2.116217017173767090e-01
7.184127569198608398e-01
9.507362842559814453e-01
9.951338768005371094e-01
8.118080496788024902e-01
5.554136037826538086e-01
1.512142717838287354e-01
2.441124559438012653e-11
7.356882572757961203e-13
1.454252179321413089e-20
6.350409716989304301e-15
2.678675965935017889e-14
5.413347389549016953e-05
1.369349774904549122e-04
2.143702954053878784e-01
4.518783092498779297e-01
7.332299351692199707e-01
4.933855533599853516e-01
1.881365105509757996e-02
8.124152198433876038e-03
2.243816852569580078e-02
8.042792230844497681e-02
4.631065130233764648e-01
9.568544030189514160e-01
9.827800393104553223e-01
9.985110163688659668e-01
9.981257319450378418e-01
9.978253841400146484e-01
9.975648522377014160e-01
9.974056482315063477e-01
9.977161288261413574e-01
9.987062215805053711e-01
9.994172453880310059e-01
9.999793171882629395e-01
9.999914765357971191e-01
9.999986290931701660e-01
9.999991059303283691e-01
9.999989271163940430e-01
9.999871850013732910e-01
9.998840093612670898e-01
9.976418614387512207e-01
9.927672743797302246e-01
9.907655119895935059e-01
9.901992678642272949e-01
9.941827654838562012e-01
9.972609877586364746e-01
9.992910623550415039e-01
9.996068477630615234e-01
9.992235898971557617e-01
9.971631765365600586e-01
9.922733902931213379e-01
9.843012094497680664e-01
9.586758613586425781e-01
9.333453774452209473e-01
9.308606982231140137e-01
9.461596012115478516e-01
9.798173904418945312e-01
9.927066564559936523e-01
9.998646378517150879e-01
9.999245405197143555e-01
9.996923804283142090e-01
9.991694688796997070e-01
9.924135208129882812e-01
9.609510898590087891e-01
8.181598186492919922e-01
7.029601931571960449e-01
6.142385005950927734e-01
7.175641655921936035e-01
8.474374413490295410e-01
9.410777091979980469e-01
9.902072548866271973e-01
9.980338215827941895e-01
9.991658329963684082e-01
9.978953003883361816e-01
9.912444353103637695e-01
9.858306050300598145e-01
9.815478324890136719e-01
9.903629422187805176e-01
9.993330240249633789e-01
9.997792243957519531e-01
9.999933242797851562e-01
9.999982714653015137e-01
9.999989271163940430e-01
9.999979138374328613e-01
9.999924302101135254e-01
9.996927976608276367e-01
9.991319775581359863e-01
9.914721250534057617e-01
9.838676452636718750e-01
9.810950160026550293e-01
9.839329123497009277e-01
9.917786717414855957e-01
9.952763915061950684e-01
9.971415400505065918e-01
9.951734542846679688e-01
9.594691991806030273e-01
8.934834003448486328e-01
8.095173835754394531e-01
7.542183995246887207e-01
8.304599523544311523e-01
9.056351780891418457e-01
9.798479080200195312e-01
9.937253594398498535e-01
9.953960180282592773e-01
9.878860712051391602e-01
9.874396324157714844e-01
9.935436844825744629e-01
9.971098899841308594e-01
9.992851614952087402e-01
9.972180724143981934e-01
9.946098327636718750e-01
9.914836287498474121e-01
9.941085577011108398e-01
9.198803901672363281e-01
4.727389514446258545e-01
1.771549731492996216e-01
3.121668100357055664e-02
1.530328672379255295e-02
9.104016423225402832e-02
5.037392973899841309e-01
7.971641421318054199e-01
9.672331213951110840e-01
9.984429478645324707e-01
9.961066842079162598e-01
9.763012528419494629e-01
9.274019002914428711e-01
8.467606902122497559e-01
7.956739664077758789e-01
7.738813161849975586e-01
8.922949433326721191e-01
9.642447233200073242e-01
9.827113747596740723e-01
9.909344911575317383e-01
9.959394931793212891e-01
9.970432519912719727e-01
9.963709712028503418e-01
9.935134649276733398e-01
9.683203697204589844e-01
9.362965226173400879e-01
9.008666872978210449e-01
9.053319692611694336e-01
9.629077911376953125e-01
9.869443178176879883e-01
9.967656731605529785e-01
9.697918891906738281e-01
7.768110036849975586e-01
3.445112407207489014e-01
1.423231065273284912e-01
3.418212011456489563e-02
9.306671470403671265e-02
2.460961341857910156e-01
5.475484132766723633e-01
5.197817683219909668e-01
3.638688623905181885e-01
3.138196766376495361e-01
4.058612287044525146e-01
7.469585537910461426e-01
9.093717932701110840e-01
9.894765019416809082e-01
9.908694028854370117e-01
9.923284053802490234e-01
9.939165711402893066e-01
9.954544305801391602e-01
9.969639182090759277e-01
9.949231743812561035e-01
9.189215898513793945e-01
6.801609992980957031e-01
3.760205805301666260e-01
3.497610241174697876e-02
9.009892120957374573e-03
1.024730755978808805e-12
4.659104265586355709e-12
8.400435559451580048e-03
2.226301096379756927e-02
3.414227366447448730e-01
6.450049281120300293e-01
8.326082229614257812e-01
9.403233528137207031e-01
9.887399077415466309e-01
9.969995617866516113e-01
9.999079108238220215e-01
9.999551177024841309e-01
9.999666810035705566e-01
9.999481439590454102e-01
9.993942975997924805e-01
9.931718111038208008e-01
9.622554779052734375e-01
9.327127933502197266e-01
9.045832753181457520e-01
9.294696450233459473e-01
9.631168246269226074e-01
9.834823608398437500e-01
9.957684278488159180e-01
9.988946914672851562e-01
9.997151494026184082e-01
9.998815059661865234e-01
9.996939301490783691e-01
9.996646642684936523e-01
9.998436570167541504e-01
9.999381899833679199e-01
9.999966025352478027e-01
9.999481439590454102e-01
9.999334216117858887e-01
9.999717473983764648e-01
9.999895691871643066e-01
9.999986290931701660e-01
9.999993443489074707e-01
9.999997615814208984e-01
9.999995827674865723e-01
9.999690055847167969e-01
9.999232292175292969e-01
9.999169707298278809e-01
9.999257326126098633e-01
9.999673962593078613e-01
9.999879598617553711e-01
9.999957084655761719e-01
9.999980330467224121e-01
9.999995827674865723e-01
9.999998807907104492e-01
9.999961853027343750e-01
9.999895691871643066e-01
9.986044764518737793e-01
9.942063093185424805e-01
9.790526628494262695e-01
9.569377899169921875e-01
9.285492300987243652e-01
9.597536325454711914e-01
9.957367777824401855e-01
9.984792470932006836e-01
9.999336600303649902e-01
9.999717473983764648e-01
9.998262524604797363e-01
9.995703697204589844e-01
9.987999200820922852e-01
9.984359741210937500e-01
9.986290931701660156e-01
9.989598393440246582e-01
9.993414878845214844e-01
9.997448921203613281e-01
9.997448921203613281e-01
9.990509748458862305e-01
9.983890652656555176e-01
9.977412223815917969e-01
9.984431862831115723e-01
9.991209506988525391e-01
9.997408390045166016e-01
9.999797344207763672e-01
9.999907612800598145e-01
9.999524950981140137e-01
9.999139904975891113e-01
9.998840093612670898e-01
9.998663663864135742e-01
9.998582601547241211e-01
9.994179606437683105e-01
9.989009499549865723e-01
9.983082413673400879e-01
9.965010285377502441e-01
9.935092926025390625e-01
9.935786724090576172e-01
9.938832521438598633e-01
9.914236068725585938e-01
9.916139245033264160e-01
9.951047897338867188e-01
9.968121647834777832e-01
9.977886676788330078e-01
9.965692758560180664e-01
9.963017106056213379e-01
9.975896477699279785e-01
9.974699020385742188e-01
9.966751933097839355e-01
9.798853993415832520e-01
9.499555230140686035e-01
8.912566304206848145e-01
8.077906370162963867e-01
7.095034718513488770e-01
6.415849924087524414e-01
5.946457386016845703e-01
6.053617000579833984e-01
5.920780897140502930e-01
5.597765445709228516e-01
7.085418701171875000e-01
8.691381812095642090e-01
9.551489353179931641e-01
9.994733333587646484e-01
9.999024868011474609e-01
9.999917149543762207e-01
9.999901652336120605e-01
9.999597072601318359e-01
9.999445080757141113e-01
9.999508261680603027e-01
9.998319149017333984e-01
9.996740221977233887e-01
9.997676610946655273e-01
9.998409748077392578e-01
9.998753070831298828e-01
9.996696710586547852e-01
9.993342161178588867e-01
9.980929493904113770e-01
9.973266124725341797e-01
9.979916810989379883e-01
9.988396763801574707e-01
9.998246431350708008e-01
9.999717473983764648e-01
9.999909996986389160e-01
9.999564886093139648e-01
9.998461008071899414e-01
9.996580481529235840e-01
9.992794394493103027e-01
9.988509416580200195e-01
9.983956813812255859e-01
9.985246658325195312e-01
9.994801878929138184e-01
9.980353713035583496e-01
9.931387901306152344e-01
8.938568234443664551e-01
7.882762551307678223e-01
6.699830889701843262e-01
6.674786806106567383e-01
7.309463620185852051e-01
8.523975610733032227e-01
9.517181515693664551e-01
9.735165834426879883e-01
9.870749115943908691e-01
9.939773082733154297e-01
9.966853260993957520e-01
9.983579516410827637e-01
9.982220530509948730e-01
9.974428415298461914e-01
9.959313869476318359e-01
9.959772825241088867e-01
9.965729117393493652e-01
9.982531666755676270e-01
9.994539618492126465e-01
9.998615980148315430e-01
9.999943971633911133e-01
9.999987483024597168e-01
9.997491240501403809e-01
9.884432554244995117e-01
9.499614834785461426e-01
9.017514586448669434e-01
8.468446731567382812e-01
8.641902804374694824e-01
8.981671333312988281e-01
9.649834036827087402e-01
9.989331960678100586e-01
9.997698068618774414e-01
9.910668134689331055e-01
9.273480176925659180e-01
4.006287753582000732e-01
6.602071970701217651e-02
1.556631457060575485e-02
2.814613515511155128e-03
9.801901876926422119e-03
5.542839765548706055e-01
9.432232975959777832e-01
9.836969375610351562e-01
9.994201064109802246e-01
9.992871880531311035e-01
9.994195699691772461e-01
9.995785355567932129e-01
9.997388720512390137e-01
9.991773962974548340e-01
9.979174733161926270e-01
9.872190952301025391e-01
9.721693992614746094e-01
9.396740198135375977e-01
9.288645386695861816e-01
9.495402574539184570e-01
9.407001137733459473e-01
9.164178967475891113e-01
4.789243936538696289e-01
2.375313788652420044e-01
4.384100437164306641e-01
6.793895959854125977e-01
9.465484619140625000e-01
9.861603379249572754e-01
9.943608641624450684e-01
9.738357067108154297e-01
9.486272335052490234e-01
9.187144637107849121e-01
9.501235485076904297e-01
9.930045604705810547e-01
9.971543550491333008e-01
9.996851682662963867e-01
9.997333288192749023e-01
9.998459219932556152e-01
9.999873042106628418e-01
9.960958957672119141e-01
9.835811257362365723e-01
9.497525691986083984e-01
9.289087057113647461e-01
9.173672795295715332e-01
9.183560013771057129e-01
9.244676232337951660e-01
9.465650320053100586e-01
9.638481140136718750e-01
9.757103323936462402e-01
9.837614893913269043e-01
9.904447793960571289e-01
9.942556023597717285e-01
9.957949519157409668e-01
9.932634830474853516e-01
9.947674274444580078e-01
9.984028935432434082e-01
9.981151223182678223e-01
9.883748292922973633e-01
9.499698877334594727e-01
9.156027436256408691e-01
8.847855329513549805e-01
9.167533516883850098e-01
9.576034545898437500e-01
9.715154767036437988e-01
9.779934883117675781e-01
9.741282463073730469e-01
9.801755547523498535e-01
9.902008175849914551e-01
9.956704378128051758e-01
9.995772242546081543e-01
9.998138546943664551e-01
9.998782277107238770e-01
9.998243451118469238e-01
9.991849660873413086e-01
9.987431764602661133e-01
9.995645880699157715e-01
1.000000000000000000e+00
1.000000000000000000e+00
9.904133081436157227e-01
9.750021100044250488e-01
9.106482863426208496e-01
8.608360290527343750e-01
8.385423421859741211e-01
8.793954849243164062e-01
9.562864899635314941e-01
9.781917929649353027e-01
9.921123981475830078e-01
9.924911856651306152e-01
9.928257465362548828e-01
9.931185245513916016e-01
9.951665997505187988e-01
9.974655508995056152e-01
9.980458617210388184e-01
9.984698295593261719e-01
9.986420869827270508e-01
9.992110133171081543e-01
9.999720454216003418e-01
1.000000000000000000e+00
9.999497532844543457e-01
9.997508525848388672e-01
9.980632662773132324e-01
9.951256513595581055e-01
9.960257411003112793e-01
9.976634979248046875e-01
9.990809559822082520e-01
9.999327659606933594e-01
9.999815821647644043e-01
9.999969601631164551e-01
9.999980926513671875e-01
9.999899864196777344e-01
9.999538064002990723e-01
9.998446702957153320e-01
9.994733929634094238e-01
9.988997578620910645e-01
9.964339733123779297e-01
9.921548962593078613e-01
9.788140058517456055e-01
9.784083962440490723e-01
9.952312111854553223e-01
1.000000000000000000e+00
1.000000000000000000e+00
1.000000000000000000e+00
9.926510453224182129e-01
9.673905968666076660e-01
9.636357426643371582e-01
9.756549596786499023e-01
9.791595339775085449e-01
9.804800748825073242e-01
9.770233631134033203e-01
9.769226312637329102e-01
9.811804890632629395e-01
9.790894985198974609e-01
9.744988083839416504e-01
9.632980227470397949e-01
9.605642557144165039e-01
9.782649874687194824e-01
9.889869689941406250e-01
9.946343302726745605e-01
9.975510835647583008e-01
9.988518357276916504e-01
9.933013916015625000e-01
9.874218106269836426e-01
9.811074733734130859e-01
9.830763936042785645e-01
9.883682131767272949e-01
9.944821000099182129e-01
9.990488290786743164e-01
9.996686577796936035e-01
9.999545216560363770e-01
9.999833106994628906e-01
9.999906420707702637e-01
9.999940395355224609e-01
9.999967217445373535e-01
9.999983310699462891e-01
9.999984502792358398e-01
9.999920129776000977e-01
9.999826550483703613e-01
9.999394416809082031e-01
9.998580217361450195e-01
9.996708631515502930e-01
9.986379146575927734e-01
9.968969225883483887e-01
9.843233823776245117e-01
9.620531797409057617e-01
8.781316280364990234e-01
6.804929375648498535e-01
3.050454258918762207e-01
1.107515245676040649e-01
4.937029443681240082e-03
3.435074404478655197e-06
1.708292588591575623e-02
8.978470414876937866e-02
8.764784783124923706e-02
1.494607422500848770e-02
0.000000000000000000e+00
0.000000000000000000e+00
0.000000000000000000e+00
1.539393031209597700e-24
5.874646372319969694e-24
2.285935956666830911e-17
5.879994855487476039e-17
2.252564263471867889e-05
4.758483916521072388e-02
2.907959520816802979e-01
5.483987927436828613e-01
8.211944699287414551e-01
9.370427131652832031e-01
9.999808073043823242e-01
9.999557733535766602e-01
9.999216794967651367e-01
9.998677968978881836e-01
9.990025758743286133e-01
9.975738525390625000e-01
9.916956424713134766e-01
9.854164123535156250e-01
9.807981252670288086e-01
9.817051887512207031e-01
9.901015162467956543e-01
9.949007034301757812e-01
9.981789588928222656e-01
9.949324131011962891e-01
9.927067756652832031e-01
9.937596321105957031e-01
9.959056973457336426e-01
9.990060329437255859e-01
9.993596076965332031e-01
9.852527379989624023e-01
8.261355161666870117e-01
5.729324817657470703e-01
1.537307798862457275e-01
1.561105698347091675e-01
3.962530791759490967e-01
5.804834365844726562e-01
7.463796138763427734e-01
8.565126061439514160e-01
9.363306760787963867e-01
9.816513061523437500e-01
9.949124455451965332e-01
9.962657690048217773e-01
9.532204270362854004e-01
8.412043452262878418e-01
5.616258382797241211e-01
5.856739878654479980e-01
8.431663513183593750e-01
9.403576254844665527e-01
9.991834759712219238e-01
9.996339678764343262e-01
9.998967051506042480e-01
9.998626112937927246e-01
9.997560381889343262e-01
9.996125102043151855e-01
9.968402385711669922e-01
9.826133847236633301e-01
9.258017539978027344e-01
7.898792028427124023e-01
5.698053240776062012e-01
4.356362819671630859e-01
3.360731303691864014e-01
4.809629619121551514e-01
6.545522809028625488e-01
8.945329189300537109e-01
9.980137348175048828e-01
9.990953803062438965e-01
9.992817044258117676e-01
9.993390440940856934e-01
9.996882081031799316e-01
9.999237656593322754e-01
9.999792575836181641e-01
9.999970197677612305e-01
9.999951720237731934e-01
6.173211932182312012e-01
2.622086107730865479e-01
1.287015229463577271e-01
1.985811293125152588e-01
4.970533251762390137e-01
3.553041219711303711e-01
6.365323066711425781e-02
2.661844715476036072e-02
1.326700305170902539e-09
4.100737804879628357e-10
1.857280614785850048e-03
5.221405532211065292e-03
4.676980525255203247e-02
8.814650028944015503e-02
4.528474062681198120e-02
2.353247627615928650e-02
3.887276723980903625e-02
3.067107498645782471e-01
7.217463850975036621e-01
7.087976932525634766e-01
6.714049577713012695e-01
7.492182254791259766e-01
6.262950897216796875e-01
2.436057180166244507e-01
7.844596356153488159e-02
5.086094606667757034e-03
1.857349090278148651e-02
1.488717198371887207e-01
6.413223743438720703e-01
9.119618535041809082e-01
9.672784805297851562e-01
9.800446033477783203e-01
9.806447625160217285e-01
9.831514358520507812e-01
9.873159527778625488e-01
9.951307177543640137e-01
9.971272945404052734e-01
9.948595166206359863e-01
9.671736359596252441e-01
9.137039780616760254e-01
6.885423064231872559e-01
5.039077401161193848e-01
3.870448470115661621e-01
5.705643296241760254e-01
9.238263964653015137e-01
9.713756442070007324e-01
9.851515293121337891e-01
9.886655807495117188e-01
9.800072312355041504e-01
9.556171298027038574e-01
9.058518409729003906e-01
8.453621864318847656e-01
7.649713158607482910e-01
7.206220626831054688e-01
7.992494106292724609e-01
8.774897456169128418e-01
9.554328322410583496e-01
9.850031137466430664e-01
9.983871579170227051e-01
9.772880673408508301e-01
9.648233652114868164e-01
9.738034009933471680e-01
9.837556481361389160e-01
9.945036768913269043e-01
9.974324107170104980e-01
9.979584813117980957e-01
9.913177490234375000e-01
9.871313571929931641e-01
9.877007007598876953e-01
9.904955029487609863e-01
9.947537779808044434e-01
9.972932934761047363e-01
9.992209076881408691e-01
9.987714886665344238e-01
9.982811808586120605e-01
9.977279901504516602e-01
9.968370795249938965e-01
9.957644343376159668e-01
9.931333661079406738e-01
9.913247823715209961e-01
9.941502213478088379e-01
9.962974786758422852e-01
9.975664615631103516e-01
9.950609207153320312e-01
9.909087419509887695e-01
9.269216656684875488e-01
8.449623584747314453e-01
7.077443599700927734e-01
7.057175636291503906e-01
8.523386716842651367e-01
9.346001744270324707e-01
9.939944744110107422e-01
9.953171610832214355e-01
9.949264526367187500e-01
9.901002049446105957e-01
9.690658450126647949e-01
9.328828454017639160e-01
8.676501512527465820e-01
7.971871495246887207e-01
8.107249140739440918e-01
8.477161526679992676e-01
9.407041072845458984e-01
9.822959303855895996e-01
9.823158383369445801e-01
9.654228091239929199e-01
9.453262090682983398e-01
9.349879026412963867e-01
9.352922439575195312e-01
9.575461745262145996e-01
9.678779840469360352e-01
9.697145819664001465e-01
9.106822609901428223e-01
7.986029982566833496e-01
3.123247027397155762e-01
3.964702045777812600e-06
1.100027020584093407e-06
2.875979987493337831e-08
7.544756641664207564e-08
3.411445021629333496e-01
7.061621546745300293e-01
8.868156075477600098e-01
8.876128792762756348e-01
5.989939570426940918e-01
3.424186110496520996e-01
1.036854237318038940e-01
3.831613063812255859e-02
1.544254359941987786e-06
5.755376832894398831e-07
7.207018131868966677e-41
1.817203848536422778e-41
1.499389356827554266e-43
3.741466899747261579e-43
9.939168812707066536e-04
9.416060149669647217e-02
6.323981285095214844e-01
8.196037411689758301e-01
5.351197719573974609e-01
6.151304244995117188e-01
8.670086264610290527e-01
9.193377494812011719e-01
9.554499387741088867e-01
9.836771488189697266e-01
9.979408383369445801e-01
9.944942593574523926e-01
9.404645562171936035e-01
8.642873167991638184e-01
8.198962211608886719e-01
8.095304369926452637e-01
9.266949295997619629e-01
9.927480816841125488e-01
9.975416064262390137e-01
9.895806312561035156e-01
9.763460755348205566e-01
5.829741358757019043e-01
2.280385345220565796e-01
7.969512045383453369e-02
1.958430402737576514e-06
4.792752861249027774e-07
2.981392443180084229e-01
7.161260247230529785e-01
8.778750300407409668e-01
9.971701502799987793e-01
9.958119392395019531e-01
9.918488860130310059e-01
9.849335551261901855e-01
9.831009507179260254e-01
9.832219481468200684e-01
9.925339221954345703e-01
9.998625516891479492e-01
9.992390871047973633e-01
9.991384148597717285e-01
9.996235966682434082e-01
9.995882511138916016e-01
9.993507862091064453e-01
9.967225193977355957e-01
9.947655797004699707e-01
9.954442381858825684e-01
9.965553283691406250e-01
9.981558322906494141e-01
9.962124824523925781e-01
9.928851127624511719e-01
9.842225909233093262e-01
9.785476922988891602e-01
9.842684268951416016e-01
9.906529784202575684e-01
9.977849721908569336e-01
9.999025464057922363e-01
9.999961853027343750e-01
1.000000000000000000e+00
9.998013973236083984e-01
9.988456964492797852e-01
9.966069459915161133e-01
9.928304553031921387e-01
9.938210248947143555e-01
9.968394041061401367e-01
9.986017942428588867e-01
9.999651908874511719e-01
9.999722838401794434e-01
9.999199509620666504e-01
9.997930526733398438e-01
9.995368123054504395e-01
9.992226362228393555e-01
9.994966983795166016e-01
9.996789097785949707e-01
9.992625117301940918e-01
9.981938600540161133e-01
9.962502717971801758e-01
9.963765740394592285e-01
9.975117444992065430e-01
9.988589286804199219e-01
1.000000000000000000e+00
1.000000000000000000e+00
1.000000000000000000e+00
1.000000000000000000e+00
1.000000000000000000e+00
1.000000000000000000e+00
9.999920129776000977e-01
9.999847412109375000e-01
9.999873042106628418e-01
9.999777078628540039e-01
9.999489784240722656e-01
9.995102286338806152e-01
9.988309741020202637e-01
9.972449541091918945e-01
9.955664277076721191e-01
9.941971302032470703e-01
9.934368729591369629e-01
9.937540292739868164e-01
9.950036406517028809e-01
9.968658685684204102e-01
9.982227683067321777e-01
9.994029998779296875e-01
9.997246861457824707e-01
9.999507665634155273e-01
9.999853372573852539e-01
1.000000000000000000e+00
1.000000000000000000e+00
1.000000000000000000e+00
9.999996423721313477e-01
9.999932646751403809e-01
9.999772906303405762e-01
9.999389052391052246e-01
9.998606443405151367e-01
9.997485280036926270e-01
9.995312094688415527e-01
9.992917776107788086e-01
9.993267655372619629e-01
9.994394183158874512e-01
9.997669458389282227e-01
9.999397993087768555e-01
9.999611973762512207e-01
9.998966455459594727e-01
9.998028278350830078e-01
9.995620250701904297e-01
9.993032813072204590e-01
9.989919662475585938e-01
9.985865950584411621e-01
9.980723857879638672e-01
9.987490773200988770e-01
9.999320507049560547e-01
1.000000000000000000e+00
1.000000000000000000e+00
1.000000000000000000e+00
9.997681379318237305e-01
9.992158412933349609e-01
9.968226552009582520e-01
9.934817552566528320e-01
9.946455359458923340e-01
9.961351752281188965e-01
9.963857531547546387e-01
9.945733547210693359e-01
9.892758727073669434e-01
9.721590280532836914e-01
9.474410414695739746e-01
8.841091990470886230e-01
8.138935565948486328e-01
7.445126771926879883e-01
7.257072329521179199e-01
8.142681717872619629e-01
8.981543183326721191e-01
9.781473278999328613e-01
9.970019459724426270e-01
1.000000000000000000e+00
1.000000000000000000e+00
9.999817013740539551e-01
9.999130964279174805e-01
9.998767971992492676e-01
9.998725652694702148e-01
9.999023079872131348e-01
9.999442696571350098e-01
9.993943572044372559e-01
9.982998371124267578e-01
9.951832890510559082e-01
9.936960339546203613e-01
9.942682385444641113e-01
9.963833093643188477e-01
9.992321133613586426e-01
9.996198415756225586e-01
9.997352957725524902e-01
9.996379613876342773e-01
9.996104240417480469e-01
9.996959567070007324e-01
9.998086690902709961e-01
9.999384880065917969e-01
9.985733032226562500e-01
9.822998046875000000e-01
7.992367148399353027e-01
7.103905677795410156e-01
8.278576135635375977e-01
9.155943989753723145e-01
9.785010218620300293e-01
9.954302906990051270e-01
9.993612170219421387e-01
9.990552663803100586e-01
9.979320168495178223e-01
9.943214654922485352e-01
9.885892868041992188e-01
9.805449247360229492e-01
9.856464266777038574e-01
9.961478114128112793e-01
9.984281659126281738e-01
9.999026060104370117e-01
9.999604225158691406e-01
9.999928474426269531e-01
9.999875426292419434e-01
9.999110698699951172e-01
9.997936487197875977e-01
9.975447654724121094e-01
9.944460391998291016e-01
9.864830374717712402e-01
9.806928634643554688e-01
9.793203473091125488e-01
9.825442433357238770e-01
9.893957376480102539e-01
9.896731972694396973e-01
9.787752628326416016e-01
4.387852549552917480e-01
2.730041928589344025e-02
9.400764480233192444e-03
0.000000000000000000e+00
0.000000000000000000e+00
3.353563572039975521e-25
8.112415793554239787e-25
2.480388134717941284e-01
5.036249160766601562e-01
7.051592469215393066e-01
8.421279788017272949e-01
8.789273500442504883e-01
8.962724804878234863e-01
9.017314314842224121e-01
9.120807051658630371e-01
9.247422814369201660e-01
9.552336931228637695e-01
9.799829721450805664e-01
9.913984537124633789e-01
9.976954460144042969e-01
9.994329214096069336e-01
9.996483922004699707e-01
9.993683099746704102e-01
9.986916780471801758e-01
9.982451200485229492e-01
9.987010359764099121e-01
9.991351366043090820e-01
9.995407462120056152e-01
9.994507431983947754e-01
9.991065263748168945e-01
9.983113408088684082e-01
9.975920319557189941e-01
9.979327917098999023e-01
9.984552860260009766e-01
9.993333220481872559e-01
9.997203946113586426e-01
9.997246861457824707e-01
9.993847608566284180e-01
9.989295601844787598e-01
9.967606067657470703e-01
9.934192895889282227e-01
9.862989783287048340e-01
9.822342395782470703e-01
9.817369580268859863e-01
9.846007823944091797e-01
9.889951944351196289e-01
9.864106178283691406e-01
9.745314121246337891e-01
9.069387912750244141e-01
7.055532932281494141e-01
2.638173103332519531e-01
5.286593735218048096e-02
8.948478847742080688e-03
1.520963705843314528e-04
1.922585419379174709e-03
7.542466372251510620e-02
2.507067918777465820e-01
7.337795495986938477e-01
9.921652078628540039e-01
9.980688095092773438e-01
9.999198913574218750e-01
9.999883770942687988e-01
9.999962449073791504e-01
9.999975562095642090e-01
9.999924302101135254e-01
9.998693466186523438e-01
9.995365738868713379e-01
9.993184208869934082e-01
9.991829395294189453e-01
9.907276034355163574e-01
9.794946908950805664e-01
9.366243481636047363e-01
8.988726735115051270e-01
8.770638704299926758e-01
8.738942146301269531e-01
8.921955823898315430e-01
8.751804232597351074e-01
8.419049978256225586e-01
8.440055251121520996e-01
8.578905463218688965e-01
9.274989962577819824e-01
9.726746082305908203e-01
9.714207053184509277e-01
9.718125462532043457e-01
9.734787344932556152e-01
9.841204285621643066e-01
9.972578883171081543e-01
9.985588788986206055e-01
9.995773434638977051e-01
9.995843172073364258e-01
9.988228082656860352e-01
9.970738887786865234e-01
9.933577179908752441e-01
9.886032342910766602e-01
9.834262728691101074e-01
9.788214564323425293e-01
9.803778529167175293e-01
9.840816259384155273e-01
9.925740957260131836e-01
9.975269436836242676e-01
9.993147253990173340e-01
9.997870326042175293e-01
9.998046159744262695e-01
9.996708035469055176e-01
9.995563626289367676e-01
9.995619058609008789e-01
9.996199607849121094e-01
9.997594356536865234e-01
9.998246431350708008e-01
9.998419880867004395e-01
9.997559189796447754e-01
9.996454715728759766e-01
9.994773864746093750e-01
9.993749856948852539e-01
9.994623064994812012e-01
9.994644522666931152e-01
9.993711709976196289e-01
9.978970885276794434e-01
9.957880973815917969e-01
9.762320518493652344e-01
9.577758312225341797e-01
9.625256061553955078e-01
9.700528979301452637e-01
9.832618832588195801e-01
9.913649559020996094e-01
9.952040910720825195e-01
9.959440827369689941e-01
9.956952333450317383e-01
9.873875379562377930e-01
9.680824875831604004e-01
9.019957184791564941e-01
7.207012772560119629e-01
3.665049374103546143e-01
1.747072637081146240e-01
8.611633628606796265e-02
2.839780747890472412e-01
5.271053314208984375e-01
3.668344616889953613e-01
2.290541678667068481e-01
1.594701111316680908e-01
1.782173216342926025e-01
2.997762560844421387e-01
4.533189535140991211e-01
6.225321292877197266e-01
5.879659652709960938e-01
5.158584713935852051e-01
3.377611637115478516e-01
2.344518750905990601e-01
2.970952689647674561e-01
4.498054385185241699e-01
6.851292848587036133e-01
7.259812355041503906e-01
6.954903602600097656e-01
6.181728243827819824e-01
5.568869709968566895e-01
6.003447175025939941e-01
6.374555230140686035e-01
6.633934974670410156e-01
6.593806147575378418e-01
6.330211162567138672e-01
6.750327348709106445e-01
7.359790205955505371e-01
8.615679740905761719e-01
9.653403759002685547e-01
9.814217090606689453e-01
9.759202599525451660e-01
9.396256208419799805e-01
7.278422117233276367e-01
4.079230129718780518e-01
5.109068155288696289e-01
7.000477910041809082e-01
8.512236475944519043e-01
9.701139330863952637e-01
9.886436462402343750e-01
9.989516735076904297e-01
9.993229508399963379e-01
9.287251830101013184e-01
8.215033411979675293e-01
5.998153686523437500e-01
3.956822454929351807e-01
6.150155663490295410e-01
8.044646978378295898e-01
9.181230664253234863e-01
9.818013906478881836e-01
9.930795431137084961e-01
9.909738898277282715e-01
9.829964041709899902e-01
8.996200561523437500e-01
8.184012770652770996e-01
8.254045844078063965e-01
8.483171463012695312e-01
9.061737656593322754e-01
8.253169059753417969e-01
6.153206229209899902e-01
6.591855287551879883e-01
7.991920709609985352e-01
8.958657979965209961e-01
9.783122539520263672e-01
9.910007715225219727e-01
9.987666010856628418e-01
9.970523715019226074e-01
9.855202436447143555e-01
9.657723903656005859e-01
9.689753651618957520e-01
9.799022674560546875e-01
9.833634495735168457e-01
9.776960015296936035e-01
9.245443344116210938e-01
8.975508809089660645e-01
9.171930551528930664e-01
9.215095043182373047e-01
9.139581918716430664e-01
9.435307383537292480e-01
9.844354987144470215e-01
9.729548692703247070e-01
9.558789730072021484e-01
9.195445775985717773e-01
8.846839070320129395e-01
8.522348403930664062e-01
7.471265196800231934e-01
5.889562368392944336e-01
4.775325953960418701e-01
3.793358206748962402e-01
5.264979004859924316e-01
6.858385205268859863e-01
8.788928389549255371e-01
9.981550574302673340e-01
9.994538426399230957e-01
9.999940395355224609e-01
9.999988079071044922e-01
9.999986886978149414e-01
9.999971985816955566e-01
9.999445676803588867e-01
9.996232390403747559e-01
9.981642961502075195e-01
9.934498667716979980e-01
9.836381673812866211e-01
9.801254868507385254e-01
9.810123443603515625e-01
9.849509596824645996e-01
9.897053837776184082e-01
9.860758185386657715e-01
9.765104651451110840e-01
9.415812492370605469e-01
8.759720325469970703e-01
7.618233561515808105e-01
8.076058626174926758e-01
9.660558700561523438e-01
6.664149761199951172e-01
2.425430268049240112e-01
1.852469444274902344e-01
1.915405392646789551e-01
4.586555361747741699e-01
6.995379924774169922e-01
8.967915177345275879e-01
9.851522445678710938e-01
9.937156438827514648e-01
9.702412486076354980e-01
9.373739957809448242e-01
8.577918410301208496e-01
7.342080473899841309e-01
4.010305404663085938e-01
1.512803882360458374e-01
4.587645456194877625e-02
1.319719420550535816e-11
3.658644567861024655e-11
9.463797323405742645e-03
2.189767546951770782e-02
4.937027990818023682e-01
9.183129668235778809e-01
9.660822153091430664e-01
9.968894720077514648e-01
9.958025217056274414e-01
9.944454431533813477e-01
9.928637146949768066e-01
9.918942451477050781e-01
9.911416769027709961e-01
9.894133806228637695e-01
9.877772331237792969e-01
9.872481226921081543e-01
9.857109189033508301e-01
9.820738434791564941e-01
9.810776114463806152e-01
9.825277924537658691e-01
9.895155429840087891e-01
9.987206459045410156e-01
9.997726678848266602e-01
9.995044469833374023e-01
9.948638081550598145e-01
9.765551090240478516e-01
9.252836108207702637e-01
8.747631907463073730e-01
8.250377774238586426e-01
8.276872038841247559e-01
8.551139235496520996e-01
9.059553742408752441e-01
9.576698541641235352e-01
9.725282192230224609e-01
9.771648645401000977e-01
9.524402618408203125e-01
9.412795305252075195e-01
9.466303586959838867e-01
9.593363404273986816e-01
9.761827588081359863e-01
9.880182743072509766e-01
9.986380934715270996e-01
9.992427229881286621e-01
9.996749162673950195e-01
9.994832873344421387e-01
9.989551901817321777e-01
9.979317784309387207e-01
9.975636601448059082e-01
9.976360201835632324e-01
9.975463151931762695e-01
9.974133968353271484e-01
9.931936264038085938e-01
9.882615804672241211e-01
9.803385734558105469e-01
9.801920056343078613e-01
9.938322305679321289e-01
9.976315498352050781e-01
9.933168292045593262e-01
9.936529994010925293e-01
9.956328272819519043e-01
9.973967671394348145e-01
9.989582300186157227e-01
9.990727901458740234e-01
9.985704421997070312e-01
9.966596364974975586e-01
9.726103544235229492e-01
9.257606267929077148e-01
9.051069021224975586e-01
8.966069221496582031e-01
9.271223545074462891e-01
9.621310234069824219e-01
9.788717031478881836e-01
9.908702969551086426e-01
9.884930849075317383e-01
9.891874790191650391e-01
9.938845038414001465e-01
9.971544146537780762e-01
9.995423555374145508e-01
9.852860569953918457e-01
9.670283198356628418e-01
9.664015173912048340e-01
9.683660268783569336e-01
9.816594719886779785e-01
9.919123649597167969e-01
9.969928860664367676e-01
9.992955327033996582e-01
9.993683695793151855e-01
9.981803894042968750e-01
9.965549111366271973e-01
9.945577979087829590e-01
9.929170012474060059e-01
9.943811893463134766e-01
9.959620237350463867e-01
9.978161454200744629e-01
9.990646839141845703e-01
9.996495842933654785e-01
9.999028444290161133e-01
9.999873042106628418e-01
9.999300241470336914e-01
9.998244047164916992e-01
9.990652203559875488e-01
9.962313771247863770e-01
9.859604835510253906e-01
9.709944725036621094e-01
9.489805102348327637e-01
9.397825598716735840e-01
9.395707845687866211e-01
9.572678208351135254e-01
9.802639484405517578e-01
9.888175725936889648e-01
9.958009123802185059e-01
9.975141286849975586e-01
9.988730549812316895e-01
9.994714260101318359e-01
9.998224377632141113e-01
9.999245405197143555e-01
9.999732375144958496e-01
9.999968409538269043e-01
9.999435544013977051e-01
9.998646378517150879e-01
9.995198845863342285e-01
9.985110759735107422e-01
9.952899217605590820e-01
9.916450381278991699e-01
9.873724579811096191e-01
9.872747659683227539e-01
9.900627136230468750e-01
9.921658039093017578e-01
9.940615892410278320e-01
9.901312589645385742e-01
9.870291352272033691e-01
9.913789629936218262e-01
9.952523708343505859e-01
9.980687499046325684e-01
9.996348023414611816e-01
9.998995065689086914e-01
9.999564290046691895e-01
9.999111294746398926e-01
9.968527555465698242e-01
9.912042021751403809e-01
9.219383597373962402e-01
8.195191025733947754e-01
5.920217633247375488e-01
4.147252738475799561e-01
3.158175945281982422e-01
2.993467748165130615e-01
3.463094830513000488e-01
3.302130699157714844e-01
2.924344241619110107e-01
1.712678521871566772e-01
5.743743106722831726e-02
7.374553382396697998e-02
2.246420979499816895e-01
7.239045500755310059e-01
9.860792160034179688e-01
9.632979631423950195e-01
9.337284564971923828e-01
9.002518653869628906e-01
8.673685193061828613e-01
8.345249891281127930e-01
7.639961242675781250e-01
7.021828889846801758e-01
6.894532442092895508e-01
7.008011341094970703e-01
7.595479488372802734e-01
7.805984020233154297e-01
7.659542560577392578e-01
7.996594309806823730e-01
8.550140261650085449e-01
9.274103641510009766e-01
9.992703199386596680e-01
9.991297125816345215e-01
9.975752830505371094e-01
9.909533262252807617e-01
9.877933263778686523e-01
9.900240302085876465e-01
9.932692050933837891e-01
9.972906112670898438e-01
9.989745020866394043e-01
9.998438358306884766e-01
9.958133697509765625e-01
9.892346262931823730e-01
9.609886407852172852e-01
9.343593716621398926e-01
9.120503067970275879e-01
9.199201464653015137e-01
9.670248031616210938e-01
9.899539351463317871e-01
9.973884820938110352e-01
9.993058443069458008e-01
9.996879100799560547e-01
9.990062713623046875e-01
9.968017339706420898e-01
9.847409725189208984e-01
9.545550942420959473e-01
8.825013041496276855e-01
7.389888763427734375e-01
5.157430768013000488e-01
2.940140962600708008e-01
7.228004187345504761e-02
1.757853664457798004e-02
3.119178290944546461e-04
9.578230977058410645e-02
2.354242205619812012e-01
6.029136776924133301e-01
8.573719263076782227e-01
8.851460218429565430e-01
8.948190212249755859e-01
8.866730928421020508e-01
8.333089351654052734e-01
7.581977844238281250e-01
7.013226747512817383e-01
6.506831645965576172e-01
8.149789571762084961e-01
9.542064666748046875e-01
9.782847166061401367e-01
9.951086044311523438e-01
9.983323812484741211e-01
9.998979568481445312e-01
9.999367594718933105e-01
9.965384602546691895e-01
9.915717840194702148e-01
8.485777378082275391e-01
6.881889700889587402e-01
7.186975479125976562e-01
7.652230262756347656e-01
8.785225749015808105e-01
9.591110348701477051e-01
9.823226332664489746e-01
9.944698214530944824e-01
9.967438578605651855e-01
9.979033470153808594e-01
9.985745549201965332e-01
9.990558028221130371e-01
9.993013739585876465e-01
9.932658672332763672e-01
9.745036363601684570e-01
9.043894410133361816e-01
8.189449310302734375e-01
7.063564658164978027e-01
6.211395263671875000e-01
5.595340132713317871e-01
5.002825260162353516e-01
4.421797394752502441e-01
2.855182588100433350e-01
1.192228645086288452e-01
1.215545162558555603e-01
2.118611037731170654e-01
6.600787639617919922e-01
9.554732441902160645e-01
9.786069989204406738e-01
9.895918965339660645e-01
9.895601272583007812e-01
9.779261946678161621e-01
9.610792398452758789e-01
8.159164190292358398e-01
6.457692384719848633e-01
3.341138362884521484e-01
7.522387057542800903e-02
4.379013180732727051e-02
1.483690142631530762e-01
5.057780146598815918e-01
7.675500512123107910e-01
9.386311173439025879e-01
9.958221912384033203e-01
9.984260201454162598e-01
9.984610080718994141e-01
9.979999661445617676e-01
9.968723654747009277e-01
9.960019588470458984e-01
9.964317679405212402e-01
9.969612956047058105e-01
9.976919889450073242e-01
9.975506067276000977e-01
9.965096712112426758e-01
9.923201799392700195e-01
9.864584803581237793e-01
9.671477675437927246e-01
9.449087977409362793e-01
7.907736301422119141e-01
6.298807859420776367e-01
4.417979717254638672e-01
3.118472695350646973e-01
3.163539171218872070e-01
4.622775912284851074e-01
7.721588611602783203e-01
9.191022515296936035e-01
9.665771126747131348e-01
9.840350747108459473e-01
9.932795763015747070e-01
9.960429072380065918e-01
9.884247183799743652e-01
8.952888250350952148e-01
7.099134325981140137e-01
2.676745355129241943e-01
1.090106926858425140e-02
3.207092173397541046e-03
2.268323004245758057e-01
6.139041185379028320e-01
8.248293399810791016e-01
9.739314317703247070e-01
9.727222323417663574e-01
9.447753429412841797e-01
7.613216638565063477e-01
6.148076057434082031e-01
6.022700667381286621e-01
6.529992222785949707e-01
8.087653517723083496e-01
9.086380600929260254e-01
9.604121446609497070e-01
9.640940427780151367e-01
9.465159177780151367e-01
9.346144199371337891e-01
9.240570664405822754e-01
9.558179974555969238e-01
9.838646054267883301e-01
9.933425784111022949e-01
9.998141527175903320e-01
9.999296665191650391e-01
9.999827742576599121e-01
9.999670982360839844e-01
9.990122914314270020e-01
9.975107908248901367e-01
9.898705482482910156e-01
9.805695414543151855e-01
9.712393283843994141e-01
9.637933969497680664e-01
9.733660817146301270e-01
9.808210730552673340e-01
9.822248220443725586e-01
9.849076271057128906e-01
9.894309043884277344e-01
9.910395741462707520e-01
9.904246330261230469e-01
9.543030858039855957e-01
9.045362472534179688e-01
7.155228257179260254e-01
5.142933726310729980e-01
5.652666687965393066e-01
6.316314935684204102e-01
7.655636072158813477e-01
8.603539466857910156e-01
8.775276541709899902e-01
8.470780253410339355e-01
7.672679424285888672e-01
4.906784594058990479e-01
1.050692573189735413e-01
2.413172647356987000e-02
1.933384314179420471e-02
9.646289050579071045e-03
2.588917315006256104e-02
2.698651254177093506e-01
5.230944156646728516e-01
8.024183511734008789e-01
9.747340083122253418e-01
9.908747673034667969e-01
9.983997941017150879e-01
9.991122484207153320e-01
9.987592101097106934e-01
9.979753494262695312e-01
9.945514202117919922e-01
9.906152486801147461e-01
9.812749624252319336e-01
9.730710983276367188e-01
9.703797101974487305e-01
9.739553332328796387e-01
9.909678697586059570e-01
9.967712759971618652e-01
9.899051785469055176e-01
9.812968373298645020e-01
9.716455936431884766e-01
9.693548083305358887e-01
9.693079590797424316e-01
9.770320057868957520e-01
9.851431846618652344e-01
9.887121319770812988e-01
9.722231626510620117e-01
8.829608559608459473e-01
7.780124545097351074e-01
6.451858878135681152e-01
6.211387515068054199e-01
6.993201971054077148e-01
8.197483420372009277e-01
9.610812664031982422e-01
9.917275905609130859e-01
9.966735839843750000e-01
9.979189038276672363e-01
9.989525675773620605e-01
9.995521306991577148e-01
9.999441504478454590e-01
9.997255206108093262e-01
9.993526935577392578e-01
9.987509846687316895e-01
9.984831213951110840e-01
9.984875917434692383e-01
9.984680414199829102e-01
9.984380006790161133e-01
9.979205131530761719e-01
9.973146319389343262e-01
9.912147521972656250e-01
9.829158782958984375e-01
9.609280824661254883e-01
9.420009851455688477e-01
9.308329820632934570e-01
9.407356977462768555e-01
9.787378907203674316e-01
9.965369105339050293e-01
9.991790056228637695e-01
9.999492168426513672e-01
9.999893307685852051e-01
9.999217391014099121e-01
9.998257756233215332e-01
9.983844757080078125e-01
9.941328167915344238e-01
9.742626547813415527e-01
9.492238759994506836e-01
9.117957949638366699e-01
9.138232469558715820e-01
9.651680588722229004e-01
9.890969395637512207e-01
9.935828447341918945e-01
9.952824711799621582e-01
9.959412813186645508e-01
9.971869587898254395e-01
9.985086321830749512e-01
9.990708827972412109e-01
9.994831085205078125e-01
9.990926384925842285e-01
9.987986087799072266e-01
9.987249374389648438e-01
9.983867406845092773e-01
9.977164268493652344e-01
9.376631975173950195e-01
8.363584280014038086e-01
4.983106553554534912e-01
7.432866096496582031e-02
3.049223721027374268e-01
6.297276616096496582e-01
8.271672129631042480e-01
9.948599934577941895e-01
9.977084398269653320e-01
9.996795058250427246e-01
9.995387792587280273e-01
9.995194673538208008e-01
9.996569156646728516e-01
9.995608925819396973e-01
9.992933273315429688e-01
9.888154268264770508e-01
9.743663668632507324e-01
8.845484852790832520e-01
7.825512886047363281e-01
6.311978101730346680e-01
4.851588010787963867e-01
3.722594380378723145e-01
3.183277845382690430e-01
4.175002276897430420e-01
5.820178389549255371e-01
8.377141356468200684e-01
9.647545218467712402e-01
9.895420670509338379e-01
9.858593940734863281e-01
9.696143865585327148e-01
7.724848985671997070e-01
5.395843982696533203e-01
3.410985767841339111e-01
1.921862959861755371e-01
4.374494254589080811e-01
6.600705981254577637e-01
8.139668107032775879e-01
8.916365504264831543e-01
8.479408621788024902e-01
7.959513068199157715e-01
7.364932894706726074e-01
7.987605333328247070e-01
9.239204525947570801e-01
9.603403806686401367e-01
9.741428494453430176e-01
9.824036955833435059e-01
9.900415539741516113e-01
9.949383735656738281e-01
9.985569119453430176e-01
9.972277283668518066e-01
9.713479280471801758e-01
8.982927203178405762e-01
6.398357152938842773e-01
1.794468611478805542e-01
4.512963641900569201e-04
9.022420272231101990e-05
0.000000000000000000e+00
0.000000000000000000e+00
1.421518057705477292e-35
5.848356522619724274e-04
3.430804237723350525e-02
1.193064227700233459e-01
4.932517409324645996e-01
6.438666582107543945e-01
2.361984550952911377e-01
6.019552643010683823e-07
6.845777420494414400e-07
5.157015152690291870e-07
1.452810067803511629e-07
3.682183623313903809e-01
9.035491347312927246e-01
9.984350800514221191e-01
9.991716146469116211e-01
9.991765022277832031e-01
9.990559220314025879e-01
9.979842305183410645e-01
9.863626360893249512e-01
9.373632073402404785e-01
7.771755456924438477e-01
4.113270044326782227e-01
3.454132378101348877e-01
5.975548624992370605e-01
7.854558825492858887e-01
9.325628280639648438e-01
9.809097647666931152e-01
9.957033395767211914e-01
9.978624582290649414e-01
9.982863664627075195e-01
9.966699481010437012e-01
9.906659722328186035e-01
9.583693742752075195e-01
8.245245814323425293e-01
4.202988445758819580e-01
1.409849226474761963e-01
4.483380541205406189e-02
7.241460903140151117e-12
1.829682672732646509e-12
2.925744973440551344e-15
7.329651378299318482e-15
2.319682687520980835e-01
5.249504446983337402e-01
7.625966072082519531e-01
9.843607544898986816e-01
9.902020096778869629e-01
9.948869347572326660e-01
9.942834973335266113e-01
9.940462708473205566e-01
9.946184158325195312e-01
9.938086867332458496e-01
9.912380576133728027e-01
9.849198460578918457e-01
9.757794737815856934e-01
9.795858263969421387e-01
9.890589714050292969e-01
9.946302771568298340e-01
9.993494153022766113e-01
9.995171427726745605e-01
9.994472265243530273e-01
9.993645548820495605e-01
9.993191957473754883e-01
9.994203448295593262e-01
9.995441436767578125e-01
9.997146725654602051e-01
9.994518756866455078e-01
9.986748695373535156e-01
9.927853345870971680e-01
9.833055734634399414e-01
9.827368259429931641e-01
9.857823252677917480e-01
9.919669628143310547e-01
9.987654089927673340e-01
9.995042085647583008e-01
9.999651908874511719e-01
9.999358654022216797e-01
9.985255599021911621e-01
9.919917583465576172e-01
9.638481736183166504e-01
8.931191563606262207e-01
8.686512112617492676e-01
8.977999091148376465e-01
9.371663331985473633e-01
9.835649132728576660e-01
9.979250431060791016e-01
9.993423223495483398e-01
9.995704293251037598e-01
9.995673298835754395e-01
9.991691112518310547e-01
9.987421035766601562e-01
9.981839656829833984e-01
9.977456927299499512e-01
9.977718591690063477e-01
9.979920983314514160e-01
9.986078739166259766e-01
9.990478754043579102e-01
9.992775917053222656e-01
9.994084239006042480e-01
9.994664192199707031e-01
9.995482563972473145e-01
9.996401667594909668e-01
9.997169375419616699e-01
9.997903704643249512e-01
9.997943639755249023e-01
9.997907876968383789e-01
9.997359514236450195e-01
9.992852210998535156e-01
9.971069693565368652e-01
9.449844956398010254e-01
7.797431349754333496e-01
5.350579619407653809e-01
1.824979186058044434e-01
6.998281180858612061e-02
1.547404974699020386e-01
1.973190158605575562e-01
2.188341319561004639e-01
2.934844195842742920e-01
3.823708295822143555e-01
5.658415555953979492e-01
7.571544051170349121e-01
8.876330852508544922e-01
9.988367557525634766e-01
9.995082020759582520e-01
9.999979138374328613e-01
9.999982118606567383e-01
9.999804496765136719e-01
9.999341368675231934e-01
9.994746446609497070e-01
9.986139535903930664e-01
9.982275366783142090e-01
9.981287121772766113e-01
9.969657063484191895e-01
9.954317808151245117e-01
9.970248937606811523e-01
9.991263747215270996e-01
9.995516538619995117e-01
9.998915791511535645e-01
9.997586011886596680e-01
9.985433816909790039e-01
9.933666586875915527e-01
9.769275188446044922e-01
9.376711249351501465e-01
8.860133290290832520e-01
8.192799687385559082e-01
7.896131873130798340e-01
7.887220978736877441e-01
5.039274096488952637e-01
8.519356697797775269e-02
1.771569368429481983e-04
1.422912464477121830e-05
2.388271972935544003e-21
4.439273670886478840e-10
1.626739631888085569e-08
7.041716575622558594e-02
5.613207221031188965e-01
9.339496493339538574e-01
9.725254774093627930e-01
9.959929585456848145e-01
9.944192171096801758e-01
9.924204945564270020e-01
9.899884462356567383e-01
9.872829914093017578e-01
9.844013452529907227e-01
9.862010478973388672e-01
9.898476600646972656e-01
9.925389289855957031e-01
9.950442314147949219e-01
8.769685626029968262e-01
7.388520836830139160e-01
3.848111033439636230e-01
8.592756837606430054e-02
4.861577972769737244e-02
1.358957886695861816e-01
5.315756797790527344e-01
7.992550730705261230e-01
8.735827207565307617e-01
9.030486345291137695e-01
8.895686268806457520e-01
8.500979542732238770e-01
7.948377728462219238e-01
7.213416099548339844e-01
6.410469412803649902e-01
6.733890175819396973e-01
7.259171009063720703e-01
7.260018587112426758e-01
6.974326968193054199e-01
3.137032985687255859e-01
1.260340688633566062e-17
5.225619221213921291e-18
0.000000000000000000e+00
0.000000000000000000e+00
3.172716606059111655e-05
1.101849775295704603e-04
2.140322476625442505e-01
6.295808553695678711e-01
8.532661199569702148e-01
9.626491665840148926e-01
9.828701615333557129e-01
9.708819389343261719e-01
9.606364965438842773e-01
9.507451057434082031e-01
9.744479656219482422e-01
9.980096220970153809e-01
9.940565228462219238e-01
9.896253943443298340e-01
9.829480648040771484e-01
9.793014526367187500e-01
9.834846854209899902e-01
9.887957572937011719e-01
9.959062337875366211e-01
9.995979070663452148e-01
9.998706579208374023e-01
9.998958110809326172e-01
9.997607469558715820e-01
9.423004388809204102e-01
8.619229197502136230e-01
6.371640563011169434e-01
3.804999887943267822e-01
3.425004184246063232e-01
3.241989612579345703e-01
3.817059993743896484e-01
4.548553228378295898e-01
6.234430670738220215e-01
7.806427478790283203e-01
9.045888781547546387e-01
9.874306917190551758e-01
9.954779744148254395e-01
9.998609423637390137e-01
9.999533295631408691e-01
9.999935626983642578e-01
9.999936223030090332e-01
9.999902248382568359e-01
9.999851584434509277e-01
9.999820590019226074e-01
9.999795556068420410e-01
9.999814629554748535e-01
9.999840259552001953e-01
9.999892115592956543e-01
9.999941587448120117e-01
9.999957680702209473e-01
9.999951720237731934e-01
9.999851584434509277e-01
9.997788667678833008e-01
9.991145730018615723e-01
9.936609864234924316e-01
9.811566472053527832e-01
9.250195026397705078e-01
8.265583515167236328e-01
5.838497877120971680e-01
2.482928335666656494e-01
9.569858759641647339e-02
1.626192778348922729e-02
7.930362597107887268e-03
1.568099856376647949e-02
3.647377192974090576e-01
7.391279339790344238e-01
8.766246438026428223e-01
9.961460828781127930e-01
9.876297116279602051e-01
8.992136716842651367e-01
5.363104343414306641e-01
2.411459088325500488e-01
8.747034519910812378e-02
0.000000000000000000e+00
0.000000000000000000e+00
0.000000000000000000e+00
0.000000000000000000e+00
2.928159572184085846e-02
7.555773854255676270e-02
4.159794449806213379e-01
8.635999560356140137e-01
9.641026854515075684e-01
9.935118556022644043e-01
9.942620992660522461e-01
9.929881095886230469e-01
9.933291077613830566e-01
9.938210248947143555e-01
9.953021407127380371e-01
9.966479539871215820e-01
9.975598454475402832e-01
9.984295964241027832e-01
9.992207884788513184e-01
9.997380375862121582e-01
9.998962283134460449e-01
9.978351593017578125e-01
9.938171505928039551e-01
8.633782863616943359e-01
6.578556895256042480e-01
3.735060393810272217e-01
5.849460884928703308e-02
1.787841436453163624e-03
1.947983982972800732e-04
8.609558455646038055e-03
1.823911443352699280e-02
4.821755737066268921e-02
7.911229133605957031e-02
1.176465302705764771e-01
2.089385986328125000e-01
4.918821156024932861e-01
7.352296113967895508e-01
8.895322680473327637e-01
9.840611815452575684e-01
9.913935065269470215e-01
9.939790368080139160e-01
9.919080138206481934e-01
9.886243343353271484e-01
9.845155477523803711e-01
9.830300211906433105e-01
9.826982021331787109e-01
9.857119321823120117e-01
9.896091818809509277e-01
9.930309057235717773e-01
9.963890910148620605e-01
9.978882670402526855e-01
9.992402791976928711e-01
9.991894364356994629e-01
9.983566999435424805e-01
9.937210083007812500e-01
9.906536340713500977e-01
9.918941855430603027e-01
9.937251806259155273e-01
9.966256618499755859e-01
9.981048107147216797e-01
9.978653788566589355e-01
9.874198436737060547e-01
9.685052037239074707e-01
9.470124840736389160e-01
9.240814447402954102e-01
9.324696660041809082e-01
9.523482322692871094e-01
9.717049002647399902e-01
9.910081028938293457e-01
9.943043589591979980e-01
9.961361885070800781e-01
9.953511357307434082e-01
9.946999549865722656e-01
9.951957464218139648e-01
9.956890940666198730e-01
9.961708188056945801e-01
9.896986484527587891e-01
9.660143852233886719e-01
8.120808601379394531e-01
4.434900283813476562e-01
2.694888710975646973e-01
3.148008286952972412e-01
4.829785823822021484e-01
