9.999266862869262695e-01
9.999746680259704590e-01
9.999901652336120605e-01
9.999608993530273438e-01
9.997224807739257812e-01
9.991840720176696777e-01
9.985095262527465820e-01
9.983983039855957031e-01
9.990090131759643555e-01
9.995859265327453613e-01
9.999179244041442871e-01
9.999876618385314941e-01
9.999687075614929199e-01
9.999338984489440918e-01
9.998208284378051758e-01
9.981136918067932129e-01
9.917093515396118164e-01
9.827636480331420898e-01
9.884898066520690918e-01
9.939463138580322266e-01
9.981904625892639160e-01
9.943714141845703125e-01
9.668354392051696777e-01
9.342550039291381836e-01
9.525308012962341309e-01
9.747353792190551758e-01
9.951806664466857910e-01
9.988802671432495117e-01
9.999940395355224609e-01
9.932977557182312012e-01
9.624385237693786621e-01
5.172477960586547852e-01
1.033475250005722046e-01
2.331379950046539307e-01
5.632734894752502441e-01
8.589839339256286621e-01
9.164736270904541016e-01
9.249016642570495605e-01
9.145364761352539062e-01
8.900902867317199707e-01
8.427640795707702637e-01
7.897243499755859375e-01
7.346614003181457520e-01
8.041049242019653320e-01
8.425759673118591309e-01
7.973800897598266602e-01
3.959265649318695068e-01
1.218963414430618286e-01
9.435083717107772827e-02
3.217117488384246826e-01
4.933815896511077881e-01
5.671110153198242188e-01
7.193542122840881348e-01
8.550127148628234863e-01
9.668136835098266602e-01
9.706282615661621094e-01
9.625271558761596680e-01
9.442825913429260254e-01
9.075628519058227539e-01
8.826695084571838379e-01
8.716154694557189941e-01
9.426106214523315430e-01
9.821759462356567383e-01
9.952673316001892090e-01
9.974675774574279785e-01
9.976878762245178223e-01
9.954995512962341309e-01
9.834628701210021973e-01
9.646087288856506348e-01
9.463254213333129883e-01
9.676262736320495605e-01
9.829387068748474121e-01
9.928860664367675781e-01
9.916734695434570312e-01
9.783126711845397949e-01
9.522066712379455566e-01
8.941029310226440430e-01
9.121148586273193359e-01
9.620056748390197754e-01
9.907356500625610352e-01
9.992269873619079590e-01
9.957366585731506348e-01
9.800805449485778809e-01
9.791829586029052734e-01
9.839303493499755859e-01
9.881259202957153320e-01
9.710999131202697754e-01
8.879142999649047852e-01
6.276445388793945312e-01
3.159521818161010742e-01
1.851443946361541748e-01
5.851594209671020508e-01
8.353611826896667480e-01
9.865007400512695312e-01
9.975992441177368164e-01
9.998788237571716309e-01
9.998775124549865723e-01
9.997418522834777832e-01
9.989499449729919434e-01
9.947052001953125000e-01
9.836205840110778809e-01
8.715637326240539551e-01
6.344628930091857910e-01
1.957543492317199707e-01
9.109708666801452637e-02
1.320523619651794434e-01
3.285924494266510010e-01
6.664324402809143066e-01
9.096709489822387695e-01
9.600564837455749512e-01
9.418835043907165527e-01
9.338169693946838379e-01
9.554881453514099121e-01
9.778814911842346191e-01
9.920978546142578125e-01
9.942998290061950684e-01
9.549876451492309570e-01
8.051211833953857422e-01
5.080348849296569824e-01
2.276176065206527710e-01
8.992810547351837158e-02
1.358713805675506592e-01
4.757715463638305664e-01
7.702016234397888184e-01
9.845597743988037109e-01
9.980246424674987793e-01
9.998685121536254883e-01
9.997379183769226074e-01
9.978913664817810059e-01
9.934985041618347168e-01
9.863092303276062012e-01
9.844746589660644531e-01
9.882153272628784180e-01
9.978319406509399414e-01
9.992517232894897461e-01
9.998897314071655273e-01
9.998230338096618652e-01
9.989184141159057617e-01
9.986354708671569824e-01
9.989748597145080566e-01
9.985980987548828125e-01
9.956370592117309570e-01
9.901984930038452148e-01
9.864059090614318848e-01
9.875752329826354980e-01
9.933165311813354492e-01
9.966918826103210449e-01
9.983005523681640625e-01
9.983178377151489258e-01
9.985390901565551758e-01
9.986547827720642090e-01
9.985979199409484863e-01
9.962083101272583008e-01
9.959784746170043945e-01
9.976116418838500977e-01
9.989534616470336914e-01
9.996473193168640137e-01
9.997257590293884277e-01
9.983564019203186035e-01
9.942434430122375488e-01
9.883149266242980957e-01
9.920272827148437500e-01
9.959473609924316406e-01
9.998394250869750977e-01
9.998947381973266602e-01
9.868479967117309570e-01
9.311597347259521484e-01
2.884703278541564941e-01
4.303222231101244688e-04
6.797866430133581161e-03
1.326883137226104736e-01
4.639295339584350586e-01
9.325098991394042969e-01
9.279664158821105957e-01
9.210484623908996582e-01
9.136164188385009766e-01
9.288045763969421387e-01
9.466434121131896973e-01
9.648690819740295410e-01
9.541389346122741699e-01
9.130336046218872070e-01
8.495985865592956543e-01
8.197607994079589844e-01
7.621374726295471191e-01
6.766360402107238770e-01
4.915750920772552490e-01
3.762781023979187012e-01
3.278082609176635742e-01
4.701010584831237793e-01
6.652753353118896484e-01
8.921499252319335938e-01
9.017506241798400879e-01
5.773950815200805664e-01
3.614701097831130028e-03
1.133310259319841862e-03
1.596029242402203889e-15
3.404939197935163975e-04
8.722654543817043304e-03
3.423300087451934814e-01
9.310199618339538574e-01
9.170910716056823730e-01
9.303575158119201660e-01
9.657737016677856445e-01
9.517045021057128906e-01
9.408977031707763672e-01
9.329603314399719238e-01
9.246125221252441406e-01
8.832159042358398438e-01
8.122461438179016113e-01
7.866429090499877930e-01
8.192290663719177246e-01
9.065400958061218262e-01
9.631668925285339355e-01
9.914677143096923828e-01
9.914110302925109863e-01
7.054495215415954590e-01
3.799337148666381836e-01
1.452000625431537628e-02
4.188949707895517349e-03
8.536006510257720947e-02
2.594246864318847656e-01
4.270004332065582275e-01
4.151220023632049561e-01
2.067880332469940186e-01
7.244444638490676880e-02
1.302212360315024853e-03
4.952245581080205739e-05
3.419164474119384955e-12
3.394144878257066011e-04
1.084424555301666260e-03
5.100339055061340332e-01
6.594831943511962891e-01
3.236582577228546143e-01
1.159807965159416199e-01
2.002612454816699028e-03
1.439802581444382668e-04
1.210237666964530945e-02
2.777281105518341064e-01
8.999532461166381836e-01
9.818654656410217285e-01
9.984776377677917480e-01
9.987605214118957520e-01
9.993036985397338867e-01
9.997360110282897949e-01
9.999403357505798340e-01
9.997046589851379395e-01
9.992611408233642578e-01
9.985679984092712402e-01
9.986245036125183105e-01
9.990033507347106934e-01
9.997520446777343750e-01
9.998099803924560547e-01
9.995681643486022949e-01
9.989834427833557129e-01
9.979724884033203125e-01
9.908525347709655762e-01
9.707751274108886719e-01
4.508558809757232666e-01
3.180141095072031021e-03
4.973084200173616409e-03
4.108165800571441650e-01
7.590220570564270020e-01
6.849207878112792969e-01
4.684323668479919434e-01
3.238738775253295898e-01
5.036326646804809570e-01
7.134603857994079590e-01
8.839393854141235352e-01
8.965307474136352539e-01
9.197553396224975586e-01
9.475895166397094727e-01
9.777364730834960938e-01
9.921736121177673340e-01
9.987120032310485840e-01
9.995756149291992188e-01
9.997181296348571777e-01
9.988155364990234375e-01
9.945248365402221680e-01
9.928280115127563477e-01
9.927998781204223633e-01
9.947041273117065430e-01
9.413282275199890137e-01
8.472205996513366699e-01
6.877067685127258301e-01
7.490024566650390625e-01
9.333761334419250488e-01
9.768779277801513672e-01
9.948822855949401855e-01
9.937338232994079590e-01
9.768028259277343750e-01
9.478908777236938477e-01
9.129880070686340332e-01
9.402246475219726562e-01
9.551798701286315918e-01
9.590798616409301758e-01
9.458275437355041504e-01
9.596638083457946777e-01
9.997417926788330078e-01
9.693118929862976074e-01
9.597179889678955078e-01
9.731143712997436523e-01
9.854784607887268066e-01
9.938552379608154297e-01
9.974390864372253418e-01
9.985384941101074219e-01
9.991677403450012207e-01
9.993773102760314941e-01
9.981840252876281738e-01
9.938302040100097656e-01
9.848002195358276367e-01
9.861059784889221191e-01
9.873068332672119141e-01
9.857102632522583008e-01
9.925396442413330078e-01
9.897187948226928711e-01
9.640045166015625000e-01
9.333103895187377930e-01
9.204524159431457520e-01
9.527371525764465332e-01
9.758421182632446289e-01
9.921760559082031250e-01
9.967437386512756348e-01
9.988392591476440430e-01
9.998164772987365723e-01
9.998605251312255859e-01
9.997748732566833496e-01
9.995731711387634277e-01
9.991080760955810547e-01
9.989068508148193359e-01
9.981936216354370117e-01
9.941371083259582520e-01
9.949593544006347656e-01
9.982065558433532715e-01
9.994467496871948242e-01
9.999595284461975098e-01
9.999995827674865723e-01
9.999998211860656738e-01
9.999991655349731445e-01
9.999906420707702637e-01
9.998503923416137695e-01
9.959073066711425781e-01
9.877083897590637207e-01
9.090136885643005371e-01
8.907202482223510742e-01
9.343040585517883301e-01
9.342738986015319824e-01
9.189734458923339844e-01
8.867827653884887695e-01
9.391514658927917480e-01
9.791866540908813477e-01
9.940575957298278809e-01
9.979348778724670410e-01
9.996553063392639160e-01
9.999141097068786621e-01
9.999691843986511230e-01
9.999679327011108398e-01
9.999235868453979492e-01
9.993559122085571289e-01
9.990779161453247070e-01
9.997964501380920410e-01
9.994496107101440430e-01
9.986276626586914062e-01
9.973284006118774414e-01
9.942045807838439941e-01
9.898288846015930176e-01
9.832376837730407715e-01
9.818526506423950195e-01
9.826887249946594238e-01
9.825327396392822266e-01
9.798188805580139160e-01
9.770374298095703125e-01
9.846945405006408691e-01
9.923542737960815430e-01
9.994939565658569336e-01
9.998013973236083984e-01
9.999615550041198730e-01
1.000000000000000000e+00
1.000000000000000000e+00
9.999857544898986816e-01
9.999574422836303711e-01
9.999048709869384766e-01
9.996545314788818359e-01
9.991673827171325684e-01
9.926831722259521484e-01
9.873994588851928711e-01
9.845099449157714844e-01
9.924207925796508789e-01
9.987888932228088379e-01
9.998189210891723633e-01
9.999929070472717285e-01
9.999960660934448242e-01
9.999947547912597656e-01
9.999952316284179688e-01
9.999964833259582520e-01
9.999985098838806152e-01
9.999995231628417969e-01
1.000000000000000000e+00
1.000000000000000000e+00
9.999998211860656738e-01
9.999995827674865723e-01
9.999994039535522461e-01
9.999940991401672363e-01
9.999787807464599609e-01
9.999027252197265625e-01
9.998958110809326172e-01
9.999386072158813477e-01
9.999734759330749512e-01
9.999918937683105469e-01
9.999954104423522949e-01
9.999185204505920410e-01
9.993703961372375488e-01
9.982933402061462402e-01
9.991469383239746094e-01
9.997915625572204590e-01
9.999792575836181641e-01
9.987516403198242188e-01
9.977044463157653809e-01
9.972863793373107910e-01
9.962514638900756836e-01
9.861525893211364746e-01
9.559274315834045410e-01
9.355384707450866699e-01
9.298497438430786133e-01
9.601338505744934082e-01
9.827613234519958496e-01
9.988239407539367676e-01
9.995996952056884766e-01
9.997309446334838867e-01
9.992287158966064453e-01
9.967526793479919434e-01
9.965600371360778809e-01
9.978774189949035645e-01
9.993360042572021484e-01
8.355515599250793457e-01
5.335794091224670410e-01
1.825744956731796265e-01
1.413984596729278564e-02
3.989810496568679810e-02
4.170644283294677734e-01
7.251971960067749023e-01
9.167569279670715332e-01
9.456434249877929688e-01
9.581479430198669434e-01
9.763435721397399902e-01
9.866102337837219238e-01
9.927992820739746094e-01
9.932238459587097168e-01
9.950202107429504395e-01
9.969686269760131836e-01
9.980826377868652344e-01
9.979048967361450195e-01
9.966537952423095703e-01
9.928522706031799316e-01
9.923564791679382324e-01
9.938703775405883789e-01
9.967066645622253418e-01
9.976485371589660645e-01
9.972401261329650879e-01
9.976501464843750000e-01
9.965040087699890137e-01
9.938804507255554199e-01
9.929485917091369629e-01
9.941161274909973145e-01
9.978380203247070312e-01
9.992091059684753418e-01
9.999393224716186523e-01
9.999810457229614258e-01
9.099306464195251465e-01
7.477290630340576172e-01
4.633261859416961670e-01
4.844109416007995605e-01
6.177838444709777832e-01
8.291114568710327148e-01
7.259435653686523438e-01
4.882011115550994873e-01
2.233152836561203003e-01
2.514059245586395264e-01
4.616999328136444092e-01
8.246916532516479492e-01
9.869999289512634277e-01
9.983531236648559570e-01
9.950039386749267578e-01
9.937709569931030273e-01
9.946686625480651855e-01
9.978188276290893555e-01
9.997604489326477051e-01
9.999654889106750488e-01
9.999853372573852539e-01
9.999440908432006836e-01
9.998332858085632324e-01
9.677586555480957031e-01
8.007645010948181152e-01
3.098333477973937988e-01
2.394997328519821167e-01
3.728711307048797607e-01
7.346015572547912598e-01
9.047157764434814453e-01
9.632923007011413574e-01
9.070004820823669434e-01
8.830459117889404297e-01
8.833270668983459473e-01
9.224158525466918945e-01
8.940251469612121582e-01
8.034954071044921875e-01
5.146594643592834473e-01
2.811553776264190674e-01
1.201087534427642822e-01
5.580680444836616516e-02
2.200042270123958588e-02
2.369204536080360413e-02
2.449533790349960327e-01
5.400049686431884766e-01
9.055697321891784668e-01
9.973576068878173828e-01
9.946930408477783203e-01
9.787486791610717773e-01
9.691504240036010742e-01
9.656350016593933105e-01
9.816636443138122559e-01
9.813089370727539062e-01
9.699296355247497559e-01
9.608896374702453613e-01
9.548299908638000488e-01
9.515850543975830078e-01
9.574981927871704102e-01
9.664880037307739258e-01
9.791899323463439941e-01
9.887785911560058594e-01
9.958931803703308105e-01
9.991107583045959473e-01
9.998595714569091797e-01
9.999750852584838867e-01
9.999399781227111816e-01
9.998683929443359375e-01
9.996474385261535645e-01
9.988394379615783691e-01
9.973299503326416016e-01
9.953786730766296387e-01
9.929239153861999512e-01
9.768856167793273926e-01
9.491189122200012207e-01
8.624207377433776855e-01
8.170586824417114258e-01
8.172442913055419922e-01
9.248835444450378418e-01
9.679864048957824707e-01
8.988505601882934570e-01
6.314188838005065918e-01
3.707334697246551514e-01
2.067085802555084229e-01
3.467849493026733398e-01
5.618929862976074219e-01
7.090724110603332520e-01
7.989859580993652344e-01
8.621422052383422852e-01
9.321876168251037598e-01
9.756031632423400879e-01
9.991579651832580566e-01
9.987883567810058594e-01
9.986398220062255859e-01
9.987145662307739258e-01
9.984539747238159180e-01
8.160128593444824219e-01
3.678448796272277832e-01
1.353661864995956421e-01
2.067706501710904265e-33
3.845103780910868688e-34
4.781353101134300232e-02
2.208219319581985474e-01
7.730057239532470703e-01
9.634104371070861816e-01
9.821544885635375977e-01
9.920855164527893066e-01
9.970502257347106934e-01
9.984846711158752441e-01
9.991390705108642578e-01
9.996135234832763672e-01
9.999047517776489258e-01
9.999518990516662598e-01
9.998469948768615723e-01
9.995369315147399902e-01
9.991314411163330078e-01
9.986138939857482910e-01
9.978793263435363770e-01
9.969666600227355957e-01
9.963032603263854980e-01
9.967712163925170898e-01
9.977847337722778320e-01
9.989417791366577148e-01
9.990962743759155273e-01
9.966742396354675293e-01
9.920771121978759766e-01
9.770774841308593750e-01
9.692975878715515137e-01
9.695507884025573730e-01
9.866759181022644043e-01
9.986308217048645020e-01
9.997419118881225586e-01
9.999397993087768555e-01
9.999350905418395996e-01
9.999039769172668457e-01
9.999189972877502441e-01
9.999508261680603027e-01
9.999802708625793457e-01
9.999939203262329102e-01
9.999957084655761719e-01
9.999672174453735352e-01
9.994838237762451172e-01
9.985951781272888184e-01
9.966284632682800293e-01
9.966675639152526855e-01
9.993995428085327148e-01
9.998365044593811035e-01
9.999334812164306641e-01
9.999869465827941895e-01
9.999920725822448730e-01
9.995279312133789062e-01
9.974929690361022949e-01
9.938169121742248535e-01
9.901432394981384277e-01
9.921073913574218750e-01
9.905624985694885254e-01
9.861987233161926270e-01
9.726262092590332031e-01
9.689746499061584473e-01
9.765614271163940430e-01
9.841818213462829590e-01
9.897447824478149414e-01
9.916657209396362305e-01
9.954157471656799316e-01
9.987661838531494141e-01
9.996854662895202637e-01
9.999271631240844727e-01
9.997998476028442383e-01
9.992118477821350098e-01
9.968996047973632812e-01
9.933935999870300293e-01
9.893784523010253906e-01
9.886166453361511230e-01
9.912621974945068359e-01
9.957212805747985840e-01
9.984455108642578125e-01
9.981194138526916504e-01
9.853252172470092773e-01
9.718418121337890625e-01
9.636175632476806641e-01
9.720659255981445312e-01
9.861940145492553711e-01
9.953320026397705078e-01
9.991882443428039551e-01
9.995928406715393066e-01
9.993957877159118652e-01
9.989824891090393066e-01
9.983491301536560059e-01
9.900805354118347168e-01
8.700725436210632324e-01
5.722233653068542480e-01
6.207466721534729004e-01
6.039195656776428223e-01
2.205614447593688965e-01
1.462564766407012939e-01
2.647140622138977051e-01
7.535157203674316406e-01
9.660118818283081055e-01
9.949170947074890137e-01
9.972814321517944336e-01
9.988638162612915039e-01
9.996337294578552246e-01
9.998579621315002441e-01
9.999786019325256348e-01
9.999925494194030762e-01
9.999938607215881348e-01
9.999932050704956055e-01
9.999950528144836426e-01
9.999861121177673340e-01
9.999665021896362305e-01
9.999107718467712402e-01
9.998397827148437500e-01
9.997619390487670898e-01
9.998245835304260254e-01
9.998927712440490723e-01
9.999670982360839844e-01
9.999831318855285645e-01
9.999870657920837402e-01
9.999792575836181641e-01
9.999843239784240723e-01
9.999920725822448730e-01
9.999974370002746582e-01
9.999991059303283691e-01
9.999933242797851562e-01
9.999432563781738281e-01
9.967722892761230469e-01
9.910790920257568359e-01
9.766551256179809570e-01
9.721615314483642578e-01
9.806876778602600098e-01
9.912056326866149902e-01
9.987888336181640625e-01
9.992905855178833008e-01
9.984648823738098145e-01
9.975742697715759277e-01
9.982744455337524414e-01
9.991050958633422852e-01
9.999552965164184570e-01
9.999845623970031738e-01
9.999976158142089844e-01
9.999948143959045410e-01
9.998674988746643066e-01
9.981033802032470703e-01
9.937034845352172852e-01
9.870117306709289551e-01
9.836111068725585938e-01
9.911310672760009766e-01
9.880057573318481445e-01
9.814152717590332031e-01
9.827833175659179688e-01
9.887107014656066895e-01
9.980688691139221191e-01
9.988874197006225586e-01
9.988123178482055664e-01
9.976091384887695312e-01
9.961639642715454102e-01
9.956984519958496094e-01
9.974465370178222656e-01
9.988400340080261230e-01
9.998899102210998535e-01
9.999581575393676758e-01
9.999835491180419922e-01
9.999783635139465332e-01
9.999001026153564453e-01
9.997554421424865723e-01
9.995426535606384277e-01
9.996379613876342773e-01
9.997621774673461914e-01
9.998947381973266602e-01
9.999522566795349121e-01
9.999843835830688477e-01
9.999955892562866211e-01
9.999995827674865723e-01
9.999998211860656738e-01
9.999992251396179199e-01
9.997331500053405762e-01
9.992392659187316895e-01
5.312947630882263184e-01
1.817013174295425415e-01
2.531658299267292023e-02
9.610792039893567562e-05
6.543322652578353882e-02
3.065220117568969727e-01
6.483912467956542969e-01
9.184939861297607422e-01
4.760763347148895264e-01
2.276559174060821533e-01
1.263617873191833496e-01
3.085265457630157471e-01
5.151055455207824707e-01
7.530325055122375488e-01
8.324668407440185547e-01
8.859915733337402344e-01
9.342604279518127441e-01
6.709196567535400391e-01
3.347280323505401611e-01
2.054463326930999756e-01
2.917794585227966309e-01
5.258466601371765137e-01
8.143269419670104980e-01
9.786875247955322266e-01
9.964231252670288086e-01
9.969666600227355957e-01
9.948215484619140625e-01
9.915072917938232422e-01
9.338063001632690430e-01
7.990353107452392578e-01
3.974722325801849365e-01
2.320963591337203979e-01
2.337811142206192017e-01
6.470056772232055664e-01
9.047204256057739258e-01
9.876572489738464355e-01
9.980134367942810059e-01
9.996819496154785156e-01
9.998637437820434570e-01
9.994125366210937500e-01
9.982047080993652344e-01
9.946290850639343262e-01
9.923905730247497559e-01
9.911731481552124023e-01
9.939523935317993164e-01
9.899317026138305664e-01
9.784191250801086426e-01
9.505478739738464355e-01
9.383614063262939453e-01
9.614011049270629883e-01
9.656405448913574219e-01
9.555242657661437988e-01
9.090646505355834961e-01
8.646738529205322266e-01
8.249577283859252930e-01
8.618268966674804688e-01
9.080322384834289551e-01
9.647741913795471191e-01
9.844889640808105469e-01
9.958364367485046387e-01
9.984833598136901855e-01
9.992791414260864258e-01
9.993976950645446777e-01
9.992147684097290039e-01
9.992828369140625000e-01
9.994878172874450684e-01
9.987550377845764160e-01
9.896663427352905273e-01
9.705950617790222168e-01
7.824804782867431641e-01
5.849726200103759766e-01
4.181886017322540283e-01
2.748353481292724609e-01
1.568408161401748657e-01
1.282109618186950684e-01
3.805112838745117188e-01
8.301052451133728027e-01
9.376071691513061523e-01
9.989674687385559082e-01
9.996802806854248047e-01
9.996044039726257324e-01
9.992254376411437988e-01
9.984101057052612305e-01
9.895162582397460938e-01
9.624680876731872559e-01
8.357058167457580566e-01
7.052645683288574219e-01
5.717429518699645996e-01
7.821984887123107910e-01
9.336152076721191406e-01
9.850949645042419434e-01
9.953624010086059570e-01
9.953198432922363281e-01
9.906455278396606445e-01
9.861823320388793945e-01
9.829548001289367676e-01
9.909477233886718750e-01
9.962766170501708984e-01
9.990895390510559082e-01
9.996610283851623535e-01
9.998759031295776367e-01
9.997251629829406738e-01
9.994274377822875977e-01
9.990904331207275391e-01
9.987597465515136719e-01
9.990952610969543457e-01
9.998036026954650879e-01
9.999311566352844238e-01
9.999994635581970215e-01
9.999998807907104492e-01
9.999995231628417969e-01
9.999984502792358398e-01
9.999958276748657227e-01
9.999755024909973145e-01
9.999476671218872070e-01
9.999141693115234375e-01
9.999359846115112305e-01
9.999994039535522461e-01
9.999222159385681152e-01
9.998958110809326172e-01
9.999445080757141113e-01
9.999722838401794434e-01
9.999895691871643066e-01
9.999880790710449219e-01
9.998884201049804688e-01
9.975747466087341309e-01
9.727270603179931641e-01
8.811208605766296387e-01
7.244904637336730957e-01
8.287675976753234863e-01
9.296031594276428223e-01
9.837271571159362793e-01
9.980714321136474609e-01
9.997104406356811523e-01
9.992915987968444824e-01
9.992682933807373047e-01
9.995101094245910645e-01
9.997801184654235840e-01
9.999429583549499512e-01
9.999659061431884766e-01
9.999052286148071289e-01
9.998588562011718750e-01
9.998911023139953613e-01
9.999355673789978027e-01
9.999817013740539551e-01
9.999932646751403809e-01
9.999989271163940430e-01
9.999993443489074707e-01
9.999769926071166992e-01
9.999665617942810059e-01
9.999809265136718750e-01
9.995025396347045898e-01
9.988807439804077148e-01
9.982821941375732422e-01
9.984419941902160645e-01
9.991087913513183594e-01
9.996091127395629883e-01
9.999202489852905273e-01
9.999805092811584473e-01
9.999935626983642578e-01
9.999796748161315918e-01
9.999141097068786621e-01
9.992768764495849609e-01
9.980511665344238281e-01
9.936316013336181641e-01
9.913241863250732422e-01
9.911035895347595215e-01
9.962403178215026855e-01
1.000000000000000000e+00
1.000000000000000000e+00
9.542205929756164551e-01
9.019099473953247070e-01
8.979833126068115234e-01
9.189974069595336914e-01
9.586898088455200195e-01
8.910032510757446289e-01
8.723735213279724121e-01
9.297985434532165527e-01
9.689693450927734375e-01
9.966216683387756348e-01
9.989743828773498535e-01
9.992467761039733887e-01
9.967921972274780273e-01
9.640164971351623535e-01
8.340838551521301270e-01
5.898460745811462402e-01
7.809218764305114746e-01
9.694944620132446289e-01
9.928970336914062500e-01
1.000000000000000000e+00
9.803318977355957031e-01
8.006030917167663574e-01
7.373310327529907227e-01
7.811044454574584961e-01
7.871004939079284668e-01
7.849481105804443359e-01
7.725008130073547363e-01
8.391381502151489258e-01
9.246094822883605957e-01
9.724823832511901855e-01
9.954873323440551758e-01
9.998517036437988281e-01
9.999716281890869141e-01
9.999991059303283691e-01
9.999984502792358398e-01
9.999989271163940430e-01
9.999959468841552734e-01
9.999796748161315918e-01
9.999592304229736328e-01
9.999352693557739258e-01
9.998791813850402832e-01
9.996702075004577637e-01
9.992663860321044922e-01
9.928322434425354004e-01
9.686223268508911133e-01
8.957537412643432617e-01
8.685104846954345703e-01
8.680377602577209473e-01
9.162110686302185059e-01
8.925980329513549805e-01
7.914335727691650391e-01
4.006099104881286621e-01
1.336119323968887329e-01
2.421788722276687622e-01
5.943698883056640625e-01
9.987079501152038574e-01
9.995795488357543945e-01
9.999987483024597168e-01
9.999969005584716797e-01
9.998983144760131836e-01
9.998086690902709961e-01
9.997535347938537598e-01
9.997788071632385254e-01
9.998216629028320312e-01
9.997992515563964844e-01
9.997202157974243164e-01
9.995952248573303223e-01
9.998098015785217285e-01
9.999337792396545410e-01
9.998719692230224609e-01
9.998903870582580566e-01
9.998843669891357422e-01
9.996446967124938965e-01
9.991740584373474121e-01
9.985339641571044922e-01
9.993025064468383789e-01
9.998388290405273438e-01
9.999658465385437012e-01
9.999928474426269531e-01
9.999928474426269531e-01
9.999899864196777344e-01
9.999905824661254883e-01
9.999934434890747070e-01
9.999938607215881348e-01
9.999955892562866211e-01
9.999992847442626953e-01
1.000000000000000000e+00
9.999946355819702148e-01
9.999698400497436523e-01
9.998224377632141113e-01
9.996052384376525879e-01
9.996750950813293457e-01
9.997745156288146973e-01
9.999140501022338867e-01
9.999618530273437500e-01
9.999791383743286133e-01
9.999582171440124512e-01
9.994065761566162109e-01
9.983478188514709473e-01
9.918507933616638184e-01
9.894436597824096680e-01
9.923055768013000488e-01
9.963698983192443848e-01
9.996898174285888672e-01
9.999180436134338379e-01
1.000000000000000000e+00
9.999949932098388672e-01
9.998783469200134277e-01
9.998635053634643555e-01
9.999759793281555176e-01
9.999966025352478027e-01
9.999994635581970215e-01
9.999995231628417969e-01
9.999995827674865723e-01
9.999995827674865723e-01
9.999996423721313477e-01
9.999992847442626953e-01
9.999984502792358398e-01
9.999955892562866211e-01
9.999920725822448730e-01
9.999876022338867188e-01
9.999915957450866699e-01
9.999998807907104492e-01
9.999999403953552246e-01
9.999803304672241211e-01
9.999358057975769043e-01
9.998605251312255859e-01
9.997867941856384277e-01
9.997357726097106934e-01
9.996142983436584473e-01
9.994617104530334473e-01
9.995309710502624512e-01
9.996608495712280273e-01
9.998695254325866699e-01
9.999519586563110352e-01
9.999905824661254883e-01
9.999675154685974121e-01
9.999219179153442383e-01
9.998642206192016602e-01
9.998580217361450195e-01
9.996398687362670898e-01
9.991329908370971680e-01
9.860640764236450195e-01
9.648137092590332031e-01
9.239487648010253906e-01
8.428325653076171875e-01
7.336719036102294922e-01
3.202497661113739014e-01
5.980684235692024231e-02
2.457004413008689880e-02
4.072183370590209961e-01
8.226414322853088379e-01
9.481922984123229980e-01
9.990844130516052246e-01
9.985530972480773926e-01
9.941468834877014160e-01
9.843420982360839844e-01
9.659575223922729492e-01
9.684189558029174805e-01
9.768798947334289551e-01
9.858865737915039062e-01
9.441244006156921387e-01
8.638576865196228027e-01
3.532926738262176514e-01
6.351788341999053955e-02
2.033277451992034912e-01
5.405459403991699219e-01
8.858946561813354492e-01
8.933408856391906738e-01
9.276241660118103027e-01
9.849507212638854980e-01
9.952037334442138672e-01
9.998334050178527832e-01
9.997613430023193359e-01
9.998218417167663574e-01
9.999247193336486816e-01
9.999557137489318848e-01
9.994848370552062988e-01
9.985230565071105957e-01
9.567284584045410156e-01
8.680071234703063965e-01
6.763369441032409668e-01
7.730271816253662109e-01
9.872214794158935547e-01
9.955496788024902344e-01
9.999947547912597656e-01
9.999987483024597168e-01
9.999979734420776367e-01
9.999964237213134766e-01
9.999948143959045410e-01
9.999953508377075195e-01
9.999970197677612305e-01
9.999948143959045410e-01
9.999886751174926758e-01
9.999770522117614746e-01
9.999045133590698242e-01
9.992038011550903320e-01
9.961014986038208008e-01
9.791394472122192383e-01
9.526906013488769531e-01
9.204034209251403809e-01
9.186702966690063477e-01
9.680038094520568848e-01
9.890719652175903320e-01
9.995470046997070312e-01
9.995580315589904785e-01
9.990745782852172852e-01
9.981743693351745605e-01
9.960874319076538086e-01
9.932570457458496094e-01
9.890204668045043945e-01
9.856987595558166504e-01
9.828762412071228027e-01
9.812206029891967773e-01
9.782596826553344727e-01
9.738996028900146484e-01
9.771397709846496582e-01
9.819525480270385742e-01
9.880852103233337402e-01
9.868457317352294922e-01
9.815560579299926758e-01
9.750152230262756348e-01
9.755653142929077148e-01
9.858068227767944336e-01
9.905663728713989258e-01
9.912021160125732422e-01
9.802550077438354492e-01
9.634217619895935059e-01
9.423787593841552734e-01
9.236032366752624512e-01
9.122765064239501953e-01
9.142955541610717773e-01
8.044129610061645508e-01
6.211344599723815918e-01
2.048899680376052856e-01
2.110798843204975128e-03
1.898290793178603053e-04
1.350770958197244909e-06
1.167099806480109692e-03
5.240535829216241837e-03
3.846398787572979927e-03
2.145533799193799496e-04
3.910802304744720459e-03
2.509279549121856689e-01
8.059210777282714844e-01
9.437606334686279297e-01
9.838550686836242676e-01
9.873211383819580078e-01
9.911546111106872559e-01
9.952362775802612305e-01
9.166253209114074707e-01
6.704943776130676270e-01
1.355851590633392334e-01
3.646206168923527002e-04
4.654544300984261862e-15
1.519956895771939955e-15
2.319199405202287946e-37
2.160822550816600633e-38
1.124740642493896028e-30
5.456020630845159758e-07
2.496539082130766474e-06
2.926042489707469940e-02
9.058341383934020996e-02
5.040770769119262695e-01
8.045221567153930664e-01
9.549677968025207520e-01
9.905309677124023438e-01
9.971305727958679199e-01
9.936546087265014648e-01
9.879193305969238281e-01
9.804968833923339844e-01
9.850731492042541504e-01
9.880397915840148926e-01
9.867498874664306641e-01
9.641744494438171387e-01
9.313208460807800293e-01
8.816499114036560059e-01
8.519812226295471191e-01
8.439126610755920410e-01
8.826845884323120117e-01
9.273869395256042480e-01
9.669188857078552246e-01
9.856804609298706055e-01
9.918297529220581055e-01
9.934492707252502441e-01
9.922502636909484863e-01
9.864795804023742676e-01
9.737339019775390625e-01
9.626747965812683105e-01
9.754918217658996582e-01
9.730096459388732910e-01
9.563799500465393066e-01
7.178984284400939941e-01
4.657081663608551025e-01
2.425047010183334351e-01
3.099955916404724121e-01
5.295270085334777832e-01
7.725977897644042969e-01
9.334919452667236328e-01
9.776768684387207031e-01
9.908475279808044434e-01
9.953588247299194336e-01
9.977672696113586426e-01
9.959700107574462891e-01
9.906764030456542969e-01
9.776387214660644531e-01
9.625390768051147461e-01
9.441149234771728516e-01
9.524034857749938965e-01
9.730605483055114746e-01
9.892743825912475586e-01
9.988319873809814453e-01
9.997299909591674805e-01
9.998254179954528809e-01
9.997388124465942383e-01
9.996828436851501465e-01
9.997235536575317383e-01
9.998396635055541992e-01
9.998316764831542969e-01
9.998377561569213867e-01
9.998928308486938477e-01
9.729725718498229980e-01
9.274424314498901367e-01
7.890588045120239258e-01
6.756440997123718262e-01
5.938258767127990723e-01
5.091233253479003906e-01
4.768508970737457275e-01
6.694246530532836914e-01
8.377541303634643555e-01
9.875687956809997559e-01
9.941115379333496094e-01
9.225116968154907227e-01
6.996049284934997559e-01
5.321537256240844727e-01
3.860802948474884033e-01
1.822254508733749390e-01
8.193157613277435303e-02
1.162757053971290588e-01
4.905609786510467529e-01
8.776355981826782227e-01
9.590444564819335938e-01
9.936115145683288574e-01
9.907284379005432129e-01
9.769871830940246582e-01
9.642258882522583008e-01
9.557861089706420898e-01
9.644752144813537598e-01
9.811040759086608887e-01
9.885843396186828613e-01
9.936634302139282227e-01
9.953591823577880859e-01
9.974060058593750000e-01
9.992753863334655762e-01
9.997198581695556641e-01
9.999246597290039062e-01
9.999185204505920410e-01
9.948478341102600098e-01
9.887430667877197266e-01
9.813160896301269531e-01
9.841496944427490234e-01
9.925245046615600586e-01
9.942438602447509766e-01
9.951385855674743652e-01
9.947180747985839844e-01
9.965356588363647461e-01
9.988487958908081055e-01
9.996007680892944336e-01
9.999801516532897949e-01
9.999811649322509766e-01
9.997089505195617676e-01
9.994012117385864258e-01
9.991136193275451660e-01
9.568957090377807617e-01
8.873963356018066406e-01
3.794322311878204346e-01
4.218342900276184082e-02
5.373770371079444885e-02
4.090549647808074951e-01
8.718802332878112793e-01
9.535557031631469727e-01
9.988868832588195801e-01
9.994819164276123047e-01
9.993327260017395020e-01
9.990549683570861816e-01
9.989550709724426270e-01
9.989950060844421387e-01
9.991481304168701172e-01
9.991450309753417969e-01
9.992057681083679199e-01
9.994598627090454102e-01
9.997287392616271973e-01
9.999964237213134766e-01
9.998205304145812988e-01
9.993788599967956543e-01
9.985142946243286133e-01
9.924994111061096191e-01
9.825652837753295898e-01
9.562838077545166016e-01
9.171321988105773926e-01
8.643518090248107910e-01
7.994319200515747070e-01
7.438833117485046387e-01
7.287492156028747559e-01
7.150382995605468750e-01
7.023187875747680664e-01
4.977220892906188965e-01
3.361939489841461182e-01
2.896493077278137207e-01
5.759850144386291504e-01
9.893157482147216797e-01
7.512542605400085449e-01
4.794097840785980225e-01
1.587646603584289551e-01
7.619889080524444580e-02
7.559945434331893921e-02
1.506326645612716675e-01
4.063678979873657227e-01
8.407303094863891602e-01
9.455724358558654785e-01
9.835905432701110840e-01
9.674084782600402832e-01
9.336867928504943848e-01
8.879241347312927246e-01
8.741219043731689453e-01
8.830774426460266113e-01
9.374440908432006836e-01
9.735873341560363770e-01
9.999854564666748047e-01
9.996557235717773438e-01
9.991477131843566895e-01
9.983817934989929199e-01
9.990206956863403320e-01
9.999403357505798340e-01
9.999611377716064453e-01
9.999744296073913574e-01
9.999800324440002441e-01
9.999831914901733398e-01
9.999727010726928711e-01
9.999141693115234375e-01
9.998164176940917969e-01
9.996900558471679688e-01
9.997528791427612305e-01
9.984068870544433594e-01
9.937281608581542969e-01
9.849104285240173340e-01
9.745411872863769531e-01
9.902732372283935547e-01
8.686792254447937012e-01
5.246588587760925293e-01
3.686012923717498779e-01
3.045259416103363037e-01
4.729159474372863770e-01
6.648144721984863281e-01
8.842054009437561035e-01
9.612185955047607422e-01
9.988077282905578613e-01
9.995887875556945801e-01
9.990566968917846680e-01
9.974019527435302734e-01
9.798144102096557617e-01
9.675700068473815918e-01
9.757830500602722168e-01
9.829799532890319824e-01
9.895469546318054199e-01
9.799471497535705566e-01
9.689372777938842773e-01
9.558787345886230469e-01
9.451782703399658203e-01
9.359371662139892578e-01
9.347727894783020020e-01
9.267179369926452637e-01
9.085676074028015137e-01
8.531299233436584473e-01
7.761526107788085938e-01
6.255983710289001465e-01
5.181338191032409668e-01
4.577262401580810547e-01
5.914291143417358398e-01
7.516558766365051270e-01
8.599919080734252930e-01
9.135300517082214355e-01
9.218829274177551270e-01
9.524571299552917480e-01
9.803888201713562012e-01
9.937905669212341309e-01
9.993278384208679199e-01
9.999248981475830078e-01
9.995657205581665039e-01
9.988284707069396973e-01
9.973640441894531250e-01
9.976200461387634277e-01
9.986648559570312500e-01
9.991468191146850586e-01
9.992996454238891602e-01
9.989369511604309082e-01
9.987468719482421875e-01
9.986441135406494141e-01
9.988017678260803223e-01
9.974896907806396484e-01
9.943935871124267578e-01
9.878670573234558105e-01
9.818591475486755371e-01
9.829299449920654297e-01
9.882836341857910156e-01
9.977235794067382812e-01
9.969097375869750977e-01
9.881058931350708008e-01
9.565183520317077637e-01
9.065728187561035156e-01
8.428518772125244141e-01
8.179835081100463867e-01
7.258177399635314941e-01
4.519161880016326904e-01
5.556963682174682617e-01
8.813036084175109863e-01
9.538756608963012695e-01
9.994144439697265625e-01
9.998437762260437012e-01
9.999828338623046875e-01
9.999884963035583496e-01
9.999879598617553711e-01
9.999825358390808105e-01
9.999694824218750000e-01
9.990428686141967773e-01
9.971166849136352539e-01
9.886002540588378906e-01
9.849267601966857910e-01
9.873046875000000000e-01
9.879845976829528809e-01
9.886981844902038574e-01
9.922122359275817871e-01
9.951691031455993652e-01
9.975556135177612305e-01
9.983971714973449707e-01
9.986644387245178223e-01
9.977344870567321777e-01
9.935304522514343262e-01
9.865803122520446777e-01
9.897019863128662109e-01
9.860423207283020020e-01
9.576274752616882324e-01
6.791079044342041016e-01
2.292921841144561768e-01
8.736280351877212524e-02
2.838174168573459610e-06
7.550102623099519406e-07
1.027873253178768209e-07
2.640047114255139604e-07
5.516070127487182617e-01
9.406097531318664551e-01
9.855470657348632812e-01
9.999358654022216797e-01
9.999952316284179688e-01
9.999867677688598633e-01
9.994735717773437500e-01
9.981247186660766602e-01
9.734739661216735840e-01
9.430259466171264648e-01
9.530323743820190430e-01
9.677565097808837891e-01
9.890286922454833984e-01
9.967603087425231934e-01
9.999126195907592773e-01
9.999677538871765137e-01
9.999898672103881836e-01
9.999722838401794434e-01
9.988787770271301270e-01
9.971470236778259277e-01
9.932530522346496582e-01
9.932368993759155273e-01
9.972170591354370117e-01
9.985785484313964844e-01
9.993103742599487305e-01
9.994851350784301758e-01
9.993794560432434082e-01
9.990243315696716309e-01
9.985154867172241211e-01
9.980459213256835938e-01
9.977981448173522949e-01
9.980673789978027344e-01
9.987396001815795898e-01
9.993423819541931152e-01
9.996092319488525391e-01
9.988894462585449219e-01
9.987948536872863770e-01
9.991275072097778320e-01
9.988315105438232422e-01
9.848911762237548828e-01
9.364061951637268066e-01
7.050274014472961426e-01
3.649925291538238525e-01
6.191375255584716797e-01
8.292028903961181641e-01
8.992266058921813965e-01
8.266602158546447754e-01
6.784501671791076660e-01
6.077944040298461914e-01
6.298698782920837402e-01
8.333791494369506836e-01
9.359334111213684082e-01
9.896159768104553223e-01
9.952512383460998535e-01
9.989669322967529297e-01
9.993295669555664062e-01
9.985856413841247559e-01
9.960188269615173340e-01
9.660997390747070312e-01
9.147420525550842285e-01
8.294934034347534180e-01
8.046923875808715820e-01
8.108489513397216797e-01
9.297060370445251465e-01
9.999949336051940918e-01
9.999905228614807129e-01
9.999911785125732422e-01
9.999934434890747070e-01
9.999944567680358887e-01
9.999954700469970703e-01
9.999964833259582520e-01
9.999976754188537598e-01
9.998914599418640137e-01
9.989187121391296387e-01
9.964459538459777832e-01
9.921270608901977539e-01
9.939090609550476074e-01
9.970678091049194336e-01
9.982998967170715332e-01
9.990845322608947754e-01
9.993511438369750977e-01
9.994993209838867188e-01
9.992819428443908691e-01
9.970107674598693848e-01
9.814661145210266113e-01
9.514611363410949707e-01
9.504470825195312500e-01
9.510542154312133789e-01
9.252039790153503418e-01
9.300205111503601074e-01
9.664959311485290527e-01
9.814121723175048828e-01
9.901741147041320801e-01
9.905441403388977051e-01
9.916081428527832031e-01
9.933629035949707031e-01
9.941627979278564453e-01
9.948657155036926270e-01
9.959931969642639160e-01
9.972535371780395508e-01
9.986412525177001953e-01
9.987176060676574707e-01
9.955747723579406738e-01
9.791631698608398438e-01
9.242062568664550781e-01
8.334817886352539062e-01
7.865931987762451172e-01
7.611284852027893066e-01
7.952025532722473145e-01
7.667080163955688477e-01
6.810002923011779785e-01
6.272735595703125000e-01
6.011754870414733887e-01
6.685874462127685547e-01
7.451261878013610840e-01
8.298887014389038086e-01
8.819539546966552734e-01
9.249540567398071289e-01
9.527997970581054688e-01
9.747668504714965820e-01
9.915142655372619629e-01
9.967947602272033691e-01
9.995929002761840820e-01
9.997424483299255371e-01
9.998670816421508789e-01
9.999694228172302246e-01
9.999899864196777344e-01
9.999873042106628418e-01
9.999430775642395020e-01
9.748145937919616699e-01
9.271706342697143555e-01
4.453911483287811279e-01
2.082183385709868162e-07
6.699712429281134973e-08
4.208748627387848273e-11
1.221645007376537251e-10
1.051728986203670502e-02
5.500777065753936768e-02
2.382512092590332031e-01
4.918854832649230957e-01
8.107985854148864746e-01
7.508801221847534180e-01
5.769808888435363770e-01
1.905715316534042358e-01
1.124395057559013367e-03
1.546297717140987515e-04
4.583779173117363825e-06
7.483831723220646381e-06
2.484032393113011494e-06
2.631679549813270569e-02
7.861842215061187744e-02
5.248065590858459473e-01
9.670156836509704590e-01
9.888098835945129395e-01
9.999220967292785645e-01
9.999868273735046387e-01
9.998072981834411621e-01
9.991278648376464844e-01
9.959127902984619141e-01
9.938645362854003906e-01
9.930893182754516602e-01
9.949098229408264160e-01
9.969812035560607910e-01
9.967270493507385254e-01
9.955754876136779785e-01
9.933909177780151367e-01
9.916944503784179688e-01
9.900310635566711426e-01
9.876724481582641602e-01
9.810850620269775391e-01
9.692944288253784180e-01
9.779300689697265625e-01
9.915402531623840332e-01
9.969250559806823730e-01
8.868926167488098145e-01
6.232108473777770996e-01
3.810425996780395508e-01
1.754472553730010986e-01
2.923382818698883057e-01
4.997036457061767578e-01
8.374986052513122559e-01
9.527866244316101074e-01
9.858894348144531250e-01
9.846834540367126465e-01
9.801363348960876465e-01
9.703217744827270508e-01
9.692723751068115234e-01
9.720435738563537598e-01
9.820982217788696289e-01
9.898723959922790527e-01
9.936494231224060059e-01
9.961812496185302734e-01
9.981331825256347656e-01
9.992566704750061035e-01
9.990056753158569336e-01
9.960675239562988281e-01
9.685538411140441895e-01
9.286253452301025391e-01
7.923750877380371094e-01
6.570420861244201660e-01
5.261040925979614258e-01
3.719615936279296875e-01
2.048098146915435791e-01
1.124887466430664062e-01
8.739323914051055908e-02
2.253826856613159180e-01
4.780418276786804199e-01
8.049835562705993652e-01
9.082809090614318848e-01
9.750865101814270020e-01
9.843505620956420898e-01
9.923111200332641602e-01
9.992909431457519531e-01
9.919438362121582031e-01
9.720037579536437988e-01
9.133355021476745605e-01
8.250133395195007324e-01
7.118465900421142578e-01
6.799404025077819824e-01
6.973618268966674805e-01
8.761693239212036133e-01
9.750100970268249512e-01
9.954931139945983887e-01
9.993796944618225098e-01
9.997515082359313965e-01
9.998379349708557129e-01
9.995236396789550781e-01
9.987574815750122070e-01
9.975476861000061035e-01
9.957268238067626953e-01
9.899802207946777344e-01
9.469479918479919434e-01
8.549560904502868652e-01
7.248539328575134277e-01
5.751153826713562012e-01
3.321366012096405029e-01
1.435808390378952026e-01
4.094069823622703552e-02
2.875365912914276123e-01
6.722855567932128906e-01
8.672870397567749023e-01
9.955201148986816406e-01
9.977439045906066895e-01
9.940177202224731445e-01
9.873129725456237793e-01
9.531254768371582031e-01
9.391316175460815430e-01
9.723004698753356934e-01
9.904456138610839844e-01
9.994476437568664551e-01
9.999789595603942871e-01
9.999626278877258301e-01
9.999639391899108887e-01
9.999371170997619629e-01
9.998893737792968750e-01
9.996209740638732910e-01
9.993994832038879395e-01
9.994598031044006348e-01
9.996223449707031250e-01
9.998768568038940430e-01
9.999530315399169922e-01
9.999819993972778320e-01
9.999385476112365723e-01
9.973700642585754395e-01
9.920249581336975098e-01
9.917726516723632812e-01
9.932104945182800293e-01
9.975128769874572754e-01
8.765923976898193359e-01
5.841048955917358398e-01
2.854067385196685791e-01
6.847447053814903484e-10
2.652796315949501604e-10
1.278991345316171646e-02
4.758517071604728699e-02
3.996776938438415527e-01
9.000647664070129395e-01
4.950287044048309326e-01
1.768895387649536133e-01
5.302213877439498901e-02
1.426752209663391113e-01
3.603204786777496338e-01
6.999543905258178711e-01
9.642092585563659668e-01
9.831722974777221680e-01
9.935517907142639160e-01
9.973639249801635742e-01
9.989572763442993164e-01
1.000000000000000000e+00
1.000000000000000000e+00
9.994143247604370117e-01
9.982578158378601074e-01
9.952758550643920898e-01
9.911885857582092285e-01
9.825456738471984863e-01
9.729566574096679688e-01
9.621775150299072266e-01
9.581263065338134766e-01
9.573841094970703125e-01
9.723767638206481934e-01
9.844385385513305664e-01
9.917244315147399902e-01
9.875703454017639160e-01
9.782137870788574219e-01
9.310957789421081543e-01
9.114527106285095215e-01
9.518630504608154297e-01
9.792028069496154785e-01
9.987727999687194824e-01
9.952799081802368164e-01
9.914265871047973633e-01
9.911705255508422852e-01
9.938156008720397949e-01
9.987607002258300781e-01
9.995740652084350586e-01
9.995339512825012207e-01
9.984666109085083008e-01
9.862924218177795410e-01
9.623920321464538574e-01
6.766656041145324707e-01
3.587631285190582275e-01
3.405503034591674805e-01
4.602194130420684814e-01
7.740908861160278320e-01
9.202423691749572754e-01
9.998121261596679688e-01
9.999067187309265137e-01
9.997343420982360840e-01
9.990479350090026855e-01
9.887629151344299316e-01
9.732857942581176758e-01
9.137550592422485352e-01
8.875259160995483398e-01
9.592945575714111328e-01
9.925881624221801758e-01
9.970551133155822754e-01
9.963037371635437012e-01
9.904174804687500000e-01
9.653550386428833008e-01
8.399095535278320312e-01
6.118060946464538574e-01
3.162358105182647705e-01
3.593399003148078918e-02
1.343173068016767502e-02
1.884009398054331541e-04
4.127258944208733737e-05
1.695868109569814708e-13
9.430738664906018887e-43
3.720727682475254287e-41
2.869493982871063054e-05
1.153058983618393540e-04
3.179637789726257324e-01
8.162394762039184570e-01
9.104309082031250000e-01
9.070468544960021973e-01
6.821872591972351074e-01
4.584302008152008057e-01
2.360520511865615845e-01
2.291676253080368042e-01
2.933665215969085693e-01
5.421968698501586914e-01
7.465707659721374512e-01
8.996744155883789062e-01
9.635144472122192383e-01
9.981007575988769531e-01
9.988049268722534180e-01
9.993799924850463867e-01
9.997407793998718262e-01
9.988871216773986816e-01
9.974660277366638184e-01
9.964171051979064941e-01
9.961876869201660156e-01
9.979635477066040039e-01
9.991313815116882324e-01
9.998806715011596680e-01
9.999602437019348145e-01
9.999520182609558105e-01
9.999085664749145508e-01
9.999097585678100586e-01
9.999559521675109863e-01
9.999498724937438965e-01
9.998629093170166016e-01
9.991803169250488281e-01
9.965896010398864746e-01
9.911766648292541504e-01
9.923103451728820801e-01
9.961724281311035156e-01
9.973767995834350586e-01
9.972805976867675781e-01
9.942706823348999023e-01
9.886503219604492188e-01
9.813486337661743164e-01
9.718065261840820312e-01
9.604780673980712891e-01
9.432452917098999023e-01
9.271246790885925293e-01
9.120593667030334473e-01
8.655498027801513672e-01
8.146172165870666504e-01
7.881876826286315918e-01
8.050867319107055664e-01
8.849405050277709961e-01
9.435952305793762207e-01
9.932047128677368164e-01
9.969345331192016602e-01
9.995710849761962891e-01
9.997437596321105957e-01
9.997642040252685547e-01
9.996861219406127930e-01
9.995343089103698730e-01
9.981512427330017090e-01
9.919117093086242676e-01
9.865151047706604004e-01
9.819530248641967773e-01
9.875816702842712402e-01
9.951806664466857910e-01
9.969516992568969727e-01
9.963206648826599121e-01
9.919977188110351562e-01
9.257832169532775879e-01
8.319526910781860352e-01
6.918379068374633789e-01
6.056165695190429688e-01
6.540735960006713867e-01
7.798254489898681641e-01
9.609528779983520508e-01
9.907267689704895020e-01
9.981271624565124512e-01
9.991363286972045898e-01
9.997408986091613770e-01
9.998898506164550781e-01
9.996732473373413086e-01
9.943758249282836914e-01
9.146870970726013184e-01
7.108094692230224609e-01
2.843549549579620361e-01
2.053589522838592529e-01
3.102759420871734619e-01
6.243969798088073730e-01
8.751039505004882812e-01
8.953949809074401855e-01
9.197470545768737793e-01
9.475357532501220703e-01
9.729647040367126465e-01
9.951408505439758301e-01
9.978440403938293457e-01
9.970676302909851074e-01
9.914609789848327637e-01
8.565142154693603516e-01
6.701425909996032715e-01
6.299011111259460449e-01
6.407500505447387695e-01
7.710153460502624512e-01
8.793666958808898926e-01
9.726849198341369629e-01
9.525725841522216797e-01
8.909079432487487793e-01
7.055643796920776367e-01
6.059752106666564941e-01
6.031157374382019043e-01
6.990264654159545898e-01
8.221566677093505859e-01
8.774742484092712402e-01
9.251111745834350586e-01
9.582131505012512207e-01
9.801355600357055664e-01
9.957133531570434570e-01
9.985397458076477051e-01
9.999947547912597656e-01
9.999977350234985352e-01
9.939766526222229004e-01
9.822240471839904785e-01
9.861217737197875977e-01
9.848726391792297363e-01
8.967281579971313477e-01
8.745598793029785156e-01
9.587751030921936035e-01
9.865775704383850098e-01
9.871150255203247070e-01
9.778546690940856934e-01
9.138732552528381348e-01
6.890130639076232910e-01
4.372886419296264648e-01
1.627784818410873413e-01
4.218411743640899658e-01
7.602830529212951660e-01
9.022555947303771973e-01
9.888523221015930176e-01
9.968350529670715332e-01
9.991375803947448730e-01
9.990082979202270508e-01
9.949313998222351074e-01
9.827659726142883301e-01
9.495838880538940430e-01
9.478376507759094238e-01
9.703407883644104004e-01
9.866391420364379883e-01
9.997175335884094238e-01
9.998822808265686035e-01
9.999818205833435059e-01
9.999946355819702148e-01
9.999974370002746582e-01
9.999961853027343750e-01
9.999789595603942871e-01
9.999316334724426270e-01
9.998111128807067871e-01
9.967948794364929199e-01
9.916621446609497070e-01
9.759520888328552246e-01
9.628484845161437988e-01
9.742409586906433105e-01
9.816315770149230957e-01
9.838044047355651855e-01
9.703942537307739258e-01
9.512177705764770508e-01
9.708157181739807129e-01
9.839289188385009766e-01
9.813461303710937500e-01
9.841224551200866699e-01
9.907956719398498535e-01
9.949994087219238281e-01
9.983725547790527344e-01
9.991784095764160156e-01
9.993211030960083008e-01
9.985877871513366699e-01
9.706797599792480469e-01
9.318442344665527344e-01
4.376396536827087402e-01
6.871387362480163574e-02
2.082997187972068787e-02
1.012560278468299657e-05
2.806918382702860981e-05
3.026694059371948242e-01
6.379833221435546875e-01
8.362115621566772461e-01
9.102998971939086914e-01
8.097658157348632812e-01
8.557180762290954590e-01
9.648559689521789551e-01
9.403624534606933594e-01
9.046722650527954102e-01
8.449896574020385742e-01
8.570697307586669922e-01
9.291511774063110352e-01
9.694382548332214355e-01
9.994503855705261230e-01
9.997865557670593262e-01
9.999914169311523438e-01
9.999915957450866699e-01
9.999840259552001953e-01
9.999727010726928711e-01
9.999558925628662109e-01
9.999506473541259766e-01
9.999838471412658691e-01
9.999586343765258789e-01
9.998781681060791016e-01
9.998584389686584473e-01
9.998583793640136719e-01
9.999073743820190430e-01
9.998840093612670898e-01
9.997292757034301758e-01
9.950065016746520996e-01
9.876699447631835938e-01
9.320974349975585938e-01
8.817260265350341797e-01
8.710234761238098145e-01
8.883636593818664551e-01
9.365496635437011719e-01
9.682263135910034180e-01
9.937957525253295898e-01
9.970937967300415039e-01
9.991764426231384277e-01
9.985712170600891113e-01
9.961061477661132812e-01
9.923493266105651855e-01
9.857627153396606445e-01
9.788438081741333008e-01
9.725561738014221191e-01
9.714648723602294922e-01
9.774169325828552246e-01
9.850274920463562012e-01
9.933512806892395020e-01
9.965841770172119141e-01
9.990537166595458984e-01
9.996169805526733398e-01
9.999148249626159668e-01
9.999819993972778320e-01
9.999784827232360840e-01
9.985742568969726562e-01
9.826476573944091797e-01
9.316778182983398438e-01
8.189328908920288086e-01
8.299462795257568359e-01
9.107638597488403320e-01
9.559455513954162598e-01
9.907236695289611816e-01
9.953458905220031738e-01
9.983212947845458984e-01
9.994208216667175293e-01
9.997775554656982422e-01
9.997138381004333496e-01
9.902150034904479980e-01
8.664465546607971191e-01
4.652461707592010498e-01
2.162410616874694824e-01
8.425178378820419312e-02
3.275546804070472717e-02
8.976400131359696388e-04
1.234295428730547428e-03
5.126395449042320251e-02
1.798961609601974487e-01
1.399059593677520752e-01
1.363985147327184677e-02
2.530566882342100143e-03
1.041636915610766323e-10
3.471120890718992769e-10
2.565059252083301544e-02
7.863252609968185425e-02
1.900572627782821655e-01
3.274089097976684570e-01
7.159703373908996582e-01
9.903501272201538086e-01
9.966623187065124512e-01
9.987320899963378906e-01
9.976192712783813477e-01
9.955942630767822266e-01
9.940266609191894531e-01
9.972915649414062500e-01
9.994381666183471680e-01
9.998121857643127441e-01
9.999611377716064453e-01
9.999932646751403809e-01
9.999974966049194336e-01
9.999978542327880859e-01
9.999909400939941406e-01
9.999846816062927246e-01
9.999790787696838379e-01
9.999821186065673828e-01
9.999881982803344727e-01
9.999944567680358887e-01
9.999991059303283691e-01
9.999996423721313477e-01
9.999995231628417969e-01
9.999989867210388184e-01
9.999003410339355469e-01
9.995082616806030273e-01
9.964034557342529297e-01
9.937526583671569824e-01
9.918950796127319336e-01
9.929454922676086426e-01
9.956911206245422363e-01
9.955655336380004883e-01
9.952378869056701660e-01
9.954945445060729980e-01
9.964276552200317383e-01
9.982361793518066406e-01
9.988766312599182129e-01
9.990246295928955078e-01
9.988659024238586426e-01
9.987444877624511719e-01
9.987689256668090820e-01
9.989563226699829102e-01
9.993008971214294434e-01
9.996243715286254883e-01
9.999257922172546387e-01
9.998791813850402832e-01
9.998520612716674805e-01
9.998683333396911621e-01
9.998506903648376465e-01
9.998083114624023438e-01
9.995433092117309570e-01
9.992761015892028809e-01
9.993346929550170898e-01
9.993097782135009766e-01
9.991452097892761230e-01
9.963869452476501465e-01
9.921616315841674805e-01
9.648950695991516113e-01
9.433830380439758301e-01
9.612486958503723145e-01
9.767927527427673340e-01
9.893574118614196777e-01
9.920209050178527832e-01
9.905112981796264648e-01
9.358409643173217773e-01
8.780845999717712402e-01
8.160659074783325195e-01
8.253957033157348633e-01
9.074941873550415039e-01
9.039093255996704102e-01
8.735324144363403320e-01
8.665984869003295898e-01
8.816450834274291992e-01
9.514253735542297363e-01
9.880310297012329102e-01
9.974849820137023926e-01
9.938115477561950684e-01
9.666014909744262695e-01
6.969470381736755371e-01
4.680772125720977783e-01
3.182354867458343506e-01
3.207168877124786377e-01
4.237548708915710449e-01
6.318460702896118164e-01
8.356218338012695312e-01
8.952584862709045410e-01
9.164855480194091797e-01
8.771087527275085449e-01
8.276191353797912598e-01
7.726868987083435059e-01
7.658811211585998535e-01
7.527042031288146973e-01
6.872211098670959473e-01
6.035444140434265137e-01
4.963035285472869873e-01
5.014558434486389160e-01
5.555534958839416504e-01
7.374603152275085449e-01
8.971300125122070312e-01
9.562075138092041016e-01
9.906315207481384277e-01
9.979896545410156250e-01
9.999433755874633789e-01
9.999746680259704590e-01
9.921052455902099609e-01
9.503822326660156250e-01
8.103178143501281738e-01
7.848422527313232422e-01
8.662669062614440918e-01
9.238339066505432129e-01
9.697358608245849609e-01
8.869274258613586426e-01
7.852416038513183594e-01
6.382756829261779785e-01
6.571751832962036133e-01
8.102352023124694824e-01
9.116598963737487793e-01
9.949143528938293457e-01
9.979450106620788574e-01
9.999844431877136230e-01
9.999796748161315918e-01
9.999754428863525391e-01
9.999715685844421387e-01
9.999800920486450195e-01
9.999895691871643066e-01
9.999868273735046387e-01
9.998653531074523926e-01
9.995319247245788574e-01
9.991042613983154297e-01
9.986178874969482422e-01
9.988729357719421387e-01
9.990724921226501465e-01
9.981436729431152344e-01
9.835054278373718262e-01
9.468064308166503906e-01
9.495370388031005859e-01
9.746111631393432617e-01
9.879219532012939453e-01
9.981384277343750000e-01
9.986458420753479004e-01
9.980381131172180176e-01
9.957951903343200684e-01
8.982526659965515137e-01
7.521477937698364258e-01
3.639461994171142578e-01
3.925373405218124390e-02
1.258310228586196899e-01
3.257144093513488770e-01
6.782771348953247070e-01
8.653724789619445801e-01
9.744461774826049805e-01
9.856160879135131836e-01
9.896475076675415039e-01
9.932725429534912109e-01
9.938727617263793945e-01
9.906363487243652344e-01
9.295826554298400879e-01
8.432126045227050781e-01
6.845207810401916504e-01
5.199392437934875488e-01
3.475205898284912109e-01
1.925660818815231323e-01
5.889765545725822449e-02
1.458361744880676270e-02
7.214901503175497055e-03
2.090948522090911865e-01
4.452125728130340576e-01
7.743119597434997559e-01
9.590904712677001953e-01
9.763360619544982910e-01
6.240098476409912109e-01
1.231422945857048035e-01
5.098124966025352478e-02
1.191399525851011276e-02
3.867161273956298828e-02
3.061504662036895752e-01
8.463397026062011719e-01
9.977998733520507812e-01
9.998609423637390137e-01
9.998859763145446777e-01
9.998509287834167480e-01
9.998139142990112305e-01
9.996932744979858398e-01
9.994786381721496582e-01
9.983270168304443359e-01
9.968117475509643555e-01
9.957922101020812988e-01
9.922451376914978027e-01
9.796739816665649414e-01
7.477352023124694824e-01
2.675571143627166748e-01
9.417195618152618408e-02
4.118431359529495239e-02
2.065085023641586304e-01
4.205622076988220215e-01
7.849360108375549316e-01
9.848226904869079590e-01
9.947919249534606934e-01
9.983034729957580566e-01
9.992085695266723633e-01
9.994511604309082031e-01
9.996376037597656250e-01
9.997152090072631836e-01
9.997810125350952148e-01
9.998326897621154785e-01
9.998846054077148438e-01
9.999366998672485352e-01
9.999500513076782227e-01
9.999517798423767090e-01
9.999144077301025391e-01
9.998524785041809082e-01
9.997597336769104004e-01
9.996148347854614258e-01
9.994464516639709473e-01
9.991661906242370605e-01
9.989491105079650879e-01
9.990530014038085938e-01
9.993203878402709961e-01
9.998072981834411621e-01
9.999478459358215332e-01
9.999195933341979980e-01
9.999588727951049805e-01
9.999964833259582520e-01
9.999951124191284180e-01
9.999683499336242676e-01
9.999048113822937012e-01
9.997374415397644043e-01
9.995155334472656250e-01
9.994070529937744141e-01
9.993669986724853516e-01
9.996621608734130859e-01
9.998757839202880859e-01
9.999592900276184082e-01
9.999913573265075684e-01
9.999932050704956055e-01
9.999967217445373535e-01
9.999987483024597168e-01
9.999881386756896973e-01
9.999833703041076660e-01
9.999887943267822266e-01
9.999886155128479004e-01
9.999846816062927246e-01
9.994012117385864258e-01
9.987562298774719238e-01
9.985231757164001465e-01
9.986059069633483887e-01
9.993218183517456055e-01
9.997369050979614258e-01
9.999306201934814453e-01
9.994508028030395508e-01
9.982572793960571289e-01
9.878472685813903809e-01
9.733731746673583984e-01
9.493816494941711426e-01
9.525002837181091309e-01
9.786221385002136230e-01
9.831062555313110352e-01
9.804563522338867188e-01
9.335098862648010254e-01
9.123661518096923828e-01
9.626170396804809570e-01
9.909430742263793945e-01
9.977895021438598633e-01
9.994689822196960449e-01
9.993842244148254395e-01
9.985313415527343750e-01
9.976855516433715820e-01
9.969108700752258301e-01
9.943189024925231934e-01
9.896227121353149414e-01
9.641345143318176270e-01
9.297923445701599121e-01
8.689337968826293945e-01
8.365545272827148438e-01
9.400207400321960449e-01
9.995390176773071289e-01
9.984408617019653320e-01
9.920621514320373535e-01
9.829648137092590332e-01
9.908868074417114258e-01
9.988877773284912109e-01
9.947410821914672852e-01
9.542972445487976074e-01
8.525183200836181641e-01
6.169723868370056152e-01
2.954003810882568359e-01
3.766340017318725586e-01
5.397744774818420410e-01
7.959684133529663086e-01
9.739565849304199219e-01
9.859223961830139160e-01
9.260650873184204102e-01
8.093433380126953125e-01
4.921293556690216064e-01
1.494444012641906738e-01
6.397680640220642090e-01
8.583759069442749023e-01
3.270312547683715820e-01
6.221675127744674683e-02
6.250452995300292969e-02
4.350272417068481445e-01
9.415858387947082520e-01
9.791449308395385742e-01
9.981027841567993164e-01
9.971600174903869629e-01
9.960920214653015137e-01
9.948642253875732422e-01
9.953083395957946777e-01
9.965463876724243164e-01
9.981142878532409668e-01
9.995182752609252930e-01
9.997882246971130371e-01
9.999628067016601562e-01
9.999829530715942383e-01
9.999830126762390137e-01
9.999704957008361816e-01
9.999468922615051270e-01
9.999220371246337891e-01
9.999060630798339844e-01
9.998964071273803711e-01
9.999007582664489746e-01
9.998928308486938477e-01
9.998747110366821289e-01
9.994766712188720703e-01
9.984018206596374512e-01
9.545875191688537598e-01
7.928962111473083496e-01
2.724271416664123535e-01
1.025843992829322815e-02
2.959465235471725464e-02
3.480998277664184570e-01
7.897406220436096191e-01
9.134724736213684082e-01
9.994925260543823242e-01
9.992453455924987793e-01
9.972891807556152344e-01
9.927958846092224121e-01
9.865236878395080566e-01
9.792258739471435547e-01
9.794255495071411133e-01
9.810373187065124512e-01
9.849953055381774902e-01
9.888217449188232422e-01
9.923895597457885742e-01
9.956757426261901855e-01
9.987396001815795898e-01
9.994553923606872559e-01
9.995228052139282227e-01
9.987460374832153320e-01
9.979731440544128418e-01
9.972120523452758789e-01
9.968698620796203613e-01
9.969908595085144043e-01
9.975386261940002441e-01
9.982652664184570312e-01
9.937002062797546387e-01
9.422508478164672852e-01
6.524905562400817871e-01
4.330072402954101562e-01
3.225542306900024414e-01
4.111918210983276367e-01
6.217951178550720215e-01
8.176511526107788086e-01
9.963886737823486328e-01
9.949056506156921387e-01
9.795253276824951172e-01
9.317822456359863281e-01
8.416591286659240723e-01
7.136298418045043945e-01
7.257227301597595215e-01
7.834349274635314941e-01
8.714603185653686523e-01
9.476432800292968750e-01
9.768658280372619629e-01
9.949150085449218750e-01
9.984031915664672852e-01
9.990811944007873535e-01
9.983152747154235840e-01
9.924321174621582031e-01
9.843436479568481445e-01
9.638918638229370117e-01
9.413821101188659668e-01
9.149052500724792480e-01
9.045128822326660156e-01
9.066582322120666504e-01
8.689874410629272461e-01
8.215045928955078125e-01
8.592622280120849609e-01
9.003548026084899902e-01
9.521972537040710449e-01
9.832607507705688477e-01
9.900679588317871094e-01
9.622613191604614258e-01
9.186928868293762207e-01
8.197115063667297363e-01
7.447757720947265625e-01
8.598929047584533691e-01
9.460555315017700195e-01
9.804874658584594727e-01
9.961220026016235352e-01
9.981517195701599121e-01
9.986187219619750977e-01
9.985096454620361328e-01
9.912629723548889160e-01
9.807169437408447266e-01
9.601930975914001465e-01
9.538807272911071777e-01
9.635118842124938965e-01
9.784333109855651855e-01
9.956819415092468262e-01
9.980082511901855469e-01
9.988957047462463379e-01
9.992433786392211914e-01
9.995598196983337402e-01
9.998207092285156250e-01
9.997786879539489746e-01
9.995172619819641113e-01
9.991403818130493164e-01
9.987459778785705566e-01
9.988369345664978027e-01
9.988186955451965332e-01
9.984595179557800293e-01
9.974369406700134277e-01
9.956485033035278320e-01
9.949873685836791992e-01
9.948452711105346680e-01
9.963243603706359863e-01
9.978705048561096191e-01
9.987229704856872559e-01
9.993668794631958008e-01
9.996142387390136719e-01
9.997944831848144531e-01
9.999222755432128906e-01
9.999614953994750977e-01
9.999759197235107422e-01
9.997109174728393555e-01
9.987779855728149414e-01
9.954730272293090820e-01
9.921641945838928223e-01
9.888503551483154297e-01
9.907146096229553223e-01
9.953022599220275879e-01
9.977594614028930664e-01
9.981593489646911621e-01
9.814937114715576172e-01
8.014147877693176270e-01
2.570577561855316162e-01
8.952665098149736878e-07
1.829743183634491288e-07
1.155400013013289109e-22
2.334306818824716015e-22
4.682753682136535645e-01
8.641564846038818359e-01
8.308699131011962891e-01
8.516771793365478516e-01
9.563542008399963379e-01
9.975622296333312988e-01
9.978494644165039062e-01
9.979112744331359863e-01
9.978304505348205566e-01
9.955330491065979004e-01
9.837029576301574707e-01
9.444645643234252930e-01
9.148780703544616699e-01
8.960915207862854004e-01
9.259209036827087402e-01
9.780784845352172852e-01
9.895520806312561035e-01
9.946970939636230469e-01
9.854661822319030762e-01
9.109926819801330566e-01
7.031837105751037598e-01
4.517664909362792969e-01
1.636041551828384399e-01
3.069747388362884521e-01
5.880437493324279785e-01
7.658680677413940430e-01
8.936762213706970215e-01
8.181965351104736328e-01
8.006366491317749023e-01
8.700020313262939453e-01
9.315201044082641602e-01
9.879470467567443848e-01
9.961825609207153320e-01
9.918829202651977539e-01
9.273214340209960938e-01
8.304520249366760254e-01
6.370567679405212402e-01
3.967360258102416992e-01
1.017972007393836975e-01
1.104619652032852173e-01
2.661083340644836426e-01
5.690059065818786621e-01
8.647010922431945801e-01
9.249453544616699219e-01
9.691507816314697266e-01
9.777935147285461426e-01
9.751219153404235840e-01
9.620907306671142578e-01
9.625455737113952637e-01
9.679477810859680176e-01
9.835011959075927734e-01
9.972561001777648926e-01
9.976176619529724121e-01
9.926182031631469727e-01
9.781814813613891602e-01
9.672693610191345215e-01
9.590112566947937012e-01
9.654635787010192871e-01
9.759898185729980469e-01
9.750211238861083984e-01
9.753316640853881836e-01
9.809598326683044434e-01
9.871735572814941406e-01
9.942225217819213867e-01
9.975330233573913574e-01
9.985494017601013184e-01
6.776664853096008301e-01
2.979079484939575195e-01
1.290553361177444458e-01
3.735773637890815735e-02
1.857337206602096558e-01
4.383180439472198486e-01
8.174164295196533203e-01
9.575983285903930664e-01
9.744855761528015137e-01
9.781939387321472168e-01
9.804917573928833008e-01
9.902378916740417480e-01
9.975616335868835449e-01
9.987419843673706055e-01
9.993357062339782715e-01
9.993148446083068848e-01
9.995108842849731445e-01
9.998021125793457031e-01
9.999063611030578613e-01
9.999820590019226074e-01
9.999915957450866699e-01
9.999948740005493164e-01
9.999845623970031738e-01
9.999746084213256836e-01
9.999649524688720703e-01
9.999573230743408203e-01
9.999504089355468750e-01
9.997402429580688477e-01
9.973278045654296875e-01
9.810196757316589355e-01
9.115080237388610840e-01
7.391755580902099609e-01
5.254229307174682617e-01
2.770095467567443848e-01
4.927508234977722168e-01
8.644526600837707520e-01
9.319808483123779297e-01
9.782084226608276367e-01
9.914880394935607910e-01
9.996973872184753418e-01
9.988572597503662109e-01
9.918195605278015137e-01
9.799826741218566895e-01
9.690891504287719727e-01
9.584693908691406250e-01
9.498372077941894531e-01
9.473885893821716309e-01
9.740014076232910156e-01
9.924179315567016602e-01
9.972069263458251953e-01
9.994098544120788574e-01
9.997294545173645020e-01
9.998695254325866699e-01
9.999587535858154297e-01
9.999599456787109375e-01
9.999204277992248535e-01
9.997072219848632812e-01
9.992067813873291016e-01
9.982470870018005371e-01
9.985521435737609863e-01
9.997475147247314453e-01
1.000000000000000000e+00
1.000000000000000000e+00
1.000000000000000000e+00
9.998778700828552246e-01
9.992374181747436523e-01
9.986330270767211914e-01
9.980852007865905762e-01
9.978185892105102539e-01
9.977481961250305176e-01
9.980399608612060547e-01
9.984285235404968262e-01
9.986190199851989746e-01
9.988371729850769043e-01
9.991859197616577148e-01
9.994633793830871582e-01
9.996288418769836426e-01
9.994217753410339355e-01
9.989522695541381836e-01
9.974942207336425781e-01
9.957693815231323242e-01
9.971818923950195312e-01
9.985400438308715820e-01
9.994406700134277344e-01
1.000000000000000000e+00
1.000000000000000000e+00
9.986443519592285156e-01
9.962952136993408203e-01
9.915806651115417480e-01
9.861689209938049316e-01
9.387404322624206543e-01
8.150640130043029785e-01
3.227155506610870361e-01
8.447466418147087097e-03
2.561744535341858864e-03
1.454979070558692911e-08
8.162876596884416358e-09
7.318991422653198242e-02
1.693494617938995361e-01
5.980738401412963867e-01
9.761682152748107910e-01
9.903888702392578125e-01
9.996134042739868164e-01
9.994437694549560547e-01
9.992607235908508301e-01
9.990667700767517090e-01
9.994184970855712891e-01
9.999635815620422363e-01
9.796628952026367188e-01
9.550395011901855469e-01
9.115719795227050781e-01
8.806502819061279297e-01
8.758635520935058594e-01
8.529545664787292480e-01
8.132209777832031250e-01
7.559997439384460449e-01
6.917591094970703125e-01
7.491509318351745605e-01
8.206576108932495117e-01
9.068338871002197266e-01
9.674239158630371094e-01
9.665870070457458496e-01
9.703405499458312988e-01
9.789527654647827148e-01
9.883050918579101562e-01
9.979908466339111328e-01
9.994108676910400391e-01
9.995970726013183594e-01
9.994497895240783691e-01
9.993939995765686035e-01
9.996008872985839844e-01
9.997696876525878906e-01
9.998924136161804199e-01
9.999413490295410156e-01
9.999494552612304688e-01
9.998591542243957520e-01
9.993718266487121582e-01
9.837055206298828125e-01
9.066339135169982910e-01
6.047270894050598145e-01
3.411919474601745605e-01
1.321943700313568115e-01
9.406283497810363770e-02
1.706390380859375000e-01
4.601121544837951660e-01
8.058459162712097168e-01
8.693403005599975586e-01
9.239440560340881348e-01
9.651714563369750977e-01
9.930375218391418457e-01
9.970286488533020020e-01
9.990974068641662598e-01
9.995784759521484375e-01
9.997113943099975586e-01
9.997217655181884766e-01
9.974670410156250000e-01
9.618866443634033203e-01
6.741957664489746094e-01
3.949001133441925049e-01
1.324786096811294556e-01
5.439864471554756165e-03
1.647526398301124573e-02
1.491023506969213486e-02
7.527245674282312393e-03
2.906645536422729492e-01
6.087864637374877930e-01
8.175892829895019531e-01
9.777972698211669922e-01
9.905967712402343750e-01
9.979119300842285156e-01
9.980319142341613770e-01
9.942986369132995605e-01
9.882027506828308105e-01
9.888786673545837402e-01
9.911670088768005371e-01
9.954846501350402832e-01
9.991294741630554199e-01
9.996145963668823242e-01
9.999157190322875977e-01
9.999018907546997070e-01
9.996491670608520508e-01
9.992026686668395996e-01
9.992243647575378418e-01
9.994096159934997559e-01
9.995698928833007812e-01
9.996886849403381348e-01
9.994887709617614746e-01
9.993783235549926758e-01
9.994809031486511230e-01
9.995670914649963379e-01
9.996351003646850586e-01
9.995492100715637207e-01
9.993852376937866211e-01
9.955513477325439453e-01
9.726400971412658691e-01
4.274225831031799316e-01
1.423758444474287899e-09
5.315951567830268232e-10
1.676606188993901014e-05
5.847779175383038819e-05
1.287693530321121216e-01
3.486199975013732910e-01
6.224535107612609863e-01
9.117223024368286133e-01
9.629310369491577148e-01
9.969576001167297363e-01
9.987374544143676758e-01
9.999566674232482910e-01
9.999747276306152344e-01
7.376295924186706543e-01
2.144428044557571411e-01
2.982722781598567963e-02
3.509152447804808617e-03
1.091189470517316428e-18
2.169373817741870880e-02
4.664231240749359131e-01
8.330541253089904785e-01
9.355663061141967773e-01
9.865448474884033203e-01
9.641158580780029297e-01
9.284981489181518555e-01
8.836159110069274902e-01
8.855956196784973145e-01
9.014065861701965332e-01
9.233963489532470703e-01
9.446200728416442871e-01
9.590380191802978516e-01
9.728232026100158691e-01
9.851837754249572754e-01
9.903891086578369141e-01
9.881658554077148438e-01
9.817215800285339355e-01
9.732089638710021973e-01
9.736477732658386230e-01
9.754187464714050293e-01
9.703740477561950684e-01
9.677404761314392090e-01
9.742968678474426270e-01
9.776476025581359863e-01
9.759424328804016113e-01
9.753201603889465332e-01
9.755294322967529297e-01
9.854510426521301270e-01
9.986939430236816406e-01
9.998556971549987793e-01
9.999603033065795898e-01
9.999371767044067383e-01
9.998447895050048828e-01
9.995729327201843262e-01
9.994975328445434570e-01
9.996573328971862793e-01
9.997758269309997559e-01
9.998701214790344238e-01
9.985859394073486328e-01
9.969749450683593750e-01
9.855330586433410645e-01
9.778142571449279785e-01
9.903538823127746582e-01
9.985905289649963379e-01
9.984308481216430664e-01
9.967650771141052246e-01
9.936611652374267578e-01
9.528691768646240234e-01
8.952369093894958496e-01
6.960126161575317383e-01
4.791894853115081787e-01
3.581881821155548096e-01
3.194630742073059082e-01
5.759398341178894043e-01
6.879172325134277344e-01
5.750122070312500000e-01
5.170419216156005859e-01
5.015444159507751465e-01
5.750859379768371582e-01
6.801096200942993164e-01
7.851100564002990723e-01
8.851858973503112793e-01
9.309619665145874023e-01
9.667700529098510742e-01
9.747412204742431641e-01
9.742295742034912109e-01
9.626990556716918945e-01
9.581428170204162598e-01
9.580515027046203613e-01
9.693943858146667480e-01
9.838715195655822754e-01
9.908278584480285645e-01
9.966714978218078613e-01
9.973721504211425781e-01
9.980276226997375488e-01
9.985726475715637207e-01
9.989532828330993652e-01
9.991486072540283203e-01
9.978711605072021484e-01
9.957773089408874512e-01
9.546660780906677246e-01
9.046490192413330078e-01
9.155805706977844238e-01
9.311512112617492676e-01
9.674744606018066406e-01
9.931913614273071289e-01
9.976508617401123047e-01
9.998899698257446289e-01
9.999407529830932617e-01
9.995040893554687500e-01
9.988325238227844238e-01
9.969507455825805664e-01
9.948423504829406738e-01
9.927752017974853516e-01
9.846975207328796387e-01
9.495691061019897461e-01
8.321065902709960938e-01
5.616889595985412598e-01
3.795197010040283203e-01
2.781349420547485352e-01
3.606933653354644775e-01
5.268284082412719727e-01
7.517118453979492188e-01
9.795423150062561035e-01
9.750025868415832520e-01
9.550699591636657715e-01
8.712755441665649414e-01
8.516610860824584961e-01
9.442836642265319824e-01
9.913377165794372559e-01
9.977431297302246094e-01
9.983921051025390625e-01
9.965246915817260742e-01
9.721924066543579102e-01
9.435243606567382812e-01
8.918530941009521484e-01
8.527190685272216797e-01
8.647408485412597656e-01
8.952142000198364258e-01
9.578740000724792480e-01
9.902876019477844238e-01
9.963268041610717773e-01
9.978711605072021484e-01
9.974943399429321289e-01
9.965588450431823730e-01
9.955090880393981934e-01
9.934821128845214844e-01
9.915631413459777832e-01
9.900885224342346191e-01
9.901384115219116211e-01
9.928842186927795410e-01
9.956218004226684570e-01
9.983459711074829102e-01
9.994257092475891113e-01
9.997762441635131836e-01
9.998670816421508789e-01
9.997940659523010254e-01
9.941510558128356934e-01
9.497959613800048828e-01
7.354851365089416504e-01
5.438525080680847168e-01
3.929172754287719727e-01
3.211642503738403320e-01
3.241447806358337402e-01
3.828479051589965820e-01
4.679463207721710205e-01
3.898423910140991211e-01
2.803491652011871338e-01
1.507572978734970093e-01
3.862057253718376160e-02
1.553534157574176788e-02
4.378633457235991955e-05
1.651536149438470602e-04
6.654519587755203247e-02
2.015448361635208130e-01
4.664478003978729248e-01
8.006872534751892090e-01
8.847575783729553223e-01
9.132778048515319824e-01
8.881685137748718262e-01
8.605157732963562012e-01
8.237397670745849609e-01
8.168799877166748047e-01
8.790688514709472656e-01
9.276936650276184082e-01
9.602618217468261719e-01
9.789347052574157715e-01
9.891158342361450195e-01
9.941346645355224609e-01
9.977472424507141113e-01
9.987043738365173340e-01
9.994166493415832520e-01
9.993484020233154297e-01
9.990992546081542969e-01
9.983474016189575195e-01
9.981721639633178711e-01
9.987749457359313965e-01
9.988018870353698730e-01
9.984204173088073730e-01
9.959057569503784180e-01
9.926590919494628906e-01
9.914075136184692383e-01
9.906070232391357422e-01
9.933617711067199707e-01
9.959310293197631836e-01
9.978072047233581543e-01
9.991276860237121582e-01
9.995184540748596191e-01
9.997169375419616699e-01
9.997491836547851562e-01
9.996782541275024414e-01
9.995614290237426758e-01
9.996457099914550781e-01
9.997647404670715332e-01
9.998930096626281738e-01
9.999849796295166016e-01
9.998929500579833984e-01
9.998003244400024414e-01
9.997066259384155273e-01
9.997078180313110352e-01
9.998132586479187012e-01
9.998933076858520508e-01
9.999584555625915527e-01
9.999830722808837891e-01
9.999969601631164551e-01
9.999978542327880859e-01
9.999970197677612305e-01
9.999877810478210449e-01
9.999771714210510254e-01
9.999624490737915039e-01
9.999546408653259277e-01
9.999566078186035156e-01
9.999643564224243164e-01
9.999765157699584961e-01
9.999856948852539062e-01
9.999936819076538086e-01
9.999971985816955566e-01
1.000000000000000000e+00
1.000000000000000000e+00
9.999978542327880859e-01
9.999862313270568848e-01
9.998330473899841309e-01
9.994015693664550781e-01
9.986436367034912109e-01
9.975446462631225586e-01
9.977627396583557129e-01
9.987044334411621094e-01
9.988765716552734375e-01
9.988565444946289062e-01
9.988160729408264160e-01
9.988364577293395996e-01
9.993940591812133789e-01
9.998341202735900879e-01
9.999337792396545410e-01
9.999939203262329102e-01
9.999964237213134766e-01
9.999982118606567383e-01
9.999993443489074707e-01
9.999741315841674805e-01
9.999381899833679199e-01
9.984212517738342285e-01
9.965392351150512695e-01
9.868109822273254395e-01
9.798558950424194336e-01
9.865429997444152832e-01
9.922100305557250977e-01
9.957380890846252441e-01
9.979857206344604492e-01
9.987822175025939941e-01
9.993488192558288574e-01
9.997711181640625000e-01
9.998903870582580566e-01
9.999172687530517578e-01
9.999213218688964844e-01
9.998994469642639160e-01
9.995469450950622559e-01
9.988615512847900391e-01
9.969724416732788086e-01
9.891585707664489746e-01
9.710274934768676758e-01
9.584875702857971191e-01
9.511483311653137207e-01
8.526422381401062012e-01
7.086306810379028320e-01
3.824706375598907471e-01
1.514862291514873505e-02
5.419749868451617658e-06
2.776095470835571177e-06
2.838215914380270988e-05
1.835120283067226410e-02
8.998701721429824829e-02
2.196222096681594849e-01
4.353941380977630615e-01
5.610702037811279297e-01
6.135266423225402832e-01
7.013665437698364258e-01
8.049020767211914062e-01
8.884159326553344727e-01
9.680467844009399414e-01
9.817609190940856934e-01
9.935399293899536133e-01
9.970309734344482422e-01
9.995940327644348145e-01
9.998123645782470703e-01
9.999179840087890625e-01
9.998723864555358887e-01
9.998508691787719727e-01
9.998474121093750000e-01
9.998815059661865234e-01
9.999304413795471191e-01
9.999191761016845703e-01
9.998972415924072266e-01
9.997406005859375000e-01
9.994649887084960938e-01
9.985263943672180176e-01
9.950274229049682617e-01
9.854643940925598145e-01
9.802567362785339355e-01
9.805063605308532715e-01
9.851155877113342285e-01
9.927815198898315430e-01
9.968449473381042480e-01
9.995608925819396973e-01
9.999204277992248535e-01
9.999380707740783691e-01
9.998674988746643066e-01
9.997506141662597656e-01
9.993889927864074707e-01
9.963800907135009766e-01
9.872266650199890137e-01
9.096598029136657715e-01
7.462697029113769531e-01
4.772726893424987793e-01
1.353094577789306641e-01
3.056178241968154907e-02
1.339925173670053482e-02
3.053942918777465820e-01
6.405875682830810547e-01
8.332025408744812012e-01
9.966441988945007324e-01
9.984353780746459961e-01
9.997210502624511719e-01
9.997893571853637695e-01
9.998487234115600586e-01
9.998970031738281250e-01
9.998941421508789062e-01
9.998538494110107422e-01
9.991357326507568359e-01
9.981539845466613770e-01
9.985331296920776367e-01
9.991357326507568359e-01
9.995244741439819336e-01
9.998536705970764160e-01
9.998210072517395020e-01
9.987416267395019531e-01
9.949623346328735352e-01
9.896529912948608398e-01
9.822136759757995605e-01
9.837123155593872070e-01
9.923601150512695312e-01
9.967105984687805176e-01
9.991822242736816406e-01
9.974610805511474609e-01
9.949038028717041016e-01
9.833380579948425293e-01
9.729492068290710449e-01
9.742040634155273438e-01
9.780919551849365234e-01
9.898990392684936523e-01
9.977105259895324707e-01
9.991368651390075684e-01
9.997249245643615723e-01
9.995451569557189941e-01
9.920356273651123047e-01
9.807251095771789551e-01
9.656915664672851562e-01
9.496582746505737305e-01
9.607332944869995117e-01
9.734228253364562988e-01
9.816680550575256348e-01
9.831654429435729980e-01
9.583332538604736328e-01
8.993865847587585449e-01
7.749432325363159180e-01
7.351272702217102051e-01
7.882907390594482422e-01
8.597227334976196289e-01
9.426236152648925781e-01
9.776057004928588867e-01
9.966872334480285645e-01
9.993829727172851562e-01
9.998836517333984375e-01
9.980747103691101074e-01
9.567726850509643555e-01
6.933088898658752441e-01
4.283032417297363281e-01
1.571630537509918213e-01
5.251600668998435140e-05
1.621964656806085259e-05
1.749307811260223389e-01
4.897935092449188232e-01
7.088221311569213867e-01
8.840079903602600098e-01
5.119307637214660645e-01
2.141574770212173462e-02
2.760637144092470407e-04
1.485453080385923386e-02
1.816581338644027710e-01
3.511274456977844238e-01
5.318859815597534180e-01
6.997461915016174316e-01
8.450432419776916504e-01
9.400229454040527344e-01
9.814407229423522949e-01
9.981850981712341309e-01
9.994808435440063477e-01
9.994907379150390625e-01
9.990642666816711426e-01
9.978134632110595703e-01
9.964392185211181641e-01
9.944059848785400391e-01
9.925426840782165527e-01
9.917282462120056152e-01
9.875149130821228027e-01
9.742538928985595703e-01
9.692726731300354004e-01
9.765142798423767090e-01
9.848453402519226074e-01
9.941055178642272949e-01
9.982116222381591797e-01
9.996795654296875000e-01
9.999911189079284668e-01
9.999974966049194336e-01
9.999843239784240723e-01
9.999685883522033691e-01
9.999359846115112305e-01
9.999145865440368652e-01
9.999445080757141113e-01
9.999451041221618652e-01
9.998807311058044434e-01
9.950475692749023438e-01
9.841265678405761719e-01
9.695578217506408691e-01
9.522624611854553223e-01
9.645578265190124512e-01
9.897925853729248047e-01
9.965266585350036621e-01
9.992306828498840332e-01
9.983586072921752930e-01
9.974433779716491699e-01
9.982631206512451172e-01
9.990115165710449219e-01
9.994732141494750977e-01
9.973427653312683105e-01
9.899607896804809570e-01
9.029958844184875488e-01
7.213923335075378418e-01
6.285323500633239746e-01
5.984677076339721680e-01
6.840194463729858398e-01
8.161460161209106445e-01
8.965196013450622559e-01
9.666869640350341797e-01
8.240267038345336914e-01
6.666491627693176270e-01
4.454326331615447998e-01
2.853917479515075684e-01
3.543420433998107910e-01
4.227325618267059326e-01
4.905203580856323242e-01
4.284543693065643311e-01
2.151966392993927002e-01
1.041828840970993042e-01
6.476839631795883179e-02
8.959694206714630127e-02
1.401947140693664551e-01
2.259312719106674194e-01
3.184563815593719482e-01
4.325828850269317627e-01
5.138180851936340332e-01
2.275773286819458008e-01
6.262208671614644118e-07
2.508777470211498439e-07
1.150836289329562612e-13
4.646740349271982762e-13
1.415541768074035645e-01
4.551123678684234619e-01
6.943277716636657715e-01
8.784051537513732910e-01
9.486728906631469727e-01
9.695572257041931152e-01
9.331986904144287109e-01
8.843248486518859863e-01
9.310877919197082520e-01
9.807204008102416992e-01
9.911982417106628418e-01
9.997591972351074219e-01
9.998400807380676270e-01
9.997646808624267578e-01
9.993360638618469238e-01
9.984829425811767578e-01
9.970559477806091309e-01
9.964315891265869141e-01
9.964674711227416992e-01
9.976040720939636230e-01
9.992821216583251953e-01
9.997814893722534180e-01
9.999636411666870117e-01
9.999896287918090820e-01
9.999995827674865723e-01
9.999867677688598633e-01
9.999723434448242188e-01
9.999492168426513672e-01
9.999335408210754395e-01
9.999380707740783691e-01
9.998899102210998535e-01
9.997580051422119141e-01
9.989222884178161621e-01
9.974033832550048828e-01
9.941701889038085938e-01
9.899155497550964355e-01
9.499396085739135742e-01
8.975105881690979004e-01
8.953024148941040039e-01
9.011799693107604980e-01
9.438779354095458984e-01
9.840556383132934570e-01
9.924774765968322754e-01
9.991630315780639648e-01
9.995910525321960449e-01
9.988591074943542480e-01
9.957840442657470703e-01
9.687774181365966797e-01
9.125010967254638672e-01
8.184407949447631836e-01
6.955855488777160645e-01
6.743488907814025879e-01
7.011956572532653809e-01
8.182098269462585449e-01
9.585801959037780762e-01
9.839379191398620605e-01
9.972765445709228516e-01
9.741723537445068359e-01
9.317722320556640625e-01
7.737559676170349121e-01
6.563036441802978516e-01
6.535172462463378906e-01
7.152175307273864746e-01
8.834062218666076660e-01
9.771118164062500000e-01
9.926753044128417969e-01
9.964313507080078125e-01
9.923806190490722656e-01
9.469206929206848145e-01
8.850221633911132812e-01
5.962967872619628906e-01
2.606823444366455078e-01
1.275799125432968140e-01
1.809609681367874146e-02
9.482684731483459473e-02
2.328247725963592529e-01
6.680555939674377441e-01
9.815699458122253418e-01
9.928291440010070801e-01
9.991412162780761719e-01
9.980047941207885742e-01
9.957323074340820312e-01
9.923791885375976562e-01
9.931487441062927246e-01
9.964013099670410156e-01
9.961158633232116699e-01
9.945578575134277344e-01
9.964138269424438477e-01
9.988794326782226562e-01
9.973815679550170898e-01
9.949900507926940918e-01
9.828359484672546387e-01
9.190530776977539062e-01
6.247031092643737793e-01
3.514969050884246826e-01
1.314733326435089111e-01
8.145302126649767160e-05
2.670400863280519843e-05
2.076612561941146851e-01
6.111190319061279297e-01
8.362903594970703125e-01
9.553155303001403809e-01
9.691487550735473633e-01
9.450066685676574707e-01
9.383983016014099121e-01
9.350721240043640137e-01
9.653905034065246582e-01
9.955290555953979492e-01
9.975367188453674316e-01
9.992208480834960938e-01
9.993183016777038574e-01
9.994122982025146484e-01
9.994969964027404785e-01
9.994679689407348633e-01
9.992607235908508301e-01
9.990547299385070801e-01
9.988490343093872070e-01
9.985538721084594727e-01
9.982015490531921387e-01
9.958986043930053711e-01
9.928170442581176758e-01
9.791325926780700684e-01
9.631035923957824707e-01
8.766820430755615234e-01
7.855072617530822754e-01
7.232365608215332031e-01
6.769323348999023438e-01
7.298653721809387207e-01
7.878615260124206543e-01
8.619107604026794434e-01
9.209233522415161133e-01
9.527738094329833984e-01
9.719721078872680664e-01
9.763457775115966797e-01
9.764893054962158203e-01
9.733890891075134277e-01
9.772756099700927734e-01
9.846056103706359863e-01
9.916549921035766602e-01
9.986455440521240234e-01
9.988779425621032715e-01
9.981924891471862793e-01
9.906451106071472168e-01
9.561483263969421387e-01
6.458898186683654785e-01
3.559284806251525879e-01
1.470077186822891235e-01
1.055654045194387436e-02
4.366685450077056885e-02
2.250788807868957520e-01
6.247395873069763184e-01
7.541256546974182129e-01
6.202122569084167480e-01
3.861581087112426758e-01
8.738353848457336426e-02
1.134935067966580391e-03
1.768872461980208755e-04
3.469486931908724592e-14
2.671434977730472414e-15
1.284112194355202519e-08
4.426268424140289426e-05
2.386139240115880966e-03
7.445066235959529877e-03
3.180120512843132019e-02
9.362012147903442383e-02
2.839176952838897705e-01
5.016332268714904785e-01
7.749182581901550293e-01
9.459831714630126953e-01
9.822000265121459961e-01
9.993950724601745605e-01
9.998316168785095215e-01
9.999947547912597656e-01
9.999981522560119629e-01
9.999957680702209473e-01
9.999913573265075684e-01
9.999418258666992188e-01
9.998830556869506836e-01
9.996557235717773438e-01
9.993996024131774902e-01
9.986636042594909668e-01
9.978580474853515625e-01
9.966062307357788086e-01
9.958100914955139160e-01
9.965148568153381348e-01
9.974218606948852539e-01
9.987427592277526855e-01
9.995751380920410156e-01
9.997673630714416504e-01
9.998683333396911621e-01
9.998879432678222656e-01
9.998089075088500977e-01
9.996711611747741699e-01
9.980357885360717773e-01
9.958305954933166504e-01
9.567935466766357422e-01
9.097579121589660645e-01
8.739949464797973633e-01
8.409923911094665527e-01
8.988972902297973633e-01
9.527231454849243164e-01
9.765760302543640137e-01
9.957325458526611328e-01
9.977622628211975098e-01
9.987458586692810059e-01
9.974192976951599121e-01
9.971775412559509277e-01
9.985130429267883301e-01
9.983187913894653320e-01
9.966188669204711914e-01
9.682552814483642578e-01
9.219285845756530762e-01
7.883074879646301270e-01
6.167402267456054688e-01
4.954456686973571777e-01
3.879410326480865479e-01
4.112114012241363525e-01
4.516709446907043457e-01
5.768499374389648438e-01
6.997437477111816406e-01
7.709167003631591797e-01
8.294966220855712891e-01
8.259617686271667480e-01
8.273518085479736328e-01
8.423705101013183594e-01
8.780950903892517090e-01
9.511260986328125000e-01
9.932187199592590332e-01
9.978762865066528320e-01
9.999803900718688965e-01
9.999445080757141113e-01
9.998713135719299316e-01
9.997770190238952637e-01
9.995858073234558105e-01
9.993584752082824707e-01
9.966207146644592285e-01
9.933418631553649902e-01
9.724594354629516602e-01
9.499924182891845703e-01
9.213827848434448242e-01
8.988226652145385742e-01
9.282561540603637695e-01
9.489967823028564453e-01
9.342664480209350586e-01
8.685457110404968262e-01
6.767697334289550781e-01
4.892731606960296631e-01
3.096053898334503174e-01
2.503176033496856689e-01
3.269565701484680176e-01
5.478208661079406738e-01
