9.966163039207458496e-01
9.891715049743652344e-01
9.739944934844970703e-01
9.485325217247009277e-01
9.459776282310485840e-01
9.791880249977111816e-01
9.912708401679992676e-01
9.977251887321472168e-01
9.993048310279846191e-01
9.993771314620971680e-01
9.993541240692138672e-01
9.992907047271728516e-01
9.997250437736511230e-01
9.999505877494812012e-01
9.999812245368957520e-01
9.999838471412658691e-01
9.999879598617553711e-01
9.999927282333374023e-01
9.999899864196777344e-01
9.999681711196899414e-01
9.998310208320617676e-01
9.988960623741149902e-01
9.938680529594421387e-01
9.880655407905578613e-01
9.915916919708251953e-01
9.955411553382873535e-01
9.990726709365844727e-01
9.997753500938415527e-01
9.999928474426269531e-01
9.999996423721313477e-01
9.999997615814208984e-01
9.999997615814208984e-01
9.999997615814208984e-01
9.999998807907104492e-01
9.999999403953552246e-01
9.999999403953552246e-01
9.999998211860656738e-01
9.999989867210388184e-01
9.999969005584716797e-01
9.999926686286926270e-01
9.999688267707824707e-01
9.995513558387756348e-01
9.983990788459777832e-01
9.752389788627624512e-01
9.106556773185729980e-01
7.836581468582153320e-01
6.771093010902404785e-01
5.983168482780456543e-01
5.561602115631103516e-01
3.537754416465759277e-01
1.642776578664779663e-01
8.024761453270912170e-03
1.929280115291476250e-04
7.791756218011869350e-08
2.447310976094740909e-07
3.662121295928955078e-01
6.803080439567565918e-01
9.318534731864929199e-01
9.605513811111450195e-01
9.830607771873474121e-01
9.987360835075378418e-01
9.820821285247802734e-01
9.748800396919250488e-01
9.762794375419616699e-01
9.902305006980895996e-01
9.975633621215820312e-01
9.998184442520141602e-01
9.999344348907470703e-01
9.999763965606689453e-01
9.999492168426513672e-01
9.997674822807312012e-01
9.991859793663024902e-01
9.986027479171752930e-01
9.995108246803283691e-01
9.999029636383056641e-01
1.000000000000000000e+00
1.000000000000000000e+00
9.999998807907104492e-01
9.999995231628417969e-01
9.999982714653015137e-01
9.999986886978149414e-01
9.999995827674865723e-01
9.999997615814208984e-01
9.999998211860656738e-01
9.999994635581970215e-01
9.999974966049194336e-01
9.999463558197021484e-01
9.997599124908447266e-01
9.992174506187438965e-01
9.985718727111816406e-01
9.979387521743774414e-01
9.974268078804016113e-01
9.980318546295166016e-01
9.989413619041442871e-01
9.998226761817932129e-01
1.000000000000000000e+00
1.000000000000000000e+00
1.000000000000000000e+00
9.998835325241088867e-01
9.997513294219970703e-01
9.996404647827148438e-01
9.997363686561584473e-01
9.998497366905212402e-01
9.999180436134338379e-01
9.999630451202392578e-01
9.999911785125732422e-01
9.999967813491821289e-01
9.997883439064025879e-01
9.861480593681335449e-01
9.503600001335144043e-01
7.982072234153747559e-01
6.920791268348693848e-01
6.813735961914062500e-01
8.728953599929809570e-01
9.200732707977294922e-01
7.234433889389038086e-01
6.454000473022460938e-01
6.939626932144165039e-01
9.017009735107421875e-01
9.430052042007446289e-01
9.672970175743103027e-01
9.860061407089233398e-01
9.938847422599792480e-01
9.983195066452026367e-01
9.993242621421813965e-01
9.996165633201599121e-01
9.998053908348083496e-01
9.999135136604309082e-01
9.999471902847290039e-01
9.999658465385437012e-01
9.999707341194152832e-01
9.999544620513916016e-01
9.996492266654968262e-01
9.990324974060058594e-01
9.957516789436340332e-01
9.926763176918029785e-01
9.898468852043151855e-01
9.931053519248962402e-01
9.947470426559448242e-01
9.947447776794433594e-01
9.952514767646789551e-01
9.962860345840454102e-01
9.977557063102722168e-01
9.932035207748413086e-01
9.621917009353637695e-01
9.064176678657531738e-01
8.470217585563659668e-01
8.405404090881347656e-01
8.827278614044189453e-01
9.506086707115173340e-01
9.879393577575683594e-01
9.979856610298156738e-01
9.992565512657165527e-01
9.998775124549865723e-01
9.999200105667114258e-01
9.996299743652343750e-01
9.992707967758178711e-01
9.988824129104614258e-01
9.991695880889892578e-01
9.994713068008422852e-01
9.997763633728027344e-01
9.998989105224609375e-01
9.999689459800720215e-01
9.999940991401672363e-01
9.999867081642150879e-01
9.999622106552124023e-01
9.999268054962158203e-01
9.999493360519409180e-01
9.999587535858154297e-01
9.999521970748901367e-01
9.998521208763122559e-01
9.998018145561218262e-01
9.997988343238830566e-01
9.999219179153442383e-01
9.999480247497558594e-01
9.998887777328491211e-01
9.996922612190246582e-01
9.989116787910461426e-01
9.976771473884582520e-01
9.966513514518737793e-01
9.970884919166564941e-01
9.986535310745239258e-01
9.995081424713134766e-01
9.999198913574218750e-01
9.999706149101257324e-01
9.999543428421020508e-01
9.998266100883483887e-01
9.993026256561279297e-01
9.931294918060302734e-01
9.925505518913269043e-01
9.963014125823974609e-01
9.960088133811950684e-01
9.895284175872802734e-01
9.789971113204956055e-01
9.909167289733886719e-01
9.969341158866882324e-01
9.979873895645141602e-01
9.989891052246093750e-01
9.996452331542968750e-01
9.999906420707702637e-01
9.999934434890747070e-01
9.999777078628540039e-01
9.999428391456604004e-01
9.998171329498291016e-01
9.997456669807434082e-01
9.997275471687316895e-01
9.999117851257324219e-01
9.999881982803344727e-01
9.999647736549377441e-01
9.999001622200012207e-01
9.996215701103210449e-01
9.991185665130615234e-01
9.963446855545043945e-01
9.766728281974792480e-01
9.404591917991638184e-01
8.650743365287780762e-01
8.218547105789184570e-01
8.110798597335815430e-01
8.576731681823730469e-01
8.784834146499633789e-01
8.721022009849548340e-01
8.989806771278381348e-01
9.407989978790283203e-01
9.984272718429565430e-01
9.718840122222900391e-01
8.991470336914062500e-01
7.762981057167053223e-01
7.102332711219787598e-01
7.199338078498840332e-01
8.175507187843322754e-01
9.264940619468688965e-01
9.892232418060302734e-01
9.931771755218505859e-01
9.922061562538146973e-01
9.937199950218200684e-01
9.989498257637023926e-01
9.997333288192749023e-01
9.999691843986511230e-01
9.999563694000244141e-01
9.999331235885620117e-01
9.999402165412902832e-01
9.999942183494567871e-01
1.000000000000000000e+00
9.999100565910339355e-01
9.996770024299621582e-01
9.972028136253356934e-01
9.929316043853759766e-01
9.861333370208740234e-01
9.821528792381286621e-01
9.808922410011291504e-01
9.837684035301208496e-01
9.879325032234191895e-01
9.922233223915100098e-01
9.962984323501586914e-01
9.986017942428588867e-01
9.999346733093261719e-01
9.999762177467346191e-01
9.999794363975524902e-01
9.999802708625793457e-01
9.999966025352478027e-01
9.955567717552185059e-01
9.604566693305969238e-01
8.498655557632446289e-01
7.409014105796813965e-01
6.879822015762329102e-01
7.925350069999694824e-01
8.930523395538330078e-01
9.732292890548706055e-01
9.927434921264648438e-01
9.984579682350158691e-01
9.987369179725646973e-01
9.979207515716552734e-01
9.975390434265136719e-01
9.974893927574157715e-01
9.980593323707580566e-01
9.959377646446228027e-01
9.922804832458496094e-01
9.871810078620910645e-01
9.859207272529602051e-01
9.873460531234741211e-01
9.928647279739379883e-01
9.964600801467895508e-01
9.950913190841674805e-01
9.665973782539367676e-01
8.945041298866271973e-01
8.075966835021972656e-01
8.333526849746704102e-01
8.890626430511474609e-01
9.618220925331115723e-01
9.865586161613464355e-01
9.982909560203552246e-01
9.998989105224609375e-01
9.999501109123229980e-01
9.999739527702331543e-01
9.999597668647766113e-01
9.993197917938232422e-01
9.914026260375976562e-01
9.764358401298522949e-01
9.251890182495117188e-01
9.140792489051818848e-01
9.465686678886413574e-01
9.749078750610351562e-01
9.726670980453491211e-01
9.334252476692199707e-01
6.919982433319091797e-01
5.488855838775634766e-01
5.579695701599121094e-01
7.452794909477233887e-01
8.835948705673217773e-01
9.168472886085510254e-01
9.310219287872314453e-01
9.451169967651367188e-01
9.638892412185668945e-01
9.336587190628051758e-01
8.923269510269165039e-01
8.467763662338256836e-01
8.636823296546936035e-01
9.004149436950683594e-01
9.500445127487182617e-01
9.742450714111328125e-01
9.869521260261535645e-01
9.874062538146972656e-01
9.912613034248352051e-01
9.958286881446838379e-01
9.988707900047302246e-01
9.998658299446105957e-01
1.000000000000000000e+00
1.000000000000000000e+00
9.999995827674865723e-01
9.999991059303283691e-01
9.999990463256835938e-01
9.999994039535522461e-01
9.999995827674865723e-01
9.999971985816955566e-01
9.999848008155822754e-01
9.999666213989257812e-01
9.999555945396423340e-01
9.998898506164550781e-01
9.995142817497253418e-01
9.941620230674743652e-01
9.910458922386169434e-01
9.899799227714538574e-01
9.953252673149108887e-01
9.986732602119445801e-01
9.999683499336242676e-01
1.000000000000000000e+00
9.999895095825195312e-01
9.999665021896362305e-01
9.993239641189575195e-01
9.970062971115112305e-01
9.924014210700988770e-01
9.923970103263854980e-01
9.945032000541687012e-01
9.992450475692749023e-01
9.999690055847167969e-01
9.999701976776123047e-01
9.998915195465087891e-01
9.989581704139709473e-01
9.973117113113403320e-01
9.944220781326293945e-01
9.927805662155151367e-01
9.926381707191467285e-01
9.958801269531250000e-01
9.983124732971191406e-01
1.000000000000000000e+00
1.000000000000000000e+00
9.998433589935302734e-01
9.996594786643981934e-01
9.997117519378662109e-01
9.998122453689575195e-01
9.999284148216247559e-01
9.999569058418273926e-01
9.999560117721557617e-01
9.999363422393798828e-01
9.999337196350097656e-01
9.999476671218872070e-01
9.999744296073913574e-01
9.999752640724182129e-01
9.997125864028930664e-01
9.991895556449890137e-01
9.994592666625976562e-01
9.967320561408996582e-01
9.903852939605712891e-01
9.954189062118530273e-01
9.991879463195800781e-01
9.998769164085388184e-01
9.999688863754272461e-01
9.999130368232727051e-01
9.997343420982360840e-01
9.981922507286071777e-01
9.955733418464660645e-01
9.911631941795349121e-01
9.939971566200256348e-01
9.978808760643005371e-01
9.990753531455993652e-01
9.813973307609558105e-01
8.876134753227233887e-01
5.296106338500976562e-01
3.177996575832366943e-01
1.782368719577789307e-01
5.854352191090583801e-02
1.437086332589387894e-02
5.423869937658309937e-02
4.357740879058837891e-01
7.476195096969604492e-01
9.955188035964965820e-01
9.970731139183044434e-01
9.977698922157287598e-01
9.976911544799804688e-01
9.796974062919616699e-01
8.639095425605773926e-01
6.383399963378906250e-01
5.460273623466491699e-01
6.280035376548767090e-01
9.427252411842346191e-01
7.122914195060729980e-01
4.109352231025695801e-01
1.041108816862106323e-01
2.940326184034347534e-02
8.223253302276134491e-03
3.488039830699563026e-03
1.359375775791704655e-03
1.352534745819866657e-03
5.515969824045896530e-03
3.532758215442299843e-03
3.147342511056194780e-07
7.959707915006219991e-08
4.278610049368580803e-06
6.560512632131576538e-02
5.579743981361389160e-01
8.418245911598205566e-01
9.787155389785766602e-01
9.897000193595886230e-01
9.847917556762695312e-01
9.648861289024353027e-01
8.345673084259033203e-01
8.054771423339843750e-01
8.840600848197937012e-01
9.558592438697814941e-01
9.969887137413024902e-01
9.969615340232849121e-01
9.984623193740844727e-01
9.993675351142883301e-01
9.988948106765747070e-01
8.926278352737426758e-01
6.495923399925231934e-01
1.380195617675781250e-01
1.025337819010019302e-02
1.494840830564498901e-01
7.715564370155334473e-01
9.214855432510375977e-01
8.883681297302246094e-01
9.166229367256164551e-01
9.544203877449035645e-01
9.932384490966796875e-01
9.977134466171264648e-01
9.997209906578063965e-01
9.999125599861145020e-01
9.999377727508544922e-01
8.328760862350463867e-01
5.071323513984680176e-01
1.808840036392211914e-01
4.685060307383537292e-02
1.502781063318252563e-01
5.931158661842346191e-01
9.128410816192626953e-01
9.805165529251098633e-01
9.957414865493774414e-01
9.997084736824035645e-01
9.999246597290039062e-01
9.999549388885498047e-01
9.999228715896606445e-01
9.998618960380554199e-01
9.998812079429626465e-01
9.999274015426635742e-01
9.999455809593200684e-01
9.999483823776245117e-01
9.998624920845031738e-01
9.991006255149841309e-01
9.978398680686950684e-01
9.963172078132629395e-01
9.979511499404907227e-01
9.991664886474609375e-01
9.999614953994750977e-01
9.999307394027709961e-01
9.970670342445373535e-01
9.904442429542541504e-01
9.489670991897583008e-01
9.055921435356140137e-01
8.666837811470031738e-01
8.775717616081237793e-01
8.693090081214904785e-01
7.847139239311218262e-01
7.289074659347534180e-01
7.236042022705078125e-01
8.719679713249206543e-01
9.542956352233886719e-01
9.977146387100219727e-01
9.985185861587524414e-01
9.989483952522277832e-01
9.991495013236999512e-01
9.997245669364929199e-01
1.000000000000000000e+00
1.000000000000000000e+00
9.999595880508422852e-01
9.999207258224487305e-01
9.998846650123596191e-01
9.999027252197265625e-01
9.999147653579711914e-01
9.999073147773742676e-01
9.999126195907592773e-01
9.998023509979248047e-01
9.994034171104431152e-01
9.978175759315490723e-01
9.954701662063598633e-01
9.917473793029785156e-01
9.874108433723449707e-01
9.836941361427307129e-01
9.859687089920043945e-01
9.919521212577819824e-01
1.000000000000000000e+00
1.000000000000000000e+00
1.000000000000000000e+00
1.000000000000000000e+00
1.000000000000000000e+00
1.000000000000000000e+00
1.000000000000000000e+00
9.958763122558593750e-01
9.933517575263977051e-01
9.947182536125183105e-01
9.955664873123168945e-01
9.967229366302490234e-01
9.990458488464355469e-01
9.998118877410888672e-01
9.999427199363708496e-01
9.998445510864257812e-01
9.998359680175781250e-01
9.998801350593566895e-01
9.999564886093139648e-01
9.999927878379821777e-01
9.999977350234985352e-01
9.999960064888000488e-01
9.999965429306030273e-01
9.999996423721313477e-01
9.999999403953552246e-01
1.000000000000000000e+00
1.000000000000000000e+00
1.000000000000000000e+00
1.000000000000000000e+00
1.000000000000000000e+00
9.999995827674865723e-01
9.999987483024597168e-01
9.999972581863403320e-01
9.999980330467224121e-01
9.999997615814208984e-01
9.999997615814208984e-01
9.999938011169433594e-01
9.999746084213256836e-01
9.997417330741882324e-01
9.988417029380798340e-01
9.972660541534423828e-01
9.943937659263610840e-01
9.931044578552246094e-01
9.942159056663513184e-01
9.965606927871704102e-01
9.986439347267150879e-01
9.997478127479553223e-01
1.000000000000000000e+00
1.000000000000000000e+00
1.000000000000000000e+00
1.000000000000000000e+00
9.998172521591186523e-01
9.984481930732727051e-01
9.976435303688049316e-01
9.972783923149108887e-01
9.978675246238708496e-01
9.986175894737243652e-01
9.995315670967102051e-01
9.997091889381408691e-01
9.977062344551086426e-01
9.925428032875061035e-01
9.856678843498229980e-01
9.838771820068359375e-01
9.941900372505187988e-01
9.982730150222778320e-01
9.999552369117736816e-01
9.999877214431762695e-01
9.999991655349731445e-01
9.999998807907104492e-01
9.999999403953552246e-01
9.999966025352478027e-01
9.999893307685852051e-01
9.999256134033203125e-01
9.998412728309631348e-01
9.997342228889465332e-01
9.995256662368774414e-01
9.991197586059570312e-01
9.983996748924255371e-01
9.979289174079895020e-01
9.971931576728820801e-01
9.956287741661071777e-01
9.787515997886657715e-01
9.455112814903259277e-01
8.630102276802062988e-01
5.843392014503479004e-01
2.161119878292083740e-01
1.505010426044464111e-01
3.337815701961517334e-01
7.386116981506347656e-01
8.614208102226257324e-01
8.005758523941040039e-01
5.030055046081542969e-01
6.078765392303466797e-01
7.701730132102966309e-01
9.349227547645568848e-01
9.853501319885253906e-01
9.989920258522033691e-01
9.994320869445800781e-01
9.992440342903137207e-01
9.987628459930419922e-01
9.983590841293334961e-01
9.980801343917846680e-01
9.965815544128417969e-01
9.307292699813842773e-01
7.505940794944763184e-01
4.406917095184326172e-01
3.576114773750305176e-01
4.474051296710968018e-01
8.060451149940490723e-01
8.939110636711120605e-01
9.146016240119934082e-01
9.257986545562744141e-01
9.396849274635314941e-01
9.556432366371154785e-01
9.767738580703735352e-01
9.906178712844848633e-01
9.991488456726074219e-01
9.993750452995300293e-01
9.898236393928527832e-01
9.700611233711242676e-01
6.517316699028015137e-01
3.580687344074249268e-01
1.392553746700286865e-01
3.034378588199615479e-01
5.643352866172790527e-01
8.666670322418212891e-01
9.742832183837890625e-01
9.996264576911926270e-01
9.998912811279296875e-01
9.999751448631286621e-01
9.999350309371948242e-01
9.997684359550476074e-01
9.996581077575683594e-01
9.996048808097839355e-01
9.986057281494140625e-01
9.251799583435058594e-01
7.360849380493164062e-01
6.537227630615234375e-01
6.742680668830871582e-01
9.104890823364257812e-01
9.843592047691345215e-01
9.904969930648803711e-01
9.790413975715637207e-01
9.575111269950866699e-01
9.299529194831848145e-01
9.136986136436462402e-01
8.909862041473388672e-01
8.615636229515075684e-01
8.302399516105651855e-01
8.065693378448486328e-01
7.957481145858764648e-01
7.465094327926635742e-01
7.214627265930175781e-01
7.900119423866271973e-01
8.723835945129394531e-01
9.521892666816711426e-01
9.816282987594604492e-01
9.954949021339416504e-01
9.982784986495971680e-01
9.989800453186035156e-01
9.994978904724121094e-01
9.998086094856262207e-01
9.997979402542114258e-01
9.990987777709960938e-01
9.971945285797119141e-01
9.970024228096008301e-01
9.976117610931396484e-01
9.993888735771179199e-01
9.999772906303405762e-01
9.783782362937927246e-01
7.876061797142028809e-01
7.508389353752136230e-01
8.385373353958129883e-01
6.358456015586853027e-01
6.501773595809936523e-01
9.501674175262451172e-01
9.913828372955322266e-01
9.944287538528442383e-01
9.958828687667846680e-01
9.383358955383300781e-01
7.804001569747924805e-01
2.771504521369934082e-01
2.166438847780227661e-01
4.200987815856933594e-01
6.403049230575561523e-01
8.179904222488403320e-01
9.539788365364074707e-01
9.708860516548156738e-01
9.798065423965454102e-01
9.874573945999145508e-01
9.935754537582397461e-01
9.980933666229248047e-01
9.989750385284423828e-01
9.993734955787658691e-01
9.995642900466918945e-01
9.997913837432861328e-01
9.999243021011352539e-01
9.999852180480957031e-01
9.999535083770751953e-01
9.997559785842895508e-01
9.993487596511840820e-01
9.988214969635009766e-01
9.985374212265014648e-01
9.988209009170532227e-01
9.993094205856323242e-01
9.997805356979370117e-01
9.998829960823059082e-01
9.998795986175537109e-01
9.998155236244201660e-01
9.998053312301635742e-01
9.998472929000854492e-01
9.999427199363708496e-01
9.999794960021972656e-01
1.000000000000000000e+00
9.999998807907104492e-01
9.999995231628417969e-01
9.999983310699462891e-01
9.999949336051940918e-01
9.999249577522277832e-01
9.997606277465820312e-01
9.990646243095397949e-01
9.978900551795959473e-01
9.963048100471496582e-01
9.897287487983703613e-01
9.624127745628356934e-01
9.048619270324707031e-01
7.385199666023254395e-01
6.181080341339111328e-01
6.778572797775268555e-01
8.324791193008422852e-01
1.000000000000000000e+00
1.000000000000000000e+00
1.000000000000000000e+00
9.999008178710937500e-01
9.798603057861328125e-01
9.765351414680480957e-01
9.946724772453308105e-01
9.980779290199279785e-01
9.972104430198669434e-01
9.915611743927001953e-01
9.604612588882446289e-01
9.315665364265441895e-01
9.611135125160217285e-01
9.825808405876159668e-01
9.980927109718322754e-01
9.984686374664306641e-01
9.879614114761352539e-01
9.645977616310119629e-01
9.455230236053466797e-01
9.461440443992614746e-01
9.871093034744262695e-01
9.985631704330444336e-01
9.993033409118652344e-01
9.954681992530822754e-01
9.945375323295593262e-01
9.955183267593383789e-01
9.982360601425170898e-01
9.996666908264160156e-01
9.996498823165893555e-01
9.991390705108642578e-01
9.985016584396362305e-01
9.977175593376159668e-01
9.979685544967651367e-01
9.985803961753845215e-01
9.993296265602111816e-01
9.996464252471923828e-01
9.996997117996215820e-01
9.998036623001098633e-01
9.998522996902465820e-01
9.998397231101989746e-01
9.992179274559020996e-01
9.973953366279602051e-01
9.932774901390075684e-01
9.923160076141357422e-01
9.925886392593383789e-01
9.938570857048034668e-01
9.902969002723693848e-01
9.838345050811767578e-01
9.801699519157409668e-01
9.813347458839416504e-01
9.879185557365417480e-01
9.920858144760131836e-01
9.942939877510070801e-01
9.929856061935424805e-01
9.943378567695617676e-01
9.965283274650573730e-01
9.985199570655822754e-01
9.995651245117187500e-01
9.999609589576721191e-01
9.995069503784179688e-01
9.865133166313171387e-01
9.585390090942382812e-01
9.127396941184997559e-01
8.777626752853393555e-01
8.726032376289367676e-01
8.811113834381103516e-01
8.954104185104370117e-01
9.141917228698730469e-01
8.466994166374206543e-01
7.152777910232543945e-01
2.821477055549621582e-01
3.811367601156234741e-02
4.262304306030273438e-02
4.341296553611755371e-01
8.021253347396850586e-01
9.454488158226013184e-01
9.764131903648376465e-01
9.479282498359680176e-01
8.351399302482604980e-01
7.909139394760131836e-01
8.016716241836547852e-01
7.874758243560791016e-01
7.232496738433837891e-01
5.847551822662353516e-01
7.724581956863403320e-01
9.596951007843017578e-01
9.320514798164367676e-01
5.498285293579101562e-01
3.992869332432746887e-02
1.305627450346946716e-02
4.893819550488842651e-06
6.685514108539791778e-06
2.827505171298980713e-01
5.785049200057983398e-01
8.623378872871398926e-01
9.355569481849670410e-01
9.351130723953247070e-01
8.755205273628234863e-01
7.474055886268615723e-01
5.832899212837219238e-01
5.243958234786987305e-01
5.912184715270996094e-01
8.021780848503112793e-01
8.678476214408874512e-01
8.996453285217285156e-01
8.973528146743774414e-01
8.970472216606140137e-01
9.070888757705688477e-01
9.721067547798156738e-01
9.999923706054687500e-01
9.999960064888000488e-01
9.999404549598693848e-01
9.924804568290710449e-01
9.743217825889587402e-01
7.692319154739379883e-01
4.944992065429687500e-01
1.252833455801010132e-01
1.745218876749277115e-03
9.879032149910926819e-03
1.147789508104324341e-01
4.335300028324127197e-01
9.605768322944641113e-01
9.994140863418579102e-01
9.879402518272399902e-01
9.556143283843994141e-01
9.191489815711975098e-01
8.866955637931823730e-01
8.780402541160583496e-01
8.878934979438781738e-01
9.104174375534057617e-01
9.510056972503662109e-01
9.811053872108459473e-01
9.975128173828125000e-01
9.997394680976867676e-01
9.990079998970031738e-01
9.969998002052307129e-01
9.976233243942260742e-01
9.993066191673278809e-01
9.997126460075378418e-01
9.998345375061035156e-01
9.996954798698425293e-01
9.986852407455444336e-01
9.799173474311828613e-01
9.285144209861755371e-01
7.424948215484619141e-01
5.497204661369323730e-01
5.075450539588928223e-01
6.012176275253295898e-01
7.837819457054138184e-01
8.048701882362365723e-01
8.196172118186950684e-01
8.259581327438354492e-01
8.653243780136108398e-01
9.070931077003479004e-01
9.383317232131958008e-01
9.387161731719970703e-01
9.259320497512817383e-01
9.292241930961608887e-01
9.453472495079040527e-01
9.740750789642333984e-01
9.750628471374511719e-01
9.710169434547424316e-01
9.618312120437622070e-01
9.710385203361511230e-01
9.856193065643310547e-01
9.952740073204040527e-01
9.996102452278137207e-01
9.999634027481079102e-01
9.997756481170654297e-01
9.995679259300231934e-01
9.993420839309692383e-01
9.816128015518188477e-01
9.661165475845336914e-01
9.724393486976623535e-01
9.829152822494506836e-01
9.952863454818725586e-01
9.982258677482604980e-01
9.997432231903076172e-01
9.995914697647094727e-01
9.986685514450073242e-01
9.981275796890258789e-01
9.988276362419128418e-01
9.993180036544799805e-01
9.996689558029174805e-01
9.996250271797180176e-01
9.997001290321350098e-01
9.998847246170043945e-01
9.999575018882751465e-01
9.999473094940185547e-01
9.997933506965637207e-01
9.997592568397521973e-01
9.997711181640625000e-01
9.998157024383544922e-01
9.998489618301391602e-01
9.998736977577209473e-01
9.996787309646606445e-01
9.986966252326965332e-01
9.965031743049621582e-01
9.922269582748413086e-01
9.882758855819702148e-01
9.873803257942199707e-01
9.670538902282714844e-01
9.337253570556640625e-01
8.616312146186828613e-01
8.633964657783508301e-01
9.591609835624694824e-01
9.877244830131530762e-01
9.993006587028503418e-01
9.965630769729614258e-01
9.953616261482238770e-01
9.951903223991394043e-01
9.982938766479492188e-01
9.999114871025085449e-01
9.999264478683471680e-01
9.998615980148315430e-01
9.996504187583923340e-01
9.991178512573242188e-01
9.948238134384155273e-01
9.892851114273071289e-01
9.864691495895385742e-01
9.882603883743286133e-01
9.943396449089050293e-01
9.975708127021789551e-01
9.996657967567443848e-01
9.999305605888366699e-01
9.999742507934570312e-01
9.999192953109741211e-01
9.997447729110717773e-01
9.995583891868591309e-01
9.993627071380615234e-01
9.987697005271911621e-01
9.983189105987548828e-01
9.981492757797241211e-01
9.989444613456726074e-01
9.998551011085510254e-01
9.999209046363830566e-01
9.997820258140563965e-01
9.994929432868957520e-01
9.980186223983764648e-01
9.962079524993896484e-01
9.938971996307373047e-01
9.934662580490112305e-01
9.943130016326904297e-01
9.983797669410705566e-01
9.975058436393737793e-01
9.932986497879028320e-01
9.778062105178833008e-01
9.735188484191894531e-01
9.855086207389831543e-01
9.938688874244689941e-01
9.998058080673217773e-01
9.999440908432006836e-01
9.999958872795104980e-01
9.999914169311523438e-01
9.998651742935180664e-01
9.992173314094543457e-01
9.978625774383544922e-01
9.943175315856933594e-01
9.912310242652893066e-01
9.912065863609313965e-01
9.946900010108947754e-01
9.999918937683105469e-01
9.997636675834655762e-01
9.994405508041381836e-01
9.989961981773376465e-01
9.993956685066223145e-01
9.997912049293518066e-01
9.996604919433593750e-01
9.994617700576782227e-01
9.992375969886779785e-01
9.992878437042236328e-01
9.991794228553771973e-01
9.988722205162048340e-01
9.960696697235107422e-01
9.919850230216979980e-01
9.853755831718444824e-01
9.844263195991516113e-01
9.868521690368652344e-01
9.953207373619079590e-01
9.998332858085632324e-01
9.994602203369140625e-01
9.922314882278442383e-01
9.863240122795104980e-01
9.883522987365722656e-01
9.921472072601318359e-01
9.965589046478271484e-01
9.932160377502441406e-01
9.859238266944885254e-01
9.736507534980773926e-01
9.833338260650634766e-01
9.941902160644531250e-01
9.959535002708435059e-01
9.971929788589477539e-01
9.981464147567749023e-01
9.993003010749816895e-01
9.999467730522155762e-01
9.999344944953918457e-01
9.999675154685974121e-01
1.000000000000000000e+00
1.000000000000000000e+00
9.999058246612548828e-01
9.997620582580566406e-01
9.998656511306762695e-01
9.999339580535888672e-01
9.999539256095886230e-01
9.993731975555419922e-01
9.967272281646728516e-01
9.870983958244323730e-01
9.840302467346191406e-01
9.851615428924560547e-01
9.915772080421447754e-01
9.964255094528198242e-01
9.989665150642395020e-01
9.997287988662719727e-01
9.999855160713195801e-01
9.999957084655761719e-01
9.999998807907104492e-01
9.999998211860656738e-01
9.999884963035583496e-01
9.993072152137756348e-01
9.975527524948120117e-01
9.938305020332336426e-01
9.906134009361267090e-01
9.924476742744445801e-01
9.954702854156494141e-01
9.993960857391357422e-01
9.997975230216979980e-01
9.997314214706420898e-01
9.990682005882263184e-01
9.727165699005126953e-01
9.428231120109558105e-01
9.422121047973632812e-01
9.582061767578125000e-01
9.884517192840576172e-01
9.958433508872985840e-01
9.997781515121459961e-01
9.999382495880126953e-01
9.999890327453613281e-01
9.999965429306030273e-01
9.999969005584716797e-01
9.999753236770629883e-01
9.999321103096008301e-01
9.972821474075317383e-01
9.927697777748107910e-01
9.844512939453125000e-01
9.873651862144470215e-01
9.950603246688842773e-01
9.972701668739318848e-01
9.987164139747619629e-01
9.992878437042236328e-01
9.982023835182189941e-01
9.970171451568603516e-01
9.963397979736328125e-01
9.969763755798339844e-01
9.983306527137756348e-01
9.992691278457641602e-01
9.997538328170776367e-01
9.996185898780822754e-01
9.966945648193359375e-01
9.931005239486694336e-01
9.893817901611328125e-01
9.905896782875061035e-01
9.951696991920471191e-01
9.976779222488403320e-01
9.993441104888916016e-01
9.996683597564697266e-01
9.998500943183898926e-01
9.999635815620422363e-01
9.999427795410156250e-01
9.999183416366577148e-01
9.998909235000610352e-01
9.998060464859008789e-01
9.997397065162658691e-01
9.997220635414123535e-01
9.996226429939270020e-01
9.994534850120544434e-01
9.989435672760009766e-01
9.986422061920166016e-01
9.985634684562683105e-01
9.990420341491699219e-01
9.995148777961730957e-01
9.997413158416748047e-01
9.996613264083862305e-01
9.994134902954101562e-01
9.991288781166076660e-01
9.991211891174316406e-01
9.994919896125793457e-01
9.997456669807434082e-01
9.999340772628784180e-01
9.999674558639526367e-01
9.999848008155822754e-01
9.999907612800598145e-01
9.999621510505676270e-01
9.991525411605834961e-01
9.969387650489807129e-01
9.895877838134765625e-01
9.701806902885437012e-01
8.819196224212646484e-01
8.480141162872314453e-01
8.652120232582092285e-01
8.744294643402099609e-01
8.310647010803222656e-01
6.585628986358642578e-01
5.318176746368408203e-01
4.409088790416717529e-01
5.695521831512451172e-01
7.254136800765991211e-01
9.157258272171020508e-01
4.628464281558990479e-01
5.226842404226772487e-06
1.501893734712211881e-06
9.053926358637554017e-11
2.422304024030097480e-10
7.223618775606155396e-02
9.601156413555145264e-02
3.323196247220039368e-02
9.358833543956279755e-03
1.522467664472060278e-05
4.758204886456951499e-05
3.162175044417381287e-02
9.295877814292907715e-02
4.958150163292884827e-02
8.034416474401950836e-03
2.018945757299661636e-03
2.207811533594394859e-08
1.393746316274979691e-11
3.122712088909906925e-10
1.829246133565902710e-01
6.093811988830566406e-01
8.450908660888671875e-01
9.998085498809814453e-01
9.999353289604187012e-01
9.999297261238098145e-01
9.998255968093872070e-01
9.996169209480285645e-01
9.995463490486145020e-01
9.997572302818298340e-01
9.998904466629028320e-01
9.999791383743286133e-01
9.999398589134216309e-01
9.981572628021240234e-01
9.944922327995300293e-01
9.900860190391540527e-01
9.869338274002075195e-01
9.880756735801696777e-01
9.888787865638732910e-01
9.894821643829345703e-01
9.942907094955444336e-01
9.978986382484436035e-01
9.995460510253906250e-01
9.999619722366333008e-01
9.997577667236328125e-01
9.981216192245483398e-01
9.771410822868347168e-01
9.383141398429870605e-01
7.605084180831909180e-01
6.332485079765319824e-01
6.775552034378051758e-01
8.073232173919677734e-01
9.754674434661865234e-01
9.865585565567016602e-01
9.931174516677856445e-01
9.932396411895751953e-01
9.942661523818969727e-01
9.871075749397277832e-01
9.384824633598327637e-01
7.619745135307312012e-01
4.791513979434967041e-01
1.970610320568084717e-01
7.252281904220581055e-02
3.116545677185058594e-01
5.972747802734375000e-01
8.797351121902465820e-01
7.390851378440856934e-01
6.547163128852844238e-01
6.435625553131103516e-01
7.997696399688720703e-01
9.620097279548645020e-01
9.771848320960998535e-01
7.384406924247741699e-01
3.015840351581573486e-01
1.360842883586883545e-01
6.689272075891494751e-02
1.695022284984588623e-01
4.267315566539764404e-01
7.320043444633483887e-01
7.267201542854309082e-01
7.216090559959411621e-01
7.167117595672607422e-01
7.878832817077636719e-01
8.653233647346496582e-01
8.973545432090759277e-01
8.182100057601928711e-01
6.531233191490173340e-01
5.276958346366882324e-01
3.666757345199584961e-01
1.219036653637886047e-01
2.853260934352874756e-02
1.303479168564081192e-02
1.317016929388046265e-01
3.973512947559356689e-01
8.540907502174377441e-01
9.684512615203857422e-01
9.707979559898376465e-01
8.353984951972961426e-01
5.176524519920349121e-01
5.411976575851440430e-02
4.573128521442413330e-01
8.264009952545166016e-01
9.561136960983276367e-01
9.990162253379821777e-01
9.988559484481811523e-01
9.833577275276184082e-01
8.071678280830383301e-01
4.060804843902587891e-01
3.073848187923431396e-01
3.606515824794769287e-01
7.853334546089172363e-01
9.890646934509277344e-01
9.982641339302062988e-01
9.985262751579284668e-01
9.968304038047790527e-01
9.924492835998535156e-01
9.629628062248229980e-01
9.197998046875000000e-01
8.826946616172790527e-01
8.238154649734497070e-01
7.302071452140808105e-01
3.794819116592407227e-01
1.755303516983985901e-02
1.496532410383224487e-01
4.255536198616027832e-01
8.474638462066650391e-01
7.810979485511779785e-01
6.891262531280517578e-01
7.570644617080688477e-01
5.921798944473266602e-01
2.758122682571411133e-01
1.077122241258621216e-01
1.858359610196202993e-04
7.277339464053511620e-04
2.598202228546142578e-02
5.602274090051651001e-02
2.407592348754405975e-02
7.188808172941207886e-02
2.180968821048736572e-01
3.796763122081756592e-01
5.479733943939208984e-01
7.309238314628601074e-01
8.703682422637939453e-01
9.747377038002014160e-01
9.915467500686645508e-01
9.917227625846862793e-01
9.693891406059265137e-01
8.825652003288269043e-01
7.651032805442810059e-01
8.170131444931030273e-01
8.740496635437011719e-01
9.392993450164794922e-01
9.732947945594787598e-01
9.946346879005432129e-01
9.977716803550720215e-01
9.995009899139404297e-01
9.997469782829284668e-01
9.998648166656494141e-01
9.999464154243469238e-01
9.999769330024719238e-01
9.999641776084899902e-01
9.999208450317382812e-01
9.996169209480285645e-01
9.992774724960327148e-01
9.988899230957031250e-01
9.988542199134826660e-01
9.989297986030578613e-01
9.978368282318115234e-01
9.829049706459045410e-01
9.479823708534240723e-01
7.035087347030639648e-01
4.215682744979858398e-01
2.912093400955200195e-01
2.956080436706542969e-01
4.332169592380523682e-01
6.628302335739135742e-01
8.685624003410339355e-01
9.459893703460693359e-01
9.775019288063049316e-01
9.774938821792602539e-01
9.743828177452087402e-01
9.742697477340698242e-01
9.808724522590637207e-01
9.894194006919860840e-01
9.984939098358154297e-01
9.993467330932617188e-01
9.998836517333984375e-01
9.999596476554870605e-01
9.998715519905090332e-01
9.937136173248291016e-01
9.482910633087158203e-01
7.079953551292419434e-01
2.691171467304229736e-01
4.557836949825286865e-01
7.084478735923767090e-01
8.178115487098693848e-01
6.986367702484130859e-01
4.123176932334899902e-01
4.163888096809387207e-01
4.772373139858245850e-01
6.265554428100585938e-01
7.499316930770874023e-01
8.588399887084960938e-01
9.276349544525146484e-01
9.389618039131164551e-01
8.572077751159667969e-01
8.329184651374816895e-01
8.240097761154174805e-01
7.742944955825805664e-01
7.924571037292480469e-01
8.900005817413330078e-01
9.380399584770202637e-01
9.715790748596191406e-01
9.888561367988586426e-01
9.976577758789062500e-01
9.992139935493469238e-01
9.996371269226074219e-01
9.998760819435119629e-01
9.999566078186035156e-01
9.999899268150329590e-01
9.999939203262329102e-01
9.999939203262329102e-01
9.999936819076538086e-01
9.999932646751403809e-01
9.999674558639526367e-01
9.998993277549743652e-01
9.992137551307678223e-01
9.987246394157409668e-01
9.985221028327941895e-01
9.990928769111633301e-01
9.998163580894470215e-01
9.998865723609924316e-01
9.997494220733642578e-01
9.993848204612731934e-01
9.993475675582885742e-01
9.990044236183166504e-01
9.970790743827819824e-01
9.958251714706420898e-01
9.951243996620178223e-01
9.965835213661193848e-01
9.978955984115600586e-01
9.981109499931335449e-01
9.973401427268981934e-01
9.959487915039062500e-01
9.968723058700561523e-01
9.979398250579833984e-01
9.991534948348999023e-01
9.996290802955627441e-01
9.997580051422119141e-01
9.998881816864013672e-01
9.999752640724182129e-01
9.999949932098388672e-01
1.000000000000000000e+00
9.999998807907104492e-01
9.999987483024597168e-01
9.999973177909851074e-01
9.999954700469970703e-01
9.998740553855895996e-01
9.996184706687927246e-01
9.988073706626892090e-01
9.986552596092224121e-01
9.991306066513061523e-01
9.993289113044738770e-01
9.963573217391967773e-01
9.822772741317749023e-01
9.269429445266723633e-01
8.407221436500549316e-01
7.906702160835266113e-01
7.724974155426025391e-01
8.293282985687255859e-01
8.958578109741210938e-01
9.681615829467773438e-01
9.876410365104675293e-01
9.995596408843994141e-01
9.982422590255737305e-01
9.952780008316040039e-01
9.906509518623352051e-01
9.632411003112792969e-01
8.063868284225463867e-01
4.465888738632202148e-01
2.132657319307327271e-01
5.449299886822700500e-02
1.925493776798248291e-01
4.609929025173187256e-01
8.923604488372802734e-01
9.901608824729919434e-01
9.998167157173156738e-01
9.998653531074523926e-01
9.998678565025329590e-01
9.998230934143066406e-01
9.999100565910339355e-01
9.999928474426269531e-01
9.999561905860900879e-01
9.999160170555114746e-01
9.998729825019836426e-01
9.998874068260192871e-01
9.999048113822937012e-01
9.999101161956787109e-01
9.999376535415649414e-01
9.999805092811584473e-01
9.999913573265075684e-01
9.999824762344360352e-01
9.999299645423889160e-01
9.990154504776000977e-01
9.976109266281127930e-01
9.957582950592041016e-01
9.950323700904846191e-01
9.965797066688537598e-01
9.982354044914245605e-01
9.998958110809326172e-01
9.999599456787109375e-01
9.999964237213134766e-01
9.999869465827941895e-01
9.999461770057678223e-01
9.997946619987487793e-01
9.983492493629455566e-01
9.948437809944152832e-01
9.884704947471618652e-01
9.850807785987854004e-01
9.821056127548217773e-01
9.749367237091064453e-01
9.535366296768188477e-01
9.151359796524047852e-01
8.823868036270141602e-01
8.606446385383605957e-01
8.949015736579895020e-01
9.333506226539611816e-01
9.760245680809020996e-01
9.808677434921264648e-01
9.773714542388916016e-01
9.691895842552185059e-01
9.364613294601440430e-01
8.819527029991149902e-01
9.283022284507751465e-01
9.789667129516601562e-01
9.925251603126525879e-01
9.985200762748718262e-01
9.985974431037902832e-01
9.718210697174072266e-01
8.497781157493591309e-01
4.501241743564605713e-01
3.120032846927642822e-01
3.527813553810119629e-01
6.708621978759765625e-01
9.262731075286865234e-01
9.765719175338745117e-01
9.958372712135314941e-01
9.965518712997436523e-01
9.977931976318359375e-01
9.988021850585937500e-01
9.992581605911254883e-01
9.994528889656066895e-01
9.995083808898925781e-01
9.960637688636779785e-01
9.917099475860595703e-01
9.856011271476745605e-01
9.778477549552917480e-01
9.699178338050842285e-01
9.876884818077087402e-01
9.982535243034362793e-01
9.962320327758789062e-01
9.934409260749816895e-01
9.905037879943847656e-01
9.909597039222717285e-01
9.598250985145568848e-01
8.787506222724914551e-01
8.093061447143554688e-01
7.498008012771606445e-01
7.645525932312011719e-01
8.180547952651977539e-01
9.276407957077026367e-01
9.618419408798217773e-01
9.711253046989440918e-01
9.846140742301940918e-01
9.926491379737854004e-01
9.934477210044860840e-01
9.940321445465087891e-01
9.944966435432434082e-01
9.945173859596252441e-01
7.263758778572082520e-01
1.281918734312057495e-01
1.765224878909066319e-04
7.081388473529809593e-37
6.352444222775754352e-36
1.922174078572425060e-06
6.069783012208063155e-06
4.652923941612243652e-01
9.665100574493408203e-01
9.881604313850402832e-01
9.920935630798339844e-01
9.767254590988159180e-01
8.678199648857116699e-01
7.659958600997924805e-01
8.153467178344726562e-01
8.864896297454833984e-01
9.801296591758728027e-01
9.979035258293151855e-01
9.969694018363952637e-01
9.811457395553588867e-01
9.054438471794128418e-01
7.701431512832641602e-01
5.801036953926086426e-01
4.150409698486328125e-01
4.173286855220794678e-01
5.190026164054870605e-01
7.160516381263732910e-01
8.614248633384704590e-01
9.747013449668884277e-01
9.877741336822509766e-01
9.944098591804504395e-01
9.950724244117736816e-01
9.967151284217834473e-01
9.983369708061218262e-01
9.991504549980163574e-01
9.995650053024291992e-01
9.996148943901062012e-01
9.963978528976440430e-01
9.924699068069458008e-01
9.878301620483398438e-01
9.875382184982299805e-01
9.911638498306274414e-01
9.958951473236083984e-01
9.998576641082763672e-01
9.999463558197021484e-01
9.999642372131347656e-01
9.999192357063293457e-01
9.997094869613647461e-01
9.995211362838745117e-01
9.995271563529968262e-01
9.996176362037658691e-01
9.997835755348205566e-01
9.998720884323120117e-01
9.999262690544128418e-01
9.998902082443237305e-01
9.998271465301513672e-01
9.997398853302001953e-01
9.998059272766113281e-01
9.998783469200134277e-01
9.998732805252075195e-01
9.993766546249389648e-01
9.984363317489624023e-01
9.965012073516845703e-01
9.952692389488220215e-01
9.977653622627258301e-01
9.986453056335449219e-01
9.980264306068420410e-01
9.958516359329223633e-01
9.942428469657897949e-01
9.964380264282226562e-01
9.981326460838317871e-01
9.993482828140258789e-01
9.996815919876098633e-01
9.998284578323364258e-01
9.998804330825805664e-01
9.998987913131713867e-01
9.998840689659118652e-01
9.998987317085266113e-01
9.999167919158935547e-01
9.999223351478576660e-01
9.999171495437622070e-01
9.999009370803833008e-01
9.997321367263793945e-01
9.995527863502502441e-01
9.995023012161254883e-01
9.995589852333068848e-01
9.997326731681823730e-01
9.990859627723693848e-01
9.972723722457885742e-01
9.893069863319396973e-01
9.875040650367736816e-01
9.927944540977478027e-01
9.960825443267822266e-01
9.984219670295715332e-01
9.977145791053771973e-01
9.944679737091064453e-01
9.880971312522888184e-01
9.683337211608886719e-01
9.411840438842773438e-01
8.831136822700500488e-01
7.780283093452453613e-01
6.103542447090148926e-01
6.184523105621337891e-01
6.902750730514526367e-01
8.384442329406738281e-01
9.402961134910583496e-01
9.753760695457458496e-01
8.990662097930908203e-01
7.604221105575561523e-01
2.886662483215332031e-01
5.538725417864043266e-06
1.235932018062158022e-06
1.407627587468596175e-05
1.739575713872909546e-02
4.669233560562133789e-01
8.011513948440551758e-01
9.332829117774963379e-01
9.445765018463134766e-01
9.007090330123901367e-01
8.270108699798583984e-01
7.558751702308654785e-01
6.897488832473754883e-01
7.524124383926391602e-01
8.802863955497741699e-01
6.944035887718200684e-01
6.357951164245605469e-01
8.651563525199890137e-01
9.677888154983520508e-01
9.975602030754089355e-01
9.992938041687011719e-01
9.994885921478271484e-01
9.988053441047668457e-01
9.931206703186035156e-01
9.841853976249694824e-01
9.861901998519897461e-01
9.899539947509765625e-01
9.964549541473388672e-01
9.993861913681030273e-01
9.996718168258666992e-01
9.998610615730285645e-01
9.999369978904724121e-01
9.996517300605773926e-01
9.994903802871704102e-01
9.994341731071472168e-01
9.761455655097961426e-01
8.493621945381164551e-01
2.811358571052551270e-01
2.457478387924496885e-34
3.619576694922218215e-35
2.515776568465968319e-18
5.018543079495429993e-02
3.890909254550933838e-01
6.881078481674194336e-01
9.412840008735656738e-01
9.968861341476440430e-01
9.998904466629028320e-01
9.999555349349975586e-01
9.999592304229736328e-01
9.998820424079895020e-01
9.981105327606201172e-01
9.954717755317687988e-01
9.887655973434448242e-01
9.821904301643371582e-01
9.758413434028625488e-01
8.035544753074645996e-01
5.603609681129455566e-01
2.214951813220977783e-01
3.088807705158598133e-34
7.726629978775477480e-35
0.000000000000000000e+00
0.000000000000000000e+00
6.180948275869013742e-06
1.652393341064453125e-01
7.075296640396118164e-01
9.268869161605834961e-01
9.497119784355163574e-01
6.675807237625122070e-01
3.796313107013702393e-01
1.339637339115142822e-01
2.210520766675472260e-02
9.628556668758392334e-03
4.511323291808366776e-03
1.234614476561546326e-02
6.581231951713562012e-02
8.020289987325668335e-02
5.937675014138221741e-02
2.800548635423183441e-02
7.343526817749079783e-07
2.524078581700450741e-07
2.817816543521176748e-14
8.727618101963749431e-14
5.161748453974723816e-02
1.575644314289093018e-01
6.020182371139526367e-01
8.790302872657775879e-01
9.266313910484313965e-01
5.676842927932739258e-01
8.670377731323242188e-02
3.463830426335334778e-02
1.905155368149280548e-03
2.433716785162687302e-03
2.420694977045059204e-01
5.934249758720397949e-01
8.212399482727050781e-01
9.779477715492248535e-01
9.786936640739440918e-01
8.236597180366516113e-01
5.751361250877380371e-01
2.480316311120986938e-01
0.000000000000000000e+00
0.000000000000000000e+00
0.000000000000000000e+00
0.000000000000000000e+00
6.163680456734146537e-15
7.343461364507675171e-02
4.522142410278320312e-01
6.333193182945251465e-01
6.222072839736938477e-01
5.642939209938049316e-01
5.352818965911865234e-01
7.577006816864013672e-01
8.955175876617431641e-01
9.281335473060607910e-01
5.456810593605041504e-01
6.384251266717910767e-02
3.116058558225631714e-02
9.753733873367309570e-03
6.750443950295448303e-03
3.441947977989912033e-03
7.036166607576888055e-06
1.391925907228142023e-04
1.688994094729423523e-02
6.999973952770233154e-02
2.126147896051406860e-01
4.086757600307464600e-01
2.522968649864196777e-01
1.006076335906982422e-01
3.483838587999343872e-02
3.779890388250350952e-02
9.518880397081375122e-02
2.511647343635559082e-01
4.169376194477081299e-01
5.579153895378112793e-01
7.137367129325866699e-01
8.854091167449951172e-01
9.407144784927368164e-01
9.628649950027465820e-01
9.571298956871032715e-01
9.393726587295532227e-01
9.046698212623596191e-01
8.434889316558837891e-01
7.625692486763000488e-01
4.016973078250885010e-01
1.312541514635086060e-01
3.410374000668525696e-02
1.625086696321886848e-07
6.829974363853352770e-09
3.008188197532527394e-32
2.050470003944322243e-25
9.802296861424455330e-25
1.174402087926864624e-01
3.228701651096343994e-01
6.806151866912841797e-01
9.835797548294067383e-01
9.598764181137084961e-01
6.845633983612060547e-01
1.519385874271392822e-01
2.433371357619762421e-02
9.753351150720845908e-06
1.207975583383813500e-05
1.665820926427841187e-01
5.687520503997802734e-01
8.158304095268249512e-01
9.973170757293701172e-01
9.987891912460327148e-01
9.997930526733398438e-01
9.998517036437988281e-01
9.998145699501037598e-01
9.997230172157287598e-01
9.993500709533691406e-01
9.988957047462463379e-01
9.982462525367736816e-01
9.979255795478820801e-01
9.978699684143066406e-01
9.985656738281250000e-01
9.992836117744445801e-01
9.994882941246032715e-01
9.982728958129882812e-01
9.954399466514587402e-01
9.851287007331848145e-01
9.744579195976257324e-01
9.871405363082885742e-01
9.959216117858886719e-01
9.982511401176452637e-01
9.992311000823974609e-01
9.995803236961364746e-01
9.998195171356201172e-01
9.999883174896240234e-01
9.999873638153076172e-01
9.999494552612304688e-01
9.998861551284790039e-01
9.995227456092834473e-01
9.958482384681701660e-01
9.788064360618591309e-01
8.383373022079467773e-01
5.735141038894653320e-01
5.969841480255126953e-01
6.993296146392822266e-01
8.582897782325744629e-01
9.642600417137145996e-01
9.918522834777832031e-01
1.000000000000000000e+00
9.999999403953552246e-01
9.999931454658508301e-01
9.998388886451721191e-01
9.993543028831481934e-01
9.994369149208068848e-01
9.998834729194641113e-01
9.997768402099609375e-01
9.985221624374389648e-01
9.931403398513793945e-01
9.596746563911437988e-01
8.990207910537719727e-01
8.405070304870605469e-01
7.764530777931213379e-01
6.629793047904968262e-01
4.702232778072357178e-01
1.620756238698959351e-01
4.366051033139228821e-02
4.736044444143772125e-03
1.684129685163497925e-01
4.112025797367095947e-01
8.328328132629394531e-01
9.990682601928710938e-01
9.999184012413024902e-01
1.000000000000000000e+00
9.970602393150329590e-01
9.824522733688354492e-01
9.604533314704895020e-01
9.310520887374877930e-01
9.044016003608703613e-01
8.316499590873718262e-01
3.136465549468994141e-01
7.575518975500017405e-05
1.786196298780851066e-05
2.732532005433393288e-43
2.802596928649634142e-45
7.208336201122648262e-19
1.071488112211227417e-01
4.803682267665863037e-01
5.452581048011779785e-01
3.892541229724884033e-01
2.201514989137649536e-01
1.737632155418395996e-01
7.139182686805725098e-01
9.595649838447570801e-01
8.736008405685424805e-01
4.898847639560699463e-01
7.827498018741607666e-02
6.002509593963623047e-01
9.440961480140686035e-01
9.686871767044067383e-01
8.776367306709289551e-01
7.255949974060058594e-01
4.304199814796447754e-01
3.123513758182525635e-01
7.664143443107604980e-01
9.825519323348999023e-01
9.936200380325317383e-01
5.949618220329284668e-01
1.606957167387008667e-01
5.912391841411590576e-02
5.414964042902788826e-20
1.209746072083191045e-20
4.173418879508972168e-01
1.000000000000000000e+00
1.000000000000000000e+00
8.242762088775634766e-01
2.383873909711837769e-01
1.855023079588846713e-11
4.982599402514331643e-11
6.259395740926265717e-03
8.887926489114761353e-02
5.193987488746643066e-01
8.154700398445129395e-01
9.598854780197143555e-01
9.737659096717834473e-01
9.242252111434936523e-01
4.822158515453338623e-01
1.843726187944412231e-01
1.593498587608337402e-01
3.581296205520629883e-01
6.846993565559387207e-01
8.579233288764953613e-01
9.859104156494140625e-01
9.953860044479370117e-01
1.000000000000000000e+00
1.000000000000000000e+00
9.883492588996887207e-01
9.747083187103271484e-01
9.693208932876586914e-01
9.654707908630371094e-01
9.640954732894897461e-01
9.692163467407226562e-01
9.774818420410156250e-01
9.807923436164855957e-01
9.806727766990661621e-01
9.709628820419311523e-01
9.563969969749450684e-01
9.377441406250000000e-01
9.153380990028381348e-01
8.901655673980712891e-01
8.505342602729797363e-01
8.326663970947265625e-01
8.457230329513549805e-01
9.031403064727783203e-01
9.795494675636291504e-01
9.917529821395874023e-01
1.000000000000000000e+00
1.000000000000000000e+00
9.310693740844726562e-01
8.089660406112670898e-01
5.572812557220458984e-01
3.474546372890472412e-01
5.266888141632080078e-01
7.018423080444335938e-01
8.715608716011047363e-01
9.033845663070678711e-01
8.808709979057312012e-01
8.911215662956237793e-01
9.115962386131286621e-01
9.569897055625915527e-01
9.817308187484741211e-01
9.912789463996887207e-01
9.418770670890808105e-01
8.989470005035400391e-01
9.464609026908874512e-01
9.798918366432189941e-01
9.949400424957275391e-01
9.570982456207275391e-01
8.995810151100158691e-01
9.581819772720336914e-01
9.997171759605407715e-01
9.999159574508666992e-01
9.999997615814208984e-01
9.999999403953552246e-01
9.999994635581970215e-01
9.999940395355224609e-01
9.999608993530273438e-01
9.999432563781738281e-01
9.999461174011230469e-01
9.999579191207885742e-01
9.999734163284301758e-01
9.997371435165405273e-01
9.988235235214233398e-01
9.961839914321899414e-01
9.960476160049438477e-01
9.978407025337219238e-01
9.987699985504150391e-01
9.994668960571289062e-01
9.996427297592163086e-01
9.997565150260925293e-01
9.997833371162414551e-01
9.997001290321350098e-01
9.995694756507873535e-01
9.994727969169616699e-01
9.974911808967590332e-01
9.901778697967529297e-01
7.570058703422546387e-01
3.347927629947662354e-01
1.357116103172302246e-01
8.923537819782723091e-08
4.057158164982865856e-08
8.183702826499938965e-03
2.915197052061557770e-02
3.606167137622833252e-01
8.437348008155822754e-01
9.339560866355895996e-01
9.893660545349121094e-01
9.942346811294555664e-01
9.972134828567504883e-01
9.984104037284851074e-01
9.988217949867248535e-01
9.990351200103759766e-01
9.993165731430053711e-01
9.995945096015930176e-01
9.998660087585449219e-01
9.999729990959167480e-01
9.999852180480957031e-01
9.995825886726379395e-01
9.771913290023803711e-01
8.644598722457885742e-01
5.823299288749694824e-01
1.143239513039588928e-01
7.102780159584654029e-07
2.784410935419145972e-05
8.601453737355768681e-04
1.322561502456665039e-01
5.510151982307434082e-01
7.386024594306945801e-01
7.656351327896118164e-01
8.427642583847045898e-01
9.178265929222106934e-01
9.358508586883544922e-01
9.284332990646362305e-01
8.865308761596679688e-01
7.813881635665893555e-01
6.492745280265808105e-01
6.295459866523742676e-01
6.501926183700561523e-01
7.802333831787109375e-01
8.862121105194091797e-01
9.713767766952514648e-01
9.603878259658813477e-01
9.104859232902526855e-01
6.862747669219970703e-01
5.198525190353393555e-01
4.549959003925323486e-01
4.510343968868255615e-01
4.814134240150451660e-01
5.702695846557617188e-01
6.784928441047668457e-01
8.462007045745849609e-01
9.522791504859924316e-01
9.881470799446105957e-01
9.979837536811828613e-01
9.987558126449584961e-01
9.985916018486022949e-01
9.986734986305236816e-01
9.993523955345153809e-01
9.997416138648986816e-01
9.999080896377563477e-01
9.998902082443237305e-01
9.997138977050781250e-01
9.985780119895935059e-01
9.976961016654968262e-01
9.972159266471862793e-01
9.977738857269287109e-01
9.988624453544616699e-01
9.989680051803588867e-01
9.974052906036376953e-01
9.897961616516113281e-01
9.835905432701110840e-01
9.788995981216430664e-01
9.679080247879028320e-01
9.556548595428466797e-01
9.709391593933105469e-01
9.840918779373168945e-01
9.922075271606445312e-01
9.928163290023803711e-01
9.877937436103820801e-01
9.662073254585266113e-01
9.295684695243835449e-01
8.015181422233581543e-01
5.949481129646301270e-01
2.639259397983551025e-01
9.370739758014678955e-02
6.861689500510692596e-03
4.036631144117563963e-04
6.928940274519845843e-05
3.895731351803988218e-04
2.072422951459884644e-01
6.463891267776489258e-01
7.154061198234558105e-01
6.588650345802307129e-01
8.500436544418334961e-01
9.894067645072937012e-01
9.963664412498474121e-01
9.996365904808044434e-01
9.999203681945800781e-01
9.999595284461975098e-01
9.989874362945556641e-01
9.884652495384216309e-01
9.110252857208251953e-01
7.156862616539001465e-01
6.019294857978820801e-01
5.357323884963989258e-01
7.654572725296020508e-01
9.852790236473083496e-01
9.944564104080200195e-01
9.987246990203857422e-01
9.966402649879455566e-01
9.162095785140991211e-01
8.029583096504211426e-01
6.466450095176696777e-01
5.468793511390686035e-01
6.300945281982421875e-01
7.642226219177246094e-01
9.473034739494323730e-01
9.750778079032897949e-01
9.520443081855773926e-01
7.969198226928710938e-01
6.578349471092224121e-01
5.547689795494079590e-01
6.374550461769104004e-01
8.562843799591064453e-01
9.423190355300903320e-01
9.965133666992187500e-01
9.928189516067504883e-01
9.919173717498779297e-01
9.956859946250915527e-01
9.980877637863159180e-01
9.997209906578063965e-01
9.999127984046936035e-01
9.999434351921081543e-01
9.999162554740905762e-01
9.988996386528015137e-01
9.966037273406982422e-01
9.884558916091918945e-01
9.778364896774291992e-01
9.645277261734008789e-01
9.495688080787658691e-01
9.293747544288635254e-01
9.204624295234680176e-01
9.230436086654663086e-01
9.498988986015319824e-01
9.839388728141784668e-01
9.931098222732543945e-01
9.997016787528991699e-01
9.998967647552490234e-01
9.999840855598449707e-01
9.999832510948181152e-01
9.697589874267578125e-01
9.361852407455444336e-01
9.442712664604187012e-01
9.461633563041687012e-01
9.360536932945251465e-01
9.240618348121643066e-01
9.108517765998840332e-01
9.414216279983520508e-01
9.759095907211303711e-01
9.899868965148925781e-01
9.988753199577331543e-01
9.995576143264770508e-01
9.997215867042541504e-01
9.996065497398376465e-01
9.940994381904602051e-01
9.844366908073425293e-01
9.576006531715393066e-01
8.945746421813964844e-01
7.846756577491760254e-01
7.269645929336547852e-01
6.919071078300476074e-01
7.556505203247070312e-01
8.140738010406494141e-01
8.375533819198608398e-01
8.431617021560668945e-01
8.291264772415161133e-01
8.225298523902893066e-01
8.185774087905883789e-01
8.087451457977294922e-01
8.129189014434814453e-01
8.578484654426574707e-01
9.087511301040649414e-01
9.652855396270751953e-01
9.718836545944213867e-01
9.631820321083068848e-01
9.296602606773376465e-01
9.149875044822692871e-01
9.451891183853149414e-01
9.673633575439453125e-01
9.830447435379028320e-01
9.502041935920715332e-01
8.909049630165100098e-01
6.270928382873535156e-01
3.668595850467681885e-01
1.140073314309120178e-01
5.863661877810955048e-03
7.967859855853021145e-04
1.763398031471297145e-04
2.920462004840373993e-02
3.169113099575042725e-01
6.043196320533752441e-01
8.902164697647094727e-01
9.902912974357604980e-01
9.745303988456726074e-01
9.618843793869018555e-01
9.127409458160400391e-01
6.117585301399230957e-01
3.330330848693847656e-01
9.012246876955032349e-02
4.314869642257690430e-03
7.414581254124641418e-03
2.375528812408447266e-01
5.022084116935729980e-01
8.116286993026733398e-01
9.964699745178222656e-01
9.989548325538635254e-01
9.996296167373657227e-01
9.993835687637329102e-01
9.995038509368896484e-01
9.996197223663330078e-01
9.995563030242919922e-01
9.994499683380126953e-01
9.992857575416564941e-01
9.993473887443542480e-01
9.995154142379760742e-01
9.996747970581054688e-01
9.998056888580322266e-01
9.998170137405395508e-01
9.983176589012145996e-01
9.949023723602294922e-01
9.761889576911926270e-01
9.507815837860107422e-01
9.354814291000366211e-01
9.208442568778991699e-01
9.066705107688903809e-01
8.281807899475097656e-01
6.730375885963439941e-01
6.691861152648925781e-01
7.278891801834106445e-01
8.779116868972778320e-01
9.995138645172119141e-01
9.996018409729003906e-01
9.993532896041870117e-01
9.987140893936157227e-01
9.980835914611816406e-01
9.974557161331176758e-01
9.946756958961486816e-01
9.905974268913269043e-01
9.821303486824035645e-01
9.763849377632141113e-01
9.737120866775512695e-01
9.803181886672973633e-01
9.904952049255371094e-01
9.958627223968505859e-01
9.999403357505798340e-01
9.999613761901855469e-01
9.999716281890869141e-01
9.999698400497436523e-01
9.999659657478332520e-01
9.999613165855407715e-01
9.999280571937561035e-01
9.998818039894104004e-01
9.997922182083129883e-01
9.997457861900329590e-01
9.997482299804687500e-01
9.998223781585693359e-01
9.999244809150695801e-01
9.999656677246093750e-01
9.999967813491821289e-01
9.999983906745910645e-01
9.999985098838806152e-01
9.999967813491821289e-01
9.999784231185913086e-01
9.999533295631408691e-01
9.998494386672973633e-01
9.997324347496032715e-01
9.995784759521484375e-01
9.988346099853515625e-01
9.973837733268737793e-01
9.945028424263000488e-01
9.910103678703308105e-01
9.908000230789184570e-01
9.901785850524902344e-01
9.871860742568969727e-01
9.887573122978210449e-01
9.960438609123229980e-01
9.958889484405517578e-01
9.924072027206420898e-01
9.898584485054016113e-01
9.874327182769775391e-01
9.852717518806457520e-01
9.860258102416992188e-01
9.906841516494750977e-01
9.919221997261047363e-01
9.914931654930114746e-01
9.919427633285522461e-01
9.930032491683959961e-01
9.967836141586303711e-01
9.990724325180053711e-01
9.992038011550903320e-01
9.906764626502990723e-01
9.775895476341247559e-01
9.530856609344482422e-01
9.326344728469848633e-01
9.442682266235351562e-01
8.952254652976989746e-01
7.500172853469848633e-01
4.735022485256195068e-01
1.199334785342216492e-01
3.780255094170570374e-02
6.213845549218888209e-10
2.422328171380883077e-10
2.632993506267666817e-03
9.924199432134628296e-03
3.468655347824096680e-01
9.002894163131713867e-01
9.879127144813537598e-01
9.889385700225830078e-01
9.529474973678588867e-01
9.020146727561950684e-01
8.210664987564086914e-01
8.565028309822082520e-01
9.777497053146362305e-01
7.783637642860412598e-01
5.241909623146057129e-01
5.528612136840820312e-01
6.288446784019470215e-01
8.153662681579589844e-01
9.303643703460693359e-01
9.846744537353515625e-01
9.974989891052246094e-01
9.986912608146667480e-01
9.970881342887878418e-01
9.962853789329528809e-01
9.976969957351684570e-01
9.987156987190246582e-01
9.993482828140258789e-01
9.993378520011901855e-01
9.991078376770019531e-01
9.983457922935485840e-01
9.979767799377441406e-01
9.989991188049316406e-01
9.994648694992065430e-01
9.992861747741699219e-01
9.993292689323425293e-01
9.994665980339050293e-01
9.997113943099975586e-01
9.999060630798339844e-01
9.998447299003601074e-01
9.996728301048278809e-01
9.993481636047363281e-01
9.988302588462829590e-01
9.982126355171203613e-01
9.898005127906799316e-01
9.562827348709106445e-01
7.657823562622070312e-01
5.102441906929016113e-01
1.444278210401535034e-01
2.226004842668771744e-03
3.831774462014436722e-03
2.120954683050513268e-03
1.079212528557705073e-19
1.277324857278872358e-18
4.145716024162374169e-14
1.709169914973496240e-13
5.680986942024901509e-05
1.585770223755389452e-04
5.739717930555343628e-02
1.394593864679336548e-01
5.421943664550781250e-01
8.586205244064331055e-01
9.356973767280578613e-01
9.694570899009704590e-01
9.601318836212158203e-01
9.665226340293884277e-01
9.785611033439636230e-01
9.894601106643676758e-01
9.981859326362609863e-01
9.987084865570068359e-01
9.980168342590332031e-01
9.957882165908813477e-01
9.907829761505126953e-01
9.844565391540527344e-01
9.811928272247314453e-01
9.671581387519836426e-01
8.888278603553771973e-01
7.639672160148620605e-01
5.633669495582580566e-01
5.859523415565490723e-01
7.489361166954040527e-01
8.765320181846618652e-01
9.882568120956420898e-01
9.941710233688354492e-01
9.955644607543945312e-01
9.870584607124328613e-01
9.592953324317932129e-01
9.156377315521240234e-01
8.768973350524902344e-01
8.409554958343505859e-01
9.111134409904479980e-01
9.690096378326416016e-01
9.892163276672363281e-01
9.998136758804321289e-01
9.999384284019470215e-01
9.985278248786926270e-01
9.964855313301086426e-01
9.846374392509460449e-01
9.723547101020812988e-01
9.609200358390808105e-01
9.001083374023437500e-01
7.659863233566284180e-01
4.596987068653106689e-01
5.437207967042922974e-02
2.160719816401979188e-07
3.364106640219688416e-03
3.820060193538665771e-02
2.295236736536026001e-01
7.405052781105041504e-01
9.692091345787048340e-01
9.751313328742980957e-01
9.370113015174865723e-01
8.869695067405700684e-01
8.301888704299926758e-01
7.913444638252258301e-01
8.074349761009216309e-01
6.642821431159973145e-01
3.458067476749420166e-01
1.516011357307434082e-01
9.469952434301376343e-03
0.000000000000000000e+00
0.000000000000000000e+00
0.000000000000000000e+00
1.096780062653124332e-03
3.895145375281572342e-03
2.996873259544372559e-01
7.751736044883728027e-01
7.341167330741882324e-01
5.874434709548950195e-01
2.741659581661224365e-01
4.938331991434097290e-02
3.028568997979164124e-02
9.363469481468200684e-02
2.306046634912490845e-01
3.897128701210021973e-01
5.560286045074462891e-01
7.991465330123901367e-01
9.921220541000366211e-01
9.895290732383728027e-01
9.702764153480529785e-01
9.293130040168762207e-01
8.558274507522583008e-01
7.657821178436279297e-01
8.021304607391357422e-01
8.573346138000488281e-01
9.346259832382202148e-01
9.884188175201416016e-01
9.957903027534484863e-01
9.989761710166931152e-01
9.988994002342224121e-01
9.890475869178771973e-01
9.758660197257995605e-01
9.093881249427795410e-01
8.464427590370178223e-01
7.948837280273437500e-01
8.165122270584106445e-01
9.237353205680847168e-01
9.667840003967285156e-01
9.806627035140991211e-01
9.690021872520446777e-01
9.564415216445922852e-01
9.540552496910095215e-01
9.606913924217224121e-01
9.835205078125000000e-01
9.950461983680725098e-01
9.983908534049987793e-01
9.994388818740844727e-01
9.998992085456848145e-01
9.995461702346801758e-01
9.990838170051574707e-01
9.982905387878417969e-01
9.983432888984680176e-01
9.993441700935363770e-01
9.997372627258300781e-01
9.998630285263061523e-01
9.986583590507507324e-01
9.927036166191101074e-01
9.582144021987915039e-01
8.592663407325744629e-01
6.456935405731201172e-01
5.124577283859252930e-01
4.372264146804809570e-01
6.566144227981567383e-01
9.425705075263977051e-01
9.584146142005920410e-01
9.713444709777832031e-01
9.751868844032287598e-01
9.736812114715576172e-01
9.660115838050842285e-01
9.440640211105346680e-01
9.155426621437072754e-01
9.146819114685058594e-01
9.190388917922973633e-01
9.393965601921081543e-01
9.521411061286926270e-01
9.504183530807495117e-01
9.341554641723632812e-01
9.066609144210815430e-01
8.747534751892089844e-01
8.416444659233093262e-01
9.014930725097656250e-01
9.546086192131042480e-01
9.834648370742797852e-01
9.997650980949401855e-01
9.999350905418395996e-01
9.999950528144836426e-01
9.999971985816955566e-01
9.999943971633911133e-01
9.999635815620422363e-01
9.996666908264160156e-01
9.985455870628356934e-01
9.955871105194091797e-01
9.856427311897277832e-01
9.694302082061767578e-01
9.587684273719787598e-01
9.500253200531005859e-01
9.289044141769409180e-01
9.083607792854309082e-01
8.928602337837219238e-01
8.946851491928100586e-01
9.233723282814025879e-01
9.538556337356567383e-01
9.854335188865661621e-01
9.884114861488342285e-01
9.846419692039489746e-01
9.648309946060180664e-01
9.454020857810974121e-01
9.271660447120666504e-01
7.632796764373779297e-01
4.364177584648132324e-01
2.055791765451431274e-01
1.848811283707618713e-02
1.245117076109636400e-08
1.401298464324817071e-45
0.000000000000000000e+00
0.000000000000000000e+00
0.000000000000000000e+00
1.184275220111885574e-07
3.360677283126278780e-07
2.221824526786804199e-01
5.152608752250671387e-01
7.263766527175903320e-01
9.052359461784362793e-01
9.554331302642822266e-01
9.880570769309997559e-01
9.943072795867919922e-01
9.969208836555480957e-01
9.972265958786010742e-01
9.978098273277282715e-01
9.984455108642578125e-01
9.989161491394042969e-01
9.989271759986877441e-01
9.975582361221313477e-01
9.962465167045593262e-01
9.950012564659118652e-01
9.955784678459167480e-01
9.970385432243347168e-01
9.980301260948181152e-01
9.975211620330810547e-01
9.839276075363159180e-01
8.201763629913330078e-01
3.227757811546325684e-01
6.037000566720962524e-02
1.277434639632701874e-02
3.174162702634930611e-04
7.512762676924467087e-04
4.747378528118133545e-01
9.091998338699340820e-01
9.637529850006103516e-01
9.987887144088745117e-01
9.994669556617736816e-01
9.997297525405883789e-01
9.996820688247680664e-01
9.829473495483398438e-01
9.615913033485412598e-01
8.567597866058349609e-01
7.769814133644104004e-01
7.979242801666259766e-01
8.376258611679077148e-01
9.040914773941040039e-01
9.407699704170227051e-01
9.591823220252990723e-01
9.719529747962951660e-01
9.834283590316772461e-01
9.913886189460754395e-01
9.977542161941528320e-01
9.991633296012878418e-01
9.992185235023498535e-01
9.976350665092468262e-01
8.354473710060119629e-01
5.903786420822143555e-01
3.912543952465057373e-01
2.330089062452316284e-01
4.837146401405334473e-01
7.133125662803649902e-01
8.893779516220092773e-01
9.849052429199218750e-01
9.960125088691711426e-01
9.996212124824523926e-01
9.999400973320007324e-01
9.999657869338989258e-01
9.999138712882995605e-01
9.994853138923645020e-01
9.989708662033081055e-01
9.982678294181823730e-01
9.959363341331481934e-01
9.920871257781982422e-01
9.878464341163635254e-01
9.834554791450500488e-01
9.879312515258789062e-01
9.929056167602539062e-01
9.968550205230712891e-01
9.995227456092834473e-01
9.997236728668212891e-01
9.994006752967834473e-01
9.986391663551330566e-01
9.944924712181091309e-01
9.892125129699707031e-01
9.839354157447814941e-01
9.799090623855590820e-01
9.826659560203552246e-01
9.860180020332336426e-01
9.904178380966186523e-01
9.922830462455749512e-01
9.921855330467224121e-01
9.929602146148681641e-01
9.940012097358703613e-01
9.961187839508056641e-01
9.978798627853393555e-01
9.977999329566955566e-01
9.856260418891906738e-01
9.532964229583740234e-01
9.016780257225036621e-01
8.359521627426147461e-01
8.547213077545166016e-01
8.973981142044067383e-01
9.382787942886352539e-01
9.528143405914306641e-01
8.504609465599060059e-01
7.137281298637390137e-01
5.220365524291992188e-01
4.739039242267608643e-01
5.269967317581176758e-01
5.336392521858215332e-01
5.278455615043640137e-01
7.162936925888061523e-01
8.814760446548461914e-01
9.385161995887756348e-01
9.083110690116882324e-01
7.415021657943725586e-01
4.593731760978698730e-01
9.627645462751388550e-02
2.874353900551795959e-02
4.006874561309814453e-02
5.633292198181152344e-01
9.942008852958679199e-01
9.977325201034545898e-01
9.978684782981872559e-01
9.926465153694152832e-01
9.869968891143798828e-01
9.810459613800048828e-01
9.838286638259887695e-01
9.889844059944152832e-01
9.948209524154663086e-01
9.989289045333862305e-01
9.952215552330017090e-01
9.652895927429199219e-01
8.926112055778503418e-01
8.045240044593811035e-01
7.051451802253723145e-01
7.157903313636779785e-01
7.586070299148559570e-01
8.789899349212646484e-01
9.823135137557983398e-01
9.909246563911437988e-01
9.954755306243896484e-01
9.929919838905334473e-01
9.886940717697143555e-01
9.829925298690795898e-01
9.866212606430053711e-01
9.931781291961669922e-01
9.964622259140014648e-01
9.991784095764160156e-01
9.995912313461303711e-01
9.998831748962402344e-01
9.999476671218872070e-01
9.999687671661376953e-01
9.999533295631408691e-01
9.997916221618652344e-01
9.995780587196350098e-01
9.991031289100646973e-01
9.987679123878479004e-01
9.995031952857971191e-01
9.999739527702331543e-01
9.998936653137207031e-01
9.997903108596801758e-01
9.996653795242309570e-01
9.996747970581054688e-01
9.997379183769226074e-01
9.997783303260803223e-01
9.998148083686828613e-01
9.998371601104736328e-01
9.994949698448181152e-01
9.982741475105285645e-01
9.814560413360595703e-01
9.481292963027954102e-01
8.967366218566894531e-01
8.368880748748779297e-01
8.367523550987243652e-01
8.482464551925659180e-01
9.013236761093139648e-01
9.492166638374328613e-01
9.820032715797424316e-01
1.000000000000000000e+00
1.000000000000000000e+00
9.984686374664306641e-01
9.960794448852539062e-01
9.826554059982299805e-01
9.671111106872558594e-01
9.565930366516113281e-01
9.378543496131896973e-01
8.889204859733581543e-01
8.366402983665466309e-01
7.791507840156555176e-01
7.026187181472778320e-01
6.134998202323913574e-01
6.398838758468627930e-01
6.971952915191650391e-01
8.181093335151672363e-01
9.140436053276062012e-01
8.828441500663757324e-01
7.902207970619201660e-01
5.893335342407226562e-01
4.068010151386260986e-01
2.397550195455551147e-01
5.237483382225036621e-01
9.679772257804870605e-01
1.000000000000000000e+00
1.000000000000000000e+00
1.000000000000000000e+00
8.886852860450744629e-01
5.230759382247924805e-01
2.463676035404205322e-01
5.937092378735542297e-02
1.104831317206844687e-04
1.258799056813586503e-05
1.312086832412628912e-13
5.468331437441520393e-05
9.729408775456249714e-04
1.062260493636131287e-01
5.268747806549072266e-01
8.188385367393493652e-01
9.413004517555236816e-01
9.919443130493164062e-01
9.983729124069213867e-01
9.997730851173400879e-01
9.999815821647644043e-01
9.999914765357971191e-01
9.999988079071044922e-01
9.999995231628417969e-01
1.000000000000000000e+00
1.000000000000000000e+00
9.999999403953552246e-01
9.999997615814208984e-01
9.999991059303283691e-01
9.999982118606567383e-01
9.999734163284301758e-01
9.998885393142700195e-01
9.993289113044738770e-01
9.973943829536437988e-01
9.921958446502685547e-01
9.885574579238891602e-01
9.866304993629455566e-01
9.893233776092529297e-01
9.943609833717346191e-01
9.968934655189514160e-01
9.988076686859130859e-01
9.955507516860961914e-01
9.930461645126342773e-01
9.932692050933837891e-01
9.791548252105712891e-01
9.437097311019897461e-01
9.500048160552978516e-01
9.857179522514343262e-01
9.964437484741210938e-01
9.996896386146545410e-01
9.998915195465087891e-01
9.942455291748046875e-01
9.517417550086975098e-01
7.610210180282592773e-01
2.540085911750793457e-01
2.800607205725221677e-14
8.385438475316461804e-14
1.387474536895751953e-01
3.421215116977691650e-01
6.068946123123168945e-01
8.706832528114318848e-01
9.153081178665161133e-01
9.556300640106201172e-01
9.812362194061279297e-01
9.967435598373413086e-01
9.978984594345092773e-01
9.965261220932006836e-01
9.934009909629821777e-01
9.769951701164245605e-01
9.567081928253173828e-01
9.165376424789428711e-01
8.667928576469421387e-01
7.592166066169738770e-01
5.676234960556030273e-01
1.917987018823623657e-01
1.624871074454858899e-04
4.031180287711322308e-05
1.296200034919857760e-14
3.228363418066558521e-14
1.627318188548088074e-02
4.303897172212600708e-02
3.053701519966125488e-01
4.547390341758728027e-01
1.733130365610122681e-01
9.664035751484334469e-04
2.925182052422314882e-04
6.832507552709024651e-37
1.895797814092133631e-36
2.225258377563932299e-08
5.211607145838570432e-08
4.288325309753417969e-01
8.471121191978454590e-01
8.406727313995361328e-01
7.648465037345886230e-01
5.094162821769714355e-01
3.271087110042572021e-01
2.332307845354080200e-01
3.568154573440551758e-01
6.067323684692382812e-01
7.676461338996887207e-01
9.081932306289672852e-01
9.518374204635620117e-01
9.883624315261840820e-01
9.944981336593627930e-01
9.987192749977111816e-01
9.992087483406066895e-01
9.995871782302856445e-01
9.998620152473449707e-01
9.999646544456481934e-01
9.999897480010986328e-01
9.999302029609680176e-01
9.997431635856628418e-01
9.968031644821166992e-01
9.921931624412536621e-01
9.816044569015502930e-01
9.700417518615722656e-01
9.570399522781372070e-01
8.803685903549194336e-01
7.547417879104614258e-01
6.607480645179748535e-01
5.775423645973205566e-01
6.237238049507141113e-01
6.904694437980651855e-01
8.434265255928039551e-01
9.611469507217407227e-01
9.803813099861145020e-01
9.928995966911315918e-01
9.967665672302246094e-01
9.986751079559326172e-01
9.993282556533813477e-01
9.996061921119689941e-01
9.997792840003967285e-01
9.990566968917846680e-01
9.948251247406005859e-01
9.674047231674194336e-01
9.208101034164428711e-01
8.300432562828063965e-01
7.755883336067199707e-01
7.619986534118652344e-01
7.992287278175354004e-01
8.646051287651062012e-01
8.966395854949951172e-01
9.212647080421447754e-01
5.550878643989562988e-01
2.233449667692184448e-01
9.356094896793365479e-02
1.211534813046455383e-02
2.781475335359573364e-02
3.008494973182678223e-01
8.262061476707458496e-01
9.705642461776733398e-01
9.295350313186645508e-01
7.760081291198730469e-01
5.995731949806213379e-01
2.854246199131011963e-01
2.843455784022808075e-02
3.318325057625770569e-02
1.079326942563056946e-01
3.128392994403839111e-01
4.753650426864624023e-01
5.994476079940795898e-01
4.016247987747192383e-01
5.735106393694877625e-02
5.399046465754508972e-03
4.618959501385688782e-03
1.017058342695236206e-01
2.599575519561767578e-01
6.729610562324523926e-01
9.467899799346923828e-01
9.766685366630554199e-01
9.927003979682922363e-01
9.963724017143249512e-01
9.867126941680908203e-01
9.712369441986083984e-01
5.834665298461914062e-01
1.481437087059020996e-01
6.600283086299896240e-02
0.000000000000000000e+00
0.000000000000000000e+00
0.000000000000000000e+00
0.000000000000000000e+00
0.000000000000000000e+00
0.000000000000000000e+00
1.077000706573016942e-04
2.610809169709682465e-04
3.751945793628692627e-01
7.972129583358764648e-01
8.953413963317871094e-01
9.652027487754821777e-01
9.198229908943176270e-01
8.266972899436950684e-01
6.497620940208435059e-01
4.040421545505523682e-01
9.662731736898422241e-02
1.447333605028688908e-03
5.398919456638395786e-04
7.910083234310150146e-02
1.788188368082046509e-01
6.301104426383972168e-01
9.968898892402648926e-01
9.987331032752990723e-01
9.999098181724548340e-01
9.998593926429748535e-01
9.982714653015136719e-01
9.952396154403686523e-01
9.710708856582641602e-01
9.368966817855834961e-01
9.394501447677612305e-01
9.490732550621032715e-01
9.629258513450622559e-01
9.654833674430847168e-01
9.114423394203186035e-01
8.324639201164245605e-01
7.028613090515136719e-01
6.744057536125183105e-01
7.500569224357604980e-01
8.408328294754028320e-01
9.399051666259765625e-01
9.757720232009887695e-01
9.975684881210327148e-01
9.990305900573730469e-01
9.999201297760009766e-01
9.999671578407287598e-01
9.999999403953552246e-01
9.999997615814208984e-01
9.999981522560119629e-01
9.999948143959045410e-01
9.999873638153076172e-01
9.999773502349853516e-01
9.994537234306335449e-01
9.987869262695312500e-01
9.880131483078002930e-01
9.735886454582214355e-01
9.332789182662963867e-01
9.012175798416137695e-01
8.916782140731811523e-01
9.061904549598693848e-01
9.532788395881652832e-01
9.804699420928955078e-01
9.934886097908020020e-01
9.960950613021850586e-01
9.950794577598571777e-01
9.974351525306701660e-01
1.000000000000000000e+00
1.000000000000000000e+00
9.815984964370727539e-01
8.974778056144714355e-01
6.735745668411254883e-01
2.180542200803756714e-01
2.274607867002487183e-02
5.259288474917411804e-02
3.206239938735961914e-01
6.949577331542968750e-01
8.641300797462463379e-01
9.962719082832336426e-01
9.967555999755859375e-01
9.967889189720153809e-01
9.945200681686401367e-01
9.890969395637512207e-01
9.770351648330688477e-01
8.310593366622924805e-01
5.387623906135559082e-01
3.210494518280029297e-01
1.471695154905319214e-01
3.898735344409942627e-01
7.444291710853576660e-01
8.811904788017272949e-01
9.703602194786071777e-01
7.446191906929016113e-01
6.212520003318786621e-01
7.926685810089111328e-01
8.964520692825317383e-01
9.043766260147094727e-01
8.546086549758911133e-01
7.610252499580383301e-01
6.611906886100769043e-01
5.592701435089111328e-01
7.121363878250122070e-01
8.976436257362365723e-01
9.510682821273803711e-01
9.952839016914367676e-01
9.979574680328369141e-01
9.997797608375549316e-01
9.999150633811950684e-01
9.999879598617553711e-01
9.999968409538269043e-01
1.000000000000000000e+00
1.000000000000000000e+00
9.999932050704956055e-01
9.999846816062927246e-01
9.996051192283630371e-01
9.989683032035827637e-01
9.962454438209533691e-01
9.947897195816040039e-01
9.969953894615173340e-01
9.985705614089965820e-01
9.992222785949707031e-01
9.974829554557800293e-01
9.938603043556213379e-01
9.504476785659790039e-01
8.908439874649047852e-01
7.918758392333984375e-01
6.830846667289733887e-01
3.686643540859222412e-01
9.795016795396804810e-02
3.989788517355918884e-02
5.925434827804565430e-02
2.443876713514328003e-01
5.094720125198364258e-01
8.641763925552368164e-01
9.150937199592590332e-01
7.780430316925048828e-01
7.637284398078918457e-01
7.868139743804931641e-01
8.926280736923217773e-01
9.985277652740478516e-01
9.992927908897399902e-01
9.998778104782104492e-01
9.998033046722412109e-01
9.997568726539611816e-01
9.997587800025939941e-01
9.997992515563964844e-01
9.998762607574462891e-01
9.998930096626281738e-01
9.998795390129089355e-01
9.996677637100219727e-01
9.994106888771057129e-01
9.994925260543823242e-01
9.995741844177246094e-01
9.995343089103698730e-01
9.993554353713989258e-01
9.987717270851135254e-01
9.981046319007873535e-01
9.973155856132507324e-01
9.952515959739685059e-01
9.921345114707946777e-01
9.892829656600952148e-01
9.865368604660034180e-01
9.877774715423583984e-01
9.897477030754089355e-01
9.914469122886657715e-01
9.931025505065917969e-01
9.945285916328430176e-01
9.960109591484069824e-01
9.976316690444946289e-01
9.954713582992553711e-01
9.882709980010986328e-01
6.808542013168334961e-01
1.492523401975631714e-01
3.960315734730102122e-05
4.747185357700800523e-06
7.948507845835506291e-13
3.719894681125879288e-03
4.546465873718261719e-01
8.489195704460144043e-01
9.360194206237792969e-01
9.971721172332763672e-01
9.976630806922912598e-01
9.980903267860412598e-01
9.984368681907653809e-01
9.977013468742370605e-01
9.962054491043090820e-01
8.382706642150878906e-01
6.221264004707336426e-01
6.130430102348327637e-01
6.361144185066223145e-01
7.906382679939270020e-01
9.261812567710876465e-01
9.591178297996520996e-01
9.801049232482910156e-01
9.736374020576477051e-01
9.610686302185058594e-01
9.408149719238281250e-01
9.193668365478515625e-01
8.971382975578308105e-01
8.999116420745849609e-01
9.118701815605163574e-01
8.853781819343566895e-01
8.520780205726623535e-01
7.412319183349609375e-01
6.671372056007385254e-01
7.946085333824157715e-01
9.026194810867309570e-01
9.634160995483398438e-01
9.981448650360107422e-01
9.994053244590759277e-01
9.999544620513916016e-01
9.999843835830688477e-01
9.999713897705078125e-01
9.999417066574096680e-01
9.876368641853332520e-01
9.733418226242065430e-01
9.677674770355224609e-01
9.617467522621154785e-01
9.529466032981872559e-01
9.469740390777587891e-01
9.483724832534790039e-01
9.527221918106079102e-01
9.612003564834594727e-01
9.724358320236206055e-01
9.859242439270019531e-01
9.932349324226379395e-01
9.978482127189636230e-01
9.988711476325988770e-01
9.991719722747802734e-01
9.955715537071228027e-01
9.917481541633605957e-01
9.869799017906188965e-01
9.822849631309509277e-01
9.778223633766174316e-01
9.788921475410461426e-01
9.887282848358154297e-01
9.951564669609069824e-01
9.984539747238159180e-01
9.996946454048156738e-01
9.998810291290283203e-01
9.996920228004455566e-01
9.994063377380371094e-01
9.975782632827758789e-01
9.957193732261657715e-01
9.949086308479309082e-01
9.939898252487182617e-01
9.926382303237915039e-01
9.932613372802734375e-01
9.976823329925537109e-01
9.934734106063842773e-01
9.798252582550048828e-01
9.441996812820434570e-01
8.946990966796875000e-01
8.683971166610717773e-01
8.497624397277832031e-01
8.748329281806945801e-01
9.056904315948486328e-01
9.338073730468750000e-01
9.600078463554382324e-01
9.758833050727844238e-01
9.886499643325805664e-01
9.937366843223571777e-01
9.971722960472106934e-01
9.983306527137756348e-01
9.990640282630920410e-01
9.994522333145141602e-01
9.997112154960632324e-01
9.999111890792846680e-01
9.999700188636779785e-01
9.999988079071044922e-01
9.999822974205017090e-01
9.999558329582214355e-01
9.998484849929809570e-01
9.988815188407897949e-01
9.948684573173522949e-01
9.789853096008300781e-01
9.411548972129821777e-01
8.857352733612060547e-01
8.118084073066711426e-01
7.377080917358398438e-01
6.637929677963256836e-01
5.726288557052612305e-01
4.756869077682495117e-01
5.965847969055175781e-01
7.471147179603576660e-01
8.716204166412353516e-01
9.794657230377197266e-01
9.855565428733825684e-01
9.908581376075744629e-01
9.941148757934570312e-01
9.969031810760498047e-01
9.990152120590209961e-01
9.990683794021606445e-01
9.973270893096923828e-01
9.961985945701599121e-01
9.953860640525817871e-01
9.961822032928466797e-01
9.974020123481750488e-01
9.980264306068420410e-01
9.985761642456054688e-01
9.986408352851867676e-01
9.987719058990478516e-01
9.992026686668395996e-01
9.995772838592529297e-01
9.998305439949035645e-01
9.998940229415893555e-01
9.997166991233825684e-01
9.888782501220703125e-01
9.699934720993041992e-01
9.681427478790283203e-01
9.737719297409057617e-01
6.533620953559875488e-01
2.621644437313079834e-01
1.197776943445205688e-01
2.593135341871777300e-12
1.151854544904906685e-12
5.512707957677775994e-06
3.256749550928361714e-05
1.705991029739379883e-01
6.868999004364013672e-01
9.743291139602661133e-01
9.924572110176086426e-01
9.999646544456481934e-01
9.999656677246093750e-01
9.999653697013854980e-01
9.999644756317138672e-01
9.999648332595825195e-01
9.999654889106750488e-01
9.996610879898071289e-01
9.993891716003417969e-01
9.995836019515991211e-01
9.977201819419860840e-01
9.882196187973022461e-01
9.759833216667175293e-01
9.582930803298950195e-01
9.444320797920227051e-01
9.349465370178222656e-01
9.383643865585327148e-01
9.507756233215332031e-01
9.689492583274841309e-01
9.893797636032104492e-01
9.955343604087829590e-01
9.989115595817565918e-01
9.993793964385986328e-01
9.997074007987976074e-01
9.997444152832031250e-01
9.997822046279907227e-01
9.998227953910827637e-01
9.998757243156433105e-01
9.999539256095886230e-01
9.999775886535644531e-01
9.999353885650634766e-01
9.997450709342956543e-01
9.994463920593261719e-01
9.965943098068237305e-01
9.926496744155883789e-01
9.878301024436950684e-01
9.828215241432189941e-01
9.871238470077514648e-01
9.919114708900451660e-01
9.957824945449829102e-01
9.990306496620178223e-01
9.995185732841491699e-01
9.997746348381042480e-01
9.995095133781433105e-01
9.987289905548095703e-01
9.972532987594604492e-01
9.972212910652160645e-01
9.983741044998168945e-01
9.991742372512817383e-01
9.997966885566711426e-01
9.999557137489318848e-01
9.999900460243225098e-01
9.999603629112243652e-01
9.999264478683471680e-01
9.999588727951049805e-01
9.999836683273315430e-01
9.999646544456481934e-01
9.999083876609802246e-01
9.997504353523254395e-01
9.995003938674926758e-01
9.991028904914855957e-01
9.989817142486572266e-01
9.991298913955688477e-01
9.994138479232788086e-01
9.997786283493041992e-01
9.999127388000488281e-01
9.999661445617675781e-01
9.999738931655883789e-01
9.999743103981018066e-01
9.999876618385314941e-01
9.999997615814208984e-01
9.999976158142089844e-01
9.999452233314514160e-01
9.997091293334960938e-01
9.987709522247314453e-01
9.964111447334289551e-01
9.958663582801818848e-01
9.975477457046508789e-01
9.987713098526000977e-01
9.996358156204223633e-01
9.999300837516784668e-01
9.999543428421020508e-01
9.997018575668334961e-01
9.993779659271240234e-01
9.952035546302795410e-01
9.907637834548950195e-01
9.903205037117004395e-01
9.901088476181030273e-01
9.912733435630798340e-01
9.908788204193115234e-01
9.860309362411499023e-01
9.864003062248229980e-01
9.953963756561279297e-01
9.770374298095703125e-01
9.302425980567932129e-01
9.158257842063903809e-01
9.228229522705078125e-01
9.461214542388916016e-01
9.759096503257751465e-01
9.694226384162902832e-01
9.555536508560180664e-01
9.219667315483093262e-01
8.924113512039184570e-01
9.452716708183288574e-01
9.899093508720397949e-01
9.955542683601379395e-01
9.996367692947387695e-01
9.998391866683959961e-01
9.998364448547363281e-01
9.995265007019042969e-01
9.991158246994018555e-01
9.986097812652587891e-01
9.980872869491577148e-01
9.975528120994567871e-01
9.970319867134094238e-01
9.965143203735351562e-01
9.959557652473449707e-01
9.953911304473876953e-01
9.942217469215393066e-01
9.931195378303527832e-01
9.932358264923095703e-01
9.932259917259216309e-01
9.926524162292480469e-01
9.833345413208007812e-01
9.530386924743652344e-01
9.036642313003540039e-01
8.262979984283447266e-01
6.751407384872436523e-01
4.540417492389678955e-01
2.850373983383178711e-01
1.466447561979293823e-01
1.419889628887176514e-01
1.855820566415786743e-01
4.699345827102661133e-01
7.982706427574157715e-01
8.312904238700866699e-01
8.405813574790954590e-01
7.201740741729736328e-01
6.162043213844299316e-01
5.931265950202941895e-01
6.389297842979431152e-01
8.618755936622619629e-01
9.980737566947937012e-01
9.992983937263488770e-01
9.999011158943176270e-01
9.998815655708312988e-01
9.997919201850891113e-01
9.996571540832519531e-01
9.987732768058776855e-01
9.975903630256652832e-01
9.713283181190490723e-01
9.395173788070678711e-01
9.082792401313781738e-01
8.794464468955993652e-01
9.208345413208007812e-01
9.596433639526367188e-01
9.819493293762207031e-01
9.988806843757629395e-01
9.995499253273010254e-01
9.999845623970031738e-01
9.999918937683105469e-01
9.999907612800598145e-01
9.999797940254211426e-01
9.998438954353332520e-01
9.996128082275390625e-01
9.917436838150024414e-01
9.801144599914550781e-01
9.704314470291137695e-01
9.612795710563659668e-01
9.716793298721313477e-01
9.847649931907653809e-01
9.922851324081420898e-01
9.990850687026977539e-01
9.995825886726379395e-01
9.999762177467346191e-01
9.999409914016723633e-01
9.999273419380187988e-01
9.999641180038452148e-01
9.999800920486450195e-01
9.999650120735168457e-01
9.998410940170288086e-01
9.996114373207092285e-01
9.989818930625915527e-01
9.980952143669128418e-01
9.977108836174011230e-01
9.975274801254272461e-01
9.983543753623962402e-01
9.994075298309326172e-01
9.993821382522583008e-01
9.992545247077941895e-01
9.988785982131958008e-01
9.986431598663330078e-01
9.994066953659057617e-01
9.999329447746276855e-01
9.996352791786193848e-01
9.994618296623229980e-01
9.995458126068115234e-01
9.996788501739501953e-01
9.998776912689208984e-01
9.999462962150573730e-01
9.998998641967773438e-01
9.961534142494201660e-01
9.902596473693847656e-01
9.819985032081604004e-01
9.728929996490478516e-01
9.747970700263977051e-01
9.789535403251647949e-01
9.856632351875305176e-01
9.924398660659790039e-01
9.951137900352478027e-01
9.975879788398742676e-01
9.987023472785949707e-01
9.995940327644348145e-01
9.997574090957641602e-01
9.998197555541992188e-01
9.996789097785949707e-01
9.995432496070861816e-01
9.994147419929504395e-01
9.994419217109680176e-01
9.996070861816406250e-01
9.997407197952270508e-01
9.998555183410644531e-01
9.998719692230224609e-01
9.998514652252197266e-01
9.998587369918823242e-01
9.998720288276672363e-01
9.999295473098754883e-01
9.999894499778747559e-01
9.999847412109375000e-01
9.997965693473815918e-01
9.982053041458129883e-01
9.918048381805419922e-01
9.679296612739562988e-01
8.661301136016845703e-01
5.936250686645507812e-01
4.326415061950683594e-01
4.342883825302124023e-01
5.341035723686218262e-01
7.309630513191223145e-01
8.672784566879272461e-01
9.636249542236328125e-01
9.936075210571289062e-01
9.944213628768920898e-01
9.906626343727111816e-01
9.856953024864196777e-01
9.593813419342041016e-01
9.302687644958496094e-01
9.286766648292541504e-01
9.298337697982788086e-01
9.580184817314147949e-01
9.831124544143676758e-01
9.928334951400756836e-01
9.999484419822692871e-01
9.999237060546875000e-01
9.994918107986450195e-01
9.983283877372741699e-01
9.957250356674194336e-01
9.913905262947082520e-01
9.898698329925537109e-01
9.907036423683166504e-01
9.917588829994201660e-01
9.929386973381042480e-01
9.844769835472106934e-01
9.724583625793457031e-01
9.785186052322387695e-01
9.884350895881652832e-01
9.932543635368347168e-01
9.975689649581909180e-01
9.983053803443908691e-01
9.989476799964904785e-01
9.987874627113342285e-01
9.980214834213256836e-01
9.947893023490905762e-01
9.924322962760925293e-01
9.922685027122497559e-01
9.931369423866271973e-01
9.957080483436584473e-01
9.961922764778137207e-01
9.943173527717590332e-01
9.861065149307250977e-01
