9.626706838607788086e-01
9.547443389892578125e-01
9.599326848983764648e-01
9.766995906829833984e-01
9.896156787872314453e-01
9.946179986000061035e-01
9.943051934242248535e-01
9.933843016624450684e-01
9.922491312026977539e-01
9.401777386665344238e-01
8.289422392845153809e-01
6.561738252639770508e-01
7.018539309501647949e-01
7.873307466506958008e-01
9.064509868621826172e-01
9.504386782646179199e-01
9.777571558952331543e-01
9.911592006683349609e-01
9.965544939041137695e-01
9.991585016250610352e-01
9.998016357421875000e-01
9.999276995658874512e-01
9.994447827339172363e-01
9.820282459259033203e-01
8.698097467422485352e-01
5.899875760078430176e-01
2.811244130134582520e-01
2.197455614805221558e-01
4.845799207687377930e-01
8.241614699363708496e-01
9.292461872100830078e-01
9.754601716995239258e-01
9.935185313224792480e-01
9.912480711936950684e-01
9.795890450477600098e-01
9.675124883651733398e-01
9.614952206611633301e-01
9.816820025444030762e-01
1.000000000000000000e+00
1.000000000000000000e+00
9.919136166572570801e-01
9.796036481857299805e-01
9.624215364456176758e-01
9.488478302955627441e-01
9.385772347450256348e-01
9.327586293220520020e-01
9.557383060455322266e-01
9.786199331283569336e-01
9.963846802711486816e-01
9.990079998970031738e-01
9.994408488273620605e-01
9.986479878425598145e-01
9.974600672721862793e-01
9.972019195556640625e-01
9.980312585830688477e-01
9.987742900848388672e-01
9.976220726966857910e-01
9.945470690727233887e-01
9.935584068298339844e-01
9.779626727104187012e-01
9.416419267654418945e-01
7.083748579025268555e-01
4.647789001464843750e-01
2.546973824501037598e-01
6.636133193969726562e-01
8.893107771873474121e-01
9.732739329338073730e-01
9.859756827354431152e-01
9.940209984779357910e-01
9.761620759963989258e-01
7.801846265792846680e-01
4.563148021697998047e-01
1.164973229169845581e-01
1.567732989788055420e-01
3.666371107101440430e-01
6.545523405075073242e-01
8.759305477142333984e-01
9.692206978797912598e-01
9.949542880058288574e-01
9.948602914810180664e-01
9.910275936126708984e-01
9.875474572181701660e-01
9.916458725929260254e-01
9.958309531211853027e-01
9.992209076881408691e-01
9.998386502265930176e-01
9.999998807907104492e-01
9.999995827674865723e-01
9.999985694885253906e-01
9.999929666519165039e-01
9.999787211418151855e-01
9.999450445175170898e-01
9.998936057090759277e-01
9.998784065246582031e-01
9.999643564224243164e-01
9.999905228614807129e-01
9.999980330467224121e-01
9.999973177909851074e-01
9.999393224716186523e-01
9.995421171188354492e-01
9.984697103500366211e-01
9.986869096755981445e-01
9.991998672485351562e-01
9.997900724411010742e-01
9.999418258666992188e-01
9.999445676803588867e-01
9.998174309730529785e-01
9.997769594192504883e-01
9.997863173484802246e-01
9.998564124107360840e-01
9.976844787597656250e-01
9.920054674148559570e-01
9.813244938850402832e-01
9.768320918083190918e-01
9.788795113563537598e-01
9.894440770149230957e-01
9.824396967887878418e-01
9.766916036605834961e-01
9.749609231948852539e-01
9.892618656158447266e-01
9.986007213592529297e-01
9.999076724052429199e-01
9.999940395355224609e-01
9.999979138374328613e-01
9.999948740005493164e-01
9.998896121978759766e-01
9.997613430023193359e-01
9.996119737625122070e-01
9.998218417167663574e-01
9.999586343765258789e-01
9.999984502792358398e-01
9.999992847442626953e-01
9.999752044677734375e-01
9.999252557754516602e-01
9.980174303054809570e-01
9.931598901748657227e-01
9.852776527404785156e-01
9.780988693237304688e-01
9.766724109649658203e-01
9.807717800140380859e-01
9.366574287414550781e-01
9.313484430313110352e-01
9.634293317794799805e-01
9.857628941535949707e-01
9.976512193679809570e-01
9.997771382331848145e-01
9.997943639755249023e-01
9.998227357864379883e-01
9.998612999916076660e-01
9.999007582664489746e-01
9.991638660430908203e-01
9.974605441093444824e-01
9.875127673149108887e-01
9.516184329986572266e-01
8.850444555282592773e-01
6.097958683967590332e-01
3.428458273410797119e-01
9.515094012022018433e-02
1.260464042425155640e-01
3.979476988315582275e-01
8.534097075462341309e-01
9.518101215362548828e-01
9.967357516288757324e-01
9.937419295310974121e-01
9.166209101676940918e-01
8.323687314987182617e-01
7.460849285125732422e-01
7.291645407676696777e-01
6.124875545501708984e-01
4.234623610973358154e-01
3.764887750148773193e-01
4.911109805107116699e-01
7.292199134826660156e-01
8.593221902847290039e-01
9.408788681030273438e-01
9.817273020744323730e-01
9.863194823265075684e-01
9.859334230422973633e-01
9.822266101837158203e-01
9.892296195030212402e-01
9.921182394027709961e-01
9.918369650840759277e-01
9.935970902442932129e-01
9.945090413093566895e-01
9.941919445991516113e-01
9.842748045921325684e-01
9.775229692459106445e-01
9.740251302719116211e-01
9.832786321640014648e-01
9.906657338142395020e-01
9.963491559028625488e-01
9.983255863189697266e-01
9.991171956062316895e-01
9.989402890205383301e-01
9.990025758743286133e-01
9.977364540100097656e-01
9.949046373367309570e-01
9.814689755439758301e-01
9.830724596977233887e-01
9.970997571945190430e-01
9.990003108978271484e-01
9.999222755432128906e-01
9.999865293502807617e-01
9.999451637268066406e-01
9.998888969421386719e-01
9.998240470886230469e-01
9.999360442161560059e-01
9.999932050704956055e-01
9.999992251396179199e-01
9.999564886093139648e-01
9.999452233314514160e-01
9.999638795852661133e-01
9.999818205833435059e-01
9.999904036521911621e-01
9.999897480010986328e-01
9.999368190765380859e-01
9.996626973152160645e-01
9.991654157638549805e-01
9.978744983673095703e-01
9.963777065277099609e-01
9.946701526641845703e-01
9.957719445228576660e-01
9.972766041755676270e-01
9.991732239723205566e-01
9.997079968452453613e-01
9.999812841415405273e-01
9.999992847442626953e-01
9.999989867210388184e-01
9.999982118606567383e-01
9.999977946281433105e-01
9.999987483024597168e-01
9.999963641166687012e-01
9.999898672103881836e-01
9.998627305030822754e-01
9.997410178184509277e-01
9.996369481086730957e-01
9.997611641883850098e-01
9.998844861984252930e-01
9.999796748161315918e-01
9.999922513961791992e-01
9.999952912330627441e-01
9.999963045120239258e-01
9.999985694885253906e-01
9.999890923500061035e-01
9.999608397483825684e-01
9.998567700386047363e-01
9.997478127479553223e-01
9.996483325958251953e-01
9.994094967842102051e-01
9.992172718048095703e-01
9.991505742073059082e-01
9.993939399719238281e-01
9.995148181915283203e-01
9.992783665657043457e-01
9.730044007301330566e-01
9.111284613609313965e-01
7.843741774559020996e-01
7.059604525566101074e-01
6.947609782218933105e-01
8.140648007392883301e-01
9.046038389205932617e-01
9.441366791725158691e-01
8.725993633270263672e-01
9.260485768318176270e-01
9.942028522491455078e-01
9.983805418014526367e-01
9.995763897895812988e-01
9.997224807739257812e-01
9.997028708457946777e-01
9.994311332702636719e-01
9.990143179893493652e-01
9.984135031700134277e-01
9.984300732612609863e-01
9.987139701843261719e-01
9.990414977073669434e-01
9.994331598281860352e-01
9.997799992561340332e-01
9.997752904891967773e-01
9.994434118270874023e-01
9.952353239059448242e-01
9.700494408607482910e-01
9.167571067810058594e-01
8.565594553947448730e-01
8.598099946975708008e-01
6.916219592094421387e-01
4.139246046543121338e-01
1.222732290625572205e-01
9.752714075148105621e-03
5.748893320560455322e-02
5.239652395248413086e-01
8.204926252365112305e-01
9.782723784446716309e-01
9.930992126464843750e-01
9.999899268150329590e-01
9.999960064888000488e-01
9.999924898147583008e-01
9.999818801879882812e-01
9.999643564224243164e-01
9.982727169990539551e-01
9.221066832542419434e-01
7.653971314430236816e-01
6.118390560150146484e-01
5.660394430160522461e-01
6.510501503944396973e-01
8.482559919357299805e-01
9.695935249328613281e-01
9.773964285850524902e-01
8.958732485771179199e-01
8.413566946983337402e-01
8.432612419128417969e-01
9.272305965423583984e-01
9.792318940162658691e-01
9.535778760910034180e-01
9.327828288078308105e-01
9.306170940399169922e-01
9.646230340003967285e-01
9.846504330635070801e-01
9.968127608299255371e-01
9.979608058929443359e-01
9.986145496368408203e-01
9.989401698112487793e-01
9.987349510192871094e-01
9.982639551162719727e-01
9.965589642524719238e-01
9.910182356834411621e-01
9.674646854400634766e-01
9.382335543632507324e-01
9.156883955001831055e-01
9.145414829254150391e-01
9.062634110450744629e-01
8.071641325950622559e-01
4.451387226581573486e-01
4.775298002641648054e-04
1.344617921859025955e-04
7.036198013121719441e-11
1.534313156525968225e-07
1.888308133857208304e-06
8.974436204880475998e-04
1.829575374722480774e-02
3.291368186473846436e-01
6.144762039184570312e-01
8.702045679092407227e-01
5.701668858528137207e-01
3.168319463729858398e-01
1.119312047958374023e-01
1.331657171249389648e-01
2.668307423591613770e-01
5.276914834976196289e-01
3.527920544147491455e-01
1.704844832420349121e-01
1.869895681738853455e-02
1.153107080608606339e-02
9.916383028030395508e-02
3.172611296176910400e-01
5.764655470848083496e-01
7.882325053215026855e-01
8.910901546478271484e-01
9.487674236297607422e-01
9.849047064781188965e-01
9.939815998077392578e-01
9.939750432968139648e-01
9.903164505958557129e-01
9.837855696678161621e-01
9.867292046546936035e-01
9.920486807823181152e-01
9.929102063179016113e-01
9.854056239128112793e-01
9.779753684997558594e-01
9.911800026893615723e-01
9.976229071617126465e-01
9.999209642410278320e-01
9.996580481529235840e-01
9.990033507347106934e-01
9.981167912483215332e-01
9.977095723152160645e-01
9.976346492767333984e-01
9.975117444992065430e-01
9.854829311370849609e-01
7.941907048225402832e-01
4.258523285388946533e-01
1.496244668960571289e-01
1.988248107820389521e-11
1.300272931860357861e-12
0.000000000000000000e+00
8.554425439797341824e-04
2.957789693027734756e-03
5.569438934326171875e-01
9.646387696266174316e-01
9.786468744277954102e-01
9.799069762229919434e-01
9.764290452003479004e-01
9.680180549621582031e-01
8.414158225059509277e-01
7.278417348861694336e-01
7.443827986717224121e-01
6.776441335678100586e-01
5.334105491638183594e-01
2.087924927473068237e-01
1.411601305007934570e-01
2.341756820678710938e-01
5.461478233337402344e-01
7.578372359275817871e-01
8.962358236312866211e-01
9.100098609924316406e-01
9.259502887725830078e-01
9.432263970375061035e-01
9.560487270355224609e-01
9.682625532150268555e-01
9.799403548240661621e-01
9.894996285438537598e-01
9.962335824966430664e-01
9.997982978820800781e-01
9.996321797370910645e-01
9.976946115493774414e-01
9.935945272445678711e-01
9.738709926605224609e-01
9.307515621185302734e-01
8.497766852378845215e-01
8.453383445739746094e-01
8.809791803359985352e-01
9.725869894027709961e-01
9.965074062347412109e-01
9.999871850013732910e-01
9.999969601631164551e-01
9.999985694885253906e-01
9.999937415122985840e-01
9.999753236770629883e-01
9.999320507049560547e-01
9.998910427093505859e-01
9.999476075172424316e-01
9.999549984931945801e-01
9.999351501464843750e-01
9.999773502349853516e-01
9.999572634696960449e-01
9.998736381530761719e-01
9.990615844726562500e-01
9.981985092163085938e-01
9.972811341285705566e-01
9.985858798027038574e-01
9.995561242103576660e-01
9.999263286590576172e-01
9.999227523803710938e-01
9.994733929634094238e-01
9.983143806457519531e-01
9.849719405174255371e-01
9.329845905303955078e-01
7.967682480812072754e-01
6.242944598197937012e-01
5.316631793975830078e-01
7.281960844993591309e-01
8.401662111282348633e-01
8.955919146537780762e-01
8.491983413696289062e-01
7.638683319091796875e-01
6.496434211730957031e-01
4.760873913764953613e-01
3.157868981361389160e-01
1.795230507850646973e-01
3.518497347831726074e-01
4.914896488189697266e-01
6.002866625785827637e-01
7.208648324012756348e-01
8.171862959861755371e-01
8.833456039428710938e-01
8.351961970329284668e-01
7.739490270614624023e-01
7.086768746376037598e-01
8.178435564041137695e-01
9.317944049835205078e-01
9.857355356216430664e-01
9.987696409225463867e-01
9.997996687889099121e-01
9.998182654380798340e-01
9.987077713012695312e-01
9.957470297813415527e-01
9.862590432167053223e-01
9.778012633323669434e-01
9.711257815361022949e-01
9.746067523956298828e-01
9.814552068710327148e-01
9.907051920890808105e-01
9.963046908378601074e-01
9.993764758110046387e-01
9.999049901962280273e-01
9.998853802680969238e-01
9.998648166656494141e-01
9.998710155487060547e-01
9.999258518218994141e-01
9.999687671661376953e-01
9.999789595603942871e-01
9.999539256095886230e-01
9.998918771743774414e-01
9.997555017471313477e-01
9.989616870880126953e-01
9.964737892150878906e-01
9.884178042411804199e-01
9.794976711273193359e-01
9.732066988945007324e-01
9.867720007896423340e-01
9.944762587547302246e-01
9.975088238716125488e-01
9.890042543411254883e-01
9.714310765266418457e-01
9.454901814460754395e-01
9.290732741355895996e-01
9.057769775390625000e-01
8.737697005271911621e-01
6.847568750381469727e-01
4.985876083374023438e-01
3.449504971504211426e-01
3.149548470973968506e-01
3.813604414463043213e-01
6.214480996131896973e-01
8.354980349540710449e-01
9.974367022514343262e-01
9.993675351142883301e-01
9.999986886978149414e-01
9.999927878379821777e-01
9.999576210975646973e-01
9.998852014541625977e-01
9.997913837432861328e-01
9.997687935829162598e-01
9.997399449348449707e-01
9.997051358222961426e-01
9.989990592002868652e-01
9.948016405105590820e-01
9.860514402389526367e-01
8.978645801544189453e-01
7.058897018432617188e-01
3.406357467174530029e-01
1.412759572267532349e-01
3.809645399451255798e-02
9.067080169916152954e-02
5.144010186195373535e-01
9.739682078361511230e-01
9.929280877113342285e-01
9.997599720954895020e-01
9.999329447746276855e-01
9.999587535858154297e-01
9.999740719795227051e-01
9.999812841415405273e-01
9.999901652336120605e-01
9.999962449073791504e-01
9.999992251396179199e-01
9.999996423721313477e-01
9.999709725379943848e-01
9.998974204063415527e-01
9.950129389762878418e-01
9.666290283203125000e-01
8.870714306831359863e-01
9.017493128776550293e-01
9.433334469795227051e-01
9.768993258476257324e-01
9.924622774124145508e-01
9.985287785530090332e-01
9.993808269500732422e-01
9.997718334197998047e-01
9.998270869255065918e-01
9.996565580368041992e-01
9.994814991950988770e-01
9.993017315864562988e-01
9.997287392616271973e-01
9.997084736824035645e-01
9.989916086196899414e-01
9.962453842163085938e-01
9.924175143241882324e-01
9.869580268859863281e-01
9.892797470092773438e-01
9.936343431472778320e-01
9.970378279685974121e-01
9.982156753540039062e-01
9.980986118316650391e-01
9.963766336441040039e-01
9.938848018646240234e-01
9.910492300987243652e-01
9.925956130027770996e-01
9.933210015296936035e-01
9.932103157043457031e-01
9.914081692695617676e-01
9.925925731658935547e-01
9.983166456222534180e-01
9.996153116226196289e-01
9.999984502792358398e-01
9.999996423721313477e-01
9.999998807907104492e-01
9.999983906745910645e-01
9.999916553497314453e-01
9.992876052856445312e-01
9.953560233116149902e-01
9.698700308799743652e-01
9.271466135978698730e-01
8.742886781692504883e-01
9.535893797874450684e-01
9.964587688446044922e-01
9.987830519676208496e-01
9.994844794273376465e-01
9.998510479927062988e-01
9.998781085014343262e-01
9.993363618850708008e-01
9.983178973197937012e-01
9.963671565055847168e-01
9.890710115432739258e-01
9.611338973045349121e-01
8.468545079231262207e-01
6.659744381904602051e-01
4.570330679416656494e-01
3.787182569503784180e-01
5.201234221458435059e-01
8.570864200592041016e-01
9.460073113441467285e-01
9.956367611885070801e-01
9.994596838951110840e-01
9.999675154685974121e-01
9.999985694885253906e-01
9.999966621398925781e-01
9.999148845672607422e-01
9.996134638786315918e-01
9.986336827278137207e-01
9.960979819297790527e-01
9.929844141006469727e-01
9.910923242568969727e-01
9.925235509872436523e-01
9.964136481285095215e-01
9.987011551856994629e-01
9.994674324989318848e-01
9.985107779502868652e-01
5.580585002899169922e-01
1.925008744001388550e-01
3.160053491592407227e-02
4.783251322805881500e-03
1.640154421329498291e-01
7.740176320075988770e-01
9.756191968917846680e-01
9.993641376495361328e-01
9.996836185455322266e-01
9.998397827148437500e-01
9.998832941055297852e-01
9.998872280120849609e-01
9.998977780342102051e-01
9.999151825904846191e-01
9.998880624771118164e-01
9.993457794189453125e-01
9.979650378227233887e-01
9.612812995910644531e-01
9.253371357917785645e-01
9.115437865257263184e-01
9.446724653244018555e-01
9.893599748611450195e-01
9.968043565750122070e-01
9.998347163200378418e-01
9.999988079071044922e-01
9.999994039535522461e-01
9.999996423721313477e-01
9.999996423721313477e-01
9.999983906745910645e-01
9.999969601631164551e-01
9.999951720237731934e-01
9.999886155128479004e-01
9.999708533287048340e-01
9.999260902404785156e-01
9.999045729637145996e-01
9.998710155487060547e-01
9.997249841690063477e-01
9.987885951995849609e-01
9.974652528762817383e-01
9.987968802452087402e-01
9.991452097892761230e-01
9.984717369079589844e-01
9.990454316139221191e-01
9.995661973953247070e-01
9.998527765274047852e-01
9.998748898506164551e-01
9.998604059219360352e-01
9.999097585678100586e-01
9.999527335166931152e-01
9.999882578849792480e-01
9.999951720237731934e-01
9.999982714653015137e-01
9.999986290931701660e-01
9.999966025352478027e-01
9.999818801879882812e-01
9.999529123306274414e-01
9.997125267982482910e-01
9.993236064910888672e-01
9.987009763717651367e-01
9.983999729156494141e-01
9.983484148979187012e-01
9.988427758216857910e-01
9.994121789932250977e-01
9.999463558197021484e-01
9.999260902404785156e-01
9.995351433753967285e-01
9.988446831703186035e-01
9.970074295997619629e-01
9.965776801109313965e-01
9.979927539825439453e-01
9.991124272346496582e-01
9.998801946640014648e-01
9.999685883522033691e-01
9.999927878379821777e-01
9.999956488609313965e-01
9.999975562095642090e-01
9.999987483024597168e-01
9.999995231628417969e-01
9.999998211860656738e-01
9.999999403953552246e-01
1.000000000000000000e+00
9.999995231628417969e-01
9.999957680702209473e-01
9.999866485595703125e-01
9.999880790710449219e-01
9.999921321868896484e-01
9.999971985816955566e-01
9.999990463256835938e-01
9.999994039535522461e-01
9.999995827674865723e-01
9.999977946281433105e-01
9.999897480010986328e-01
9.988436698913574219e-01
9.915035963058471680e-01
9.763334393501281738e-01
9.857768416404724121e-01
9.955824613571166992e-01
9.987159967422485352e-01
9.991270303726196289e-01
9.987118840217590332e-01
9.986076951026916504e-01
9.943327307701110840e-01
9.883113503456115723e-01
9.947001338005065918e-01
9.482226371765136719e-01
8.475525975227355957e-01
7.826233506202697754e-01
7.965382337570190430e-01
9.435140490531921387e-01
9.843088984489440918e-01
9.510499238967895508e-01
7.623487710952758789e-01
5.954411029815673828e-01
4.715814888477325439e-01
6.238347887992858887e-01
7.947210073471069336e-01
9.815948605537414551e-01
9.869471192359924316e-01
9.862052202224731445e-01
9.844376444816589355e-01
9.926274418830871582e-01
9.976313114166259766e-01
9.888797402381896973e-01
9.890694618225097656e-01
9.929339289665222168e-01
9.964203834533691406e-01
9.977961182594299316e-01
9.975872039794921875e-01
9.978618621826171875e-01
9.982893466949462891e-01
9.989129304885864258e-01
9.994059205055236816e-01
9.997810721397399902e-01
9.999268651008605957e-01
9.999700784683227539e-01
9.999728202819824219e-01
9.999597072601318359e-01
9.999656081199645996e-01
9.999752640724182129e-01
9.996613860130310059e-01
9.766265749931335449e-01
9.267511367797851562e-01
6.059342622756958008e-01
3.150016069412231445e-01
1.570165455341339111e-01
1.505726128816604614e-01
2.187155783176422119e-01
3.985936939716339111e-01
5.917088389396667480e-01
7.870730757713317871e-01
8.375384211540222168e-01
8.783145546913146973e-01
9.082309603691101074e-01
9.520973563194274902e-01
9.861663579940795898e-01
9.972592592239379883e-01
9.996705055236816406e-01
9.994671940803527832e-01
9.998396039009094238e-01
9.999838471412658691e-01
9.999867081642150879e-01
9.999674558639526367e-01
9.998344182968139648e-01
9.995760917663574219e-01
9.978221654891967773e-01
9.945043325424194336e-01
9.883490204811096191e-01
9.785028696060180664e-01
9.699170589447021484e-01
9.718235135078430176e-01
9.818139672279357910e-01
9.963348507881164551e-01
9.987329244613647461e-01
9.999676346778869629e-01
9.998990297317504883e-01
9.998582005500793457e-01
9.998623728752136230e-01
9.999538064002990723e-01
9.999825358390808105e-01
9.999854564666748047e-01
9.999646544456481934e-01
9.989781975746154785e-01
9.973226189613342285e-01
9.946701526641845703e-01
9.938565492630004883e-01
9.952397942543029785e-01
9.979063272476196289e-01
9.998966455459594727e-01
9.999731183052062988e-01
9.999964833259582520e-01
9.999997019767761230e-01
9.999979138374328613e-01
9.999952912330627441e-01
9.999915361404418945e-01
9.999296665191650391e-01
9.993322491645812988e-01
9.980309009552001953e-01
9.960764646530151367e-01
9.949685931205749512e-01
9.962970018386840820e-01
9.978492259979248047e-01
9.991600513458251953e-01
9.982138276100158691e-01
9.965039491653442383e-01
9.941795468330383301e-01
9.914144277572631836e-01
9.910687804222106934e-01
9.943659305572509766e-01
9.964247941970825195e-01
9.967873692512512207e-01
9.927633404731750488e-01
9.863563776016235352e-01
9.783306121826171875e-01
9.660936594009399414e-01
9.659253358840942383e-01
9.771551489830017090e-01
9.870434403419494629e-01
9.788280725479125977e-01
9.385718107223510742e-01
6.419317722320556641e-01
3.143871128559112549e-01
1.451839208602905273e-01
2.187378257513046265e-01
4.447725117206573486e-01
8.066893219947814941e-01
9.962847828865051270e-01
9.883099198341369629e-01
9.913801550865173340e-01
9.953299164772033691e-01
9.980869889259338379e-01
9.988316893577575684e-01
9.988930821418762207e-01
9.993363618850708008e-01
9.996483922004699707e-01
9.998620748519897461e-01
9.998431801795959473e-01
9.995602369308471680e-01
9.988990426063537598e-01
9.637730121612548828e-01
9.388141036033630371e-01
9.659820199012756348e-01
9.734255671501159668e-01
9.364075064659118652e-01
5.389010310173034668e-01
4.531728327274322510e-01
6.711236238479614258e-01
8.562325239181518555e-01
9.800419211387634277e-01
9.921680092811584473e-01
9.932333230972290039e-01
9.858432412147521973e-01
9.557201862335205078e-01
9.075030684471130371e-01
8.498255610466003418e-01
9.408590197563171387e-01
9.944608807563781738e-01
9.991976618766784668e-01
9.999542832374572754e-01
9.999967813491821289e-01
9.999973773956298828e-01
9.998310804367065430e-01
9.871665239334106445e-01
8.657937645912170410e-01
7.872961163520812988e-01
7.481096982955932617e-01
8.688033223152160645e-01
8.551824688911437988e-01
5.742434263229370117e-01
2.623595297336578369e-01
5.715208244509994984e-04
3.686389885842800140e-03
3.250958323478698730e-01
8.538587689399719238e-01
9.349669218063354492e-01
8.962694406509399414e-01
6.987517476081848145e-01
4.026018381118774414e-01
1.689028590917587280e-01
1.642208546400070190e-01
2.920336425304412842e-01
4.569121897220611572e-01
3.553136289119720459e-01
3.333814144134521484e-01
3.900062143802642822e-01
6.993499994277954102e-01
9.200561046600341797e-01
9.155073165893554688e-01
8.147341609001159668e-01
7.072006464004516602e-01
7.383100390434265137e-01
8.407999873161315918e-01
9.967470765113830566e-01
9.845547676086425781e-01
9.760640263557434082e-01
9.769467711448669434e-01
8.038071990013122559e-01
6.590136289596557617e-01
7.525109648704528809e-01
8.683487772941589355e-01
9.910098314285278320e-01
9.958135485649108887e-01
9.988305568695068359e-01
9.997520446777343750e-01
9.998945593833923340e-01
9.997699260711669922e-01
9.992583990097045898e-01
9.972785711288452148e-01
9.948254227638244629e-01
9.937570691108703613e-01
9.947666525840759277e-01
9.976863265037536621e-01
9.981009960174560547e-01
9.975504875183105469e-01
9.954999685287475586e-01
9.953947067260742188e-01
9.961934089660644531e-01
9.983509182929992676e-01
9.994255900382995605e-01
9.996885061264038086e-01
9.996039867401123047e-01
9.995530843734741211e-01
9.995638132095336914e-01
9.995099902153015137e-01
9.995209574699401855e-01
9.998283982276916504e-01
9.999543428421020508e-01
9.992891550064086914e-01
9.769178628921508789e-01
8.515344262123107910e-01
5.948587656021118164e-01
5.296384692192077637e-01
5.759829282760620117e-01
8.472231626510620117e-01
9.576428532600402832e-01
9.854294061660766602e-01
9.904255270957946777e-01
9.951280355453491211e-01
9.995191097259521484e-01
9.986811280250549316e-01
9.972936511039733887e-01
9.961271286010742188e-01
9.958555102348327637e-01
9.959864616394042969e-01
9.963298439979553223e-01
9.971197247505187988e-01
9.983251690864562988e-01
9.991295337677001953e-01
9.997016191482543945e-01
9.998687505722045898e-01
9.996988177299499512e-01
9.987847208976745605e-01
9.941583871841430664e-01
9.824724197387695312e-01
9.650532603263854980e-01
9.680991768836975098e-01
9.772940278053283691e-01
9.957077503204345703e-01
9.828578233718872070e-01
9.621281623840332031e-01
9.490141272544860840e-01
9.627141356468200684e-01
9.960837364196777344e-01
9.987285733222961426e-01
9.999904632568359375e-01
9.999967217445373535e-01
9.999926686286926270e-01
9.999580979347229004e-01
9.998089075088500977e-01
9.988536834716796875e-01
9.973664283752441406e-01
9.964687228202819824e-01
9.967635273933410645e-01
9.987915754318237305e-01
9.995931386947631836e-01
9.999905824661254883e-01
9.999467730522155762e-01
9.999143481254577637e-01
9.998842477798461914e-01
9.996433854103088379e-01
9.993300437927246094e-01
9.989182353019714355e-01
9.989905357360839844e-01
9.991648197174072266e-01
9.993417859077453613e-01
9.943563938140869141e-01
9.757372140884399414e-01
6.687580347061157227e-01
5.194445252418518066e-01
5.734112262725830078e-01
7.491335272789001465e-01
9.154183864593505859e-01
9.776483774185180664e-01
9.974005818367004395e-01
9.936658143997192383e-01
9.969124197959899902e-01
9.990389943122863770e-01
9.997632503509521484e-01
9.993332028388977051e-01
9.919060468673706055e-01
9.638155102729797363e-01
9.590154290199279785e-01
9.673247337341308594e-01
9.845375418663024902e-01
9.955070018768310547e-01
9.987720847129821777e-01
9.993993639945983887e-01
9.993904232978820801e-01
9.989019036293029785e-01
9.991733431816101074e-01
9.998370409011840820e-01
9.999417066574096680e-01
9.994384646415710449e-01
9.981693029403686523e-01
9.918417930603027344e-01
9.793931245803833008e-01
9.507374167442321777e-01
9.448062181472778320e-01
9.522982835769653320e-01
9.752384424209594727e-01
9.911877512931823730e-01
9.980611801147460938e-01
9.996122717857360840e-01
9.999746084213256836e-01
9.999474287033081055e-01
9.992747306823730469e-01
9.982573986053466797e-01
9.987295269966125488e-01
9.990855455398559570e-01
9.992818236351013184e-01
9.988974332809448242e-01
9.986837506294250488e-01
9.995454549789428711e-01
9.999163746833801270e-01
9.999545216560363770e-01
9.975885152816772461e-01
8.388202786445617676e-01
4.498068392276763916e-01
1.862687468528747559e-01
4.226929740980267525e-05
1.224958941747900099e-05
1.346067409031093121e-03
3.619267605245113373e-03
2.903450429439544678e-01
5.836698412895202637e-01
8.824265003204345703e-01
9.731453657150268555e-01
9.995905756950378418e-01
9.997602701187133789e-01
9.998345375061035156e-01
9.998364448547363281e-01
9.998099207878112793e-01
9.997164607048034668e-01
9.995037913322448730e-01
9.989748001098632812e-01
9.983875155448913574e-01
9.980749487876892090e-01
9.982429146766662598e-01
9.988231062889099121e-01
9.988760948181152344e-01
9.980627894401550293e-01
9.955475926399230957e-01
9.877520203590393066e-01
9.709093570709228516e-01
8.995654582977294922e-01
8.113981485366821289e-01
7.067760825157165527e-01
7.547966241836547852e-01
8.344634771347045898e-01
9.485374093055725098e-01
9.905802011489868164e-01
9.984619617462158203e-01
9.980633258819580078e-01
9.981333613395690918e-01
9.987378120422363281e-01
9.983894824981689453e-01
9.920002222061157227e-01
9.680953025817871094e-01
6.996919512748718262e-01
3.039492070674896240e-01
1.619646996259689331e-01
1.301318705081939697e-01
2.488145381212234497e-01
6.376071572303771973e-01
9.916438460350036621e-01
9.688370823860168457e-01
9.734672904014587402e-01
9.968777894973754883e-01
9.955215454101562500e-01
9.946377873420715332e-01
9.952272176742553711e-01
9.975050687789916992e-01
9.998721480369567871e-01
9.998662471771240234e-01
9.987093210220336914e-01
9.965822100639343262e-01
9.833648800849914551e-01
9.780794382095336914e-01
9.915478229522705078e-01
9.974365830421447754e-01
9.999409914016723633e-01
9.999799132347106934e-01
1.000000000000000000e+00
1.000000000000000000e+00
9.999988079071044922e-01
9.999972581863403320e-01
9.999952316284179688e-01
9.999910593032836914e-01
9.999852180480957031e-01
9.999686479568481445e-01
9.999380707740783691e-01
9.998883008956909180e-01
9.994955658912658691e-01
9.985237121582031250e-01
9.955191612243652344e-01
9.934409856796264648e-01
9.920253157615661621e-01
9.935117363929748535e-01
9.951941967010498047e-01
9.970596432685852051e-01
9.986725449562072754e-01
1.000000000000000000e+00
1.000000000000000000e+00
9.911749958992004395e-01
9.740868210792541504e-01
8.614706993103027344e-01
6.637278795242309570e-01
2.795446217060089111e-01
1.641423553228378296e-01
2.022538036108016968e-01
5.994842052459716797e-01
8.686695694923400879e-01
9.757860302925109863e-01
9.967973828315734863e-01
9.991679787635803223e-01
9.996404051780700684e-01
9.998871684074401855e-01
9.999814629554748535e-01
9.999793171882629395e-01
9.999815225601196289e-01
9.999944567680358887e-01
9.999988079071044922e-01
9.999523162841796875e-01
9.995864629745483398e-01
9.993845820426940918e-01
9.993369579315185547e-01
9.996439814567565918e-01
9.998943209648132324e-01
9.998947381973266602e-01
9.994232654571533203e-01
9.985341429710388184e-01
9.939950108528137207e-01
9.931273460388183594e-01
9.971420168876647949e-01
9.989250302314758301e-01
9.999540448188781738e-01
9.999853968620300293e-01
9.999991655349731445e-01
9.999999403953552246e-01
9.999988675117492676e-01
9.999959468841552734e-01
9.999893903732299805e-01
9.999883174896240234e-01
9.999897480010986328e-01
9.999942779541015625e-01
9.999960660934448242e-01
9.999949932098388672e-01
9.973171949386596680e-01
8.962702751159667969e-01
4.905330836772918701e-01
3.084164261817932129e-01
2.623296082019805908e-01
4.410107731819152832e-01
6.064883470535278320e-01
7.500030398368835449e-01
5.407412648200988770e-01
2.700904309749603271e-01
3.044402599334716797e-01
5.343176722526550293e-01
9.445387125015258789e-01
9.936994314193725586e-01
9.999579191207885742e-01
9.999723434448242188e-01
9.995490908622741699e-01
9.987664818763732910e-01
9.944369792938232422e-01
9.918376803398132324e-01
9.916954636573791504e-01
9.952257275581359863e-01
9.989449381828308105e-01
9.988344311714172363e-01
9.970270991325378418e-01
9.938091635704040527e-01
9.926902055740356445e-01
9.929753541946411133e-01
9.961037039756774902e-01
9.977389574050903320e-01
9.984319210052490234e-01
9.951504468917846680e-01
9.877666234970092773e-01
9.750247001647949219e-01
9.559962153434753418e-01
9.209062457084655762e-01
8.214368820190429688e-01
7.437909245491027832e-01
6.830786466598510742e-01
7.122277617454528809e-01
5.945997238159179688e-01
1.407319158315658569e-01
2.450769443385070190e-06
5.296556628309190273e-05
8.438320364803075790e-04
4.981783684343099594e-03
1.337887905538082123e-02
4.396376609802246094e-01
8.762887120246887207e-01
9.616497159004211426e-01
9.992132782936096191e-01
9.999154806137084961e-01
9.996537566184997559e-01
9.970040917396545410e-01
9.892472028732299805e-01
9.670827984809875488e-01
9.410482048988342285e-01
9.571576118469238281e-01
9.735924601554870605e-01
9.904504418373107910e-01
9.966669082641601562e-01
9.997225403785705566e-01
9.999101758003234863e-01
9.984686970710754395e-01
9.957246780395507812e-01
9.898595809936523438e-01
9.866386651992797852e-01
9.901710748672485352e-01
9.901651740074157715e-01
9.628574848175048828e-01
3.767441213130950928e-01
2.540717273950576782e-02
4.437430761754512787e-03
1.266076924366643652e-05
5.395952393882907927e-05
2.295956219313666224e-04
2.099276462104171515e-04
1.876545684353914112e-05
4.945983528159558773e-04
1.124896630644798279e-01
5.189951658248901367e-01
7.938181757926940918e-01
9.924752116203308105e-01
9.930068254470825195e-01
9.901246428489685059e-01
9.817976355552673340e-01
9.837895631790161133e-01
9.891567230224609375e-01
9.947965741157531738e-01
9.981809854507446289e-01
9.992754459381103516e-01
9.996702075004577637e-01
9.999028444290161133e-01
9.999634623527526855e-01
9.999904036521911621e-01
9.999954104423522949e-01
9.999117255210876465e-01
9.971590638160705566e-01
9.892934560775756836e-01
9.129396080970764160e-01
7.944331169128417969e-01
5.081115961074829102e-01
3.321101069450378418e-01
2.918431758880615234e-01
6.376135349273681641e-01
9.874689579010009766e-01
9.661715626716613770e-01
9.125293493270874023e-01
8.326548933982849121e-01
5.775303840637207031e-01
3.328604698181152344e-01
1.519850641489028931e-01
5.841164663434028625e-02
1.173782628029584885e-02
4.462530836462974548e-03
2.566966286394745111e-04
9.214602177962660789e-04
4.549084603786468506e-01
9.846786856651306152e-01
9.892643094062805176e-01
9.892506003379821777e-01
9.843835830688476562e-01
9.849113225936889648e-01
9.868612289428710938e-01
9.905906319618225098e-01
9.930031895637512207e-01
9.944859147071838379e-01
9.963319301605224609e-01
9.955940246582031250e-01
9.892033934593200684e-01
9.694123864173889160e-01
9.438577294349670410e-01
9.308886528015136719e-01
9.335528612136840820e-01
9.587999582290649414e-01
9.725660681724548340e-01
9.824043512344360352e-01
9.886636734008789062e-01
9.935832023620605469e-01
9.971783161163330078e-01
9.986414909362792969e-01
9.995674490928649902e-01
9.997882843017578125e-01
9.996224641799926758e-01
9.991912245750427246e-01
9.991513490676879883e-01
9.992510080337524414e-01
9.996092915534973145e-01
9.997680783271789551e-01
9.993364810943603516e-01
9.881541132926940918e-01
8.068369626998901367e-01
3.786231279373168945e-01
4.048439562320709229e-01
5.777376294136047363e-01
8.241434097290039062e-01
9.640958309173583984e-01
9.948998093605041504e-01
9.990346431732177734e-01
9.987796545028686523e-01
9.989197254180908203e-01
9.989874362945556641e-01
9.990020394325256348e-01
9.952191710472106934e-01
9.900721907615661621e-01
9.823104739189147949e-01
9.861593246459960938e-01
9.957452416419982910e-01
9.942484498023986816e-01
9.912964105606079102e-01
9.859871864318847656e-01
9.907509088516235352e-01
9.982513189315795898e-01
9.990864992141723633e-01
9.996135830879211426e-01
9.997804164886474609e-01
9.998772740364074707e-01
9.999200701713562012e-01
9.997875094413757324e-01
9.997144937515258789e-01
9.996923208236694336e-01
9.997960925102233887e-01
9.998927712440490723e-01
9.999285936355590820e-01
9.999255537986755371e-01
9.998983740806579590e-01
9.995295405387878418e-01
9.971192479133605957e-01
9.906623959541320801e-01
9.564938545227050781e-01
9.049631357192993164e-01
7.541059851646423340e-01
6.324742436408996582e-01
5.533835291862487793e-01
6.224788427352905273e-01
7.414037585258483887e-01
8.874522447586059570e-01
9.736532568931579590e-01
9.944123625755310059e-01
9.987100362777709961e-01
9.995432496070861816e-01
9.996176362037658691e-01
9.970740675926208496e-01
9.923665523529052734e-01
9.578960537910461426e-01
9.321991205215454102e-01
9.410914778709411621e-01
9.605156183242797852e-01
9.865762591361999512e-01
9.938570857048034668e-01
9.973348379135131836e-01
9.941306710243225098e-01
9.935382008552551270e-01
9.942167997360229492e-01
9.960935711860656738e-01
9.969311952590942383e-01
9.961418509483337402e-01
9.973035454750061035e-01
9.988937973976135254e-01
9.983494281768798828e-01
9.977965354919433594e-01
9.972325563430786133e-01
9.974085092544555664e-01
9.974279999732971191e-01
9.956877231597900391e-01
9.949147105216979980e-01
9.950621128082275391e-01
9.969279170036315918e-01
9.985358119010925293e-01
9.982882738113403320e-01
9.770424365997314453e-01
9.400838613510131836e-01
6.872192621231079102e-01
4.626341164112091064e-01
3.550800681114196777e-01
4.250572621822357178e-01
5.993312597274780273e-01
8.394085168838500977e-01
9.780230522155761719e-01
9.122752547264099121e-01
9.248592257499694824e-01
9.717910289764404297e-01
9.773823618888854980e-01
9.840446114540100098e-01
9.923859238624572754e-01
9.966813921928405762e-01
9.993186593055725098e-01
9.995638132095336914e-01
9.994948506355285645e-01
9.990333318710327148e-01
9.988336563110351562e-01
9.987644553184509277e-01
9.990654587745666504e-01
9.994388818740844727e-01
9.998863339424133301e-01
9.975052475929260254e-01
9.848770499229431152e-01
9.319676756858825684e-01
8.879040479660034180e-01
8.512597084045410156e-01
8.908127546310424805e-01
9.380615353584289551e-01
9.807213544845581055e-01
9.987020492553710938e-01
9.997801780700683594e-01
9.967587590217590332e-01
9.893534779548645020e-01
9.718625545501708984e-01
9.667828679084777832e-01
9.687585234642028809e-01
9.863250851631164551e-01
9.985073804855346680e-01
9.993814229965209961e-01
9.997274279594421387e-01
9.998137950897216797e-01
9.994818568229675293e-01
9.992477893829345703e-01
9.991766214370727539e-01
9.986793398857116699e-01
9.980499744415283203e-01
9.978191852569580078e-01
9.981843829154968262e-01
9.993812441825866699e-01
9.998025894165039062e-01
9.999645948410034180e-01
9.999737143516540527e-01
9.999731779098510742e-01
9.999610185623168945e-01
9.999492168426513672e-01
9.999240636825561523e-01
9.998205304145812988e-01
9.997147917747497559e-01
9.996069669723510742e-01
9.996733665466308594e-01
9.997743964195251465e-01
9.998802542686462402e-01
9.999473094940185547e-01
9.999796152114868164e-01
9.999828338623046875e-01
9.999770522117614746e-01
9.999540448188781738e-01
9.999000430107116699e-01
9.998219013214111328e-01
9.934744834899902344e-01
8.918822407722473145e-01
5.063398480415344238e-01
4.136001467704772949e-01
5.210220217704772949e-01
7.763000130653381348e-01
9.639981389045715332e-01
9.555726647377014160e-01
8.480215072631835938e-01
6.815456748008728027e-01
5.172643661499023438e-01
4.273195266723632812e-01
5.021064281463623047e-01
3.259086310863494873e-01
1.665460690855979919e-02
1.471786946058273315e-02
6.289887428283691406e-02
2.068279385566711426e-01
5.247648954391479492e-01
9.151897430419921875e-01
9.111459851264953613e-01
8.990533947944641113e-01
8.729012608528137207e-01
7.330880761146545410e-01
5.475823283195495605e-01
3.890421688556671143e-01
3.830664753913879395e-01
6.182717680931091309e-01
8.086062073707580566e-01
9.711900949478149414e-01
9.892934560775756836e-01
9.999519586563110352e-01
9.998355507850646973e-01
9.993206262588500977e-01
9.984269142150878906e-01
9.950400590896606445e-01
9.854775667190551758e-01
9.677205681800842285e-01
9.463832974433898926e-01
9.299432039260864258e-01
9.613595008850097656e-01
9.830739498138427734e-01
9.928478598594665527e-01
9.941014051437377930e-01
9.927996993064880371e-01
9.898203015327453613e-01
9.838944673538208008e-01
9.745572805404663086e-01
9.069358110427856445e-01
8.353877067565917969e-01
8.273369073867797852e-01
8.658901453018188477e-01
9.552140831947326660e-01
9.766952991485595703e-01
9.822760224342346191e-01
9.843191504478454590e-01
9.856914877891540527e-01
9.863713383674621582e-01
9.931449890136718750e-01
9.998519420623779297e-01
9.998854398727416992e-01
9.999217391014099121e-01
9.999607205390930176e-01
9.999655485153198242e-01
9.999500513076782227e-01
9.998701810836791992e-01
9.991258978843688965e-01
9.977440237998962402e-01
9.843413829803466797e-01
9.654328823089599609e-01
9.316384792327880859e-01
9.376842975616455078e-01
9.806993007659912109e-01
9.934868216514587402e-01
9.996648430824279785e-01
9.998785257339477539e-01
9.999754428863525391e-01
9.999655485153198242e-01
9.999480843544006348e-01
9.997556805610656738e-01
9.988315701484680176e-01
9.883393049240112305e-01
9.692254066467285156e-01
9.814851880073547363e-01
9.940959215164184570e-01
9.872688055038452148e-01
9.793238639831542969e-01
9.703863859176635742e-01
6.673251390457153320e-01
3.418874740600585938e-01
1.154610514640808105e-01
1.120949164032936096e-01
3.078305721282958984e-01
6.323975324630737305e-01
9.172781705856323242e-01
9.536083340644836426e-01
9.558321833610534668e-01
9.274421334266662598e-01
8.285012841224670410e-01
7.643576860427856445e-01
8.931472897529602051e-01
9.686583876609802246e-01
9.960786104202270508e-01
6.434690356254577637e-01
3.391704261302947998e-01
5.132447481155395508e-01
7.039465904235839844e-01
9.100683927536010742e-01
9.596393108367919922e-01
9.655552506446838379e-01
8.997665047645568848e-01
8.940845131874084473e-01
9.459199309349060059e-01
9.757569432258605957e-01
9.972780346870422363e-01
9.990383982658386230e-01
9.998449683189392090e-01
9.997097253799438477e-01
9.507526159286499023e-01
9.084539413452148438e-01
9.499449729919433594e-01
9.795566797256469727e-01
9.968824982643127441e-01
8.559545874595642090e-01
6.621493697166442871e-01
3.637962937355041504e-01
2.078603953123092651e-01
2.073037475347518921e-01
3.777286112308502197e-01
5.942431688308715820e-01
8.452111482620239258e-01
9.825610518455505371e-01
9.891282916069030762e-01
6.938234567642211914e-01
3.401810228824615479e-01
1.285721212625503540e-01
1.515766140073537827e-02
2.256448753178119659e-02
3.893882036209106445e-01
8.232375383377075195e-01
9.357501268386840820e-01
1.000000000000000000e+00
1.000000000000000000e+00
9.803975820541381836e-01
9.562910795211791992e-01
9.520531892776489258e-01
9.548355937004089355e-01
9.677386879920959473e-01
9.702851772308349609e-01
9.565958976745605469e-01
7.581332921981811523e-01
5.974236726760864258e-01
4.962330460548400879e-01
5.853118300437927246e-01
7.500490546226501465e-01
8.964688181877136230e-01
9.916246533393859863e-01
9.969252943992614746e-01
9.973661303520202637e-01
9.956483244895935059e-01
9.970040917396545410e-01
9.983250498771667480e-01
9.995778799057006836e-01
9.982008934020996094e-01
9.954925775527954102e-01
9.878220558166503906e-01
9.851971268653869629e-01
9.938040375709533691e-01
9.979202747344970703e-01
9.994537234306335449e-01
9.997227191925048828e-01
9.998962283134460449e-01
9.999637603759765625e-01
9.999884963035583496e-01
9.999853372573852539e-01
9.999713301658630371e-01
9.999143481254577637e-01
9.997319579124450684e-01
9.993715286254882812e-01
9.988802075386047363e-01
9.994567036628723145e-01
9.979061484336853027e-01
9.884223341941833496e-01
9.647471308708190918e-01
9.291403889656066895e-01
8.888634443283081055e-01
8.188995122909545898e-01
6.209172606468200684e-01
4.252445399761199951e-01
2.322996854782104492e-01
2.936829924583435059e-01
4.271849691867828369e-01
6.700899004936218262e-01
8.398820161819458008e-01
9.266338944435119629e-01
9.674538969993591309e-01
9.932650327682495117e-01
9.962837100028991699e-01
9.985151886940002441e-01
9.997040629386901855e-01
9.960711598396301270e-01
9.870057702064514160e-01
9.269005656242370605e-01
8.300856351852416992e-01
6.760199069976806641e-01
6.311308145523071289e-01
6.346535682678222656e-01
7.632501721382141113e-01
8.707159161567687988e-01
9.380672574043273926e-01
9.541743993759155273e-01
9.446288347244262695e-01
7.263598442077636719e-01
4.865547418594360352e-01
2.056367695331573486e-01
1.713774353265762329e-01
2.872308492660522461e-01
5.924010872840881348e-01
8.513587713241577148e-01
9.392842054367065430e-01
9.821618795394897461e-01
9.915820360183715820e-01
9.673099517822265625e-01
9.461573362350463867e-01
9.526107311248779297e-01
9.674457907676696777e-01
9.898348450660705566e-01
9.965659379959106445e-01
9.997761845588684082e-01
9.998155832290649414e-01
9.985511302947998047e-01
9.958530068397521973e-01
9.965782165527343750e-01
9.981482028961181641e-01
9.992054104804992676e-01
9.997172951698303223e-01
9.994820356369018555e-01
9.989361763000488281e-01
9.982259273529052734e-01
9.965711236000061035e-01
9.944677948951721191e-01
9.915929436683654785e-01
9.919604063034057617e-01
9.938392043113708496e-01
9.950040578842163086e-01
9.959698915481567383e-01
9.965006113052368164e-01
9.977972507476806641e-01
9.995541572570800781e-01
9.998189210891723633e-01
9.999028444290161133e-01
9.997333884239196777e-01
9.993222951889038086e-01
9.987255334854125977e-01
9.977855682373046875e-01
9.954597353935241699e-01
9.875647425651550293e-01
9.616413712501525879e-01
9.181354641914367676e-01
9.121982455253601074e-01
9.175350666046142578e-01
9.429182410240173340e-01
9.659653306007385254e-01
9.861310124397277832e-01
9.946206808090209961e-01
9.990942478179931641e-01
9.995998144149780273e-01
9.999224543571472168e-01
9.999465346336364746e-01
9.998854994773864746e-01
9.997867941856384277e-01
9.997448325157165527e-01
9.997431635856628418e-01
9.998295903205871582e-01
9.998989105224609375e-01
9.999580383300781250e-01
9.999377131462097168e-01
9.998271465301513672e-01
9.994577765464782715e-01
9.988791942596435547e-01
9.981343150138854980e-01
9.975068569183349609e-01
9.968564510345458984e-01
9.960130453109741211e-01
9.955837130546569824e-01
9.955903887748718262e-01
9.965434074401855469e-01
9.977027773857116699e-01
9.985498189926147461e-01
9.992124438285827637e-01
9.996166229248046875e-01
9.994803071022033691e-01
9.989081621170043945e-01
9.916709661483764648e-01
9.490777254104614258e-01
8.383818268775939941e-01
8.409923315048217773e-01
9.048927426338195801e-01
9.497933387756347656e-01
9.559173583984375000e-01
8.568029999732971191e-01
5.519161224365234375e-01
9.285821020603179932e-02
1.524415463209152222e-01
3.301610648632049561e-01
7.111248970031738281e-01
9.303108453750610352e-01
9.840527772903442383e-01
9.971563220024108887e-01
9.998716115951538086e-01
9.999424815177917480e-01
9.999871253967285156e-01
9.999945759773254395e-01
9.999263286590576172e-01
9.998176693916320801e-01
9.992952346801757812e-01
9.990570545196533203e-01
9.993924498558044434e-01
9.996305108070373535e-01
9.998126029968261719e-01
9.982845187187194824e-01
9.224627614021301270e-01
6.222081184387207031e-01
3.283679783344268799e-01
4.033229872584342957e-02
4.155735496169654652e-06
1.130489820887545026e-23
3.935251558356742696e-24
6.363370339386165142e-04
1.997240819036960602e-03
3.337558209896087646e-01
7.370915412902832031e-01
8.061921596527099609e-01
7.153944373130798340e-01
3.616451919078826904e-01
1.489805281162261963e-01
2.244740957394242287e-03
7.002041257919700001e-08
2.420978416921570897e-04
1.079505542293190956e-03
3.289596736431121826e-01
8.819697499275207520e-01
9.718047976493835449e-01
9.997990131378173828e-01
9.987778663635253906e-01
9.986596107482910156e-01
9.994510412216186523e-01
9.990661740303039551e-01
9.967089295387268066e-01
9.795982837677001953e-01
9.751061797142028809e-01
9.892783164978027344e-01
9.960634708404541016e-01
9.997320771217346191e-01
9.998683333396911621e-01
9.999495148658752441e-01
9.999072551727294922e-01
9.976068735122680664e-01
9.938552379608154297e-01
9.968803524971008301e-01
9.729436635971069336e-01
8.447079658508300781e-01
6.121128797531127930e-01
2.783542573451995850e-01
1.631487011909484863e-01
1.512446850538253784e-01
5.650386214256286621e-01
8.450656533241271973e-01
9.311404228210449219e-01
9.683858156204223633e-01
9.854844808578491211e-01
9.887769818305969238e-01
9.922971129417419434e-01
9.963352680206298828e-01
9.986040592193603516e-01
9.997279644012451172e-01
9.998699426651000977e-01
9.999119043350219727e-01
9.999706745147705078e-01
1.000000000000000000e+00
1.000000000000000000e+00
9.998905062675476074e-01
9.997596144676208496e-01
9.996893405914306641e-01
9.993129372596740723e-01
9.984654784202575684e-01
9.849547743797302246e-01
9.657936096191406250e-01
9.471508264541625977e-01
9.414662718772888184e-01
9.678882360458374023e-01
9.848235249519348145e-01
9.949623942375183105e-01
9.978970289230346680e-01
9.995306134223937988e-01
9.997554421424865723e-01
9.998396039009094238e-01
9.997652173042297363e-01
9.998528361320495605e-01
9.999818801879882812e-01
9.999929070472717285e-01
9.999710917472839355e-01
9.998903274536132812e-01
9.998144507408142090e-01
9.997413158416748047e-01
9.997471570968627930e-01
9.995719790458679199e-01
9.988229274749755859e-01
9.865601658821105957e-01
9.644252657890319824e-01
7.495288848876953125e-01
5.080811977386474609e-01
3.543837666511535645e-01
3.189577162265777588e-01
4.478904604911804199e-01
6.883277893066406250e-01
9.723111987113952637e-01
9.883052110671997070e-01
9.996057748794555664e-01
9.998859763145446777e-01
9.999490380287170410e-01
9.998630881309509277e-01
9.993175268173217773e-01
9.979562759399414062e-01
9.931155443191528320e-01
9.840056896209716797e-01
9.700801968574523926e-01
9.618593454360961914e-01
9.561020135879516602e-01
9.622926712036132812e-01
9.407337903976440430e-01
8.666616678237915039e-01
7.193083167076110840e-01
5.300113558769226074e-01
4.665331244468688965e-01
4.827294051647186279e-01
7.456816434860229492e-01
9.109936356544494629e-01
9.837275743484497070e-01
9.989144206047058105e-01
9.999777078628540039e-01
9.999660849571228027e-01
9.999676942825317383e-01
9.999908804893493652e-01
9.999990463256835938e-01
9.999998807907104492e-01
9.999999403953552246e-01
9.999976754188537598e-01
9.999886751174926758e-01
9.998655319213867188e-01
9.996464848518371582e-01
9.994236826896667480e-01
9.992697238922119141e-01
9.996132850646972656e-01
9.998582005500793457e-01
9.999630451202392578e-01
9.999923706054687500e-01
9.999893903732299805e-01
9.994478821754455566e-01
9.956117868423461914e-01
9.831845164299011230e-01
9.763047695159912109e-01
9.737043976783752441e-01
9.806094169616699219e-01
9.874496459960937500e-01
9.839401841163635254e-01
9.832422733306884766e-01
9.862890243530273438e-01
9.921984076499938965e-01
9.991918802261352539e-01
9.994542598724365234e-01
9.996837377548217773e-01
9.998328685760498047e-01
9.998803138732910156e-01
9.998531341552734375e-01
9.995097517967224121e-01
9.992313385009765625e-01
9.996115565299987793e-01
9.998604655265808105e-01
9.999380707740783691e-01
7.920764088630676270e-01
5.052684545516967773e-01
4.377911388874053955e-01
4.340037703514099121e-01
5.838562250137329102e-01
7.546365261077880859e-01
9.406347274780273438e-01
9.815898537635803223e-01
9.970259070396423340e-01
9.976977705955505371e-01
9.982097148895263672e-01
9.985104203224182129e-01
9.988625645637512207e-01
9.992358088493347168e-01
9.978008866310119629e-01
9.929406642913818359e-01
9.793559908866882324e-01
9.715897440910339355e-01
9.682995080947875977e-01
9.818140268325805664e-01
9.963954091072082520e-01
9.984816908836364746e-01
9.997595548629760742e-01
9.999012947082519531e-01
9.999008178710937500e-01
9.998390078544616699e-01
9.989490509033203125e-01
9.982645511627197266e-01
9.982075691223144531e-01
9.985412955284118652e-01
9.992019534111022949e-01
9.969159960746765137e-01
9.936707019805908203e-01
9.876084923744201660e-01
9.757010936737060547e-01
9.546508193016052246e-01
8.713448047637939453e-01
7.576317787170410156e-01
7.415562868118286133e-01
7.612148523330688477e-01
8.816378116607666016e-01
9.493554830551147461e-01
9.673777222633361816e-01
9.704884290695190430e-01
9.704844951629638672e-01
9.795965552330017090e-01
9.884716272354125977e-01
9.969161152839660645e-01
9.899071455001831055e-01
9.740386009216308594e-01
9.826707839965820312e-01
9.923126697540283203e-01
9.968338012695312500e-01
9.994149208068847656e-01
9.998524188995361328e-01
9.999732375144958496e-01
9.999911189079284668e-01
9.999924898147583008e-01
9.999843835830688477e-01
9.999552965164184570e-01
9.998736381530761719e-01
9.997555017471313477e-01
9.997851848602294922e-01
9.998426437377929688e-01
9.999302029609680176e-01
9.999853968620300293e-01
9.999966621398925781e-01
9.999930262565612793e-01
9.999830126762390137e-01
9.999697208404541016e-01
9.999616146087646484e-01
9.999686479568481445e-01
9.999732375144958496e-01
9.999758005142211914e-01
9.999769330024719238e-01
9.999771714210510254e-01
9.999712109565734863e-01
9.999293088912963867e-01
9.998240470886230469e-01
9.995754361152648926e-01
9.992458820343017578e-01
9.991221427917480469e-01
9.991120100021362305e-01
9.995047450065612793e-01
9.997913837432861328e-01
9.999572038650512695e-01
9.999701380729675293e-01
9.999198317527770996e-01
9.992828965187072754e-01
9.989563226699829102e-01
9.993814229965209961e-01
9.997047781944274902e-01
9.999498724937438965e-01
9.999938607215881348e-01
9.999986886978149414e-01
9.999991655349731445e-01
9.999990463256835938e-01
9.999981522560119629e-01
9.997842907905578613e-01
9.994617700576782227e-01
9.922050833702087402e-01
9.766867160797119141e-01
9.317607879638671875e-01
9.119457006454467773e-01
9.190001487731933594e-01
9.539520740509033203e-01
9.966400861740112305e-01
9.939837455749511719e-01
9.933858513832092285e-01
9.976030588150024414e-01
9.978515505790710449e-01
9.951227903366088867e-01
9.810099601745605469e-01
9.652631282806396484e-01
9.534390568733215332e-01
9.567645788192749023e-01
9.841017723083496094e-01
9.958093166351318359e-01
9.994072914123535156e-01
9.991607666015625000e-01
9.980310201644897461e-01
9.945324659347534180e-01
9.874765872955322266e-01
9.764153361320495605e-01
9.737399220466613770e-01
9.740760326385498047e-01
9.829838871955871582e-01
9.874920845031738281e-01
9.807488322257995605e-01
8.626299500465393066e-01
6.541434526443481445e-01
3.462762534618377686e-01
4.763343557715415955e-02
5.547606945037841797e-02
1.853813678026199341e-01
5.303184390068054199e-01
7.790883779525756836e-01
9.717960953712463379e-01
9.944391846656799316e-01
9.974733591079711914e-01
9.975678324699401855e-01
9.980645179748535156e-01
9.990817308425903320e-01
9.983006715774536133e-01
9.967643618583679199e-01
9.959698319435119629e-01
9.958692193031311035e-01
9.978996515274047852e-01
9.987057447433471680e-01
9.983248114585876465e-01
9.932914972305297852e-01
9.870023727416992188e-01
9.825383424758911133e-01
9.807412624359130859e-01
9.848498106002807617e-01
9.720019698143005371e-01
9.467262029647827148e-01
7.336154580116271973e-01
5.044834613800048828e-01
4.346480071544647217e-01
4.516982734203338623e-01
6.140440106391906738e-01
7.043005228042602539e-01
7.539843320846557617e-01
8.138712644577026367e-01
8.775159120559692383e-01
9.541845917701721191e-01
9.980197548866271973e-01
9.995023012161254883e-01
9.999533891677856445e-01
9.999698996543884277e-01
9.999823570251464844e-01
9.999799132347106934e-01
9.999277591705322266e-01
9.750693440437316895e-01
9.248840808868408203e-01
5.634503364562988281e-01
1.153660044074058533e-01
2.325615882873535156e-01
3.963404893875122070e-01
6.765167117118835449e-01
8.003849387168884277e-01
7.963233590126037598e-01
4.240887761116027832e-01
4.479795228689908981e-03
1.470438577234745026e-02
1.076546683907508850e-01
3.609019517898559570e-01
5.754913091659545898e-01
7.641248703002929688e-01
8.314002156257629395e-01
8.824808597564697266e-01
9.531370997428894043e-01
9.971426129341125488e-01
9.990058541297912598e-01
9.996480345726013184e-01
9.996330738067626953e-01
9.935683608055114746e-01
9.603159427642822266e-01
8.010431528091430664e-01
5.950454473495483398e-01
3.285300433635711670e-01
2.581621110439300537e-01
2.731162607669830322e-01
6.593803763389587402e-01
9.775899648666381836e-01
9.911405444145202637e-01
9.983212351799011230e-01
9.985066652297973633e-01
9.990881085395812988e-01
9.998106360435485840e-01
9.999130964279174805e-01
9.999854564666748047e-01
9.999760985374450684e-01
9.998735189437866211e-01
9.996838569641113281e-01
9.985355734825134277e-01
9.965594410896301270e-01
9.797655940055847168e-01
9.643037915229797363e-01
9.519713521003723145e-01
9.573600292205810547e-01
9.770824313163757324e-01
9.875680208206176758e-01
9.945337772369384766e-01
9.833601713180541992e-01
9.722580313682556152e-01
9.613031744956970215e-01
9.579288959503173828e-01
9.599496722221374512e-01
9.613585472106933594e-01
9.637171030044555664e-01
9.756242036819458008e-01
9.861210584640502930e-01
9.940590262413024902e-01
9.980849623680114746e-01
9.996721744537353516e-01
9.999274015426635742e-01
9.999775886535644531e-01
9.999703764915466309e-01
9.999734163284301758e-01
9.999929666519165039e-01
9.999895095825195312e-01
9.999730587005615234e-01
9.999340176582336426e-01
9.977228045463562012e-01
9.832686185836791992e-01
9.062880873680114746e-01
7.375754117965698242e-01
7.943022251129150391e-01
9.657992124557495117e-01
9.901324510574340820e-01
9.994227886199951172e-01
9.997315406799316406e-01
9.998686313629150391e-01
9.997751712799072266e-01
9.990313053131103516e-01
9.979807734489440918e-01
9.990235567092895508e-01
9.998916983604431152e-01
9.993577003479003906e-01
9.990418553352355957e-01
9.990027546882629395e-01
9.987298846244812012e-01
9.983546137809753418e-01
9.984009265899658203e-01
9.982772469520568848e-01
9.973926544189453125e-01
9.866459369659423828e-01
9.641417860984802246e-01
9.499371051788330078e-01
9.391639828681945801e-01
9.612498879432678223e-01
9.818083047866821289e-01
9.912725090980529785e-01
9.928824901580810547e-01
9.853748679161071777e-01
9.877520799636840820e-01
9.940935969352722168e-01
9.861857891082763672e-01
9.790627956390380859e-01
9.765110015869140625e-01
9.619014263153076172e-01
9.336302876472473145e-01
5.573192834854125977e-01
4.700686782598495483e-02
1.446258835494518280e-02
1.416138647319931110e-11
7.457029438384665809e-11
3.957864828407764435e-03
1.235816627740859985e-02
2.418393343687057495e-01
5.571493506431579590e-01
5.121748447418212891e-01
4.921575784683227539e-01
6.005597114562988281e-01
6.815974712371826172e-01
7.316694855690002441e-01
6.293060779571533203e-01
4.674409329891204834e-01
6.332661509513854980e-01
7.579561471939086914e-01
6.961402297019958496e-01
5.147718787193298340e-01
1.962247788906097412e-01
6.498956680297851562e-02
9.356090798974037170e-03
3.903914988040924072e-02
1.530430614948272705e-01
5.745770931243896484e-01
8.532834053039550781e-01
9.608228206634521484e-01
8.666230440139770508e-01
6.865413188934326172e-01
5.348296165466308594e-01
4.801647961139678955e-01
8.143283724784851074e-01
7.467682957649230957e-01
1.762043535709381104e-01
0.000000000000000000e+00
0.000000000000000000e+00
3.665118144671341046e-21
2.512233145534992218e-02
1.641281545162200928e-01
4.183371067047119141e-01
8.272114396095275879e-01
9.754235744476318359e-01
9.965931773185729980e-01
9.989262223243713379e-01
9.993788003921508789e-01
9.988932013511657715e-01
9.976226091384887695e-01
9.952165484428405762e-01
9.956794381141662598e-01
9.976574778556823730e-01
9.950563907623291016e-01
9.893575906753540039e-01
9.681042432785034180e-01
9.545348286628723145e-01
9.532058238983154297e-01
9.589867591857910156e-01
9.689400196075439453e-01
9.720802903175354004e-01
9.750972986221313477e-01
9.845582246780395508e-01
9.922356009483337402e-01
9.967575669288635254e-01
9.988961815834045410e-01
9.994752407073974609e-01
9.990256428718566895e-01
9.979687929153442383e-01
9.927252531051635742e-01
9.862871766090393066e-01
9.774466753005981445e-01
9.823019504547119141e-01
9.972558021545410156e-01
9.990893006324768066e-01
9.980921149253845215e-01
9.990314841270446777e-01
9.997052550315856934e-01
9.997614622116088867e-01
9.986885190010070801e-01
9.966573715209960938e-01
9.974780678749084473e-01
9.990632534027099609e-01
9.995381832122802734e-01
9.996619820594787598e-01
9.988144040107727051e-01
9.936974048614501953e-01
9.844234585762023926e-01
9.872203469276428223e-01
9.941389560699462891e-01
9.972203373908996582e-01
9.994365572929382324e-01
9.988585114479064941e-01
9.925442934036254883e-01
9.795884490013122559e-01
7.391940355300903320e-01
4.019955396652221680e-01
1.791487932205200195e-01
4.493337124586105347e-03
1.594122499227523804e-02
1.458065211772918701e-01
4.393564760684967041e-01
7.079373002052307129e-01
9.638506174087524414e-01
9.950318336486816406e-01
9.996531605720520020e-01
9.994035959243774414e-01
9.982808828353881836e-01
9.956824183464050293e-01
9.957976341247558594e-01
9.976579546928405762e-01
9.973419904708862305e-01
9.957830309867858887e-01
9.849277138710021973e-01
8.992460966110229492e-01
6.547161936759948730e-01
3.758122026920318604e-01
7.024063915014266968e-02
2.292336337268352509e-02
5.116298794746398926e-02
3.645741939544677734e-01
6.541991829872131348e-01
8.769337534904479980e-01
9.908214211463928223e-01
9.964454174041748047e-01
9.974741935729980469e-01
9.968550801277160645e-01
9.948206543922424316e-01
9.883534908294677734e-01
9.650579094886779785e-01
9.383848905563354492e-01
9.074065089225769043e-01
9.308449625968933105e-01
9.801326394081115723e-01
9.924092292785644531e-01
9.998659491539001465e-01
9.999209046363830566e-01
9.996346235275268555e-01
9.987941980361938477e-01
9.923896193504333496e-01
9.824849367141723633e-01
9.621084332466125488e-01
9.428166747093200684e-01
9.571257233619689941e-01
9.718668460845947266e-01
9.875541329383850098e-01
9.961796402931213379e-01
9.989345073699951172e-01
9.997074604034423828e-01
9.999092221260070801e-01
9.991100430488586426e-01
9.972524642944335938e-01
9.921754002571105957e-01
9.837473034858703613e-01
9.716672301292419434e-01
9.564959406852722168e-01
9.400378465652465820e-01
9.337042570114135742e-01
9.340549111366271973e-01
9.635157585144042969e-01
9.843822121620178223e-01
9.925268292427062988e-01
9.970385432243347168e-01
9.994680881500244141e-01
9.998935461044311523e-01
9.999974370002746582e-01
9.999974966049194336e-01
9.999925494194030762e-01
9.999775290489196777e-01
9.984353184700012207e-01
9.956879019737243652e-01
8.994320631027221680e-01
7.789811491966247559e-01
7.057035565376281738e-01
6.631699800491333008e-01
7.147989273071289062e-01
7.666467428207397461e-01
8.186030387878417969e-01
8.818832039833068848e-01
9.499084949493408203e-01
9.685005545616149902e-01
9.806837439537048340e-01
9.779938459396362305e-01
9.765397310256958008e-01
9.770029187202453613e-01
9.844394922256469727e-01
9.961533546447753906e-01
9.988951086997985840e-01
9.999531507492065430e-01
9.999781847000122070e-01
9.999963045120239258e-01
9.999982714653015137e-01
9.999993443489074707e-01
9.999997019767761230e-01
9.999996423721313477e-01
9.999994635581970215e-01
9.999960064888000488e-01
9.999869465827941895e-01
9.999566078186035156e-01
9.999254345893859863e-01
9.998931884765625000e-01
9.999210834503173828e-01
9.999798536300659180e-01
9.999924302101135254e-01
9.999971985816955566e-01
9.999868273735046387e-01
9.996467232704162598e-01
9.986593723297119141e-01
9.856019616127014160e-01
9.631360769271850586e-01
9.648475050926208496e-01
9.730849266052246094e-01
9.774871468544006348e-01
9.801826477050781250e-01
9.773765802383422852e-01
9.780838489532470703e-01
9.828996062278747559e-01
9.873081445693969727e-01
9.915339350700378418e-01
8.432761430740356445e-01
6.493749618530273438e-01
2.558093369007110596e-01
3.190948860719799995e-03
2.757844980806112289e-03
1.516631543636322021e-01
4.086544215679168701e-01
6.920347809791564941e-01
9.738773107528686523e-01
9.726533889770507812e-01
8.743603229522705078e-01
4.825229644775390625e-01
2.025062441825866699e-01
4.853465780615806580e-02
2.412356436252593994e-02
5.670492351055145264e-02
1.160255149006843567e-01
1.560238599777221680e-01
6.139073148369789124e-02
6.636577891185879707e-04
2.304673835169523954e-04
1.253001838922500610e-01
3.413918018341064453e-01
6.145718693733215332e-01
8.956037759780883789e-01
9.003488421440124512e-01
9.075816273689270020e-01
9.225938320159912109e-01
9.066186547279357910e-01
8.549181818962097168e-01
6.451969742774963379e-01
3.627206683158874512e-01
2.521664798259735107e-01
1.721998900175094604e-01
1.780004501342773438e-01
2.222246229648590088e-01
3.394651710987091064e-01
5.176516771316528320e-01
7.426783442497253418e-01
8.496137261390686035e-01
9.236543178558349609e-01
9.542540311813354492e-01
9.508133530616760254e-01
8.262373208999633789e-01
6.185003519058227539e-01
3.039292693138122559e-01
1.515268534421920776e-01
8.415961265563964844e-02
3.040912449359893799e-01
5.638167858123779297e-01
8.119011521339416504e-01
9.855712056159973145e-01
9.936701655387878418e-01
9.976461529731750488e-01
9.979335069656372070e-01
9.981617331504821777e-01
9.983695745468139648e-01
9.390892386436462402e-01
8.727869987487792969e-01
7.851629257202148438e-01
7.908166646957397461e-01
9.410924911499023438e-01
6.612077951431274414e-01
1.051043868064880371e-01
4.587452858686447144e-02
1.079560816287994385e-01
5.441356897354125977e-01
8.849282860755920410e-01
9.492945671081542969e-01
9.818623661994934082e-01
9.788492321968078613e-01
9.674534797668457031e-01
9.522001743316650391e-01
9.000566601753234863e-01
8.485301733016967773e-01
8.329352140426635742e-01
8.354529142379760742e-01
8.749649524688720703e-01
8.931544423103332520e-01
8.935211896896362305e-01
9.235787391662597656e-01
9.631103873252868652e-01
7.490363717079162598e-01
5.541546344757080078e-01
4.730374217033386230e-01
4.836758971214294434e-01
6.320198178291320801e-01
7.786211371421813965e-01
9.238272309303283691e-01
9.592562317848205566e-01
9.711401462554931641e-01
9.762066006660461426e-01
9.815563559532165527e-01
9.877303838729858398e-01
9.893535375595092773e-01
9.856796860694885254e-01
9.593205451965332031e-01
9.219475388526916504e-01
8.919951915740966797e-01
8.653280735015869141e-01
8.599777221679687500e-01
8.672738671302795410e-01
9.026624560356140137e-01
9.361758828163146973e-01
9.680103659629821777e-01
9.848322272300720215e-01
9.961465597152709961e-01
9.982436895370483398e-01
9.995595216751098633e-01
9.997317790985107422e-01
9.998151063919067383e-01
9.997419714927673340e-01
9.996618628501892090e-01
9.995767474174499512e-01
9.990571737289428711e-01
9.984172582626342773e-01
9.846310615539550781e-01
9.562502503395080566e-01
8.713601827621459961e-01
7.776902914047241211e-01
6.714938282966613770e-01
6.926115155220031738e-01
7.920179963111877441e-01
8.463643789291381836e-01
8.911293148994445801e-01
9.286983609199523926e-01
9.609531760215759277e-01
9.767039418220520020e-01
9.876841902732849121e-01
9.929062128067016602e-01
9.963874816894531250e-01
9.989705085754394531e-01
9.994238018989562988e-01
9.995447397232055664e-01
9.995939731597900391e-01
9.996731281280517578e-01
9.998281598091125488e-01
9.999249577522277832e-01
9.999606609344482422e-01
9.998681545257568359e-01
9.997194409370422363e-01
9.979209303855895996e-01
9.955256581306457520e-01
9.897041320800781250e-01
9.692347645759582520e-01
9.165919423103332520e-01
8.716017603874206543e-01
8.336757421493530273e-01
7.207934260368347168e-01
5.794776082038879395e-01
4.630748629570007324e-01
3.757016360759735107e-01
4.608310163021087646e-01
5.568636655807495117e-01
6.741607189178466797e-01
7.370076179504394531e-01
7.542901039123535156e-01
7.625925540924072266e-01
7.678572535514831543e-01
8.524332642555236816e-01
9.295998811721801758e-01
9.450477361679077148e-01
9.023602604866027832e-01
7.563754320144653320e-01
6.702138185501098633e-01
6.303772926330566406e-01
7.428857684135437012e-01
9.018871784210205078e-01
8.330414295196533203e-01
7.562676668167114258e-01
6.735785007476806641e-01
7.007220387458801270e-01
9.108110666275024414e-01
9.962292313575744629e-01
9.908387660980224609e-01
8.648417592048645020e-01
7.047194242477416992e-01
5.202500224113464355e-01
4.192287623882293701e-01
6.907574534416198730e-01
7.872405648231506348e-01
6.038972735404968262e-01
4.136256575584411621e-01
2.188690900802612305e-01
1.317758262157440186e-01
7.350748032331466675e-02
3.862796351313591003e-02
9.427716024219989777e-03
3.573028370738029480e-03
1.635501121199922636e-07
4.890612359531587572e-08
5.069027974968776107e-05
1.368783123325556517e-04
2.142813652753829956e-01
4.856235682964324951e-01
7.512210011482238770e-01
9.697464704513549805e-01
9.843451380729675293e-01
9.933813214302062988e-01
9.936574101448059082e-01
9.956775903701782227e-01
9.989265203475952148e-01
9.996404647827148438e-01
9.996632933616638184e-01
9.989922642707824707e-01
9.981669187545776367e-01
9.966955780982971191e-01
9.947180747985839844e-01
9.919201731681823730e-01
9.906875491142272949e-01
9.906018972396850586e-01
9.899102449417114258e-01
9.890406131744384766e-01
9.923065900802612305e-01
9.955729246139526367e-01
9.982604980468750000e-01
9.999680519104003906e-01
9.999786615371704102e-01
9.998990297317504883e-01
9.997496604919433594e-01
9.505372643470764160e-01
8.859271407127380371e-01
8.790501356124877930e-01
8.834490776062011719e-01
9.358389377593994141e-01
9.754787683486938477e-01
9.911443591117858887e-01
9.982966780662536621e-01
9.982589483261108398e-01
9.976508021354675293e-01
9.968404173851013184e-01
9.926683902740478516e-01
9.850149750709533691e-01
9.555980563163757324e-01
9.360842704772949219e-01
9.372001886367797852e-01
9.501534700393676758e-01
9.740940332412719727e-01
9.872153997421264648e-01
9.960177540779113770e-01
9.978044629096984863e-01
9.988195300102233887e-01
9.993802905082702637e-01
9.998094439506530762e-01
9.999230504035949707e-01
9.999716877937316895e-01
9.999516010284423828e-01
9.998147487640380859e-01
9.996229410171508789e-01
9.994559288024902344e-01
9.993144273757934570e-01
9.994874000549316406e-01
9.996615052223205566e-01
9.998382329940795898e-01
9.999464750289916992e-01
9.999713301658630371e-01
9.996603727340698242e-01
9.991613030433654785e-01
9.659741520881652832e-01
9.206317067146301270e-01
6.529093384742736816e-01
4.553341269493103027e-01
5.113570690155029297e-01
6.211838722229003906e-01
8.103684186935424805e-01
9.217423200607299805e-01
9.806501865386962891e-01
9.951679706573486328e-01
9.977235198020935059e-01
9.969596862792968750e-01
9.963245987892150879e-01
9.966582059860229492e-01
9.957163333892822266e-01
9.925196170806884766e-01
9.626645445823669434e-01
9.109095931053161621e-01
8.187137842178344727e-01
7.119302749633789062e-01
7.287307977676391602e-01
7.615466117858886719e-01
8.426263928413391113e-01
8.928130269050598145e-01
8.730747699737548828e-01
6.470737457275390625e-01
2.086327224969863892e-01
4.346140101552009583e-02
4.951812326908111572e-03
3.877154349713650893e-18
0.000000000000000000e+00
0.000000000000000000e+00
0.000000000000000000e+00
0.000000000000000000e+00
1.764134615659713745e-01
5.819548964500427246e-01
8.041114211082458496e-01
9.132267236709594727e-01
9.612339735031127930e-01
9.948539733886718750e-01
9.976944923400878906e-01
9.998639822006225586e-01
9.997524023056030273e-01
9.989524483680725098e-01
9.969608187675476074e-01
9.907361268997192383e-01
9.810706973075866699e-01
9.698110222816467285e-01
9.580219388008117676e-01
9.631136059761047363e-01
9.704841375350952148e-01
9.854358434677124023e-01
9.964923858642578125e-01
9.982621669769287109e-01
9.993569254875183105e-01
9.997135400772094727e-01
9.994929432868957520e-01
9.989792108535766602e-01
9.571540355682373047e-01
9.045996665954589844e-01
7.586615085601806641e-01
6.435506343841552734e-01
6.403260827064514160e-01
7.124710083007812500e-01
8.967361450195312500e-01
9.811713695526123047e-01
9.956623911857604980e-01
9.991303682327270508e-01
9.993017315864562988e-01
9.715029597282409668e-01
9.283307790756225586e-01
7.942692637443542480e-01
6.992087960243225098e-01
6.877297163009643555e-01
7.652233242988586426e-01
9.312295317649841309e-01
9.891242384910583496e-01
9.964730739593505859e-01
9.977591037750244141e-01
9.980852007865905762e-01
9.978604316711425781e-01
9.935654997825622559e-01
9.756963849067687988e-01
9.544682502746582031e-01
9.283093810081481934e-01
9.405363202095031738e-01
9.793495535850524902e-01
9.924541115760803223e-01
9.979361295700073242e-01
9.965317249298095703e-01
9.941049814224243164e-01
9.871976375579833984e-01
9.837877750396728516e-01
9.880751371383666992e-01
9.866451025009155273e-01
9.793070554733276367e-01
9.230423569679260254e-01
8.427813053131103516e-01
7.907693982124328613e-01
7.493640184402465820e-01
8.891297578811645508e-01
1.000000000000000000e+00
1.000000000000000000e+00
9.991945624351501465e-01
9.971084594726562500e-01
9.972944855690002441e-01
9.992315173149108887e-01
9.998223781585693359e-01
9.999480247497558594e-01
9.998158812522888184e-01
9.996634125709533691e-01
9.995243549346923828e-01
9.993407130241394043e-01
9.990419745445251465e-01
9.988774061203002930e-01
9.988741278648376465e-01
9.990997314453125000e-01
9.994581937789916992e-01
9.994328618049621582e-01
9.993175864219665527e-01
9.996628761291503906e-01
9.999624490737915039e-01
9.999850392341613770e-01
9.999153614044189453e-01
9.996637105941772461e-01
9.991620182991027832e-01
9.984205365180969238e-01
9.985398650169372559e-01
9.990458488464355469e-01
9.995052814483642578e-01
9.999383687973022461e-01
9.999462962150573730e-01
9.998525977134704590e-01
9.993947744369506836e-01
9.977675676345825195e-01
9.943362474441528320e-01
9.897421002388000488e-01
9.842597842216491699e-01
9.871961474418640137e-01
9.930958747863769531e-01
9.964410066604614258e-01
9.993043541908264160e-01
9.995557665824890137e-01
9.997780323028564453e-01
9.999200105667114258e-01
1.000000000000000000e+00
1.000000000000000000e+00
9.999529123306274414e-01
9.998758435249328613e-01
9.992661476135253906e-01
9.985107183456420898e-01
9.939926266670227051e-01
9.892283678054809570e-01
9.839810132980346680e-01
9.824044108390808105e-01
9.893689751625061035e-01
9.936339259147644043e-01
9.948600530624389648e-01
9.944962263107299805e-01
9.932548999786376953e-01
9.939276576042175293e-01
9.950332641601562500e-01
9.929773807525634766e-01
9.907039403915405273e-01
9.874529838562011719e-01
9.879428148269653320e-01
9.960005283355712891e-01
9.558779001235961914e-01
8.684867024421691895e-01
8.117249011993408203e-01
7.700303792953491211e-01
8.283253908157348633e-01
9.050238132476806641e-01
9.499351382255554199e-01
9.877777099609375000e-01
9.931696653366088867e-01
9.971815347671508789e-01
9.986022114753723145e-01
9.993726611137390137e-01
9.995452165603637695e-01
9.971622824668884277e-01
9.936138391494750977e-01
9.544630646705627441e-01
9.088608026504516602e-01
8.388949036598205566e-01
7.773095965385437012e-01
7.495846152305603027e-01
6.685352921485900879e-01
4.944708645343780518e-01
4.680868387222290039e-01
5.728583931922912598e-01
7.459378242492675781e-01
9.486856460571289062e-01
9.864123463630676270e-01
9.981176853179931641e-01
9.982553124427795410e-01
9.984022974967956543e-01
9.985859990119934082e-01
9.989455938339233398e-01
9.996125102043151855e-01
9.999344944953918457e-01
9.999554753303527832e-01
9.981918931007385254e-01
9.956713914871215820e-01
9.417707324028015137e-01
8.769816756248474121e-01
7.129824161529541016e-01
5.509468913078308105e-01
3.973009586334228516e-01
2.506313920021057129e-01
1.172897592186927795e-01
4.195888340473175049e-02
1.928294822573661804e-02
4.077742621302604675e-02
8.203794807195663452e-02
1.339449137449264526e-01
1.923590600490570068e-01
4.620029032230377197e-01
7.129259109497070312e-01
8.852394819259643555e-01
9.974812865257263184e-01
9.991627335548400879e-01
9.999848008155822754e-01
9.999958276748657227e-01
9.999943971633911133e-01
9.999871253967285156e-01
9.998910427093505859e-01
9.997748136520385742e-01
9.988806247711181641e-01
9.977213144302368164e-01
9.952512979507446289e-01
9.913141727447509766e-01
9.843951463699340820e-01
9.815942645072937012e-01
9.830239415168762207e-01
9.888246655464172363e-01
9.969468116760253906e-01
9.941166639328002930e-01
9.888704419136047363e-01
9.548232555389404297e-01
9.307558536529541016e-01
9.715315103530883789e-01
9.994869828224182129e-01
9.977915287017822266e-01
9.716835618019104004e-01
9.172768592834472656e-01
9.302604198455810547e-01
9.842739701271057129e-01
9.975967407226562500e-01
9.997529387474060059e-01
9.999185204505920410e-01
9.999619722366333008e-01
9.999580383300781250e-01
9.999539256095886230e-01
9.999493956565856934e-01
9.999532699584960938e-01
9.999684691429138184e-01
9.999790787696838379e-01
9.999862313270568848e-01
9.999620318412780762e-01
9.999269843101501465e-01
9.987057447433471680e-01
9.967669248580932617e-01
9.857397079467773438e-01
9.729561209678649902e-01
9.540231823921203613e-01
9.140552282333374023e-01
8.392581343650817871e-01
7.838847637176513672e-01
7.451319098472595215e-01
6.752645969390869141e-01
5.913878083229064941e-01
4.458757936954498291e-01
2.924195230007171631e-01
4.450771808624267578e-01
5.332037210464477539e-01
2.927656769752502441e-01
1.069561019539833069e-01
3.680656105279922485e-02
2.546436186295204998e-22
6.861449675828667179e-23
1.844942948414640682e-11
4.763868813317806428e-11
1.022289216052740812e-04
2.320381026947870851e-04
3.745455145835876465e-01
7.450987696647644043e-01
8.806333541870117188e-01
9.778938889503479004e-01
9.654313325881958008e-01
9.561464786529541016e-01
9.513393044471740723e-01
9.402914643287658691e-01
9.245178699493408203e-01
8.784447908401489258e-01
8.207792043685913086e-01
7.530267834663391113e-01
6.853649020195007324e-01
6.668802499771118164e-01
6.739723682403564453e-01
7.947156429290771484e-01
8.927229642868041992e-01
9.454390406608581543e-01
9.258081316947937012e-01
8.313238024711608887e-01
5.866950750350952148e-01
2.587561607360839844e-01
1.421882212162017822e-01
7.859078049659729004e-02
2.487074136734008789e-01
4.410738348960876465e-01
7.279949188232421875e-01
9.323006868362426758e-01
8.976162075996398926e-01
8.450196385383605957e-01
7.667675018310546875e-01
7.453997731208801270e-01
7.689570188522338867e-01
8.403839468955993652e-01
9.313555359840393066e-01
9.627549648284912109e-01
9.845333695411682129e-01
9.839800000190734863e-01
9.815674424171447754e-01
9.699058532714843750e-01
9.201639294624328613e-01
7.885612249374389648e-01
6.348469853401184082e-01
4.565433561801910400e-01
4.780106544494628906e-01
6.228692531585693359e-01
7.924676537513732910e-01
9.694765806198120117e-01
9.900741577148437500e-01
9.963690042495727539e-01
9.970502257347106934e-01
9.978678226470947266e-01
9.991738796234130859e-01
9.998978376388549805e-01
9.996181130409240723e-01
9.995725154876708984e-01
9.997470974922180176e-01
9.997689723968505859e-01
9.997142553329467773e-01
9.965047836303710938e-01
9.925750494003295898e-01
9.580933451652526855e-01
9.140010476112365723e-01
8.016988635063171387e-01
7.189171910285949707e-01
7.232248783111572266e-01
7.594784498214721680e-01
8.433039188385009766e-01
8.509727120399475098e-01
7.963117957115173340e-01
4.869651198387145996e-01
6.577612459659576416e-02
8.537643402814865112e-02
1.859306097030639648e-01
8.697065711021423340e-02
2.386368141742423177e-04
9.960417082766070962e-05
3.571121767163276672e-02
1.613289117813110352e-01
4.083939194679260254e-01
8.163357973098754883e-01
9.938696622848510742e-01
9.985925555229187012e-01
9.999464154243469238e-01
9.999861121177673340e-01
9.998951554298400879e-01
9.997639656066894531e-01
9.973005056381225586e-01
9.940179586410522461e-01
9.861508607864379883e-01
9.804621338844299316e-01
9.798614382743835449e-01
9.825736880302429199e-01
9.894207119941711426e-01
9.840998053550720215e-01
9.702157378196716309e-01
9.676644206047058105e-01
9.693426489830017090e-01
9.824817180633544922e-01
9.971030354499816895e-01
9.986675977706909180e-01
9.999873042106628418e-01
9.999886155128479004e-01
9.991068840026855469e-01
9.961764812469482422e-01
9.877157211303710938e-01
9.723052382469177246e-01
9.595603346824645996e-01
9.487048387527465820e-01
9.669089317321777344e-01
9.957389831542968750e-01
9.996880888938903809e-01
9.999748468399047852e-01
9.999655485153198242e-01
9.999524950981140137e-01
9.999188184738159180e-01
9.998291134834289551e-01
9.996057152748107910e-01
9.961977601051330566e-01
9.886582493782043457e-01
8.440046906471252441e-01
5.982034802436828613e-01
4.068865478038787842e-01
2.373633831739425659e-01
4.031339287757873535e-01
6.237508654594421387e-01
8.091382384300231934e-01
9.699279069900512695e-01
9.808722138404846191e-01
9.898238778114318848e-01
9.935392141342163086e-01
9.824521541595458984e-01
9.506211876869201660e-01
8.854573965072631836e-01
7.933699488639831543e-01
7.740617990493774414e-01
7.867662310600280762e-01
4.356476962566375732e-01
1.247028168290853500e-02
6.382914504999541758e-42
1.199394533261975266e-23
1.225357207830247118e-22
1.479254290461540222e-02
7.409395277500152588e-02
2.681839764118194580e-01
6.747899651527404785e-01
8.958581089973449707e-01
9.467659592628479004e-01
9.703004956245422363e-01
9.798308610916137695e-01
9.826029539108276367e-01
9.836525321006774902e-01
9.733420610427856445e-01
9.601063728332519531e-01
9.176082015037536621e-01
8.943457603454589844e-01
9.459120631217956543e-01
9.596486687660217285e-01
9.005628228187561035e-01
7.302489876747131348e-01
4.388684332370758057e-01
2.302051782608032227e-01
7.429391145706176758e-02
1.424877047538757324e-01
2.858008146286010742e-01
5.734364986419677734e-01
8.765819668769836426e-01
9.345666766166687012e-01
9.846131205558776855e-01
9.909470081329345703e-01
9.961557388305664062e-01
9.985897541046142578e-01
9.999793171882629395e-01
9.999302029609680176e-01
9.996429681777954102e-01
9.991653561592102051e-01
9.990836381912231445e-01
9.991821646690368652e-01
9.992955327033996582e-01
9.994124770164489746e-01
9.995724558830261230e-01
9.997240304946899414e-01
9.997648596763610840e-01
9.997803568840026855e-01
9.997065067291259766e-01
9.995393753051757812e-01
9.991995692253112793e-01
9.989423751831054688e-01
9.987732172012329102e-01
9.989911913871765137e-01
9.994496107101440430e-01
9.996934533119201660e-01
9.998642802238464355e-01
9.999389648437500000e-01
1.000000000000000000e+00
1.000000000000000000e+00
1.000000000000000000e+00
1.000000000000000000e+00
1.000000000000000000e+00
1.000000000000000000e+00
9.999991655349731445e-01
9.999970197677612305e-01
9.999958872795104980e-01
9.999956488609313965e-01
9.999958872795104980e-01
9.999963045120239258e-01
9.999872446060180664e-01
9.999756217002868652e-01
9.999455809593200684e-01
9.999118447303771973e-01
9.998415708541870117e-01
9.997743368148803711e-01
9.997218847274780273e-01
9.996969699859619141e-01
9.997331500053405762e-01
9.997221231460571289e-01
9.996510744094848633e-01
9.996528625488281250e-01
9.997097849845886230e-01
9.998285174369812012e-01
9.999740123748779297e-01
1.000000000000000000e+00
1.000000000000000000e+00
1.000000000000000000e+00
9.999430775642395020e-01
9.992073774337768555e-01
9.949585795402526855e-01
9.769887328147888184e-01
9.350697398185729980e-01
8.444659709930419922e-01
8.302228450775146484e-01
9.062651395797729492e-01
9.561095833778381348e-01
9.873616099357604980e-01
9.931490421295166016e-01
9.885938763618469238e-01
9.295815825462341309e-01
8.598986268043518066e-01
7.118840217590332031e-01
5.896248817443847656e-01
7.699341177940368652e-01
9.218745231628417969e-01
9.669200778007507324e-01
9.972153306007385254e-01
9.988012313842773438e-01
9.997373223304748535e-01
9.999234080314636230e-01
1.000000000000000000e+00
1.000000000000000000e+00
9.998850822448730469e-01
9.997243881225585938e-01
9.996420145034790039e-01
9.995750188827514648e-01
9.996709823608398438e-01
9.997633099555969238e-01
9.997441768646240234e-01
9.986312389373779297e-01
9.933252334594726562e-01
9.505166411399841309e-01
8.312389254570007324e-01
7.499166131019592285e-01
7.140697836875915527e-01
7.533192038536071777e-01
8.475803136825561523e-01
9.187414646148681641e-01
9.796804189682006836e-01
9.941555857658386230e-01
9.984486699104309082e-01
9.982700943946838379e-01
9.977758526802062988e-01
9.964896440505981445e-01
9.923803806304931641e-01
9.759611487388610840e-01
9.535282254219055176e-01
9.173462986946105957e-01
9.035558700561523438e-01
9.196968078613281250e-01
9.444707036018371582e-01
9.762688875198364258e-01
9.877588748931884766e-01
9.891401529312133789e-01
9.705076813697814941e-01
9.465068578720092773e-01
8.926648497581481934e-01
8.375663757324218750e-01
8.394690155982971191e-01
8.524069190025329590e-01
9.275700449943542480e-01
9.847792983055114746e-01
9.936994314193725586e-01
9.993262887001037598e-01
9.997697472572326660e-01
9.999917149543762207e-01
9.999974966049194336e-01
9.999988675117492676e-01
9.999974966049194336e-01
9.999875426292419434e-01
9.999746680259704590e-01
9.998629689216613770e-01
9.997350573539733887e-01
9.990717172622680664e-01
9.984611868858337402e-01
9.984639286994934082e-01
9.984630942344665527e-01
9.984491467475891113e-01
9.982926845550537109e-01
9.978479146957397461e-01
9.972085952758789062e-01
9.963325262069702148e-01
9.947969913482666016e-01
9.927584528923034668e-01
9.489753842353820801e-01
8.855004906654357910e-01
6.897909045219421387e-01
4.597544372081756592e-01
4.011401832103729248e-01
3.686659336090087891e-01
6.774226427078247070e-01
9.451513886451721191e-01
9.731371998786926270e-01
9.940106272697448730e-01
9.947815537452697754e-01
9.833204746246337891e-01
9.516597986221313477e-01
9.221905469894409180e-01
8.951534032821655273e-01
9.055840969085693359e-01
9.407514333724975586e-01
9.678434729576110840e-01
9.918522834777832031e-01
9.972417950630187988e-01
9.988679885864257812e-01
9.992623925209045410e-01
9.995681047439575195e-01
9.996139407157897949e-01
9.996603727340698242e-01
9.997104406356811523e-01
9.997506737709045410e-01
9.997665882110595703e-01
9.995971918106079102e-01
9.991512894630432129e-01
9.986473321914672852e-01
9.980890154838562012e-01
9.967697262763977051e-01
9.949875473976135254e-01
9.777672886848449707e-01
9.549410939216613770e-01
8.700585961341857910e-01
7.742184400558471680e-01
8.076837062835693359e-01
8.477804064750671387e-01
9.023762345314025879e-01
9.449814558029174805e-01
9.338980913162231445e-01
9.018926620483398438e-01
8.197750449180603027e-01
8.128859996795654297e-01
9.170961380004882812e-01
9.758347272872924805e-01
9.921934604644775391e-01
9.255855083465576172e-01
8.089112639427185059e-01
4.977526664733886719e-01
1.172045022249221802e-01
3.210800513625144958e-02
2.242210088297724724e-03
2.439984977245330811e-01
4.897407889366149902e-01
5.892601609230041504e-01
6.371185779571533203e-01
4.347107708454132080e-01
2.849830687046051025e-01
2.718947529792785645e-01
4.007305502891540527e-01
7.525970935821533203e-01
8.876642584800720215e-01
8.054305315017700195e-01
7.017634510993957520e-01
5.844767093658447266e-01
3.435292243957519531e-01
5.354553461074829102e-02
4.966244450770318508e-04
3.362340066814795136e-05
1.041093128151260316e-06
3.948341589421033859e-03
1.212117820978164673e-01
2.163602709770202637e-01
1.735893338918685913e-01
1.855979561805725098e-01
3.651840984821319580e-01
5.568847060203552246e-01
7.721264362335205078e-01
9.091435670852661133e-01
9.544599652290344238e-01
9.472395181655883789e-01
8.997721076011657715e-01
8.079135417938232422e-01
6.942573785781860352e-01
7.859284281730651855e-01
9.371417760848999023e-01
9.753661155700683594e-01
9.983415603637695312e-01
9.988929033279418945e-01
9.989520311355590820e-01
9.975377321243286133e-01
9.966955184936523438e-01
9.982302784919738770e-01
9.993879795074462891e-01
9.996622204780578613e-01
9.998267292976379395e-01
9.998280405998229980e-01
9.997332692146301270e-01
9.995451569557189941e-01
9.932214617729187012e-01
9.829643368721008301e-01
7.998009920120239258e-01
5.463782548904418945e-01
4.078435599803924561e-01
2.955986857414245605e-01
4.127041697502136230e-01
5.509219169616699219e-01
7.258104681968688965e-01
8.726354837417602539e-01
8.196600079536437988e-01
7.513450980186462402e-01
6.308901906013488770e-01
5.525482892990112305e-01
5.616396665573120117e-01
6.016663312911987305e-01
6.830253005027770996e-01
7.606655955314636230e-01
8.353720307350158691e-01
8.913813233375549316e-01
9.363569617271423340e-01
9.614802002906799316e-01
9.792078733444213867e-01
9.871761202812194824e-01
9.931429028511047363e-01
9.947603940963745117e-01
9.960418939590454102e-01
9.965794682502746582e-01
9.963836669921875000e-01
9.913457632064819336e-01
9.835432171821594238e-01
9.665026664733886719e-01
9.462981820106506348e-01
9.195727109909057617e-01
8.927411437034606934e-01
8.658363819122314453e-01
8.715948462486267090e-01
9.062692523002624512e-01
9.415416717529296875e-01
9.771189689636230469e-01
9.914202094078063965e-01
9.977520704269409180e-01
9.991426467895507812e-01
9.994797706604003906e-01
9.991551637649536133e-01
9.987776279449462891e-01
9.985414743423461914e-01
9.983524084091186523e-01
9.985187649726867676e-01
9.978013634681701660e-01
9.938715100288391113e-01
8.965250253677368164e-01
5.943421721458435059e-01
3.261817395687103271e-01
1.084121391177177429e-01
5.075970548205077648e-04
1.450720155844464898e-04
6.156614050269126892e-03
1.645918935537338257e-02
2.569650113582611084e-01
5.978112816810607910e-01
8.049809932708740234e-01
9.758393168449401855e-01
9.966650605201721191e-01
9.977552294731140137e-01
9.989097714424133301e-01
9.999812841415405273e-01
9.999908804893493652e-01
9.999983310699462891e-01
9.999951124191284180e-01
9.999926090240478516e-01
9.999921917915344238e-01
9.999921321868896484e-01
9.999927282333374023e-01
9.999731779098510742e-01
9.999294281005859375e-01
9.998307824134826660e-01
9.996867775917053223e-01
9.996916651725769043e-01
9.997813105583190918e-01
9.998535513877868652e-01
9.999195933341979980e-01
9.999205470085144043e-01
9.999077320098876953e-01
9.957857131958007812e-01
9.906459450721740723e-01
9.228789210319519043e-01
8.544297814369201660e-01
7.784371972084045410e-01
7.283532619476318359e-01
7.839602828025817871e-01
8.298187851905822754e-01
8.510813713073730469e-01
8.661428093910217285e-01
8.708941936492919922e-01
8.964071273803710938e-01
9.455490708351135254e-01
9.721405506134033203e-01
