9.993627667427062988e-01
1.000000000000000000e+00
1.000000000000000000e+00
9.984353780746459961e-01
9.978888630867004395e-01
9.991478919982910156e-01
9.996397495269775391e-01
9.998319745063781738e-01
9.997274875640869141e-01
9.989706873893737793e-01
9.988532662391662598e-01
9.994506239891052246e-01
9.997628331184387207e-01
9.999076724052429199e-01
9.998907446861267090e-01
9.997082352638244629e-01
9.997465014457702637e-01
9.999472498893737793e-01
9.999848008155822754e-01
9.999616146087646484e-01
9.998484849929809570e-01
9.993557929992675781e-01
9.988372325897216797e-01
9.984919428825378418e-01
9.992281198501586914e-01
9.996735453605651855e-01
9.999227523803710938e-01
9.999471902847290039e-01
9.999609589576721191e-01
9.999675154685974121e-01
9.999647140502929688e-01
9.999408125877380371e-01
9.999094605445861816e-01
9.998784661293029785e-01
9.999187588691711426e-01
9.999700188636779785e-01
9.999949932098388672e-01
9.999965429306030273e-01
9.999791383743286133e-01
9.999336600303649902e-01
9.855186939239501953e-01
9.094189405441284180e-01
7.224774956703186035e-01
7.175378203392028809e-01
7.917598485946655273e-01
9.482116103172302246e-01
9.846999645233154297e-01
9.983813166618347168e-01
9.998172521591186523e-01
9.998859763145446777e-01
9.993444681167602539e-01
9.981640577316284180e-01
9.812778234481811523e-01
9.563021659851074219e-01
9.230387210845947266e-01
9.725705981254577637e-01
9.988616704940795898e-01
9.987745285034179688e-01
8.830631971359252930e-01
5.449755191802978516e-01
2.251545339822769165e-02
6.990881171077489853e-03
1.090792715549468994e-01
3.192594051361083984e-01
6.974626183509826660e-01
7.968903183937072754e-01
6.589832305908203125e-01
1.882463097572326660e-01
1.601381882210262120e-05
0.000000000000000000e+00
0.000000000000000000e+00
0.000000000000000000e+00
5.669802194461226463e-04
4.693432245403528214e-03
4.005323052406311035e-01
9.146041274070739746e-01
9.564690589904785156e-01
9.598941206932067871e-01
9.506384134292602539e-01
9.668881893157958984e-01
9.846690893173217773e-01
9.977495074272155762e-01
9.902786612510681152e-01
9.813401699066162109e-01
9.745589494705200195e-01
9.769482016563415527e-01
9.740169644355773926e-01
9.483172893524169922e-01
8.595657944679260254e-01
7.083179950714111328e-01
6.388660669326782227e-01
8.426729440689086914e-01
9.463140368461608887e-01
9.999297261238098145e-01
9.998264312744140625e-01
9.995625019073486328e-01
9.980369210243225098e-01
9.937604665756225586e-01
9.017196893692016602e-01
7.868151068687438965e-01
6.651980876922607422e-01
3.554113507270812988e-01
1.660984009504318237e-01
2.790596783161163330e-01
5.933982133865356445e-01
8.504907488822937012e-01
9.451225399971008301e-01
9.721061587333679199e-01
9.830248951911926270e-01
9.842445850372314453e-01
9.819627404212951660e-01
9.719412922859191895e-01
9.505853652954101562e-01
9.274473190307617188e-01
9.325854182243347168e-01
9.792590141296386719e-01
9.008238911628723145e-01
6.593645215034484863e-01
2.091248631477355957e-01
2.157677710056304932e-01
4.570950269699096680e-01
9.577232003211975098e-01
9.952599406242370605e-01
9.998975992202758789e-01
9.999697208404541016e-01
9.995787143707275391e-01
9.992932081222534180e-01
9.991595745086669922e-01
9.996438622474670410e-01
9.998843669891357422e-01
9.998250007629394531e-01
9.962796568870544434e-01
9.147178530693054199e-01
7.489941716194152832e-01
6.540817022323608398e-01
6.785523295402526855e-01
8.254917860031127930e-01
9.129100441932678223e-01
9.673308730125427246e-01
9.888340830802917480e-01
9.963203072547912598e-01
9.999999403953552246e-01
9.999999403953552246e-01
9.999980330467224121e-01
9.991930723190307617e-01
9.974937438964843750e-01
9.891066551208496094e-01
9.826034307479858398e-01
9.783128499984741211e-01
9.912490844726562500e-01
9.982635974884033203e-01
9.999887347221374512e-01
9.999952316284179688e-01
9.999964833259582520e-01
9.996268749237060547e-01
9.899901151657104492e-01
8.491982817649841309e-01
5.906349420547485352e-01
1.936842054128646851e-01
9.186647832393646240e-03
3.880876582115888596e-03
4.479258507490158081e-02
2.228337079286575317e-01
5.024838447570800781e-01
5.652957558631896973e-01
5.612369775772094727e-01
5.185356736183166504e-01
7.665179371833801270e-01
9.202616214752197266e-01
9.934730529785156250e-01
9.975922107696533203e-01
9.984789490699768066e-01
9.965702295303344727e-01
9.912422299385070801e-01
9.917536973953247070e-01
9.967244863510131836e-01
9.987183213233947754e-01
9.990708827972412109e-01
9.874339699745178223e-01
7.988879084587097168e-01
5.411046147346496582e-01
2.605986297130584717e-01
5.436011552810668945e-01
7.192596197128295898e-01
8.092162013053894043e-01
9.178555011749267578e-01
9.781251549720764160e-01
9.981778860092163086e-01
9.988959431648254395e-01
9.987461566925048828e-01
9.979421496391296387e-01
9.981014728546142578e-01
9.986463189125061035e-01
9.994059205055236816e-01
9.979798197746276855e-01
9.972760677337646484e-01
9.972596764564514160e-01
9.991340041160583496e-01
9.995573759078979492e-01
9.986075758934020996e-01
9.942576289176940918e-01
9.940078854560852051e-01
9.972862005233764648e-01
9.989613890647888184e-01
9.995566010475158691e-01
9.990680813789367676e-01
9.937791228294372559e-01
9.838829040527343750e-01
9.702707529067993164e-01
9.850466251373291016e-01
9.889843463897705078e-01
9.824101924896240234e-01
9.487844109535217285e-01
9.462096095085144043e-01
9.739447832107543945e-01
9.912899136543273926e-01
1.000000000000000000e+00
1.000000000000000000e+00
1.000000000000000000e+00
9.999921321868896484e-01
9.999760985374450684e-01
9.999659061431884766e-01
9.999721050262451172e-01
9.999961256980895996e-01
9.992578625679016113e-01
9.750877618789672852e-01
9.241526126861572266e-01
8.056426644325256348e-01
7.323567271232604980e-01
7.167616486549377441e-01
7.818461060523986816e-01
7.449996471405029297e-01
5.747970342636108398e-01
5.422074794769287109e-01
6.635114550590515137e-01
9.759272933006286621e-01
1.000000000000000000e+00
1.000000000000000000e+00
1.000000000000000000e+00
9.548068046569824219e-01
9.428654313087463379e-01
9.875035881996154785e-01
9.966795444488525391e-01
9.997601509094238281e-01
9.999110102653503418e-01
9.999621510505676270e-01
9.999810457229614258e-01
9.999685287475585938e-01
9.967851042747497559e-01
9.213177561759948730e-01
7.146224379539489746e-01
7.620451450347900391e-01
8.563544154167175293e-01
9.507434964179992676e-01
9.841991662979125977e-01
9.940016865730285645e-01
9.803516268730163574e-01
8.669714927673339844e-01
6.775465011596679688e-01
3.663889765739440918e-01
2.249466329813003540e-01
1.980723291635513306e-01
3.492226600646972656e-01
5.095100998878479004e-01
6.705576181411743164e-01
8.267368078231811523e-01
9.155728220939636230e-01
9.710206985473632812e-01
9.918103814125061035e-01
9.985947608947753906e-01
9.998235702514648438e-01
9.997989535331726074e-01
9.994038343429565430e-01
9.976462125778198242e-01
9.909661412239074707e-01
9.860395789146423340e-01
9.836847186088562012e-01
9.897126555442810059e-01
9.937296509742736816e-01
9.943588376045227051e-01
9.816775321960449219e-01
9.787369370460510254e-01
9.824514389038085938e-01
9.940170645713806152e-01
9.990482330322265625e-01
9.998824000358581543e-01
9.999019503593444824e-01
9.995421171188354492e-01
9.978640675544738770e-01
9.835752844810485840e-01
9.793621897697448730e-01
9.831070899963378906e-01
9.902225136756896973e-01
9.803561568260192871e-01
9.559914469718933105e-01
9.393674731254577637e-01
9.457696676254272461e-01
9.744780659675598145e-01
9.909797906875610352e-01
9.996265769004821777e-01
9.998848438262939453e-01
9.995620846748352051e-01
9.876223206520080566e-01
9.615701436996459961e-01
9.419127702713012695e-01
9.458124637603759766e-01
9.812769889831542969e-01
9.937835931777954102e-01
9.999752044677734375e-01
9.999960064888000488e-01
9.999976158142089844e-01
9.999958276748657227e-01
9.999929070472717285e-01
9.999670386314392090e-01
9.983129501342773438e-01
9.933398962020874023e-01
9.866561889648437500e-01
9.812448024749755859e-01
9.797926545143127441e-01
9.869724512100219727e-01
9.950316548347473145e-01
9.987876415252685547e-01
9.998649954795837402e-01
9.999914169311523438e-01
9.999886751174926758e-01
9.999673366546630859e-01
9.999348521232604980e-01
9.998874664306640625e-01
9.996597170829772949e-01
9.989599585533142090e-01
9.962362647056579590e-01
9.965216517448425293e-01
9.983476400375366211e-01
9.992495179176330566e-01
9.992145895957946777e-01
9.986518621444702148e-01
9.988782405853271484e-01
9.993005990982055664e-01
9.998478293418884277e-01
9.999463558197021484e-01
9.999788999557495117e-01
9.999534487724304199e-01
9.999337792396545410e-01
9.999284148216247559e-01
9.999377727508544922e-01
9.998270869255065918e-01
9.996865391731262207e-01
9.995139837265014648e-01
9.970924258232116699e-01
9.821664690971374512e-01
9.499468207359313965e-01
8.460291028022766113e-01
8.007349371910095215e-01
8.674117326736450195e-01
9.432635307312011719e-01
9.959269762039184570e-01
9.990848302841186523e-01
9.997509717941284180e-01
9.998425245285034180e-01
9.999364614486694336e-01
9.999724626541137695e-01
9.999830126762390137e-01
9.999688863754272461e-01
9.994549155235290527e-01
9.949011802673339844e-01
9.755121469497680664e-01
9.492818713188171387e-01
8.972338438034057617e-01
7.267152070999145508e-01
4.295787215232849121e-01
1.325310170650482178e-01
3.791283965110778809e-01
6.818358302116394043e-01
9.987665414810180664e-01
9.994485974311828613e-01
9.986648559570312500e-01
9.967641830444335938e-01
9.980148077011108398e-01
9.990642666816711426e-01
9.999120235443115234e-01
9.999684095382690430e-01
9.999662637710571289e-01
9.999146461486816406e-01
9.982611536979675293e-01
9.973756074905395508e-01
9.977815747261047363e-01
9.987152218818664551e-01
9.994332194328308105e-01
9.996393322944641113e-01
9.990164041519165039e-01
9.955933690071105957e-01
9.863222837448120117e-01
9.607920646667480469e-01
9.406075477600097656e-01
9.484784007072448730e-01
9.723749756813049316e-01
9.964678287506103516e-01
9.991316795349121094e-01
9.999883770942687988e-01
9.999989271163940430e-01
9.999997019767761230e-01
9.999977350234985352e-01
9.999887347221374512e-01
9.999337196350097656e-01
9.998878836631774902e-01
9.998511075973510742e-01
9.998568296432495117e-01
9.965124726295471191e-01
9.901308417320251465e-01
8.430232405662536621e-01
6.797266006469726562e-01
4.984562098979949951e-01
5.559586286544799805e-01
7.044922709465026855e-01
9.600656032562255859e-01
9.948793053627014160e-01
9.996717572212219238e-01
9.999532699584960938e-01
1.000000000000000000e+00
9.988290071487426758e-01
9.950227141380310059e-01
9.287157654762268066e-01
8.699055314064025879e-01
8.875697851181030273e-01
8.891748189926147461e-01
8.918848037719726562e-01
9.256383180618286133e-01
9.614819288253784180e-01
9.940767884254455566e-01
9.982371330261230469e-01
9.997689127922058105e-01
9.995107054710388184e-01
9.984440207481384277e-01
9.984826445579528809e-01
9.994331002235412598e-01
9.997809529304504395e-01
9.999651312828063965e-01
9.999752044677734375e-01
9.994049072265625000e-01
9.980855584144592285e-01
9.957845211029052734e-01
9.978322982788085938e-01
9.995955228805541992e-01
9.999309182167053223e-01
9.999884963035583496e-01
9.999631047248840332e-01
9.998754262924194336e-01
9.993373751640319824e-01
9.988054037094116211e-01
9.987252950668334961e-01
9.987085461616516113e-01
9.981610178947448730e-01
9.949685931205749512e-01
9.746956825256347656e-01
9.430928230285644531e-01
8.966363668441772461e-01
8.777488470077514648e-01
8.803737759590148926e-01
9.112153649330139160e-01
9.319287538528442383e-01
9.430592060089111328e-01
9.157561063766479492e-01
8.983150124549865723e-01
8.940036296844482422e-01
9.449096918106079102e-01
9.838290214538574219e-01
9.948494434356689453e-01
9.976025223731994629e-01
9.985631704330444336e-01
9.988917112350463867e-01
9.954872131347656250e-01
9.863920807838439941e-01
9.629178643226623535e-01
9.647905230522155762e-01
9.776232838630676270e-01
9.931271076202392578e-01
9.991496801376342773e-01
9.997598528861999512e-01
9.995207786560058594e-01
9.994248747825622559e-01
9.994429349899291992e-01
9.996461868286132812e-01
9.997817277908325195e-01
9.998492002487182617e-01
9.999352693557739258e-01
9.999889135360717773e-01
9.999979734420776367e-01
9.999922513961791992e-01
9.999142289161682129e-01
9.997083544731140137e-01
9.996098875999450684e-01
9.993692636489868164e-01
9.987084269523620605e-01
9.786243438720703125e-01
8.371154665946960449e-01
2.610162198543548584e-01
4.034139961004257202e-02
6.710627713235606251e-12
1.926838896770810550e-12
4.295116237500173906e-13
1.109983350033871830e-05
1.996038045035675168e-04
1.505584642291069031e-02
4.342959448695182800e-02
6.352843642234802246e-01
9.756602644920349121e-01
9.933547973632812500e-01
9.977916479110717773e-01
9.997115135192871094e-01
9.996132850646972656e-01
9.995912313461303711e-01
9.995437860488891602e-01
9.993962049484252930e-01
9.992321133613586426e-01
9.983495473861694336e-01
9.948209524154663086e-01
9.924790859222412109e-01
9.909521341323852539e-01
9.909731149673461914e-01
9.896819591522216797e-01
9.750527739524841309e-01
7.459899187088012695e-01
4.230421483516693115e-01
1.080411393195390701e-02
6.469542131526395679e-05
1.888175308704376221e-02
6.238894909620285034e-02
4.003382921218872070e-01
6.313154697418212891e-01
5.976002812385559082e-01
4.529950618743896484e-01
3.783161640167236328e-01
5.640307068824768066e-01
7.663042545318603516e-01
9.426496624946594238e-01
9.817073941230773926e-01
9.876047372817993164e-01
9.778058528900146484e-01
9.894261360168457031e-01
9.950828552246093750e-01
9.956849813461303711e-01
9.747463464736938477e-01
9.434759616851806641e-01
9.007691144943237305e-01
9.515560269355773926e-01
9.872919321060180664e-01
9.893423914909362793e-01
9.936799407005310059e-01
9.975048303604125977e-01
9.992265701293945312e-01
9.997824430465698242e-01
9.999008774757385254e-01
9.997457265853881836e-01
9.952417016029357910e-01
9.792791008949279785e-01
9.008840322494506836e-01
8.727967143058776855e-01
8.825281858444213867e-01
9.445836544036865234e-01
9.773899316787719727e-01
9.806712865829467773e-01
9.569537639617919922e-01
9.452099204063415527e-01
9.528827071189880371e-01
9.754239320755004883e-01
9.938829541206359863e-01
9.985436797142028809e-01
9.997996687889099121e-01
9.999896287918090820e-01
9.999799728393554688e-01
9.998458623886108398e-01
9.995841383934020996e-01
9.988747835159301758e-01
9.930642247200012207e-01
9.805302023887634277e-01
8.958098292350769043e-01
5.942217707633972168e-01
7.178615778684616089e-02
1.740896701812744141e-02
2.820989841723076097e-08
3.556047012409635499e-09
1.149483007934247955e-19
0.000000000000000000e+00
0.000000000000000000e+00
1.286958373944901111e-20
5.125976726412773132e-02
2.923130393028259277e-01
6.414666175842285156e-01
9.974747300148010254e-01
9.914351105690002441e-01
9.928826689720153809e-01
9.998387694358825684e-01
9.999305605888366699e-01
9.999514818191528320e-01
9.998936653137207031e-01
9.996551275253295898e-01
9.995728135108947754e-01
9.997743368148803711e-01
9.999036192893981934e-01
9.999859929084777832e-01
9.999864697456359863e-01
9.999864101409912109e-01
9.999875426292419434e-01
9.999945759773254395e-01
9.999983310699462891e-01
1.000000000000000000e+00
1.000000000000000000e+00
9.999999403953552246e-01
9.999997615814208984e-01
9.999985694885253906e-01
9.998747110366821289e-01
9.995878934860229492e-01
9.574279189109802246e-01
8.774688243865966797e-01
7.320826053619384766e-01
6.871255040168762207e-01
7.187418937683105469e-01
9.146322607994079590e-01
9.878621101379394531e-01
9.998663067817687988e-01
9.999594688415527344e-01
9.999995827674865723e-01
9.999998807907104492e-01
9.999999403953552246e-01
1.000000000000000000e+00
1.000000000000000000e+00
9.999997615814208984e-01
9.999980330467224121e-01
9.999938011169433594e-01
9.999542832374572754e-01
9.998719096183776855e-01
9.996883869171142578e-01
9.995499253273010254e-01
9.994905591011047363e-01
9.997743368148803711e-01
9.999209046363830566e-01
9.999704957008361816e-01
9.999370574951171875e-01
9.998129606246948242e-01
9.995943307876586914e-01
9.985831975936889648e-01
9.975523948669433594e-01
9.965810179710388184e-01
9.981517195701599121e-01
9.917811155319213867e-01
9.625222682952880859e-01
9.244233369827270508e-01
8.936235904693603516e-01
9.195049405097961426e-01
9.423236250877380371e-01
9.633163809776306152e-01
9.868918657302856445e-01
9.991420507431030273e-01
9.999091625213623047e-01
9.999308586120605469e-01
9.998564124107360840e-01
9.997022747993469238e-01
9.990360736846923828e-01
9.982572197914123535e-01
9.974648356437683105e-01
9.933099746704101562e-01
9.872936606407165527e-01
9.784923195838928223e-01
9.692528247833251953e-01
9.599756598472595215e-01
9.553886055946350098e-01
9.596316218376159668e-01
9.730494022369384766e-01
9.866012930870056152e-01
9.961923956871032715e-01
9.992282986640930176e-01
9.997719526290893555e-01
9.997137188911437988e-01
9.995226263999938965e-01
9.994921684265136719e-01
9.995087385177612305e-01
9.994000792503356934e-01
9.979742765426635742e-01
9.955882430076599121e-01
9.923579692840576172e-01
9.912336468696594238e-01
9.924849271774291992e-01
9.953676462173461914e-01
9.977433681488037109e-01
9.988886117935180664e-01
9.994013905525207520e-01
9.997082948684692383e-01
9.998813271522521973e-01
9.999458193778991699e-01
9.999569058418273926e-01
9.999638199806213379e-01
9.999141097068786621e-01
9.998186230659484863e-01
9.986318945884704590e-01
9.973098039627075195e-01
9.958193302154541016e-01
9.971641302108764648e-01
9.986838102340698242e-01
9.996874332427978516e-01
9.999662041664123535e-01
9.999987483024597168e-01
9.999995231628417969e-01
9.999998807907104492e-01
9.999999403953552246e-01
9.999988079071044922e-01
9.999157190322875977e-01
9.997521638870239258e-01
9.877899289131164551e-01
9.110741019248962402e-01
7.307917475700378418e-01
4.699912965297698975e-01
2.821678221225738525e-01
3.552699089050292969e-01
5.742113590240478516e-01
8.306224346160888672e-01
9.141316413879394531e-01
9.639766216278076172e-01
9.881435036659240723e-01
9.944702386856079102e-01
9.983777403831481934e-01
9.992373585700988770e-01
9.997115731239318848e-01
1.000000000000000000e+00
1.000000000000000000e+00
9.999774694442749023e-01
9.999254345893859863e-01
9.997777938842773438e-01
9.998182654380798340e-01
9.999232292175292969e-01
9.992443919181823730e-01
9.872769117355346680e-01
9.637373685836791992e-01
8.564423918724060059e-01
7.698363065719604492e-01
7.310194373130798340e-01
8.048350214958190918e-01
8.201829195022583008e-01
5.500892400741577148e-01
2.787061631679534912e-01
9.918491542339324951e-02
7.154232859611511230e-01
6.566029787063598633e-01
1.855998672544956207e-02
7.077821646817028522e-05
2.176419347524642944e-01
7.546522617340087891e-01
9.252158403396606445e-01
9.981481432914733887e-01
9.988510608673095703e-01
9.994173049926757812e-01
9.998689889907836914e-01
9.999595284461975098e-01
9.999988675117492676e-01
9.999998211860656738e-01
9.999995231628417969e-01
9.999951720237731934e-01
9.999856352806091309e-01
9.999039173126220703e-01
9.998134970664978027e-01
9.997282624244689941e-01
9.996964335441589355e-01
9.995855093002319336e-01
9.989724755287170410e-01
9.968491196632385254e-01
9.937965869903564453e-01
9.939997196197509766e-01
9.955495595932006836e-01
9.986902475357055664e-01
9.971117377281188965e-01
9.729692935943603516e-01
9.024890661239624023e-01
8.738970756530761719e-01
8.708351254463195801e-01
9.207605123519897461e-01
9.584912657737731934e-01
9.873826503753662109e-01
9.895625710487365723e-01
9.929984807968139648e-01
9.978528618812561035e-01
9.992460608482360840e-01
9.998596310615539551e-01
9.996615648269653320e-01
9.987607598304748535e-01
9.977217912673950195e-01
9.970498085021972656e-01
9.977183341979980469e-01
9.991462826728820801e-01
9.992603063583374023e-01
9.968783259391784668e-01
9.917488098144531250e-01
6.111781001091003418e-01
2.603580057621002197e-01
5.066530779004096985e-02
4.400983452796936035e-04
1.106573343276977539e-01
6.968979835510253906e-01
9.507162570953369141e-01
9.937466979026794434e-01
9.805459976196289062e-01
9.067924618721008301e-01
7.650101780891418457e-01
5.081738233566284180e-01
4.364376962184906006e-01
7.783648967742919922e-01
9.285577535629272461e-01
1.000000000000000000e+00
1.000000000000000000e+00
9.987765550613403320e-01
9.968454837799072266e-01
9.982081055641174316e-01
9.984679818153381348e-01
9.974105954170227051e-01
9.825873970985412598e-01
9.721080660820007324e-01
9.755789041519165039e-01
9.654868245124816895e-01
8.821044564247131348e-01
4.367484748363494873e-01
3.394143283367156982e-01
4.918045103549957275e-01
7.664470672607421875e-01
9.427586197853088379e-01
9.898261427879333496e-01
9.983154535293579102e-01
9.997971653938293457e-01
9.999538064002990723e-01
9.999703168869018555e-01
9.998885989189147949e-01
9.995396137237548828e-01
9.991053342819213867e-01
9.986020326614379883e-01
9.918388128280639648e-01
9.741241335868835449e-01
9.401748180389404297e-01
8.785624504089355469e-01
8.385037779808044434e-01
8.825882077217102051e-01
9.386458992958068848e-01
9.952634572982788086e-01
9.979664087295532227e-01
9.992580413818359375e-01
9.992168545722961426e-01
9.996806979179382324e-01
1.000000000000000000e+00
1.000000000000000000e+00
9.997909069061279297e-01
9.994707703590393066e-01
9.989434480667114258e-01
9.990537166595458984e-01
9.995380043983459473e-01
9.998171329498291016e-01
9.999755024909973145e-01
9.999953508377075195e-01
9.999983310699462891e-01
9.999936223030090332e-01
9.999765157699584961e-01
9.994541406631469727e-01
9.986952543258666992e-01
9.976596832275390625e-01
9.981356859207153320e-01
9.997482299804687500e-01
9.999116659164428711e-01
9.999997019767761230e-01
9.999990463256835938e-01
9.999978542327880859e-01
9.999970197677612305e-01
9.999976158142089844e-01
9.999975562095642090e-01
9.999955296516418457e-01
9.999763965606689453e-01
9.985697269439697266e-01
9.958114027976989746e-01
9.886215329170227051e-01
9.839794039726257324e-01
9.848620295524597168e-01
9.919406175613403320e-01
9.993535280227661133e-01
9.996830821037292480e-01
9.998246431350708008e-01
9.998348355293273926e-01
9.995385408401489258e-01
9.993268251419067383e-01
9.992254376411437988e-01
9.994233250617980957e-01
9.996373653411865234e-01
9.997535943984985352e-01
9.998383522033691406e-01
9.999064803123474121e-01
9.999554157257080078e-01
9.999848008155822754e-01
9.999963641166687012e-01
9.999975562095642090e-01
9.976608157157897949e-01
9.910146594047546387e-01
9.650274515151977539e-01
9.288133382797241211e-01
8.730434179306030273e-01
6.165854930877685547e-01
2.288047522306442261e-01
8.903875946998596191e-02
1.039518602192401886e-02
1.277854200452566147e-02
2.497238963842391968e-01
3.978726565837860107e-01
1.723145097494125366e-01
7.691259682178497314e-02
7.879395037889480591e-02
4.357895553112030029e-01
7.294169664382934570e-01
9.598897099494934082e-01
9.910348653793334961e-01
9.999083280563354492e-01
9.999635219573974609e-01
9.997497797012329102e-01
9.414405822753906250e-01
5.752547979354858398e-01
3.567653298377990723e-01
2.488862723112106323e-01
6.224552392959594727e-01
8.871364593505859375e-01
9.778780341148376465e-01
9.969391226768493652e-01
9.988905191421508789e-01
9.990628361701965332e-01
9.989621639251708984e-01
9.984654784202575684e-01
9.932437539100646973e-01
9.722548127174377441e-01
9.327159523963928223e-01
8.587360978126525879e-01
7.692452669143676758e-01
6.533928513526916504e-01
5.008220672607421875e-01
3.476502895355224609e-01
3.216840624809265137e-01
4.928780496120452881e-01
8.452992439270019531e-01
9.389193058013916016e-01
9.905078411102294922e-01
9.979108572006225586e-01
9.998608827590942383e-01
9.999874234199523926e-01
9.999872446060180664e-01
9.999146461486816406e-01
9.997880458831787109e-01
9.996472001075744629e-01
9.995974302291870117e-01
9.996886849403381348e-01
9.998170137405395508e-01
9.999304413795471191e-01
9.999565482139587402e-01
9.999768137931823730e-01
9.999931454658508301e-01
9.999964833259582520e-01
9.999986886978149414e-01
9.999992251396179199e-01
9.999940395355224609e-01
9.999691247940063477e-01
9.998898506164550781e-01
9.996766448020935059e-01
9.993553161621093750e-01
9.985183477401733398e-01
9.976305961608886719e-01
9.966869354248046875e-01
9.977548122406005859e-01
9.987768530845642090e-01
9.991082549095153809e-01
9.937786459922790527e-01
9.804731011390686035e-01
9.227407574653625488e-01
7.659204602241516113e-01
5.168777704238891602e-01
2.737973928451538086e-01
2.221026569604873657e-01
5.561381578445434570e-01
8.026787042617797852e-01
9.882621169090270996e-01
9.963175654411315918e-01
9.999556541442871094e-01
9.999821186065673828e-01
9.999917149543762207e-01
9.999882578849792480e-01
9.999633431434631348e-01
9.999424815177917480e-01
9.999285340309143066e-01
9.999412298202514648e-01
9.999514818191528320e-01
9.999598264694213867e-01
9.998711347579956055e-01
9.994401931762695312e-01
9.984695911407470703e-01
9.957748055458068848e-01
9.937232136726379395e-01
9.961936473846435547e-01
9.981427192687988281e-01
9.997403621673583984e-01
9.998710155487060547e-01
9.999577999114990234e-01
9.999808669090270996e-01
9.999769330024719238e-01
9.999563694000244141e-01
9.998979568481445312e-01
9.998755455017089844e-01
9.998655319213867188e-01
9.994117617607116699e-01
9.950476288795471191e-01
9.853829145431518555e-01
9.586896896362304688e-01
9.345025420188903809e-01
9.305990934371948242e-01
9.504468441009521484e-01
9.831307530403137207e-01
9.925252795219421387e-01
9.984071254730224609e-01
9.997529983520507812e-01
9.999849200248718262e-01
9.999870061874389648e-01
9.999387264251708984e-01
9.545906782150268555e-01
8.632278442382812500e-01
3.102364838123321533e-01
2.334298100322484970e-03
1.314876833930611610e-03
1.936447322368621826e-01
4.584977030754089355e-01
8.371967077255249023e-01
9.776631593704223633e-01
9.880290031433105469e-01
9.892683625221252441e-01
9.917156100273132324e-01
9.956604242324829102e-01
9.982102513313293457e-01
9.998429417610168457e-01
9.994302392005920410e-01
9.977006912231445312e-01
9.953718781471252441e-01
9.957789182662963867e-01
9.969661831855773926e-01
9.991371035575866699e-01
9.997227191925048828e-01
9.999471306800842285e-01
9.999620318412780762e-01
9.999468922615051270e-01
9.999151825904846191e-01
9.998903274536132812e-01
9.999094605445861816e-01
9.999855160713195801e-01
9.999741315841674805e-01
9.998688697814941406e-01
9.995095133781433105e-01
9.994924664497375488e-01
9.988538622856140137e-01
9.659363627433776855e-01
8.861446380615234375e-01
7.425810694694519043e-01
7.337001562118530273e-01
7.798360586166381836e-01
9.181862473487854004e-01
9.816736578941345215e-01
9.976016283035278320e-01
9.988184571266174316e-01
9.996256828308105469e-01
9.998298883438110352e-01
9.999091029167175293e-01
9.999471306800842285e-01
9.999448060989379883e-01
9.995963573455810547e-01
9.990094900131225586e-01
9.995524883270263672e-01
9.994398355484008789e-01
9.982550740242004395e-01
9.930155277252197266e-01
9.844819307327270508e-01
9.656983017921447754e-01
9.180427193641662598e-01
8.484676480293273926e-01
8.715778589248657227e-01
9.046062827110290527e-01
9.490739703178405762e-01
9.729520082473754883e-01
9.886400103569030762e-01
9.961372017860412598e-01
9.997232556343078613e-01
9.999614953994750977e-01
9.999834895133972168e-01
9.999819993972778320e-01
9.999637603759765625e-01
9.999098181724548340e-01
9.997527003288269043e-01
9.988989830017089844e-01
9.982109069824218750e-01
9.976847767829895020e-01
9.984849095344543457e-01
9.992525577545166016e-01
9.995670914649963379e-01
9.997339248657226562e-01
9.998293519020080566e-01
9.998915195465087891e-01
9.999389052391052246e-01
9.999691843986511230e-01
9.999854564666748047e-01
9.999964833259582520e-01
9.999988675117492676e-01
9.999998211860656738e-01
1.000000000000000000e+00
1.000000000000000000e+00
9.999999403953552246e-01
9.999998807907104492e-01
9.999905228614807129e-01
9.998903870582580566e-01
9.994437694549560547e-01
9.971541762351989746e-01
9.936029911041259766e-01
9.916197061538696289e-01
9.922084808349609375e-01
9.970404505729675293e-01
9.989486932754516602e-01
9.998092055320739746e-01
9.998515248298645020e-01
9.996814131736755371e-01
9.993322491645812988e-01
9.936695694923400879e-01
8.623949289321899414e-01
4.627666473388671875e-01
1.941591948270797729e-01
6.599619723679200515e-21
2.247433972332020739e-21
8.676699961252834821e-41
2.664022523512552982e-40
3.148994801449589431e-05
1.247938647866249084e-01
6.032193899154663086e-01
8.451997637748718262e-01
9.513402581214904785e-01
8.492364287376403809e-01
7.628985047340393066e-01
6.981081962585449219e-01
7.681248784065246582e-01
8.671724796295166016e-01
9.541201591491699219e-01
9.886206388473510742e-01
9.856113195419311523e-01
9.917771220207214355e-01
9.968064427375793457e-01
9.992471337318420410e-01
9.999052286148071289e-01
9.998966455459594727e-01
9.995408058166503906e-01
9.986715912818908691e-01
9.973226189613342285e-01
9.966757893562316895e-01
9.965642690658569336e-01
9.975973963737487793e-01
9.860240221023559570e-01
9.661988019943237305e-01
9.114927649497985840e-01
8.650433421134948730e-01
8.290445208549499512e-01
8.483561277389526367e-01
8.789649605751037598e-01
9.084578752517700195e-01
9.497393965721130371e-01
9.989854097366333008e-01
9.998479485511779785e-01
9.997340440750122070e-01
9.995443820953369141e-01
9.993271231651306152e-01
9.888093471527099609e-01
9.096511602401733398e-01
7.889553904533386230e-01
6.289738416671752930e-01
5.012088418006896973e-01
4.098682105541229248e-01
4.026938676834106445e-01
5.481371879577636719e-01
7.665635943412780762e-01
8.982527852058410645e-01
9.798273444175720215e-01
9.948438405990600586e-01
9.986309409141540527e-01
9.986618757247924805e-01
9.938374757766723633e-01
8.360521793365478516e-01
5.643295645713806152e-01
7.199195623397827148e-01
6.806163191795349121e-01
2.188998758792877197e-01
4.944017902016639709e-02
2.781131770461797714e-04
2.249215031042695045e-04
9.315547533333301544e-03
2.828044071793556213e-02
3.102028667926788330e-01
6.153711676597595215e-01
8.599345684051513672e-01
9.702283740043640137e-01
9.989921450614929199e-01
9.995700120925903320e-01
9.990172386169433594e-01
9.966307878494262695e-01
9.970686435699462891e-01
9.983637928962707520e-01
9.994685053825378418e-01
1.000000000000000000e+00
1.000000000000000000e+00
1.000000000000000000e+00
9.674371480941772461e-01
8.503978252410888672e-01
6.549778580665588379e-01
4.244957566261291504e-01
3.378620445728302002e-01
2.730832993984222412e-01
2.393435537815093994e-01
2.796833217144012451e-01
3.743991553783416748e-01
6.405532956123352051e-01
8.357782363891601562e-01
9.720364212989807129e-01
9.922357201576232910e-01
9.996656179428100586e-01
9.998999238014221191e-01
9.999637603759765625e-01
9.999493360519409180e-01
9.999731779098510742e-01
9.999902248382568359e-01
9.999984502792358398e-01
1.000000000000000000e+00
1.000000000000000000e+00
1.000000000000000000e+00
1.000000000000000000e+00
1.000000000000000000e+00
9.993740320205688477e-01
9.977167844772338867e-01
9.938812255859375000e-01
9.937071800231933594e-01
9.952702522277832031e-01
9.981371760368347168e-01
9.997907876968383789e-01
9.999044537544250488e-01
9.963940978050231934e-01
9.922654628753662109e-01
9.889464378356933594e-01
9.890440106391906738e-01
9.917798042297363281e-01
9.918984770774841309e-01
9.925988316535949707e-01
9.949470758438110352e-01
9.975051879882812500e-01
1.000000000000000000e+00
1.000000000000000000e+00
1.000000000000000000e+00
1.000000000000000000e+00
1.000000000000000000e+00
9.994360208511352539e-01
9.963557720184326172e-01
9.964807033538818359e-01
9.991682767868041992e-01
9.992797374725341797e-01
9.920570850372314453e-01
9.682198166847229004e-01
5.806784033775329590e-01
3.930790722370147705e-02
1.463490352034568787e-02
1.149635985493659973e-01
3.903471827507019043e-01
7.061530351638793945e-01
9.824044108390808105e-01
9.942573308944702148e-01
9.998586773872375488e-01
9.999563097953796387e-01
9.999842047691345215e-01
9.999992251396179199e-01
9.999998211860656738e-01
9.999997615814208984e-01
9.999993443489074707e-01
9.999942779541015625e-01
9.999759793281555176e-01
9.999365210533142090e-01
9.995322823524475098e-01
9.988512992858886719e-01
9.970687031745910645e-01
9.960274100303649902e-01
9.957389235496520996e-01
9.977963566780090332e-01
9.996820688247680664e-01
9.998594522476196289e-01
9.996587038040161133e-01
9.992119073867797852e-01
9.963682293891906738e-01
9.956227540969848633e-01
9.990175962448120117e-01
9.949743151664733887e-01
9.882780909538269043e-01
9.859929084777832031e-01
9.874398112297058105e-01
9.934895038604736328e-01
9.967699050903320312e-01
9.985589385032653809e-01
9.964933395385742188e-01
9.849948287010192871e-01
9.658501744270324707e-01
9.670752286911010742e-01
9.740990400314331055e-01
9.911819696426391602e-01
9.982367157936096191e-01
9.999602437019348145e-01
9.999772906303405762e-01
9.999021887779235840e-01
9.996806979179382324e-01
8.633998036384582520e-01
6.525890231132507324e-01
2.215340584516525269e-01
2.804071700666099787e-04
1.455767487641423941e-04
3.904172480106353760e-01
7.803825736045837402e-01
9.345092177391052246e-01
9.989523291587829590e-01
9.999458193778991699e-01
9.999963045120239258e-01
9.999780654907226562e-01
9.999159574508666992e-01
9.992060661315917969e-01
9.975612759590148926e-01
9.825512170791625977e-01
9.405223727226257324e-01
8.594640493392944336e-01
8.195461034774780273e-01
7.937707901000976562e-01
7.811587452888488770e-01
7.920628786087036133e-01
8.262131214141845703e-01
8.895506262779235840e-01
9.474855661392211914e-01
9.720264077186584473e-01
9.851049780845642090e-01
9.903146624565124512e-01
9.948494434356689453e-01
9.983091950416564941e-01
9.995260834693908691e-01
9.998843073844909668e-01
9.995347857475280762e-01
9.925494790077209473e-01
9.244955182075500488e-01
7.678285241127014160e-01
7.491740584373474121e-01
7.814382910728454590e-01
8.775951862335205078e-01
9.167578220367431641e-01
8.975714445114135742e-01
4.369004368782043457e-01
1.514411717653274536e-02
4.503999371081590652e-03
7.086170808179304004e-05
1.934773317771032453e-04
2.220581173896789551e-01
4.961213469505310059e-01
8.584777712821960449e-01
9.844525456428527832e-01
9.883844256401062012e-01
9.934879541397094727e-01
9.974104166030883789e-01
9.994201064109802246e-01
9.999461174011230469e-01
9.999338388442993164e-01
9.997306466102600098e-01
9.994216561317443848e-01
9.989888072013854980e-01
9.993050694465637207e-01
9.997316598892211914e-01
9.999153614044189453e-01
9.999935626983642578e-01
9.999816417694091797e-01
9.999850392341613770e-01
9.999344348907470703e-01
9.997235536575317383e-01
9.976792931556701660e-01
9.944983124732971191e-01
9.957666397094726562e-01
9.963909387588500977e-01
9.955222010612487793e-01
9.881008863449096680e-01
9.778453111648559570e-01
9.694488048553466797e-01
9.716432690620422363e-01
9.893368482589721680e-01
9.962894916534423828e-01
9.995025992393493652e-01
9.998183846473693848e-01
9.999037981033325195e-01
9.997369647026062012e-01
9.993369579315185547e-01
9.989855885505676270e-01
9.990392327308654785e-01
9.991665482521057129e-01
9.993547797203063965e-01
9.993035793304443359e-01
9.987535476684570312e-01
9.968371987342834473e-01
9.642248153686523438e-01
9.122880101203918457e-01
7.578579783439636230e-01
7.041397094726562500e-01
8.679739236831665039e-01
9.525260329246520996e-01
9.982331991195678711e-01
9.993297457695007324e-01
9.999971985816955566e-01
9.999930858612060547e-01
9.987695813179016113e-01
9.973421692848205566e-01
9.978312253952026367e-01
9.985622763633728027e-01
9.995875954627990723e-01
9.997174739837646484e-01
9.995014071464538574e-01
9.985929727554321289e-01
9.659372568130493164e-01
9.030010700225830078e-01
8.076690435409545898e-01
7.588148713111877441e-01
8.927870988845825195e-01
9.548124670982360840e-01
9.631659984588623047e-01
6.368336081504821777e-01
3.185176551342010498e-01
8.907019346952438354e-02
2.645226661115884781e-03
6.938327715033665299e-05
6.727835279889404774e-04
1.031317710876464844e-01
4.083441793918609619e-01
7.031959295272827148e-01
9.829940795898437500e-01
9.935438632965087891e-01
9.999853968620300293e-01
9.999860525131225586e-01
9.997702240943908691e-01
9.988763928413391113e-01
9.921340346336364746e-01
9.835730195045471191e-01
9.727395772933959961e-01
9.749754667282104492e-01
9.815226793289184570e-01
9.934644103050231934e-01
9.996308684349060059e-01
9.998863339424133301e-01
9.988194704055786133e-01
9.960354566574096680e-01
9.871580600738525391e-01
9.879990220069885254e-01
9.969910979270935059e-01
9.974840879440307617e-01
9.923886656761169434e-01
9.731277823448181152e-01
9.372676014900207520e-01
8.900386095046997070e-01
9.165930151939392090e-01
9.424790740013122559e-01
9.554330110549926758e-01
9.338567852973937988e-01
8.926513791084289551e-01
8.511608242988586426e-01
8.495765924453735352e-01
9.279355406761169434e-01
9.703682065010070801e-01
9.953107833862304688e-01
9.980620741844177246e-01
9.998302459716796875e-01
9.999620914459228516e-01
9.999726414680480957e-01
9.999144077301025391e-01
9.995617866516113281e-01
9.993268847465515137e-01
9.992572665214538574e-01
9.759824872016906738e-01
9.452181458473205566e-01
9.120857715606689453e-01
9.111070036888122559e-01
9.486712217330932617e-01
9.713005423545837402e-01
9.881810545921325684e-01
9.931899309158325195e-01
9.831479191780090332e-01
9.576203823089599609e-01
4.915355443954467773e-01
3.737143799662590027e-02
1.197610143572092056e-02
5.781894074630145042e-08
6.495315840737703184e-09
4.771509810121187314e-15
2.058341518063055986e-11
1.153283857302511706e-10
7.565975934267044067e-02
2.102191001176834106e-01
6.088050603866577148e-01
9.233072996139526367e-01
9.032644033432006836e-01
8.559629321098327637e-01
7.901421189308166504e-01
8.349158763885498047e-01
8.917027711868286133e-01
9.606640338897705078e-01
9.903906583786010742e-01
9.966538548469543457e-01
9.976313710212707520e-01
9.984223246574401855e-01
9.991753697395324707e-01
9.995803833007812500e-01
9.997997283935546875e-01
9.998557567596435547e-01
9.999076128005981445e-01
9.999527335166931152e-01
9.998437762260437012e-01
9.994972348213195801e-01
9.918953180313110352e-01
9.829035997390747070e-01
9.714841842651367188e-01
9.755654931068420410e-01
9.859269857406616211e-01
9.930703639984130859e-01
9.978674054145812988e-01
9.989551901817321777e-01
9.995259642601013184e-01
9.998805522918701172e-01
9.999402761459350586e-01
9.999095201492309570e-01
9.997479319572448730e-01
9.969999790191650391e-01
9.931870102882385254e-01
9.873239398002624512e-01
9.864586591720581055e-01
9.922251105308532715e-01
9.952319264411926270e-01
9.971622824668884277e-01
9.970971941947937012e-01
9.977591037750244141e-01
9.993157982826232910e-01
9.998127222061157227e-01
9.999948143959045410e-01
9.999933242797851562e-01
9.999906420707702637e-01
9.999865293502807617e-01
9.999926090240478516e-01
9.999904036521911621e-01
9.999222755432128906e-01
9.996755719184875488e-01
9.992341995239257812e-01
9.979609251022338867e-01
9.967771172523498535e-01
9.970790147781372070e-01
9.977917671203613281e-01
9.989286661148071289e-01
9.994776844978332520e-01
9.998446106910705566e-01
9.999114274978637695e-01
9.999189972877502441e-01
9.998676180839538574e-01
9.986691474914550781e-01
9.976259469985961914e-01
9.983653426170349121e-01
9.990072846412658691e-01
9.995557665824890137e-01
9.948517084121704102e-01
9.901270270347595215e-01
9.895216822624206543e-01
9.802729487419128418e-01
9.630036950111389160e-01
9.732208847999572754e-01
9.869785904884338379e-01
9.956421256065368652e-01
9.998396039009094238e-01
9.999532699584960938e-01
9.999506473541259766e-01
9.999202489852905273e-01
9.998547434806823730e-01
9.997649192810058594e-01
9.996531605720520020e-01
9.992371797561645508e-01
9.989967346191406250e-01
9.996790885925292969e-01
9.993308782577514648e-01
9.980676174163818359e-01
9.980221986770629883e-01
9.983215928077697754e-01
9.992385506629943848e-01
9.997363090515136719e-01
9.998597502708435059e-01
9.998569488525390625e-01
9.998096227645874023e-01
9.996620416641235352e-01
9.992268085479736328e-01
9.985333681106567383e-01
9.983850121498107910e-01
9.984539151191711426e-01
9.990576505661010742e-01
9.995192289352416992e-01
9.998523592948913574e-01
9.999449849128723145e-01
9.999850392341613770e-01
9.999722242355346680e-01
9.999604821205139160e-01
9.999497532844543457e-01
9.995684027671813965e-01
9.982085227966308594e-01
9.927071332931518555e-01
9.857223629951477051e-01
9.773181676864624023e-01
9.808568358421325684e-01
9.868458509445190430e-01
9.938216209411621094e-01
9.961567521095275879e-01
9.939097762107849121e-01
9.732467532157897949e-01
9.502356052398681641e-01
9.338801503181457520e-01
9.351429343223571777e-01
9.546268582344055176e-01
9.550630450248718262e-01
9.079551696777343750e-01
6.146217584609985352e-01
3.295119106769561768e-01
5.337405204772949219e-02
1.900393591339091630e-16
2.600047779259200170e-21
2.166074377518251592e-20
1.190132647752761841e-01
3.750194311141967773e-01
6.973859071731567383e-01
9.901487827301025391e-01
9.488573074340820312e-01
9.127207994461059570e-01
8.829270601272583008e-01
9.206917881965637207e-01
9.730238318443298340e-01
9.817662239074707031e-01
9.862123727798461914e-01
9.849390983581542969e-01
9.875527620315551758e-01
9.914553761482238770e-01
9.957634210586547852e-01
9.986904263496398926e-01
9.996263980865478516e-01
9.996842741966247559e-01
9.981825947761535645e-01
9.783120751380920410e-01
9.672871828079223633e-01
9.702076315879821777e-01
9.766607284545898438e-01
9.834294915199279785e-01
9.629554152488708496e-01
9.493718743324279785e-01
9.478660225868225098e-01
9.633103609085083008e-01
9.861775636672973633e-01
9.928551912307739258e-01
9.908473491668701172e-01
9.718599319458007812e-01
8.603717088699340820e-01
7.021695971488952637e-01
8.361659049987792969e-01
9.427603483200073242e-01
9.818156957626342773e-01
9.963796138763427734e-01
9.968726634979248047e-01
9.984018802642822266e-01
9.995553493499755859e-01
9.996393322944641113e-01
9.959487915039062500e-01
9.898037314414978027e-01
9.865791201591491699e-01
9.862729310989379883e-01
9.939823150634765625e-01
9.980731606483459473e-01
9.994797110557556152e-01
9.995114803314208984e-01
9.993935227394104004e-01
9.992958307266235352e-01
9.992750287055969238e-01
9.993192553520202637e-01
9.961590170860290527e-01
9.933232069015502930e-01
9.941600561141967773e-01
9.958692193031311035e-01
9.984264373779296875e-01
9.994163513183593750e-01
9.999824166297912598e-01
9.999930262565612793e-01
9.999954700469970703e-01
9.999888539314270020e-01
9.999913573265075684e-01
9.999953508377075195e-01
9.999917149543762207e-01
9.999875426292419434e-01
9.999825358390808105e-01
9.999466538429260254e-01
9.998775124549865723e-01
9.995020627975463867e-01
9.987201690673828125e-01
9.973034858703613281e-01
9.950038194656372070e-01
9.924420714378356934e-01
9.934370517730712891e-01
9.947726130485534668e-01
9.967439174652099609e-01
9.963582754135131836e-01
9.947927594184875488e-01
9.959971308708190918e-01
9.956404566764831543e-01
9.916215538978576660e-01
9.648977518081665039e-01
9.243560433387756348e-01
8.469071984291076660e-01
7.907555103302001953e-01
8.035870790481567383e-01
8.473724126815795898e-01
9.141474962234497070e-01
9.523091316223144531e-01
9.820420145988464355e-01
9.929472208023071289e-01
9.986400008201599121e-01
9.996351599693298340e-01
9.998465180397033691e-01
9.998989701271057129e-01
9.998838305473327637e-01
9.997296929359436035e-01
9.994228482246398926e-01
9.972886443138122559e-01
9.855113625526428223e-01
8.974030017852783203e-01
7.326350212097167969e-01
4.628360271453857422e-01
3.900760114192962646e-01
3.762304782867431641e-01
1.560752093791961670e-01
1.317146420478820801e-02
3.180781845003366470e-03
7.706549484282732010e-03
1.900269836187362671e-02
4.400602877140045166e-01
7.677313685417175293e-01
8.885829448699951172e-01
9.027761220932006836e-01
8.531062602996826172e-01
9.115473031997680664e-01
9.583584070205688477e-01
9.505564570426940918e-01
9.292057156562805176e-01
8.974424004554748535e-01
9.269089698791503906e-01
9.582909941673278809e-01
9.631803631782531738e-01
6.773907542228698730e-01
1.082731783390045166e-01
2.754190377891063690e-02
1.140182539820671082e-01
5.939264297485351562e-01
8.945704698562622070e-01
9.723134636878967285e-01
9.940150976181030273e-01
9.976655244827270508e-01
9.989325404167175293e-01
9.997628331184387207e-01
9.998803138732910156e-01
9.878221154212951660e-01
9.686716198921203613e-01
4.066810011863708496e-01
1.303458511829376221e-01
4.782941639423370361e-01
7.534171938896179199e-01
9.853389263153076172e-01
9.999346733093261719e-01
9.999740719795227051e-01
9.999629855155944824e-01
9.991884231567382812e-01
9.978084564208984375e-01
9.094426035881042480e-01
8.037105798721313477e-01
6.790453195571899414e-01
7.190281152725219727e-01
9.326601624488830566e-01
9.853546023368835449e-01
9.955159425735473633e-01
9.954909682273864746e-01
9.946159720420837402e-01
9.925435781478881836e-01
9.833183884620666504e-01
9.677028059959411621e-01
8.458189368247985840e-01
7.693949341773986816e-01
7.802274227142333984e-01
8.581287860870361328e-01
9.723092317581176758e-01
9.898638725280761719e-01
9.995501637458801270e-01
9.997331500053405762e-01
9.991582036018371582e-01
9.980154037475585938e-01
9.826133847236633301e-01
9.658941626548767090e-01
9.518855810165405273e-01
9.440960884094238281e-01
9.426666498184204102e-01
9.240224957466125488e-01
9.028407335281372070e-01
8.954856395721435547e-01
8.252773880958557129e-01
6.661669611930847168e-01
5.201896429061889648e-01
3.866540789604187012e-01
5.184005498886108398e-01
6.769106984138488770e-01
8.894388675689697266e-01
9.682425856590270996e-01
9.707098603248596191e-01
9.806153774261474609e-01
9.897351861000061035e-01
9.951217770576477051e-01
9.976643919944763184e-01
9.979145526885986328e-01
9.413514733314514160e-01
8.354600071907043457e-01
5.240358710289001465e-01
2.667200565338134766e-01
7.182808220386505127e-02
2.597448825836181641e-01
5.583264231681823730e-01
8.169803023338317871e-01
9.827424883842468262e-01
9.950398206710815430e-01
9.952578544616699219e-01
9.898312687873840332e-01
9.239985942840576172e-01
8.726995587348937988e-01
8.597276210784912109e-01
8.981510400772094727e-01
9.719541072845458984e-01
9.885851144790649414e-01
9.913720488548278809e-01
9.651936292648315430e-01
9.380996227264404297e-01
9.100832939147949219e-01
9.238373637199401855e-01
9.477782845497131348e-01
9.688739180564880371e-01
9.765406250953674316e-01
9.643445014953613281e-01
9.412046670913696289e-01
9.138120412826538086e-01
9.365062117576599121e-01
9.599301815032958984e-01
9.849889874458312988e-01
9.965288043022155762e-01
9.994114637374877930e-01
9.998467564582824707e-01
9.999923706054687500e-01
9.999560713768005371e-01
9.999285340309143066e-01
9.999094009399414062e-01
9.998213052749633789e-01
9.995827078819274902e-01
9.982434511184692383e-01
9.952062964439392090e-01
9.896993637084960938e-01
9.799283146858215332e-01
9.676843881607055664e-01
8.661133050918579102e-01
7.724538445472717285e-01
6.965353488922119141e-01
7.217467427253723145e-01
8.125185966491699219e-01
9.142892360687255859e-01
9.969028234481811523e-01
9.989687800407409668e-01
1.000000000000000000e+00
1.000000000000000000e+00
9.986476898193359375e-01
9.956925511360168457e-01
9.807483553886413574e-01
9.754260182380676270e-01
9.848772287368774414e-01
9.922081828117370605e-01
9.985931515693664551e-01
9.994316697120666504e-01
9.999868273735046387e-01
9.999943375587463379e-01
9.999912381172180176e-01
9.999805092811584473e-01
9.994630813598632812e-01
9.904699325561523438e-01
9.418082237243652344e-01
7.575684189796447754e-01
4.206703305244445801e-01
5.661203265190124512e-01
8.099197149276733398e-01
3.257991671562194824e-01
1.202061958611011505e-02
3.536744741722941399e-03
1.440992765128612518e-02
3.550050035119056702e-02
4.101243615150451660e-01
7.488179206848144531e-01
9.189307093620300293e-01
9.983562231063842773e-01
9.996245503425598145e-01
9.994229078292846680e-01
9.987272620201110840e-01
9.966547489166259766e-01
9.950315952301025391e-01
9.940372705459594727e-01
9.955577850341796875e-01
9.980828166007995605e-01
9.986075162887573242e-01
9.981917142868041992e-01
9.955787062644958496e-01
9.947891831398010254e-01
9.952504634857177734e-01
9.971617460250854492e-01
9.988917708396911621e-01
9.989106059074401855e-01
9.941651821136474609e-01
9.840456843376159668e-01
9.708035588264465332e-01
9.566709399223327637e-01
9.443889260292053223e-01
9.417996406555175781e-01
9.575529694557189941e-01
9.595609903335571289e-01
9.537378549575805664e-01
8.879385590553283691e-01
8.211531043052673340e-01
7.667645812034606934e-01
7.816110253334045410e-01
8.622640967369079590e-01
9.259666204452514648e-01
9.807184934616088867e-01
9.885243177413940430e-01
9.843853712081909180e-01
9.609761834144592285e-01
8.325934410095214844e-01
6.533693075180053711e-01
4.944226741790771484e-01
4.248550832271575928e-01
6.173653602600097656e-01
7.483063936233520508e-01
8.277502655982971191e-01
5.638424158096313477e-01
2.607041001319885254e-01
1.687455326318740845e-01
1.433020979166030884e-01
2.124230712652206421e-01
1.875226497650146484e-01
1.223695501685142517e-01
1.162306815385818481e-01
1.549240946769714355e-01
3.088296353816986084e-01
3.635424673557281494e-01
3.417387306690216064e-01
5.248279571533203125e-01
7.360285520553588867e-01
9.039958715438842773e-01
9.999451041221618652e-01
9.999734163284301758e-01
9.999692440032958984e-01
9.999478459358215332e-01
9.991124868392944336e-01
8.461541533470153809e-01
3.224310874938964844e-01
6.671709567308425903e-02
8.026109077036380768e-03
7.412673990250806533e-14
5.368651472963392735e-04
4.144899081438779831e-03
2.457162737846374512e-01
7.956438660621643066e-01
9.699026942253112793e-01
9.986865520477294922e-01
9.992587566375732422e-01
9.970850348472595215e-01
9.882969260215759277e-01
6.574855446815490723e-01
9.251137822866439819e-02
7.567450869828462601e-03
0.000000000000000000e+00
0.000000000000000000e+00
0.000000000000000000e+00
0.000000000000000000e+00
0.000000000000000000e+00
0.000000000000000000e+00
0.000000000000000000e+00
1.786828840076053388e-16
8.128395506626243192e-16
5.354302935302257538e-03
1.484268344938755035e-02
3.121035695075988770e-01
6.406021118164062500e-01
8.398302793502807617e-01
9.607977867126464844e-01
9.717699885368347168e-01
9.229443669319152832e-01
8.483095765113830566e-01
7.005038261413574219e-01
5.972312688827514648e-01
6.239033341407775879e-01
7.314367294311523438e-01
9.066747426986694336e-01
9.673715829849243164e-01
9.999812841415405273e-01
9.998071789741516113e-01
9.985675811767578125e-01
9.956630468368530273e-01
9.941631555557250977e-01
9.933492541313171387e-01
9.912826418876647949e-01
9.900286197662353516e-01
9.916106462478637695e-01
9.920489788055419922e-01
9.914088845252990723e-01
9.822024703025817871e-01
9.690931439399719238e-01
9.350818395614624023e-01
9.256175160408020020e-01
9.607355594635009766e-01
9.827105998992919922e-01
9.970971345901489258e-01
9.992092251777648926e-01
1.000000000000000000e+00
1.000000000000000000e+00
9.999876618385314941e-01
9.999617338180541992e-01
9.998492598533630371e-01
9.996302723884582520e-01
9.971433281898498535e-01
9.810315370559692383e-01
9.349416494369506836e-01
8.275052309036254883e-01
6.774621009826660156e-01
6.076797246932983398e-01
5.916780829429626465e-01
8.176726698875427246e-01
9.591915607452392578e-01
9.862081408500671387e-01
9.931586384773254395e-01
9.916005730628967285e-01
9.886990189552307129e-01
9.885531067848205566e-01
9.963664412498474121e-01
9.963676929473876953e-01
9.895694851875305176e-01
9.710670113563537598e-01
9.258375167846679688e-01
6.287631988525390625e-01
4.003427028656005859e-01
2.925457358360290527e-01
3.604820370674133301e-01
5.275741815567016602e-01
7.685694098472595215e-01
9.721849560737609863e-01
9.869961142539978027e-01
9.922772645950317383e-01
9.866859912872314453e-01
9.214814901351928711e-01
8.332936763763427734e-01
6.135495305061340332e-01
4.684549272060394287e-01
5.039310455322265625e-01
6.227614879608154297e-01
8.056791424751281738e-01
9.103865027427673340e-01
9.903594255447387695e-01
9.956239461898803711e-01
9.982399940490722656e-01
9.966667294502258301e-01
9.888380169868469238e-01
9.778203368186950684e-01
9.684094190597534180e-01
9.649209380149841309e-01
9.833862185478210449e-01
9.939312338829040527e-01
9.959903359413146973e-01
9.946225285530090332e-01
9.921966791152954102e-01
9.915045499801635742e-01
9.891453385353088379e-01
9.828980565071105957e-01
9.746000170707702637e-01
9.647634029388427734e-01
9.706627130508422852e-01
9.797766208648681641e-01
9.909380078315734863e-01
9.982267618179321289e-01
9.993774890899658203e-01
9.998380541801452637e-01
9.999403953552246094e-01
9.999249577522277832e-01
9.999014735221862793e-01
9.998806118965148926e-01
9.998982548713684082e-01
9.999591708183288574e-01
9.999797940254211426e-01
9.999854564666748047e-01
9.999114274978637695e-01
9.985045790672302246e-01
9.936857223510742188e-01
9.689323902130126953e-01
9.280010461807250977e-01
9.482904076576232910e-01
9.796190857887268066e-01
9.886038303375244141e-01
9.593166112899780273e-01
8.626322150230407715e-01
5.277315974235534668e-01
5.395899340510368347e-02
1.960761845111846924e-01
4.290851950645446777e-01
7.724789381027221680e-01
9.745801091194152832e-01
9.938391447067260742e-01
9.979691505432128906e-01
9.957272410392761230e-01
9.869709014892578125e-01
9.795292019844055176e-01
9.768381118774414062e-01
9.809535741806030273e-01
9.916468262672424316e-01
9.953851699829101562e-01
9.966138601303100586e-01
9.868363738059997559e-01
9.753854274749755859e-01
9.602783322334289551e-01
9.476242661476135254e-01
9.367681741714477539e-01
8.969463109970092773e-01
8.494509458541870117e-01
7.840261459350585938e-01
7.556672096252441406e-01
7.892918586730957031e-01
8.209623694419860840e-01
8.515688180923461914e-01
8.415618538856506348e-01
8.343473076820373535e-01
8.609757423400878906e-01
8.950672745704650879e-01
9.388392567634582520e-01
9.641298651695251465e-01
9.816414117813110352e-01
9.913630485534667969e-01
9.988103508949279785e-01
9.995489120483398438e-01
9.996346235275268555e-01
9.990546703338623047e-01
9.981337189674377441e-01
9.971230030059814453e-01
9.969624280929565430e-01
9.952067732810974121e-01
9.894772171974182129e-01
9.828116297721862793e-01
9.753799438476562500e-01
9.799884557723999023e-01
9.872432947158813477e-01
9.932601451873779297e-01
9.970399737358093262e-01
9.964849352836608887e-01
9.820860624313354492e-01
9.585768580436706543e-01
7.480952739715576172e-01
5.504283905029296875e-01
6.449177265167236328e-01
6.311716437339782715e-01
4.468796849250793457e-01
2.399417608976364136e-01
2.081588655710220337e-02
8.674343116581439972e-03
8.981511741876602173e-02
5.178197622299194336e-01
8.163741827011108398e-01
9.472656250000000000e-01
9.732292890548706055e-01
9.535362124443054199e-01
8.743764758110046387e-01
7.989417910575866699e-01
7.464327812194824219e-01
7.625663876533508301e-01
8.541961312294006348e-01
9.230997562408447266e-01
9.839459061622619629e-01
9.927694201469421387e-01
9.992640614509582520e-01
9.994869232177734375e-01
9.996194839477539062e-01
9.996678829193115234e-01
9.987167119979858398e-01
9.965099692344665527e-01
9.683220386505126953e-01
9.202433228492736816e-01
8.246253728866577148e-01
8.332469463348388672e-01
9.261826872825622559e-01
9.674286842346191406e-01
9.936901926994323730e-01
9.816334247589111328e-01
7.911477684974670410e-01
2.326669394969940186e-01
2.372217277297750115e-04
3.223474050173535943e-05
1.442390740180599096e-08
4.014823585748672485e-02
4.406649172306060791e-01
7.558358311653137207e-01
9.172288775444030762e-01
9.353556036949157715e-01
8.641745448112487793e-01
5.827055573463439941e-01
2.938759028911590576e-01
1.695151776075363159e-01
7.299965620040893555e-02
2.129137516021728516e-02
3.182876389473676682e-03
4.089370369911193848e-03
1.019471213221549988e-01
2.464122176170349121e-01
5.898301005363464355e-01
8.370697498321533203e-01
9.436532258987426758e-01
9.873379468917846680e-01
9.990381598472595215e-01
9.927121400833129883e-01
9.830716252326965332e-01
9.652056097984313965e-01
8.798251748085021973e-01
7.035247683525085449e-01
6.677960753440856934e-01
6.983500719070434570e-01
6.821979880332946777e-01
6.246654391288757324e-01
4.022569656372070312e-01
3.924010396003723145e-01
6.521329283714294434e-01
8.316214084625244141e-01
9.755101203918457031e-01
9.919940233230590820e-01
9.996914863586425781e-01
9.998548030853271484e-01
9.999577999114990234e-01
9.999883174896240234e-01
9.999435544013977051e-01
9.998676180839538574e-01
9.993907213211059570e-01
9.988935589790344238e-01
9.983878731727600098e-01
9.984729886054992676e-01
9.992439150810241699e-01
9.993497729301452637e-01
9.991891980171203613e-01
9.981999993324279785e-01
9.971976280212402344e-01
9.962506294250488281e-01
9.958596229553222656e-01
9.960972666740417480e-01
9.969549179077148438e-01
9.980512857437133789e-01
9.988754987716674805e-01
9.995614290237426758e-01
9.997878074645996094e-01
9.999290108680725098e-01
9.999748468399047852e-01
9.999822378158569336e-01
9.999747276306152344e-01
9.996576905250549316e-01
9.976090788841247559e-01
9.894523024559020996e-01
9.557691216468811035e-01
8.931998610496520996e-01
8.356901407241821289e-01
7.802587747573852539e-01
8.534619808197021484e-01
9.138029813766479492e-01
9.127798676490783691e-01
8.627599477767944336e-01
7.564556002616882324e-01
8.001248240470886230e-01
9.043256044387817383e-01
9.584065675735473633e-01
9.996530413627624512e-01
9.997282028198242188e-01
9.992203712463378906e-01
9.980137348175048828e-01
9.958125352859497070e-01
9.931858181953430176e-01
9.959760308265686035e-01
9.983095526695251465e-01
9.976314902305603027e-01
9.874648451805114746e-01
9.654068350791931152e-01
9.689221978187561035e-01
9.838722348213195801e-01
9.893273115158081055e-01
9.937512874603271484e-01
9.964565038681030273e-01
9.984151124954223633e-01
9.993771314620971680e-01
9.995609521865844727e-01
9.993655085563659668e-01
9.859054088592529297e-01
9.301959872245788574e-01
6.646389365196228027e-01
3.893932700157165527e-01
1.001343131065368652e-01
3.708385293066385202e-06
3.393878955648688134e-07
3.125074785202741623e-03
2.599267661571502686e-02
1.655576527118682861e-01
4.158471822738647461e-01
8.411154747009277344e-01
9.989450573921203613e-01
9.998356699943542480e-01
9.998390674591064453e-01
9.996799826622009277e-01
9.992686510086059570e-01
9.990587830543518066e-01
9.992053508758544922e-01
9.994133114814758301e-01
9.996616840362548828e-01
9.997479319572448730e-01
9.997883439064025879e-01
9.996615052223205566e-01
9.996570348739624023e-01
9.998978972434997559e-01
9.997128844261169434e-01
9.992139339447021484e-01
9.975892901420593262e-01
9.957946538925170898e-01
9.953575134277343750e-01
9.956892728805541992e-01
9.978145360946655273e-01
9.979720115661621094e-01
9.964598417282104492e-01
9.866292476654052734e-01
9.744306206703186035e-01
9.594720602035522461e-01
9.543157815933227539e-01
9.762818217277526855e-01
9.890453219413757324e-01
9.927909374237060547e-01
9.893881082534790039e-01
9.835442900657653809e-01
9.786120653152465820e-01
9.780058264732360840e-01
9.923195838928222656e-01
9.992479681968688965e-01
9.976252317428588867e-01
9.913874864578247070e-01
9.831837415695190430e-01
9.734056591987609863e-01
9.448090195655822754e-01
8.317191004753112793e-01
7.053492665290832520e-01
5.604865550994873047e-01
6.917790770530700684e-01
9.651188254356384277e-01
9.966796636581420898e-01
9.999560117721557617e-01
9.998708367347717285e-01
9.992824792861938477e-01
9.978439807891845703e-01
9.948114156723022461e-01
9.907536506652832031e-01
9.948672652244567871e-01
1.000000000000000000e+00
1.000000000000000000e+00
9.993075728416442871e-01
9.971451163291931152e-01
9.964389204978942871e-01
9.968897700309753418e-01
9.978800415992736816e-01
9.989905953407287598e-01
9.995079040527343750e-01
9.998872280120849609e-01
9.998847246170043945e-01
9.995431303977966309e-01
9.988643527030944824e-01
9.984313845634460449e-01
9.980859756469726562e-01
9.974623918533325195e-01
9.965017437934875488e-01
9.942799806594848633e-01
9.930423498153686523e-01
9.930481910705566406e-01
9.955193400382995605e-01
9.991624355316162109e-01
9.933605790138244629e-01
9.839459657669067383e-01
9.587860703468322754e-01
9.087602496147155762e-01
8.182921409606933594e-01
6.791681647300720215e-01
5.094363689422607422e-01
4.919228255748748779e-01
4.901118874549865723e-01
3.532792627811431885e-01
2.133359163999557495e-01
6.658080220222473145e-02
2.318877842226604001e-15
4.176198537648393577e-16
0.000000000000000000e+00
0.000000000000000000e+00
0.000000000000000000e+00
0.000000000000000000e+00
0.000000000000000000e+00
3.438433632254600525e-04
1.062419498339295387e-03
2.588812112808227539e-01
6.225010752677917480e-01
6.867955327033996582e-01
7.266793251037597656e-01
7.387084364891052246e-01
7.791099548339843750e-01
8.616427779197692871e-01
9.251842498779296875e-01
9.778689146041870117e-01
9.909673929214477539e-01
9.973644018173217773e-01
9.984503984451293945e-01
9.992214441299438477e-01
9.993520975112915039e-01
9.994922876358032227e-01
9.996400475502014160e-01
9.994828104972839355e-01
9.988490343093872070e-01
9.760097265243530273e-01
9.294285774230957031e-01
8.101310133934020996e-01
7.171874046325683594e-01
6.535579562187194824e-01
7.648358941078186035e-01
9.494075775146484375e-01
9.809250831604003906e-01
9.983348846435546875e-01
9.992826581001281738e-01
9.998823404312133789e-01
9.999419450759887695e-01
9.999629855155944824e-01
9.999604225158691406e-01
9.998758435249328613e-01
9.994831681251525879e-01
9.954509735107421875e-01
9.895555973052978516e-01
9.793168306350708008e-01
9.776092171669006348e-01
9.835105538368225098e-01
9.891971349716186523e-01
9.948137998580932617e-01
9.900328516960144043e-01
9.823097586631774902e-01
9.641434550285339355e-01
8.980523347854614258e-01
7.695060372352600098e-01
4.558462500572204590e-01
4.773648828268051147e-02
8.395902696065604687e-04
1.715337247243375884e-11
6.843575619391861764e-12
2.696618361198702864e-19
8.214508358474494213e-20
6.384256318048286971e-11
1.774495411721588312e-10
2.186345010995864868e-01
4.970313906669616699e-01
7.807826399803161621e-01
9.976788759231567383e-01
9.990763664245605469e-01
9.954677224159240723e-01
9.860017299652099609e-01
6.026306152343750000e-01
4.895168170332908630e-02
2.483707476130803116e-06
6.930110603570938110e-02
5.865860581398010254e-01
9.343235492706298828e-01
9.787999391555786133e-01
9.847853183746337891e-01
9.629123210906982422e-01
9.250982999801635742e-01
8.847020864486694336e-01
8.919330239295959473e-01
9.081293344497680664e-01
9.514375329017639160e-01
9.793370366096496582e-01
9.898952841758728027e-01
9.935867786407470703e-01
9.942576885223388672e-01
9.870693683624267578e-01
9.740596413612365723e-01
9.296160936355590820e-01
8.778985142707824707e-01
8.132458329200744629e-01
7.668740749359130859e-01
7.336817383766174316e-01
5.201238989830017090e-01
2.647134065628051758e-01
1.275735795497894287e-01
6.531433016061782837e-02
2.368771880865097046e-01
4.843954741954803467e-01
8.197754621505737305e-01
9.479751586914062500e-01
9.807858467102050781e-01
9.904973506927490234e-01
9.968448877334594727e-01
9.967614412307739258e-01
9.969357848167419434e-01
9.976000785827636719e-01
9.984719753265380859e-01
9.995027780532836914e-01
9.998189210891723633e-01
9.999361038208007812e-01
9.999421834945678711e-01
9.999477863311767578e-01
9.999518990516662598e-01
9.999362230300903320e-01
9.998950958251953125e-01
9.995100498199462891e-01
9.989438056945800781e-01
9.960662722587585449e-01
9.933505654335021973e-01
9.954201579093933105e-01
9.973958134651184082e-01
9.991647005081176758e-01
9.990526437759399414e-01
9.972556829452514648e-01
9.968236088752746582e-01
9.968633055686950684e-01
9.984118342399597168e-01
9.997293949127197266e-01
9.996748566627502441e-01
9.996436834335327148e-01
9.996486902236938477e-01
9.997338056564331055e-01
9.998703598976135254e-01
9.998641014099121094e-01
9.994552731513977051e-01
9.903502464294433594e-01
9.285441637039184570e-01
7.151971459388732910e-01
5.599339008331298828e-01
4.696635603904724121e-01
5.460698008537292480e-01
6.989952921867370605e-01
8.502064347267150879e-01
9.826415181159973145e-01
9.718936085700988770e-01
9.705029129981994629e-01
9.882207512855529785e-01
9.947950243949890137e-01
9.920518398284912109e-01
9.816698431968688965e-01
9.688502550125122070e-01
9.571560621261596680e-01
9.495921730995178223e-01
9.597546458244323730e-01
9.701868295669555664e-01
9.810237288475036621e-01
9.859821796417236328e-01
9.872087240219116211e-01
9.884759783744812012e-01
9.892304539680480957e-01
9.764025807380676270e-01
9.581291675567626953e-01
9.235956668853759766e-01
8.619763255119323730e-01
7.688308358192443848e-01
5.361284613609313965e-01
2.355840653181076050e-01
1.071668267250061035e-01
3.347739204764366150e-02
2.584921717643737793e-01
4.903171956539154053e-01
7.375485897064208984e-01
8.575318455696105957e-01
8.611720800399780273e-01
8.094660639762878418e-01
7.374560236930847168e-01
7.515669465065002441e-01
7.836154103279113770e-01
8.857321739196777344e-01
9.580671787261962891e-01
9.779756069183349609e-01
9.866752624511718750e-01
9.869903326034545898e-01
9.810342788696289062e-01
9.733414649963378906e-01
9.642478823661804199e-01
9.453392624855041504e-01
8.882195949554443359e-01
8.047404289245605469e-01
6.836528182029724121e-01
6.615887880325317383e-01
7.003698945045471191e-01
8.280478715896606445e-01
9.695129990577697754e-01
9.859619140625000000e-01
9.839598536491394043e-01
9.245170950889587402e-01
8.896223902702331543e-01
8.843907713890075684e-01
8.675011992454528809e-01
8.445954918861389160e-01
4.349019229412078857e-01
2.030294388532638550e-03
8.500863332301378250e-04
4.338150902185589075e-04
1.954999752342700958e-03
2.421977696940302849e-03
1.785889849998056889e-03
1.000098185613751411e-03
1.486274413764476776e-04
5.073544755578041077e-02
1.453940868377685547e-01
5.587529540061950684e-01
8.553528785705566406e-01
8.954957723617553711e-01
9.275034070014953613e-01
9.519819617271423340e-01
9.742217063903808594e-01
9.956240653991699219e-01
9.977849125862121582e-01
9.981951117515563965e-01
9.965952634811401367e-01
9.956496953964233398e-01
9.959642291069030762e-01
9.969000816345214844e-01
9.983558058738708496e-01
9.991725683212280273e-01
9.997727870941162109e-01
9.995139241218566895e-01
9.973809719085693359e-01
9.853163957595825195e-01
9.747969508171081543e-01
9.670623540878295898e-01
9.702625274658203125e-01
9.819301962852478027e-01
9.910988807678222656e-01
9.995183944702148438e-01
9.998756647109985352e-01
9.998976588249206543e-01
9.994499087333679199e-01
9.936989545822143555e-01
9.791092276573181152e-01
9.602167010307312012e-01
9.381706118583679199e-01
9.444631338119506836e-01
9.587740302085876465e-01
9.789912700653076172e-01
9.959100484848022461e-01
9.977451562881469727e-01
9.989985823631286621e-01
9.993221759796142578e-01
9.991191625595092773e-01
9.985457062721252441e-01
9.986487030982971191e-01
9.989328980445861816e-01
9.977214336395263672e-01
9.965958595275878906e-01
9.959053397178649902e-01
9.962307214736938477e-01
9.981466531753540039e-01
9.992700815200805664e-01
9.998408555984497070e-01
9.999382495880126953e-01
9.999094009399414062e-01
9.995892643928527832e-01
9.983161687850952148e-01
9.929164648056030273e-01
8.039861321449279785e-01
3.250802159309387207e-01
8.572384715080261230e-02
1.512427628040313721e-02
0.000000000000000000e+00
0.000000000000000000e+00
5.463300347328186035e-01
8.990585803985595703e-01
3.444485962390899658e-01
9.106676094233989716e-03
3.305334597826004028e-02
3.465635776519775391e-01
8.722676038742065430e-01
9.931771755218505859e-01
9.959182143211364746e-01
9.267638921737670898e-01
7.920711040496826172e-01
3.455147147178649902e-01
1.133035272359848022e-01
2.524529397487640381e-01
4.902481436729431152e-01
8.043629527091979980e-01
9.290595054626464844e-01
9.943098425865173340e-01
9.950033426284790039e-01
9.910748600959777832e-01
9.779086112976074219e-01
9.431245923042297363e-01
8.676918148994445801e-01
7.658735513687133789e-01
6.420491933822631836e-01
5.360081791877746582e-01
4.362710416316986084e-01
4.582071304321289062e-01
4.892421960830688477e-01
5.226402282714843750e-01
5.637450218200683594e-01
6.209042668342590332e-01
7.113959193229675293e-01
8.328922986984252930e-01
9.132987856864929199e-01
9.773172140121459961e-01
9.872279763221740723e-01
9.911139011383056641e-01
9.908236265182495117e-01
9.915322661399841309e-01
9.946480989456176758e-01
9.971053004264831543e-01
9.988655447959899902e-01
9.995921850204467773e-01
9.998285174369812012e-01
9.999042749404907227e-01
9.999486804008483887e-01
9.998804330825805664e-01
8.568339347839355469e-01
3.040690124034881592e-01
4.902243963442742825e-04
1.288614730583503842e-04
3.887254555865168383e-17
5.548180782620812092e-18
6.033677980303764343e-02
1.420568972826004028e-01
5.919612050056457520e-01
9.436290264129638672e-01
9.410015344619750977e-01
9.271911382675170898e-01
8.969407677650451660e-01
8.838334679603576660e-01
8.822575807571411133e-01
9.110553860664367676e-01
9.479184746742248535e-01
9.613493084907531738e-01
9.463527798652648926e-01
7.969778180122375488e-01
6.038979887962341309e-01
3.346452414989471436e-01
1.575757563114166260e-01
5.679811164736747742e-02
3.959132730960845947e-02
5.184279754757881165e-02
1.273148208856582642e-01
1.860838085412979126e-01
7.882719486951828003e-02
3.732698038220405579e-03
1.252207555808126926e-03
4.771022263250703659e-18
1.147133659898232503e-18
0.000000000000000000e+00
0.000000000000000000e+00
0.000000000000000000e+00
0.000000000000000000e+00
0.000000000000000000e+00
1.549212884374511455e-15
7.781601053899901005e-15
5.708876065909862518e-03
1.883251033723354340e-02
2.831607162952423096e-01
7.014828324317932129e-01
8.548948168754577637e-01
9.457705616950988770e-01
9.458984732627868652e-01
9.089812040328979492e-01
7.060034275054931641e-01
4.610473811626434326e-01
1.421095281839370728e-01
5.847043939866125584e-05
1.204075488203670830e-05
1.005145203181179170e-10
7.014400345284332872e-12
1.215694751590490341e-02
7.301889359951019287e-02
5.236229896545410156e-01
8.668643236160278320e-01
9.540366530418395996e-01
9.975661039352416992e-01
9.935136437416076660e-01
7.162824869155883789e-01
3.005497753620147705e-01
1.630913019180297852e-01
9.078373014926910400e-02
4.807879626750946045e-01
8.112874031066894531e-01
9.248667359352111816e-01
9.921438097953796387e-01
9.912185072898864746e-01
9.581364393234252930e-01
9.022730588912963867e-01
7.786117196083068848e-01
6.350277662277221680e-01
5.957019925117492676e-01
5.864977836608886719e-01
7.373842597007751465e-01
8.628644347190856934e-01
9.337422847747802734e-01
9.737625122070312500e-01
9.827583432197570801e-01
9.849768280982971191e-01
9.840281605720520020e-01
9.725515246391296387e-01
9.589601755142211914e-01
9.364690184593200684e-01
9.221725463867187500e-01
9.353920817375183105e-01
9.555009007453918457e-01
9.855831265449523926e-01
9.974027872085571289e-01
9.966466426849365234e-01
9.634639024734497070e-01
9.207880496978759766e-01
8.890499472618103027e-01
8.647755384445190430e-01
8.859207034111022949e-01
7.756283283233642578e-01
3.766584396362304688e-01
1.288215368986129761e-01
3.857795521616935730e-02
1.424650941044092178e-02
2.236223965883255005e-02
1.986486911773681641e-01
4.062585830688476562e-01
6.650460958480834961e-01
8.845868706703186035e-01
9.529011845588684082e-01
9.954671859741210938e-01
9.975216388702392578e-01
9.961403012275695801e-01
9.921063184738159180e-01
9.607241749763488770e-01
9.199981689453125000e-01
8.260933160781860352e-01
7.064034938812255859e-01
3.892930746078491211e-01
1.366727948188781738e-01
5.176987126469612122e-02
4.977846518158912659e-02
1.469580531120300293e-01
4.267612099647521973e-01
8.124074935913085938e-01
4.927336871623992920e-01
6.847712211310863495e-03
7.309427149300082721e-29
0.000000000000000000e+00
0.000000000000000000e+00
1.038593356497585773e-03
4.125733394175767899e-03
2.568864524364471436e-01
7.479319572448730469e-01
9.187613725662231445e-01
9.452460408210754395e-01
9.550751447677612305e-01
9.625528454780578613e-01
9.768726825714111328e-01
9.891158342361450195e-01
9.938803911209106445e-01
9.970769882202148438e-01
9.978210926055908203e-01
9.974330067634582520e-01
9.961726069450378418e-01
9.857129454612731934e-01
9.719911217689514160e-01
8.113624453544616699e-01
6.328769326210021973e-01
4.168373644351959229e-01
2.944553494453430176e-01
4.356276392936706543e-01
5.580579042434692383e-01
6.568375825881958008e-01
6.182507872581481934e-01
4.920344650745391846e-01
6.250614523887634277e-01
8.295369148254394531e-01
9.195414781570434570e-01
9.931797981262207031e-01
9.923807382583618164e-01
9.872634410858154297e-01
9.721546769142150879e-01
9.356986880302429199e-01
8.754059672355651855e-01
7.078840136528015137e-01
4.806362092494964600e-01
3.659617900848388672e-01
2.762839198112487793e-01
6.423922181129455566e-01
9.577453136444091797e-01
9.805625677108764648e-01
9.956105947494506836e-01
9.950594305992126465e-01
9.942322373390197754e-01
9.931355714797973633e-01
9.885411858558654785e-01
9.822663068771362305e-01
9.883567690849304199e-01
9.966899156570434570e-01
9.984846115112304688e-01
9.999570250511169434e-01
9.999535083770751953e-01
9.996199607849121094e-01
9.986727237701416016e-01
9.874999523162841797e-01
9.668146371841430664e-01
6.003057360649108887e-01
7.591745257377624512e-02
6.596902967430651188e-04
1.534464972792193294e-04
5.875131115317344666e-03
6.237206980586051941e-02
3.294084668159484863e-01
4.111311137676239014e-01
1.687190234661102295e-01
3.871838003396987915e-02
9.056803770363330841e-03
1.819043245632201433e-05
2.158468987545347773e-06
4.470142101196166456e-43
0.000000000000000000e+00
0.000000000000000000e+00
1.930148504761003033e-41
1.165726179487172073e-40
2.433058572933077812e-03
9.099714457988739014e-03
2.616057693958282471e-01
7.308497428894042969e-01
9.093458056449890137e-01
9.633772969245910645e-01
9.097186923027038574e-01
8.404054641723632812e-01
8.004876375198364258e-01
7.810459733009338379e-01
8.450070619583129883e-01
9.008909463882446289e-01
9.421131610870361328e-01
9.583997130393981934e-01
9.520881772041320801e-01
9.465076923370361328e-01
9.412333965301513672e-01
9.452748298645019531e-01
9.510515928268432617e-01
9.643337130546569824e-01
9.770187139511108398e-01
9.872582554817199707e-01
9.946545362472534180e-01
9.968321919441223145e-01
9.958693385124206543e-01
9.919515848159790039e-01
9.863857030868530273e-01
9.800529479980468750e-01
9.759320020675659180e-01
9.722760915756225586e-01
9.780091047286987305e-01
9.839239120483398438e-01
9.906620383262634277e-01
9.959474802017211914e-01
9.982345104217529297e-01
9.995205402374267578e-01
9.997811913490295410e-01
9.998327493667602539e-01
9.997744560241699219e-01
9.990476965904235840e-01
9.981748461723327637e-01
9.945833683013916016e-01
9.915470480918884277e-01
9.922337532043457031e-01
9.936504364013671875e-01
9.967479109764099121e-01
9.987288117408752441e-01
9.993985891342163086e-01
9.997133612632751465e-01
9.998114705085754395e-01
9.998738765716552734e-01
9.999266266822814941e-01
9.999530911445617676e-01
9.999759793281555176e-01
9.999812841415405273e-01
9.999853372573852539e-01
9.999861121177673340e-01
9.999886155128479004e-01
9.999934434890747070e-01
9.999448657035827637e-01
9.998584985733032227e-01
9.899483919143676758e-01
9.766616821289062500e-01
7.604625225067138672e-01
5.208607316017150879e-01
2.678294479846954346e-01
6.709752976894378662e-02
5.597576126456260681e-02
1.017661243677139282e-01
2.420428991317749023e-01
4.735420048236846924e-01
7.853439450263977051e-01
9.255703687667846680e-01
9.903972744941711426e-01
9.819583892822265625e-01
9.607865214347839355e-01
9.338290691375732422e-01
8.816899061203002930e-01
7.000434398651123047e-01
4.874542057514190674e-01
2.101278156042098999e-01
6.101098656654357910e-02
5.346066877245903015e-02
1.109011471271514893e-01
2.061849981546401978e-01
2.913093864917755127e-01
3.739879429340362549e-01
2.923160791397094727e-01
2.008401304483413696e-01
1.086158975958824158e-01
5.186224356293678284e-02
9.711226075887680054e-02
2.715164721012115479e-01
6.311863660812377930e-01
8.524292111396789551e-01
9.677107334136962891e-01
9.996348023414611816e-01
9.991292357444763184e-01
9.974070787429809570e-01
9.956384301185607910e-01
9.980121850967407227e-01
9.999585747718811035e-01
9.999788999557495117e-01
9.999553561210632324e-01
9.998456835746765137e-01
9.973520040512084961e-01
9.923825263977050781e-01
9.634636044502258301e-01
9.212941527366638184e-01
8.484320640563964844e-01
7.680972814559936523e-01
8.373298048973083496e-01
9.111684560775756836e-01
9.606518149375915527e-01
9.977849721908569336e-01
9.991752505302429199e-01
9.999662637710571289e-01
9.998837709426879883e-01
9.997133612632751465e-01
9.994739294052124023e-01
9.990081787109375000e-01
9.984495639801025391e-01
9.985811114311218262e-01
9.988259673118591309e-01
9.993566870689392090e-01
9.997518062591552734e-01
9.994805455207824707e-01
9.982677102088928223e-01
9.950311183929443359e-01
9.816647171974182129e-01
9.568940401077270508e-01
8.584744334220886230e-01
7.149216532707214355e-01
6.859134435653686523e-01
6.918208599090576172e-01
8.147888779640197754e-01
9.416774511337280273e-01
9.734381437301635742e-01
9.985783696174621582e-01
9.994274973869323730e-01
9.999704957008361816e-01
9.999867677688598633e-01
9.999709725379943848e-01
9.999250173568725586e-01
9.980931282043457031e-01
9.953695535659790039e-01
9.781098961830139160e-01
9.575390219688415527e-01
9.281212091445922852e-01
9.043431282043457031e-01
9.301407337188720703e-01
9.536964893341064453e-01
9.704732298851013184e-01
9.834972023963928223e-01
9.908698797225952148e-01
9.955863356590270996e-01
9.981485605239868164e-01
9.993190169334411621e-01
9.998883605003356934e-01
9.998143315315246582e-01
9.996223449707031250e-01
9.916894435882568359e-01
9.853772521018981934e-01
9.895897507667541504e-01
9.935315251350402832e-01
9.967817068099975586e-01
9.984212517738342285e-01
9.978991746902465820e-01
9.975152611732482910e-01
9.972355961799621582e-01
9.973068833351135254e-01
9.975158572196960449e-01
9.975277781486511230e-01
9.974896311759948730e-01
9.951848983764648438e-01
9.917224645614624023e-01
9.817990064620971680e-01
9.736424684524536133e-01
9.695842862129211426e-01
9.739365577697753906e-01
9.887918829917907715e-01
9.958424568176269531e-01
9.973570108413696289e-01
9.946426749229431152e-01
9.903534054756164551e-01
9.724350571632385254e-01
9.531929492950439453e-01
9.764004945755004883e-01
9.961294531822204590e-01
9.971202611923217773e-01
9.981597065925598145e-01
9.993199110031127930e-01
9.999701976776123047e-01
9.999874830245971680e-01
9.999951124191284180e-01
9.999960064888000488e-01
9.999953508377075195e-01
9.999940991401672363e-01
9.999729394912719727e-01
9.999409317970275879e-01
9.993818402290344238e-01
9.983834624290466309e-01
9.950055480003356934e-01
9.931714534759521484e-01
9.950436949729919434e-01
9.968737959861755371e-01
9.986596703529357910e-01
9.954764246940612793e-01
9.886361956596374512e-01
9.896374344825744629e-01
9.937056303024291992e-01
9.956365823745727539e-01
9.972094893455505371e-01
9.908936023712158203e-01
9.806337356567382812e-01
9.464539885520935059e-01
9.275445342063903809e-01
9.483262300491333008e-01
9.597846269607543945e-01
9.581143260002136230e-01
8.857888579368591309e-01
7.566832304000854492e-01
4.867851734161376953e-01
1.538759022951126099e-01
6.529150903224945068e-02
2.588936127722263336e-02
5.337464213371276855e-01
1.000000000000000000e+00
1.000000000000000000e+00
8.898004293441772461e-01
4.480244815349578857e-01
2.473235726356506348e-01
4.301712810993194580e-01
5.920431613922119141e-01
7.343723773956298828e-01
5.440651178359985352e-01
1.818173676729202271e-01
6.281192600727081299e-02
5.743722897022962570e-03
1.527400910854339600e-01
3.273306190967559814e-01
6.830717325210571289e-01
9.690505266189575195e-01
9.860655069351196289e-01
9.973770380020141602e-01
9.976868629455566406e-01
9.983159303665161133e-01
9.992917776107788086e-01
9.996488094329833984e-01
9.996129870414733887e-01
9.993672966957092285e-01
9.990506768226623535e-01
9.990860819816589355e-01
9.991675615310668945e-01
9.992192387580871582e-01
9.992101192474365234e-01
9.988600015640258789e-01
9.975335001945495605e-01
9.937492012977600098e-01
9.871587753295898438e-01
9.767284989356994629e-01
9.585921764373779297e-01
9.343374371528625488e-01
9.032542109489440918e-01
8.690989017486572266e-01
8.601915836334228516e-01
8.566710352897644043e-01
8.939285874366760254e-01
9.291458725929260254e-01
9.239548444747924805e-01
9.260832071304321289e-01
9.540784955024719238e-01
9.771463274955749512e-01
9.913093447685241699e-01
9.989275932312011719e-01
9.995905160903930664e-01
9.990299344062805176e-01
9.977086782455444336e-01
9.960682988166809082e-01
9.943209290504455566e-01
9.937140345573425293e-01
9.931401610374450684e-01
9.825026392936706543e-01
9.692361354827880859e-01
9.403566122055053711e-01
9.073277115821838379e-01
8.630045652389526367e-01
8.012730479240417480e-01
7.134044766426086426e-01
6.347472071647644043e-01
5.643095970153808594e-01
5.489407181739807129e-01
5.616531372070312500e-01
6.045351028442382812e-01
6.553443074226379395e-01
7.270163297653198242e-01
8.004894256591796875e-01
8.714516758918762207e-01
9.343100786209106445e-01
9.597742557525634766e-01
9.763883352279663086e-01
9.735273122787475586e-01
9.732241034507751465e-01
9.761699438095092773e-01
9.817939996719360352e-01
9.894322752952575684e-01
9.942430853843688965e-01
9.977964758872985840e-01
9.985945820808410645e-01
9.987926483154296875e-01
9.980361461639404297e-01
9.972690343856811523e-01
9.969934821128845215e-01
9.967971444129943848e-01
9.969128370285034180e-01
9.972057938575744629e-01
9.978591203689575195e-01
9.985241293907165527e-01
9.992065429687500000e-01
9.995627999305725098e-01
9.996882677078247070e-01
9.992457032203674316e-01
9.985743761062622070e-01
9.963166713714599609e-01
9.937484264373779297e-01
9.915750622749328613e-01
9.893311858177185059e-01
9.862613677978515625e-01
9.765486121177673340e-01
9.422160387039184570e-01
8.818695545196533203e-01
7.700669169425964355e-01
6.837185025215148926e-01
6.264864802360534668e-01
6.759295463562011719e-01
7.996717691421508789e-01
8.947908878326416016e-01
9.780654907226562500e-01
9.948996901512145996e-01
9.988132715225219727e-01
9.990481138229370117e-01
9.986571073532104492e-01
9.930641055107116699e-01
9.707937240600585938e-01
8.846412897109985352e-01
7.048416733741760254e-01
3.335518836975097656e-01
2.216185629367828369e-01
4.228261709213256836e-01
6.563395261764526367e-01
9.129901528358459473e-01
9.937370419502258301e-01
9.982542395591735840e-01
9.980992078781127930e-01
9.969211816787719727e-01
9.804013371467590332e-01
9.579769372940063477e-01
8.658806085586547852e-01
7.547940015792846680e-01
5.617893934249877930e-01
3.735368251800537109e-01
1.945087313652038574e-01
7.205586880445480347e-02
2.472743578255176544e-02
3.001930657774209976e-03
2.341038547456264496e-03
1.206377334892749786e-02
2.689817175269126892e-02
1.775438897311687469e-02
2.170207677409052849e-03
2.341565210372209549e-03
9.793417528271675110e-03
1.969553381204605103e-01
3.987528085708618164e-01
6.805297136306762695e-01
8.960684537887573242e-01
9.334920048713684082e-01
9.563918113708496094e-01
9.564204216003417969e-01
9.448509812355041504e-01
9.220176935195922852e-01
8.819661736488342285e-01
8.316856026649475098e-01
5.793604254722595215e-01
2.566215097904205322e-01
1.182940229773521423e-01
9.287793189287185669e-03
2.649151906371116638e-02
7.358708977699279785e-02
3.737726211547851562e-01
6.411519050598144531e-01
7.918962240219116211e-01
9.025092124938964844e-01
9.330649971961975098e-01
9.588735103607177734e-01
9.787997603416442871e-01
9.898413419723510742e-01
9.939686059951782227e-01
9.936373233795166016e-01
9.911978244781494141e-01
9.867547750473022461e-01
9.817870855331420898e-01
9.725270271301269531e-01
9.631590843200683594e-01
9.651815891265869141e-01
9.677592515945434570e-01
9.736863970756530762e-01
9.650649428367614746e-01
9.148395061492919922e-01
8.722000718116760254e-01
8.422093987464904785e-01
8.519456386566162109e-01
9.030629396438598633e-01
9.475648999214172363e-01
9.876246452331542969e-01
9.993203878402709961e-01
9.999020695686340332e-01
9.999867081642150879e-01
9.999706745147705078e-01
9.999694228172302246e-01
9.999689459800720215e-01
9.999688267707824707e-01
9.999645352363586426e-01
9.999404549598693848e-01
9.994356036186218262e-01
9.977412819862365723e-01
9.889797568321228027e-01
9.696862101554870605e-01
9.606326818466186523e-01
9.613873362541198730e-01
9.584138393402099609e-01
9.531860351562500000e-01
9.277631640434265137e-01
8.949974775314331055e-01
9.081895351409912109e-01
9.296178817749023438e-01
9.593898057937622070e-01
9.877657890319824219e-01
9.935213327407836914e-01
9.982511997222900391e-01
9.983857274055480957e-01
9.986530542373657227e-01
9.992377758026123047e-01
9.990470409393310547e-01
9.977120161056518555e-01
9.970674514770507812e-01
9.970676898956298828e-01
9.978163242340087891e-01
9.990172386169433594e-01
9.995863437652587891e-01
9.999261498451232910e-01
9.999639391899108887e-01
9.999454021453857422e-01
9.997075796127319336e-01
9.994257092475891113e-01
9.986537694931030273e-01
9.973224997520446777e-01
9.933082461357116699e-01
9.877079129219055176e-01
9.780572056770324707e-01
9.707000255584716797e-01
9.668877124786376953e-01
9.707808494567871094e-01
9.824399352073669434e-01
9.902713298797607422e-01
9.956061840057373047e-01
9.977469444274902344e-01
9.985924363136291504e-01
9.992605447769165039e-01
9.998888969421386719e-01
9.999657869338989258e-01
9.999942779541015625e-01
9.998712539672851562e-01
9.997502565383911133e-01
9.996438026428222656e-01
9.973040819168090820e-01
9.881140589714050293e-01
9.755396842956542969e-01
9.566728472709655762e-01
9.500734210014343262e-01
9.578184485435485840e-01
9.705685973167419434e-01
9.871010184288024902e-01
9.950335025787353516e-01
9.987120628356933594e-01
9.981890916824340820e-01
9.964519143104553223e-01
8.335868120193481445e-01
6.483723521232604980e-01
3.103585541248321533e-01
9.699705988168716431e-04
4.325120535213500261e-04
2.467234878622548422e-07
1.525622678855143022e-06
1.580807417631149292e-01
6.849130392074584961e-01
7.871713042259216309e-01
2.608452141284942627e-01
7.186140865087509155e-04
2.363432286074385047e-04
2.827820554375648499e-02
7.460047304630279541e-02
3.649994134902954102e-01
7.546864151954650879e-01
8.944426774978637695e-01
9.774014353752136230e-01
9.899513125419616699e-01
9.953774213790893555e-01
9.629969000816345215e-01
9.236465692520141602e-01
8.348591923713684082e-01
7.686991095542907715e-01
7.812621593475341797e-01
8.230605721473693848e-01
9.250715374946594238e-01
9.868609905242919922e-01
9.955591559410095215e-01
9.997355937957763672e-01
9.999287724494934082e-01
1.000000000000000000e+00
1.000000000000000000e+00
9.999980926513671875e-01
9.999955296516418457e-01
9.999853968620300293e-01
9.999737739562988281e-01
9.999813437461853027e-01
9.999889135360717773e-01
9.999560713768005371e-01
9.998490810394287109e-01
9.992538690567016602e-01
9.981850385665893555e-01
9.955366253852844238e-01
9.933316707611083984e-01
9.920036792755126953e-01
9.923295378684997559e-01
9.948147535324096680e-01
9.969149231910705566e-01
9.986642599105834961e-01
9.995202422142028809e-01
9.998431205749511719e-01
9.999575018882751465e-01
9.999936223030090332e-01
1.000000000000000000e+00
1.000000000000000000e+00
1.000000000000000000e+00
9.999992847442626953e-01
9.999608397483825684e-01
9.999272227287292480e-01
9.999297261238098145e-01
9.999364614486694336e-01
9.999586939811706543e-01
9.999606609344482422e-01
9.999181032180786133e-01
9.997394680976867676e-01
9.993638992309570312e-01
9.989109635353088379e-01
9.983796477317810059e-01
9.949623346328735352e-01
9.895994067192077637e-01
9.600037932395935059e-01
9.198560714721679688e-01
9.406924843788146973e-01
9.777380228042602539e-01
9.899994730949401855e-01
9.989979267120361328e-01
9.995900988578796387e-01
9.999895095825195312e-01
9.999952316284179688e-01
9.999933838844299316e-01
9.999545216560363770e-01
9.999214410781860352e-01
9.999039769172668457e-01
9.999037384986877441e-01
9.999341368675231934e-01
9.999570250511169434e-01
9.999708533287048340e-01
9.999188780784606934e-01
9.998123049736022949e-01
9.839708805084228516e-01
9.591907262802124023e-01
6.069982647895812988e-01
1.338019371032714844e-01
3.166039660573005676e-02
7.993914186954498291e-03
5.312008038163185120e-02
1.084282547235488892e-01
5.571063160896301270e-01
9.607110023498535156e-01
9.824979305267333984e-01
9.977651834487915039e-01
9.864298701286315918e-01
9.696258902549743652e-01
9.393855929374694824e-01
9.300071597099304199e-01
9.551473855972290039e-01
9.751366972923278809e-01
9.894008636474609375e-01
9.960942864418029785e-01
