3.465210497379302979e-01
1.459481567144393921e-01
1.531413383781909943e-02
2.261442205053754151e-06
1.571753637108486146e-05
5.462708213599398732e-05
5.055119991302490234e-01
8.667657375335693359e-01
9.948672652244567871e-01
9.997867941856384277e-01
9.999296069145202637e-01
9.999943971633911133e-01
9.999979734420776367e-01
9.999967217445373535e-01
9.999890327453613281e-01
9.999338984489440918e-01
9.998870491981506348e-01
9.998458027839660645e-01
9.997913241386413574e-01
9.976552724838256836e-01
9.726499915122985840e-01
7.802919745445251465e-01
6.626256704330444336e-01
6.302722096443176270e-01
8.364971876144409180e-01
9.474428296089172363e-01
9.991104006767272949e-01
9.996361732482910156e-01
9.998612999916076660e-01
9.999436736106872559e-01
9.999788403511047363e-01
9.999919533729553223e-01
9.999963045120239258e-01
9.999981522560119629e-01
9.999958872795104980e-01
9.999890923500061035e-01
9.999740719795227051e-01
9.999651312828063965e-01
9.999436736106872559e-01
9.998916387557983398e-01
9.986795783042907715e-01
9.738672375679016113e-01
9.049881696701049805e-01
3.751132786273956299e-01
4.177469747901341179e-08
4.034228950899887423e-09
3.224824683819519505e-15
2.749273180961608887e-01
9.492033720016479492e-01
9.999946355819702148e-01
9.991962909698486328e-01
9.973720312118530273e-01
9.753311276435852051e-01
9.402553439140319824e-01
8.915183544158935547e-01
9.604431390762329102e-01
7.552072405815124512e-01
2.692025303840637207e-01
8.692954480648040771e-02
1.497970014409920368e-27
0.000000000000000000e+00
0.000000000000000000e+00
3.154904115945100784e-03
4.672824963927268982e-02
6.437718868255615234e-01
9.349891543388366699e-01
9.932479262351989746e-01
9.700615406036376953e-01
8.825448751449584961e-01
7.781698107719421387e-01
8.749133348464965820e-01
9.441543817520141602e-01
9.639963507652282715e-01
7.771489024162292480e-01
4.484459161758422852e-01
1.455295532941818237e-01
3.667390942573547363e-01
6.858118176460266113e-01
9.853549599647521973e-01
9.919890761375427246e-01
9.367467761039733887e-01
8.489081263542175293e-01
7.393296360969543457e-01
8.229998350143432617e-01
8.705814480781555176e-01
5.405486822128295898e-01
2.291708439588546753e-01
2.794486645143479109e-04
8.384956163354218006e-05
7.493115216493606567e-02
2.442723512649536133e-01
6.044287681579589844e-01
7.051665782928466797e-01
7.477810382843017578e-01
8.267124295234680176e-01
9.239943623542785645e-01
9.956820607185363770e-01
9.992946386337280273e-01
9.999804496765136719e-01
9.999836087226867676e-01
9.999395608901977539e-01
9.994831681251525879e-01
9.984280467033386230e-01
9.963807463645935059e-01
9.945790767669677734e-01
9.938171505928039551e-01
9.948173165321350098e-01
9.970229864120483398e-01
9.987069964408874512e-01
9.992196559906005859e-01
9.997059702873229980e-01
9.996709227561950684e-01
9.988294839859008789e-01
9.912087917327880859e-01
9.757220745086669922e-01
9.498552083969116211e-01
9.405792951583862305e-01
9.454512596130371094e-01
9.676742553710937500e-01
9.799151420593261719e-01
9.272046685218811035e-01
7.911797761917114258e-01
4.130867719650268555e-01
2.242534607648849487e-01
2.891887724399566650e-01
7.267538309097290039e-01
9.818284511566162109e-01
9.993642568588256836e-01
9.993572831153869629e-01
9.839764237403869629e-01
9.520314335823059082e-01
3.301005363464355469e-01
2.391324249728654650e-09
2.843837838828466857e-11
2.875546272207429865e-07
2.146976590156555176e-01
6.512418985366821289e-01
8.771413564682006836e-01
9.929395914077758789e-01
9.993028044700622559e-01
9.993113279342651367e-01
9.992870688438415527e-01
9.992357492446899414e-01
9.995616674423217773e-01
9.998160004615783691e-01
9.999920725822448730e-01
9.996199011802673340e-01
9.990790486335754395e-01
9.979329705238342285e-01
9.816771149635314941e-01
8.032418489456176758e-01
4.950888752937316895e-01
5.847020149230957031e-01
7.361630797386169434e-01
9.347363114356994629e-01
9.763073325157165527e-01
9.943670630455017090e-01
9.917013645172119141e-01
9.731292724609375000e-01
9.754983186721801758e-01
9.943678379058837891e-01
9.938137531280517578e-01
9.740825295448303223e-01
9.387933611869812012e-01
9.083634018898010254e-01
8.846811652183532715e-01
8.699659109115600586e-01
9.189731478691101074e-01
9.550145864486694336e-01
9.796161651611328125e-01
9.889826774597167969e-01
9.801903367042541504e-01
9.487493038177490234e-01
7.789021134376525879e-01
6.100703477859497070e-01
4.644926786422729492e-01
6.896966695785522461e-01
8.675835728645324707e-01
9.992600083351135254e-01
9.862644076347351074e-01
9.747095704078674316e-01
9.661139845848083496e-01
9.887620210647583008e-01
9.992716908454895020e-01
9.999508261680603027e-01
9.999197125434875488e-01
9.997833967208862305e-01
9.995223283767700195e-01
9.985322356224060059e-01
9.946548342704772949e-01
9.880744218826293945e-01
9.747677445411682129e-01
9.698899388313293457e-01
9.727480411529541016e-01
9.914557337760925293e-01
9.975652694702148438e-01
9.931942820549011230e-01
9.914364814758300781e-01
9.921041727066040039e-01
9.947674870491027832e-01
9.952875971794128418e-01
9.956989884376525879e-01
9.960007667541503906e-01
9.958473443984985352e-01
9.942889213562011719e-01
9.914051294326782227e-01
9.855635762214660645e-01
9.834656119346618652e-01
9.849150776863098145e-01
9.922565817832946777e-01
9.964131116867065430e-01
9.974015951156616211e-01
9.823266863822937012e-01
9.407192468643188477e-01
8.732550144195556641e-01
7.857940793037414551e-01
7.714602947235107422e-01
8.308890461921691895e-01
9.192311167716979980e-01
9.643831849098205566e-01
9.644567370414733887e-01
9.487305283546447754e-01
9.510534405708312988e-01
9.734359979629516602e-01
9.899151325225830078e-01
9.989873170852661133e-01
9.997799396514892578e-01
9.996984004974365234e-01
9.994435906410217285e-01
9.990251660346984863e-01
9.986094236373901367e-01
9.978727102279663086e-01
9.967329502105712891e-01
9.924075603485107422e-01
9.893689155578613281e-01
9.883041977882385254e-01
9.908425211906433105e-01
9.879012703895568848e-01
9.768007397651672363e-01
9.547182917594909668e-01
9.027497768402099609e-01
8.077149987220764160e-01
3.259439170360565186e-01
2.617515623569488525e-03
6.892597768455743790e-03
5.100069046020507812e-01
8.909801244735717773e-01
9.465660452842712402e-01
9.549197554588317871e-01
9.610663652420043945e-01
9.770314693450927734e-01
7.695157527923583984e-01
5.476030707359313965e-01
3.788408935070037842e-01
6.589835882186889648e-01
9.307444691658020020e-01
9.818555116653442383e-01
9.958669543266296387e-01
9.995870590209960938e-01
9.998633265495300293e-01
9.998641610145568848e-01
9.989334940910339355e-01
9.958044886589050293e-01
9.923061728477478027e-01
9.902947545051574707e-01
9.928081631660461426e-01
9.835510849952697754e-01
9.599042534828186035e-01
9.027889966964721680e-01
8.719213008880615234e-01
8.746306300163269043e-01
9.629664421081542969e-01
9.917416572570800781e-01
9.944359064102172852e-01
9.915279150009155273e-01
9.907436370849609375e-01
9.904816746711730957e-01
9.880912303924560547e-01
9.888338446617126465e-01
9.915344119071960449e-01
9.962726235389709473e-01
9.978985786437988281e-01
9.855253696441650391e-01
8.874439597129821777e-01
7.807919383049011230e-01
6.947475671768188477e-01
8.407992720603942871e-01
8.495407104492187500e-01
7.297893762588500977e-01
2.225538939237594604e-01
5.009763687849044800e-02
1.502082496881484985e-01
5.176342129707336426e-01
7.984808683395385742e-01
9.991717338562011719e-01
9.991344809532165527e-01
9.194450378417968750e-01
7.625935673713684082e-01
3.160367906093597412e-01
1.544137001037597656e-01
3.024174869060516357e-01
6.374181509017944336e-01
8.697128891944885254e-01
9.694341421127319336e-01
9.897652864456176758e-01
9.988865256309509277e-01
9.998061060905456543e-01
9.996752142906188965e-01
9.993038177490234375e-01
9.987275004386901855e-01
9.989303946495056152e-01
9.991925358772277832e-01
9.993632435798645020e-01
9.986796379089355469e-01
9.975392222404479980e-01
9.957868456840515137e-01
9.951040148735046387e-01
9.946043491363525391e-01
9.939520955085754395e-01
9.929239153861999512e-01
9.934623241424560547e-01
9.986752867698669434e-01
9.937385320663452148e-01
9.253830909729003906e-01
6.557602286338806152e-01
3.069083392620086670e-01
2.540238595101669550e-14
6.206331953760189576e-15
8.287773225981612344e-16
9.062787145376205444e-02
6.559723615646362305e-01
9.163321256637573242e-01
9.817481040954589844e-01
8.694311380386352539e-01
5.049145221710205078e-01
2.273408882319927216e-02
7.995563559234142303e-03
4.506792128086090088e-02
1.472703516483306885e-01
7.281307578086853027e-01
1.000000000000000000e+00
9.997780323028564453e-01
9.823562502861022949e-01
9.592524766921997070e-01
9.303892254829406738e-01
9.725309014320373535e-01
9.972794055938720703e-01
9.991840720176696777e-01
9.994981288909912109e-01
9.996191859245300293e-01
9.996211528778076172e-01
9.995461106300354004e-01
9.993131160736083984e-01
9.988307952880859375e-01
9.907926917076110840e-01
9.802631735801696777e-01
9.673241972923278809e-01
9.836418032646179199e-01
1.000000000000000000e+00
1.000000000000000000e+00
9.882451295852661133e-01
9.646278023719787598e-01
9.158999919891357422e-01
9.437562823295593262e-01
9.899863004684448242e-01
9.970113039016723633e-01
9.994931817054748535e-01
9.998266696929931641e-01
9.999282360076904297e-01
9.999737143516540527e-01
9.999827742576599121e-01
9.999555945396423340e-01
9.998967647552490234e-01
9.998213052749633789e-01
9.998121261596679688e-01
9.998772740364074707e-01
9.999962449073791504e-01
9.998518824577331543e-01
9.997767806053161621e-01
9.997705221176147461e-01
9.998543858528137207e-01
9.999194741249084473e-01
9.999595880508422852e-01
9.999613165855407715e-01
9.998772144317626953e-01
9.996721744537353516e-01
9.869963526725769043e-01
9.495281577110290527e-01
8.705163002014160156e-01
6.318879127502441406e-01
3.549137115478515625e-01
6.284842640161514282e-02
5.307769779250293141e-10
1.545517742633819580e-01
7.491662502288818359e-01
9.030997157096862793e-01
8.419769406318664551e-01
5.702946186065673828e-01
3.911458253860473633e-01
3.283770382404327393e-01
6.580237746238708496e-01
8.318111896514892578e-01
9.090626239776611328e-01
9.415929317474365234e-01
9.710229039192199707e-01
9.966354370117187500e-01
9.935861825942993164e-01
9.925987124443054199e-01
9.934766292572021484e-01
9.948186278343200684e-01
9.944087266921997070e-01
9.920310974121093750e-01
9.737113118171691895e-01
9.526029825210571289e-01
9.289891123771667480e-01
9.574231505393981934e-01
9.808723926544189453e-01
9.840983748435974121e-01
9.824756383895874023e-01
9.755228161811828613e-01
9.587370157241821289e-01
7.640959620475769043e-01
6.094067692756652832e-01
7.286621332168579102e-01
8.618757724761962891e-01
9.773039817810058594e-01
9.942021965980529785e-01
9.999541044235229492e-01
9.999952316284179688e-01
9.999927878379821777e-01
9.999555945396423340e-01
9.994773268699645996e-01
9.937850236892700195e-01
7.456897497177124023e-01
2.999867200851440430e-01
1.020311340689659119e-01
2.301563670550899054e-12
1.023051543654063256e-13
5.408154393066189058e-12
7.056873291730880737e-02
2.371579408645629883e-01
6.869934797286987305e-01
9.969550967216491699e-01
9.995146989822387695e-01
9.991217255592346191e-01
9.985082149505615234e-01
9.987723827362060547e-01
9.629822969436645508e-01
9.221659302711486816e-01
8.999590873718261719e-01
9.197222590446472168e-01
9.555153846740722656e-01
9.847066998481750488e-01
9.971351027488708496e-01
9.998456239700317383e-01
9.998402595520019531e-01
9.910448789596557617e-01
9.766846299171447754e-01
9.812101125717163086e-01
9.886037111282348633e-01
9.987264275550842285e-01
9.996092915534973145e-01
9.999886155128479004e-01
9.999766945838928223e-01
9.998802542686462402e-01
9.996853470802307129e-01
9.993428587913513184e-01
9.986220598220825195e-01
9.933823943138122559e-01
9.783540964126586914e-01
8.720056414604187012e-01
7.854496836662292480e-01
8.414890170097351074e-01
9.200997352600097656e-01
9.932847023010253906e-01
9.981210231781005859e-01
9.999049901962280273e-01
9.999731183052062988e-01
9.999912381172180176e-01
9.999939799308776855e-01
9.999742507934570312e-01
9.996477365493774414e-01
9.993363022804260254e-01
9.990396499633789062e-01
9.995401501655578613e-01
9.998875260353088379e-01
9.999886751174926758e-01
9.999548196792602539e-01
9.998948574066162109e-01
9.998178482055664062e-01
9.998233914375305176e-01
9.997780323028564453e-01
9.995577335357666016e-01
9.896126389503479004e-01
9.028012752532958984e-01
5.375822186470031738e-01
5.888297557830810547e-01
8.253545761108398438e-01
9.401233196258544922e-01
9.889281988143920898e-01
9.922086000442504883e-01
9.788761138916015625e-01
9.810797572135925293e-01
9.975846409797668457e-01
9.992178678512573242e-01
9.999795556068420410e-01
9.999523162841796875e-01
9.986224770545959473e-01
9.935352802276611328e-01
9.822746515274047852e-01
9.782848358154296875e-01
9.806394577026367188e-01
9.948575496673583984e-01
9.990780353546142578e-01
9.992080926895141602e-01
9.964794516563415527e-01
9.449677467346191406e-01
8.214747309684753418e-01
3.829190135002136230e-01
1.263476610183715820e-01
7.835715077817440033e-04
2.562862355262041092e-04
1.959952525794506073e-03
5.778100341558456421e-03
4.563829600811004639e-01
7.635399103164672852e-01
8.670064806938171387e-01
6.350077986717224121e-01
3.706251680850982666e-01
1.227366551756858826e-01
1.117732524871826172e-01
2.444448322057723999e-01
6.165960431098937988e-01
8.434877991676330566e-01
9.556387662887573242e-01
8.078358173370361328e-01
5.097121596336364746e-01
1.590859889984130859e-01
6.738406419754028320e-02
1.561576426029205322e-01
3.862811028957366943e-01
6.443571448326110840e-01
8.209102749824523926e-01
9.077411293983459473e-01
9.471257925033569336e-01
9.757623076438903809e-01
9.928703904151916504e-01
9.979188442230224609e-01
9.999413490295410156e-01
9.999865293502807617e-01
9.999942183494567871e-01
9.999863505363464355e-01
9.999647736549377441e-01
9.998711943626403809e-01
9.996488094329833984e-01
9.987981319427490234e-01
9.941992759704589844e-01
9.862067699432373047e-01
9.607069492340087891e-01
9.495669007301330566e-01
9.529281258583068848e-01
9.761331081390380859e-01
9.920487403869628906e-01
9.959047436714172363e-01
9.970185160636901855e-01
9.974071383476257324e-01
9.971682429313659668e-01
9.973211884498596191e-01
9.976738095283508301e-01
9.983108639717102051e-01
9.978037476539611816e-01
9.969838261604309082e-01
9.976297020912170410e-01
9.985181093215942383e-01
9.995388388633728027e-01
9.997345209121704102e-01
9.864934086799621582e-01
9.595687389373779297e-01
3.694017529487609863e-01
5.390977213097694662e-24
6.795688120566522169e-25
0.000000000000000000e+00
1.339907990606916122e-33
5.700525324166127865e-33
1.893309354782104492e-01
4.667932093143463135e-01
8.501179218292236328e-01
9.877870082855224609e-01
9.998664259910583496e-01
9.999425411224365234e-01
9.998318552970886230e-01
9.995588660240173340e-01
9.983171224594116211e-01
9.922117590904235840e-01
9.807238578796386719e-01
8.523393273353576660e-01
8.197074532508850098e-01
9.617708921432495117e-01
9.936144351959228516e-01
9.998627901077270508e-01
9.999699592590332031e-01
9.999986886978149414e-01
9.999957084655761719e-01
9.999817609786987305e-01
9.999782443046569824e-01
9.999790191650390625e-01
9.999588131904602051e-01
9.991069436073303223e-01
9.975144863128662109e-01
3.684099316596984863e-01
1.819235971197485924e-03
1.978629879886284471e-04
3.926016400868093115e-09
2.696456067496910691e-05
1.092290913220494986e-04
3.465365990996360779e-02
1.188321858644485474e-01
3.399582803249359131e-01
5.616126656532287598e-01
7.727566957473754883e-01
9.099903702735900879e-01
9.784206748008728027e-01
9.948434233665466309e-01
9.906405806541442871e-01
9.894739985466003418e-01
9.917468428611755371e-01
9.953415989875793457e-01
9.813863635063171387e-01
9.361171126365661621e-01
4.595664441585540771e-01
2.392211742699146271e-02
5.499428138136863708e-03
7.940941198873729956e-13
1.594513654708862305e-02
1.229092776775360107e-01
4.824605286121368408e-01
9.916206598281860352e-01
9.961405992507934570e-01
9.983872175216674805e-01
9.982486963272094727e-01
9.978514313697814941e-01
9.977129101753234863e-01
9.980280995368957520e-01
9.982818365097045898e-01
9.980936646461486816e-01
9.967491030693054199e-01
9.963517189025878906e-01
9.965434670448303223e-01
9.978479146957397461e-01
9.982416033744812012e-01
9.980759024620056152e-01
9.984693527221679688e-01
9.988872408866882324e-01
9.993304610252380371e-01
9.996590018272399902e-01
9.998735785484313965e-01
9.999174475669860840e-01
9.999434947967529297e-01
9.999142885208129883e-01
9.997471570968627930e-01
9.985911250114440918e-01
9.965624213218688965e-01
9.919979572296142578e-01
9.591361284255981445e-01
8.980846405029296875e-01
6.422619223594665527e-01
3.506726622581481934e-01
2.192070148885250092e-02
2.954608680738601834e-05
1.891904324293136597e-01
6.920117139816284180e-01
8.893572688102722168e-01
9.853525757789611816e-01
9.863244295120239258e-01
9.839510917663574219e-01
9.804584383964538574e-01
9.787437915802001953e-01
9.723901152610778809e-01
9.636278152465820312e-01
9.853518605232238770e-01
9.977880120277404785e-01
9.997473955154418945e-01
9.998477101325988770e-01
9.989177584648132324e-01
9.964298605918884277e-01
9.950430989265441895e-01
9.949277639389038086e-01
9.980593323707580566e-01
9.994733929634094238e-01
9.999836683273315430e-01
9.999822974205017090e-01
9.998787641525268555e-01
9.996925592422485352e-01
9.995448589324951172e-01
9.995482563972473145e-01
9.997482299804687500e-01
9.998090267181396484e-01
9.996978640556335449e-01
9.992523789405822754e-01
9.993931055068969727e-01
9.996989369392395020e-01
9.998851418495178223e-01
9.999517202377319336e-01
9.999403357505798340e-01
9.998304843902587891e-01
9.996380209922790527e-01
9.993645548820495605e-01
9.996882677078247070e-01
9.999325275421142578e-01
9.999886155128479004e-01
9.999994039535522461e-01
1.000000000000000000e+00
1.000000000000000000e+00
9.999999403953552246e-01
9.999989867210388184e-01
9.999923110008239746e-01
9.997706413269042969e-01
9.993771314620971680e-01
9.970390200614929199e-01
9.932026863098144531e-01
9.874693751335144043e-01
9.858408570289611816e-01
9.870558381080627441e-01
9.932390451431274414e-01
9.962803721427917480e-01
9.979103207588195801e-01
9.979153275489807129e-01
9.979111552238464355e-01
9.979005455970764160e-01
9.978767633438110352e-01
9.982401728630065918e-01
9.990006089210510254e-01
9.994568228721618652e-01
9.997742772102355957e-01
9.998890757560729980e-01
9.999349713325500488e-01
9.999605417251586914e-01
9.999765157699584961e-01
9.999868273735046387e-01
9.999938607215881348e-01
9.999971985816955566e-01
9.999980926513671875e-01
9.999968409538269043e-01
9.999497532844543457e-01
9.996850490570068359e-01
9.991027116775512695e-01
9.964154958724975586e-01
9.936174750328063965e-01
9.916126728057861328e-01
9.943086504936218262e-01
9.983708262443542480e-01
9.986907243728637695e-01
9.954304099082946777e-01
9.892740249633789062e-01
9.434509277343750000e-01
8.816810846328735352e-01
7.994357347488403320e-01
9.058460593223571777e-01
9.986910223960876465e-01
9.943569302558898926e-01
9.710873365402221680e-01
9.512639045715332031e-01
9.841179847717285156e-01
9.936597347259521484e-01
9.858605861663818359e-01
9.249945878982543945e-01
8.443228006362915039e-01
7.402540445327758789e-01
7.748506665229797363e-01
8.180919289588928223e-01
8.433839678764343262e-01
4.436991512775421143e-01
2.168176695704460144e-03
6.052326643839478493e-04
8.730743839126450041e-39
2.641179598867893219e-02
6.630297899246215820e-01
1.000000000000000000e+00
1.000000000000000000e+00
4.263387918472290039e-01
1.189660131931304932e-01
4.791343212127685547e-01
7.735838890075683594e-01
9.960824847221374512e-01
9.986937642097473145e-01
9.997743368148803711e-01
9.999071359634399414e-01
9.999157786369323730e-01
9.998922348022460938e-01
9.998334050178527832e-01
9.998051524162292480e-01
9.998207092285156250e-01
9.999179840087890625e-01
9.999689459800720215e-01
9.999744892120361328e-01
9.998469948768615723e-01
9.862809777259826660e-01
9.562932252883911133e-01
7.447760701179504395e-01
6.273003220558166504e-01
6.151584982872009277e-01
7.704576849937438965e-01
9.107589125633239746e-01
9.803038239479064941e-01
9.987340569496154785e-01
9.999873638153076172e-01
9.999903440475463867e-01
9.999826550483703613e-01
9.999682307243347168e-01
9.999668002128601074e-01
9.999659657478332520e-01
9.999657273292541504e-01
9.999055266380310059e-01
9.995811581611633301e-01
9.986831545829772949e-01
9.894490242004394531e-01
9.779053926467895508e-01
9.700990319252014160e-01
9.734103083610534668e-01
9.846287965774536133e-01
9.927810430526733398e-01
9.979346394538879395e-01
9.991469979286193848e-01
9.996172785758972168e-01
9.998854398727416992e-01
9.999574422836303711e-01
9.997976422309875488e-01
9.995431303977966309e-01
9.993026852607727051e-01
9.992583394050598145e-01
9.993714094161987305e-01
9.993347525596618652e-01
9.992794394493103027e-01
9.992009997367858887e-01
9.988694787025451660e-01
9.986623525619506836e-01
9.990018606185913086e-01
9.994232654571533203e-01
9.998448491096496582e-01
9.998617172241210938e-01
9.998393058776855469e-01
9.997797012329101562e-01
9.999015331268310547e-01
9.999902248382568359e-01
9.999976158142089844e-01
9.999961853027343750e-01
9.999226331710815430e-01
9.995759129524230957e-01
9.980595707893371582e-01
9.959765076637268066e-01
9.967206120491027832e-01
9.976151585578918457e-01
9.986823201179504395e-01
9.993926286697387695e-01
9.998759627342224121e-01
9.999541640281677246e-01
9.999807476997375488e-01
9.999878406524658203e-01
9.999932646751403809e-01
9.999965429306030273e-01
9.999983906745910645e-01
9.999933242797851562e-01
9.999143481254577637e-01
9.997286796569824219e-01
9.995583295822143555e-01
9.994176030158996582e-01
9.993569850921630859e-01
9.985918998718261719e-01
9.970944523811340332e-01
9.916431307792663574e-01
9.868829846382141113e-01
9.827961325645446777e-01
9.893022179603576660e-01
9.947397708892822266e-01
9.965146183967590332e-01
9.973568916320800781e-01
9.978843331336975098e-01
9.982873797416687012e-01
9.989032149314880371e-01
9.996511340141296387e-01
9.998666644096374512e-01
9.999641776084899902e-01
9.999074339866638184e-01
9.998764991760253906e-01
9.997935295104980469e-01
9.995568394660949707e-01
9.981945753097534180e-01
9.959339499473571777e-01
9.903232455253601074e-01
9.885018467903137207e-01
9.901606440544128418e-01
9.934600591659545898e-01
9.932153820991516113e-01
9.862366914749145508e-01
9.652239680290222168e-01
9.510228633880615234e-01
9.859709739685058594e-01
9.893597364425659180e-01
9.719585776329040527e-01
9.808039069175720215e-01
9.896614551544189453e-01
9.985352158546447754e-01
9.999579191207885742e-01
9.999999403953552246e-01
1.000000000000000000e+00
1.000000000000000000e+00
9.999995827674865723e-01
9.999958872795104980e-01
9.997894763946533203e-01
9.993838667869567871e-01
9.960460662841796875e-01
9.938127398490905762e-01
9.943468570709228516e-01
9.964870810508728027e-01
9.988343119621276855e-01
9.993709325790405273e-01
9.979394674301147461e-01
9.950342178344726562e-01
9.855205416679382324e-01
9.772611856460571289e-01
9.710198044776916504e-01
9.622940421104431152e-01
9.318561553955078125e-01
8.279466629028320312e-01
7.191007733345031738e-01
6.175498366355895996e-01
7.163267731666564941e-01
7.235071659088134766e-01
6.230825781822204590e-01
4.919569790363311768e-01
5.034441351890563965e-01
8.843814134597778320e-01
8.263661265373229980e-01
5.907117128372192383e-01
4.688770473003387451e-01
5.131140947341918945e-01
7.100022435188293457e-01
8.104611039161682129e-01
8.811885714530944824e-01
9.081519246101379395e-01
9.142603874206542969e-01
9.150847196578979492e-01
9.241791367530822754e-01
9.381628632545471191e-01
9.557719826698303223e-01
9.661012887954711914e-01
9.728096723556518555e-01
9.741149544715881348e-01
9.782208800315856934e-01
9.844044446945190430e-01
9.957255125045776367e-01
9.809578061103820801e-01
9.483106732368469238e-01
8.501733541488647461e-01
7.387465834617614746e-01
6.102339029312133789e-01
5.438780784606933594e-01
5.329881310462951660e-01
6.511465311050415039e-01
8.060576915740966797e-01
9.683248400688171387e-01
9.881381988525390625e-01
9.986176490783691406e-01
9.990300536155700684e-01
9.980810284614562988e-01
9.972092509269714355e-01
9.969139099121093750e-01
9.982289671897888184e-01
1.000000000000000000e+00
1.000000000000000000e+00
9.944204688072204590e-01
9.836479425430297852e-01
9.862332344055175781e-01
9.904643893241882324e-01
9.957897067070007324e-01
9.979729056358337402e-01
9.988720417022705078e-01
9.987765550613403320e-01
9.985326528549194336e-01
9.981683492660522461e-01
9.986613392829895020e-01
9.991422891616821289e-01
9.995351433753967285e-01
9.997271895408630371e-01
9.998344182968139648e-01
9.998285770416259766e-01
9.998822808265686035e-01
9.999796152114868164e-01
9.999928474426269531e-01
1.000000000000000000e+00
1.000000000000000000e+00
9.999461174011230469e-01
9.998072385787963867e-01
9.993768334388732910e-01
9.841394424438476562e-01
9.582344293594360352e-01
7.684868574142456055e-01
6.420190334320068359e-01
6.073496937751770020e-01
7.793843150138854980e-01
9.552925825119018555e-01
9.704631567001342773e-01
9.242143034934997559e-01
8.405624032020568848e-01
7.895073890686035156e-01
7.964302301406860352e-01
8.819438815116882324e-01
9.502145051956176758e-01
1.000000000000000000e+00
1.000000000000000000e+00
1.000000000000000000e+00
9.982801675796508789e-01
9.500232934951782227e-01
9.012364149093627930e-01
8.519035577774047852e-01
8.593468070030212402e-01
8.873749375343322754e-01
9.460749626159667969e-01
9.783424735069274902e-01
9.944647550582885742e-01
9.817504882812500000e-01
9.608060121536254883e-01
9.295563697814941406e-01
9.485723972320556641e-01
9.739139676094055176e-01
9.905686974525451660e-01
9.977988600730895996e-01
9.998077154159545898e-01
9.999315738677978516e-01
9.992451071739196777e-01
9.975554943084716797e-01
9.794476032257080078e-01
9.612722396850585938e-01
9.521139264106750488e-01
9.679786562919616699e-01
9.964066147804260254e-01
9.986918568611145020e-01
9.999516010284423828e-01
9.999218583106994629e-01
9.985701441764831543e-01
9.910077452659606934e-01
9.647834300994873047e-01
9.087569117546081543e-01
8.382588028907775879e-01
8.289359807968139648e-01
8.612576127052307129e-01
9.476453661918640137e-01
9.672273397445678711e-01
9.405335783958435059e-01
8.043470382690429688e-01
6.244970560073852539e-01
4.323263168334960938e-01
7.712874412536621094e-01
9.757611751556396484e-01
9.960166215896606445e-01
9.998285770416259766e-01
9.999886751174926758e-01
9.999586939811706543e-01
9.996886849403381348e-01
9.992432594299316406e-01
9.961285591125488281e-01
9.923685789108276367e-01
9.876586198806762695e-01
9.824667572975158691e-01
9.589372873306274414e-01
8.609654307365417480e-01
5.182439088821411133e-01
6.944067776203155518e-03
2.347581612411886454e-04
1.726372590054381718e-24
6.218533717872060149e-24
7.236869633197784424e-02
2.392712980508804321e-01
7.594581842422485352e-01
9.893127679824829102e-01
9.994043707847595215e-01
9.998970031738281250e-01
9.999788403511047363e-01
9.999956488609313965e-01
9.999995231628417969e-01
9.999992251396179199e-01
9.999997019767761230e-01
9.999999403953552246e-01
9.999999403953552246e-01
9.999991655349731445e-01
9.999933242797851562e-01
9.999773502349853516e-01
9.995111823081970215e-01
9.804952144622802734e-01
8.181005716323852539e-01
5.567686557769775391e-01
1.986676603555679321e-01
1.318046152591705322e-01
2.691707909107208252e-01
8.239206075668334961e-01
9.991568326950073242e-01
9.974341392517089844e-01
9.896594882011413574e-01
9.892461299896240234e-01
9.972308278083801270e-01
9.943390488624572754e-01
9.881293773651123047e-01
9.773299098014831543e-01
9.831540584564208984e-01
9.977931380271911621e-01
9.991371631622314453e-01
9.999121427536010742e-01
9.999097585678100586e-01
9.992034435272216797e-01
9.975742101669311523e-01
9.929671883583068848e-01
9.907936453819274902e-01
9.902857542037963867e-01
9.962244629859924316e-01
9.997982978820800781e-01
9.992600083351135254e-01
9.967754483222961426e-01
9.942460656166076660e-01
9.947720170021057129e-01
9.959918260574340820e-01
9.977968931198120117e-01
9.983126521110534668e-01
9.986893534660339355e-01
9.989747405052185059e-01
9.992251396179199219e-01
9.993014335632324219e-01
9.978673458099365234e-01
9.919696450233459473e-01
9.812927842140197754e-01
9.629926681518554688e-01
9.364038705825805664e-01
8.894689679145812988e-01
8.673793673515319824e-01
8.581272363662719727e-01
8.322916030883789062e-01
8.597115874290466309e-01
9.599173069000244141e-01
9.892192482948303223e-01
9.993943572044372559e-01
9.997587203979492188e-01
9.999004602432250977e-01
9.998828768730163574e-01
9.997894763946533203e-01
9.996170997619628906e-01
9.993070363998413086e-01
9.993230104446411133e-01
9.994741082191467285e-01
9.997769594192504883e-01
9.999268054962158203e-01
9.999327659606933594e-01
9.999322891235351562e-01
9.998892545700073242e-01
9.997414946556091309e-01
9.055074453353881836e-01
7.715113759040832520e-01
7.405741214752197266e-01
7.196192741394042969e-01
7.112994790077209473e-01
6.764380335807800293e-01
5.600804090499877930e-01
1.614527255296707153e-01
4.582284018397331238e-04
8.508671271556522697e-06
1.004074306365509983e-06
7.691758871078491211e-02
2.876185178756713867e-01
6.408578157424926758e-01
9.904200434684753418e-01
9.953107237815856934e-01
9.982741475105285645e-01
9.994246959686279297e-01
9.997361898422241211e-01
9.998047351837158203e-01
9.994954466819763184e-01
9.927321076393127441e-01
9.781320095062255859e-01
8.702752590179443359e-01
6.438036561012268066e-01
2.592856884002685547e-01
9.356030076742172241e-02
2.709178999066352844e-02
1.644144952297210693e-01
4.886031150817871094e-01
9.521445631980895996e-01
9.869867563247680664e-01
9.966478347778320312e-01
9.955775737762451172e-01
9.263969063758850098e-01
8.305645585060119629e-01
7.370845079421997070e-01
7.790771126747131348e-01
9.673644900321960449e-01
9.949658513069152832e-01
9.964676499366760254e-01
9.969938993453979492e-01
9.904056787490844727e-01
9.787237048149108887e-01
4.035349786281585693e-01
3.606521710753440857e-02
6.963213440030813217e-03
2.691879444682854228e-06
7.643523812294006348e-02
6.231483221054077148e-01
9.207789301872253418e-01
9.872834682464599609e-01
9.791169166564941406e-01
9.653154015541076660e-01
9.586217403411865234e-01
9.711427092552185059e-01
9.929031729698181152e-01
9.949070215225219727e-01
9.952436685562133789e-01
9.932124614715576172e-01
9.934887290000915527e-01
9.947285652160644531e-01
9.977063536643981934e-01
9.992175102233886719e-01
9.995093941688537598e-01
9.993721246719360352e-01
9.979056715965270996e-01
9.934446215629577637e-01
9.726773500442504883e-01
9.429548382759094238e-01
8.922615051269531250e-01
8.862798213958740234e-01
9.385598301887512207e-01
9.730985760688781738e-01
9.980308413505554199e-01
9.990394115447998047e-01
9.958938956260681152e-01
9.895080327987670898e-01
9.553941488265991211e-01
9.196501374244689941e-01
8.843601346015930176e-01
9.161335825920104980e-01
9.750876426696777344e-01
9.910636544227600098e-01
1.000000000000000000e+00
1.000000000000000000e+00
9.990251064300537109e-01
9.981656074523925781e-01
9.987166523933410645e-01
9.992898702621459961e-01
9.998808503150939941e-01
9.999352097511291504e-01
9.999486804008483887e-01
9.999483823776245117e-01
9.999614357948303223e-01
9.999800324440002441e-01
9.999894499778747559e-01
9.999914169311523438e-01
9.999836683273315430e-01
9.999764561653137207e-01
9.999728798866271973e-01
9.999846816062927246e-01
9.999933838844299316e-01
9.999995231628417969e-01
9.999522566795349121e-01
9.975097179412841797e-01
9.894974827766418457e-01
9.613698720932006836e-01
9.242536425590515137e-01
9.052109718322753906e-01
9.195486307144165039e-01
9.806693196296691895e-01
9.954792857170104980e-01
9.968978762626647949e-01
9.932693243026733398e-01
9.813677072525024414e-01
9.622268676757812500e-01
9.433729648590087891e-01
9.354000687599182129e-01
9.561012387275695801e-01
9.705463051795959473e-01
9.813469052314758301e-01
9.812564849853515625e-01
9.774733185768127441e-01
9.678001999855041504e-01
9.779724478721618652e-01
9.922799468040466309e-01
9.908879399299621582e-01
9.900678396224975586e-01
9.898282885551452637e-01
9.943646788597106934e-01
9.986038804054260254e-01
9.995350837707519531e-01
9.999341964721679688e-01
9.999870657920837402e-01
9.997445344924926758e-01
9.977406263351440430e-01
9.923742413520812988e-01
9.928601980209350586e-01
9.956721067428588867e-01
9.978152513504028320e-01
9.985912442207336426e-01
9.976829886436462402e-01
9.946736693382263184e-01
9.899832010269165039e-01
9.799087643623352051e-01
8.823445439338684082e-01
7.138715982437133789e-01
3.148452937602996826e-01
2.223790995776653290e-02
4.479532688856124878e-02
4.122567772865295410e-01
9.517132639884948730e-01
9.816058874130249023e-01
9.999521970748901367e-01
9.999800324440002441e-01
9.999803304672241211e-01
9.999542236328125000e-01
9.998015165328979492e-01
9.971837997436523438e-01
9.919616580009460449e-01
9.813805818557739258e-01
9.741470813751220703e-01
9.819549918174743652e-01
9.901338219642639160e-01
9.985854625701904297e-01
9.995249509811401367e-01
9.998465776443481445e-01
9.996647238731384277e-01
9.991599321365356445e-01
9.985103011131286621e-01
9.980372786521911621e-01
9.968376755714416504e-01
9.945884943008422852e-01
9.878328442573547363e-01
9.811721444129943848e-01
9.833783507347106934e-01
9.875955581665039062e-01
9.938006401062011719e-01
9.967979788780212402e-01
9.987434744834899902e-01
9.988106489181518555e-01
9.905549287796020508e-01
9.765854477882385254e-01
9.860383272171020508e-01
9.945499300956726074e-01
9.986840486526489258e-01
9.633582830429077148e-01
9.100929498672485352e-01
8.673320412635803223e-01
8.566585183143615723e-01
8.926839232444763184e-01
9.367880225181579590e-01
9.787976145744323730e-01
9.914506673812866211e-01
9.981067180633544922e-01
9.986169338226318359e-01
9.933708906173706055e-01
9.620248079299926758e-01
8.395666480064392090e-01
5.106751322746276855e-01
3.127365931868553162e-02
4.332848824560642242e-03
1.874599307775497437e-01
7.935927510261535645e-01
1.000000000000000000e+00
9.870650172233581543e-01
3.771165907382965088e-01
1.019579358398914337e-03
3.690566634759306908e-03
3.953992724418640137e-01
8.761987090110778809e-01
9.563427567481994629e-01
9.996646642684936523e-01
9.999243617057800293e-01
9.999020695686340332e-01
9.996150135993957520e-01
9.984039664268493652e-01
9.857006072998046875e-01
9.631725549697875977e-01
9.542057514190673828e-01
9.558324813842773438e-01
9.834300875663757324e-01
9.962520003318786621e-01
9.999131560325622559e-01
9.988602995872497559e-01
9.978002905845642090e-01
9.969511628150939941e-01
9.976812005043029785e-01
9.990510940551757812e-01
9.991090893745422363e-01
9.989057779312133789e-01
9.983198046684265137e-01
9.919530749320983887e-01
9.748447537422180176e-01
8.914766311645507812e-01
7.801676988601684570e-01
6.381033658981323242e-01
5.787738561630249023e-01
5.550473332405090332e-01
6.126241087913513184e-01
6.962675452232360840e-01
8.015149831771850586e-01
9.150400161743164062e-01
9.860839247703552246e-01
9.319686293601989746e-01
9.224415421485900879e-01
9.409407973289489746e-01
9.700601696968078613e-01
9.844028949737548828e-01
9.671324491500854492e-01
8.596687912940979004e-01
7.109040617942810059e-01
5.945334434509277344e-01
5.703507065773010254e-01
6.905667185783386230e-01
8.282589912414550781e-01
9.601047039031982422e-01
9.844277501106262207e-01
9.983426332473754883e-01
9.996515512466430664e-01
9.998648762702941895e-01
9.997665882110595703e-01
9.994103312492370605e-01
9.987756609916687012e-01
9.978749752044677734e-01
9.933172464370727539e-01
9.811258316040039062e-01
9.438191652297973633e-01
8.926318287849426270e-01
8.310125470161437988e-01
7.193762660026550293e-01
6.278923749923706055e-01
5.986668467521667480e-01
6.527789235115051270e-01
7.558763623237609863e-01
8.456427454948425293e-01
9.233096241950988770e-01
9.773348569869995117e-01
9.965346455574035645e-01
9.996470808982849121e-01
9.997369050979614258e-01
9.994726181030273438e-01
9.986531734466552734e-01
9.925807118415832520e-01
9.838723540306091309e-01
9.675169587135314941e-01
9.690343141555786133e-01
9.928843975067138672e-01
9.988000392913818359e-01
9.998542070388793945e-01
9.996640086174011230e-01
9.992142319679260254e-01
9.984987974166870117e-01
9.903529286384582520e-01
9.769594669342041016e-01
9.475826025009155273e-01
9.221105575561523438e-01
8.999136090278625488e-01
4.581065177917480469e-01
7.297363877296447754e-02
2.109020948410034180e-02
2.895881120033449899e-22
1.594914402782591386e-23
6.577773950994014740e-03
1.594383716583251953e-01
6.689789295196533203e-01
7.328680157661437988e-01
5.434196591377258301e-01
4.637114107608795166e-01
4.987038671970367432e-01
7.599288821220397949e-01
9.069072008132934570e-01
9.977077841758728027e-01
9.985708594322204590e-01
9.990583658218383789e-01
9.989211559295654297e-01
9.971628189086914062e-01
9.946070313453674316e-01
9.897065162658691406e-01
9.889611601829528809e-01
9.940230846405029297e-01
9.970366358757019043e-01
9.991379976272583008e-01
9.989719390869140625e-01
9.929680228233337402e-01
9.799827337265014648e-01
5.046676993370056152e-01
7.282430888153612614e-04
2.453675260767340660e-04
6.040008884156122804e-05
1.828948879847303033e-04
4.448959603905677795e-03
2.359352074563503265e-02
1.051551923155784607e-01
3.888116478919982910e-01
8.517570495605468750e-01
9.393827915191650391e-01
9.674497842788696289e-01
9.768618941307067871e-01
9.781183600425720215e-01
9.730054736137390137e-01
8.607292175292968750e-01
7.439357042312622070e-01
6.469242572784423828e-01
7.356908917427062988e-01
9.511535763740539551e-01
9.844914674758911133e-01
9.998986721038818359e-01
9.999613761901855469e-01
9.999827146530151367e-01
9.999793767929077148e-01
9.999852776527404785e-01
9.999637603759765625e-01
9.998809099197387695e-01
7.413147687911987305e-01
3.458611667156219482e-01
1.375159323215484619e-01
1.276618604606483132e-05
3.100733238170505501e-06
9.991804510354995728e-02
2.531489133834838867e-01
6.870468854904174805e-01
9.522601962089538574e-01
9.228179454803466797e-01
6.119260787963867188e-01
1.989472806453704834e-01
7.571686804294586182e-02
7.695782696828246117e-04
2.150487620383501053e-03
2.952558919787406921e-02
7.343917340040206909e-02
2.104540020227432251e-01
2.911640703678131104e-01
2.903836965560913086e-01
3.388261795043945312e-01
4.152745604515075684e-01
6.091254949569702148e-01
7.715654373168945312e-01
8.923258185386657715e-01
9.460285902023315430e-01
9.757001996040344238e-01
9.737771153450012207e-01
9.680247306823730469e-01
9.575592279434204102e-01
9.643594026565551758e-01
9.756917953491210938e-01
9.860239028930664062e-01
9.733625054359436035e-01
9.340799450874328613e-01
6.982203722000122070e-01
4.571588337421417236e-01
4.793257117271423340e-01
6.165746450424194336e-01
8.791947960853576660e-01
9.629803299903869629e-01
9.997690320014953613e-01
9.999070763587951660e-01
9.996311068534851074e-01
9.989277124404907227e-01
9.954425692558288574e-01
9.924873113632202148e-01
9.950989484786987305e-01
9.974700808525085449e-01
9.996017813682556152e-01
9.999739527702331543e-01
9.999979138374328613e-01
9.999944567680358887e-01
9.999009370803833008e-01
9.997209906578063965e-01
9.928186535835266113e-01
9.790430665016174316e-01
9.400587677955627441e-01
8.788540363311767578e-01
7.970302700996398926e-01
8.242096900939941406e-01
8.764482736587524414e-01
9.559289216995239258e-01
9.957613348960876465e-01
9.993391633033752441e-01
9.995563030242919922e-01
9.992361068725585938e-01
9.990219473838806152e-01
9.991205930709838867e-01
9.995009899139404297e-01
9.997617006301879883e-01
9.999513030052185059e-01
9.999301433563232422e-01
9.998097419738769531e-01
9.996011257171630859e-01
9.996820092201232910e-01
9.997830390930175781e-01
9.997771978378295898e-01
9.997328519821166992e-01
9.996541142463684082e-01
9.997740983963012695e-01
9.998878240585327148e-01
9.998437166213989258e-01
9.959444403648376465e-01
9.885847568511962891e-01
9.587326049804687500e-01
9.315872788429260254e-01
9.309208393096923828e-01
9.518410563468933105e-01
9.922460913658142090e-01
9.990315437316894531e-01
9.999850988388061523e-01
9.999922513961791992e-01
9.999108910560607910e-01
9.997475147247314453e-01
9.983183145523071289e-01
9.969598650932312012e-01
9.969311952590942383e-01
9.975307583808898926e-01
9.987314343452453613e-01
9.993975162506103516e-01
9.998781085014343262e-01
9.999574422836303711e-01
9.999977350234985352e-01
9.999995231628417969e-01
9.999950528144836426e-01
9.998230934143066406e-01
9.987974762916564941e-01
9.851508140563964844e-01
9.584511518478393555e-01
8.809310793876647949e-01
8.128349184989929199e-01
8.607990741729736328e-01
9.129999279975891113e-01
9.698231816291809082e-01
9.899977445602416992e-01
9.998365044593811035e-01
9.999408721923828125e-01
9.998163580894470215e-01
9.994283318519592285e-01
9.413548707962036133e-01
8.449380397796630859e-01
5.797082781791687012e-01
5.012249350547790527e-01
6.525198221206665039e-01
8.067392110824584961e-01
9.478735923767089844e-01
9.691166281700134277e-01
9.826173782348632812e-01
9.858111739158630371e-01
9.920198321342468262e-01
9.986549019813537598e-01
9.993519783020019531e-01
9.986448884010314941e-01
9.959133863449096680e-01
7.328010797500610352e-01
3.853588700294494629e-01
1.627976447343826294e-01
3.361861407756805420e-02
5.166017264127731323e-02
4.289780855178833008e-01
9.316502809524536133e-01
9.728624820709228516e-01
9.991584420204162598e-01
9.993091821670532227e-01
9.994109869003295898e-01
9.994308948516845703e-01
9.951916337013244629e-01
8.246154189109802246e-01
3.288611173629760742e-01
9.765911847352981567e-02
1.069877063855528831e-03
2.250026623650458392e-23
0.000000000000000000e+00
0.000000000000000000e+00
3.637452721595764160e-01
9.353581070899963379e-01
9.820349216461181641e-01
9.995701313018798828e-01
9.998240470886230469e-01
9.999235272407531738e-01
9.999221563339233398e-01
9.995841383934020996e-01
9.991035461425781250e-01
9.982756376266479492e-01
9.982119202613830566e-01
9.987133145332336426e-01
9.993643164634704590e-01
9.998894333839416504e-01
9.999105930328369141e-01
9.999415874481201172e-01
9.999808669090270996e-01
9.999805688858032227e-01
9.987919926643371582e-01
9.923765659332275391e-01
9.480282664299011230e-01
8.667303323745727539e-01
8.041456937789916992e-01
7.674244642257690430e-01
8.570184707641601562e-01
9.239177703857421875e-01
9.650039672851562500e-01
9.850483536720275879e-01
9.980461597442626953e-01
9.992448687553405762e-01
9.998478889465332031e-01
9.996650218963623047e-01
9.989671707153320312e-01
9.978793859481811523e-01
9.938730597496032715e-01
9.903442263603210449e-01
9.875750541687011719e-01
9.894747734069824219e-01
9.932814836502075195e-01
9.966672062873840332e-01
9.988726377487182617e-01
9.988505840301513672e-01
9.985073804855346680e-01
9.980033636093139648e-01
9.982431530952453613e-01
9.985734820365905762e-01
9.990836977958679199e-01
9.994757175445556641e-01
9.997958540916442871e-01
9.998631477355957031e-01
9.997775554656982422e-01
9.992973208427429199e-01
9.968205690383911133e-01
9.928610324859619141e-01
9.872750043869018555e-01
9.825965166091918945e-01
9.821417331695556641e-01
9.862224459648132324e-01
9.943907856941223145e-01
9.933449029922485352e-01
9.916811585426330566e-01
9.957584142684936523e-01
9.984433650970458984e-01
9.995972514152526855e-01
9.998753070831298828e-01
9.998816847801208496e-01
9.995512366294860840e-01
9.983277320861816406e-01
9.958805441856384277e-01
9.878582954406738281e-01
9.758197665214538574e-01
9.276769757270812988e-01
8.464065790176391602e-01
7.081393003463745117e-01
4.479346275329589844e-01
1.305878460407257080e-01
5.961384177207946777e-01
9.323477149009704590e-01
9.813607931137084961e-01
9.998069405555725098e-01
9.999684095382690430e-01
9.999787807464599609e-01
9.999817609786987305e-01
9.999912381172180176e-01
9.999955296516418457e-01
9.999958872795104980e-01
9.951367974281311035e-01
8.768286108970642090e-01
2.895290851593017578e-01
0.000000000000000000e+00
0.000000000000000000e+00
0.000000000000000000e+00
0.000000000000000000e+00
0.000000000000000000e+00
1.985835134570360094e-13
6.447393617256547138e-13
1.029463484883308411e-03
5.864206701517105103e-03
5.770699307322502136e-02
8.985593169927597046e-02
8.985351026058197021e-02
9.968443214893341064e-02
1.136418133974075317e-01
4.702002927660942078e-02
1.248864922672510147e-03
1.014259061776101589e-03
4.593995958566665649e-02
1.178123801946640015e-01
5.767184495925903320e-01
9.483470320701599121e-01
9.757176041603088379e-01
9.897807240486145020e-01
9.933194518089294434e-01
9.964052438735961914e-01
9.989923834800720215e-01
9.995724558830261230e-01
9.998728632926940918e-01
9.998788237571716309e-01
9.997631907463073730e-01
9.994605779647827148e-01
9.978251457214355469e-01
9.870168566703796387e-01
9.632840156555175781e-01
8.937609195709228516e-01
8.125743269920349121e-01
8.982659578323364258e-01
9.632940888404846191e-01
9.887315630912780762e-01
9.985482096672058105e-01
9.999152421951293945e-01
9.999803304672241211e-01
9.999846816062927246e-01
9.999863505363464355e-01
9.243216514587402344e-01
7.919655442237854004e-01
3.728351593017578125e-01
1.696683280169963837e-02
1.045678779482841492e-01
3.884349465370178223e-01
8.730157613754272461e-01
9.750300049781799316e-01
9.798650145530700684e-01
9.645693302154541016e-01
9.639137983322143555e-01
9.839659333229064941e-01
9.939803481101989746e-01
9.999136924743652344e-01
9.999641776084899902e-01
9.999949336051940918e-01
9.999859333038330078e-01
9.999618530273437500e-01
9.999293088912963867e-01
9.999326467514038086e-01
9.999371767044067383e-01
9.999386072158813477e-01
9.997032284736633301e-01
9.992777705192565918e-01
9.394146800041198730e-01
8.146550655364990234e-01
4.067185521125793457e-01
2.748140692710876465e-01
4.582794308662414551e-01
7.211096882820129395e-01
9.869563579559326172e-01
9.949628114700317383e-01
9.997170567512512207e-01
9.991016387939453125e-01
9.700821042060852051e-01
9.277892112731933594e-01
9.446401596069335938e-01
9.637383818626403809e-01
9.860280752182006836e-01
9.967875480651855469e-01
9.996098279953002930e-01
9.999247193336486816e-01
9.997955560684204102e-01
9.990641474723815918e-01
9.979771375656127930e-01
9.965317845344543457e-01
9.977672696113586426e-01
9.995137453079223633e-01
9.998162388801574707e-01
9.999972581863403320e-01
9.999986290931701660e-01
9.999919533729553223e-01
9.999812245368957520e-01
9.998747110366821289e-01
9.997979998588562012e-01
9.997879266738891602e-01
9.997985959053039551e-01
9.998225569725036621e-01
9.998410344123840332e-01
9.998464584350585938e-01
9.998044371604919434e-01
9.985266923904418945e-01
9.960528612136840820e-01
8.881467580795288086e-01
7.206310629844665527e-01
2.679794728755950928e-01
2.272564961458556354e-05
5.122951279190601781e-06
0.000000000000000000e+00
1.134424580196696911e-24
1.436609361974130336e-22
4.119937494397163391e-02
1.754292249679565430e-01
5.013253092765808105e-01
9.516947269439697266e-01
9.967162013053894043e-01
9.983785152435302734e-01
9.988353252410888672e-01
9.991425275802612305e-01
9.993007779121398926e-01
9.989534020423889160e-01
9.985019564628601074e-01
9.982807040214538574e-01
9.978346824645996094e-01
9.970426559448242188e-01
9.917345046997070312e-01
9.844112396240234375e-01
9.764264225959777832e-01
9.698716998100280762e-01
9.668619036674499512e-01
9.631811976432800293e-01
9.590197801589965820e-01
8.696930408477783203e-01
7.723664045333862305e-01
6.924055218696594238e-01
7.014153599739074707e-01
8.106044530868530273e-01
9.045271277427673340e-01
9.877188801765441895e-01
9.822600483894348145e-01
9.710292220115661621e-01
9.494537115097045898e-01
9.162669181823730469e-01
8.770010471343994141e-01
8.761144876480102539e-01
8.912927508354187012e-01
9.500559568405151367e-01
9.828714728355407715e-01
9.933016300201416016e-01
9.918301701545715332e-01
9.878329634666442871e-01
9.830333590507507324e-01
9.790441989898681641e-01
9.761921167373657227e-01
9.720127582550048828e-01
9.673458933830261230e-01
9.714540839195251465e-01
9.757357239723205566e-01
9.804055094718933105e-01
9.749521017074584961e-01
9.625540375709533691e-01
9.640139341354370117e-01
9.699314832687377930e-01
9.881161451339721680e-01
9.976489543914794922e-01
9.974224567413330078e-01
9.965571761131286621e-01
9.953903555870056152e-01
9.924777746200561523e-01
9.752095937728881836e-01
9.307747483253479004e-01
8.850684762001037598e-01
8.385817408561706543e-01
8.652105927467346191e-01
8.938422203063964844e-01
9.101912379264831543e-01
9.104680418968200684e-01
8.954729437828063965e-01
8.963322043418884277e-01
9.001488685607910156e-01
8.951928019523620605e-01
9.078260064125061035e-01
9.488436579704284668e-01
9.748755693435668945e-01
9.936756491661071777e-01
9.968907237052917480e-01
9.984085559844970703e-01
9.966631531715393066e-01
9.878685474395751953e-01
9.731536507606506348e-01
9.588881731033325195e-01
9.469401836395263672e-01
9.509282112121582031e-01
9.606139063835144043e-01
9.784204363822937012e-01
9.873603582382202148e-01
9.925042390823364258e-01
9.954391717910766602e-01
9.973565936088562012e-01
9.966959357261657715e-01
9.943091869354248047e-01
9.905909895896911621e-01
9.832692146301269531e-01
9.766705036163330078e-01
9.782052040100097656e-01
9.833646416664123535e-01
9.933518171310424805e-01
9.968801140785217285e-01
9.978168606758117676e-01
9.923613071441650391e-01
9.880763888359069824e-01
9.866448640823364258e-01
9.882498979568481445e-01
9.920777678489685059e-01
9.939615726470947266e-01
9.954994320869445801e-01
9.968197345733642578e-01
9.963279962539672852e-01
9.934843778610229492e-01
9.911774396896362305e-01
9.891091585159301758e-01
9.916699528694152832e-01
9.940670132637023926e-01
9.960592389106750488e-01
9.970014095306396484e-01
9.971798658370971680e-01
9.970517754554748535e-01
9.968479275703430176e-01
9.964885711669921875e-01
9.883776903152465820e-01
9.700278043746948242e-01
9.441765546798706055e-01
9.152867197990417480e-01
9.280993938446044922e-01
9.462845325469970703e-01
9.780088067054748535e-01
9.937945008277893066e-01
9.973126053810119629e-01
9.975664615631103516e-01
9.969251751899719238e-01
9.942094087600708008e-01
9.875642061233520508e-01
9.753806591033935547e-01
9.621955156326293945e-01
9.485715031623840332e-01
9.609770178794860840e-01
9.734261631965637207e-01
9.845148921012878418e-01
9.876327514648437500e-01
9.840906262397766113e-01
9.800642728805541992e-01
9.765466451644897461e-01
9.781011343002319336e-01
9.816905260086059570e-01
9.884618520736694336e-01
9.935660958290100098e-01
9.978561401367187500e-01
9.989628195762634277e-01
9.995954036712646484e-01
9.991948008537292480e-01
9.894819259643554688e-01
9.709886312484741211e-01
9.766913056373596191e-01
9.768254756927490234e-01
8.320425152778625488e-01
7.774969339370727539e-01
8.868410587310791016e-01
9.445103406906127930e-01
9.723988771438598633e-01
8.955290317535400391e-01
8.306976556777954102e-01
8.550764322280883789e-01
9.008007049560546875e-01
9.699207544326782227e-01
9.921190142631530762e-01
9.989049434661865234e-01
9.985976219177246094e-01
9.985322356224060059e-01
9.990007877349853516e-01
9.994495511054992676e-01
9.998846054077148438e-01
9.999197125434875488e-01
9.998944401741027832e-01
9.998723864555358887e-01
9.998022317886352539e-01
9.996668696403503418e-01
9.993263483047485352e-01
9.988982677459716797e-01
9.989340305328369141e-01
9.990201592445373535e-01
9.992252588272094727e-01
9.988107681274414062e-01
9.978564977645874023e-01
9.809328317642211914e-01
9.535562396049499512e-01
8.554188013076782227e-01
7.897598743438720703e-01
7.812171578407287598e-01
8.339323997497558594e-01
9.212319254875183105e-01
9.609006643295288086e-01
9.896737337112426758e-01
9.909676909446716309e-01
9.930832386016845703e-01
9.961395859718322754e-01
9.957674145698547363e-01
9.942325949668884277e-01
9.943878054618835449e-01
9.948183894157409668e-01
9.959180355072021484e-01
9.898471236228942871e-01
9.782630801200866699e-01
9.546079039573669434e-01
9.336455464363098145e-01
9.514304995536804199e-01
9.706148505210876465e-01
9.920125603675842285e-01
9.993485212326049805e-01
9.994699954986572266e-01
9.956464767456054688e-01
9.901483058929443359e-01
9.793478846549987793e-01
9.722503423690795898e-01
9.691253900527954102e-01
9.712523818016052246e-01
9.740901589393615723e-01
9.418365359306335449e-01
8.638833761215209961e-01
6.794043779373168945e-01
4.884286820888519287e-01
2.925792336463928223e-01
2.735028564929962158e-01
3.091996312141418457e-01
5.117980837821960449e-01
6.824923157691955566e-01
8.026190996170043945e-01
8.252478837966918945e-01
7.972279191017150879e-01
8.620554208755493164e-01
9.275901913642883301e-01
9.686486721038818359e-01
9.925495982170104980e-01
9.972030520439147949e-01
9.987282156944274902e-01
9.991628527641296387e-01
9.991677999496459961e-01
9.989731311798095703e-01
9.982673525810241699e-01
9.983538389205932617e-01
9.990824460983276367e-01
9.986438751220703125e-01
9.954518079757690430e-01
9.673395156860351562e-01
9.275937676429748535e-01
8.672950863838195801e-01
8.267362713813781738e-01
7.976850271224975586e-01
6.133238077163696289e-01
4.594205319881439209e-01
5.404787659645080566e-01
6.691323518753051758e-01
8.593775033950805664e-01
8.942388296127319336e-01
8.636705875396728516e-01
8.326989412307739258e-01
7.797002792358398438e-01
6.569719314575195312e-01
4.729729890823364258e-01
2.301166653633117676e-01
2.260859310626983643e-01
2.991861701011657715e-01
5.537004470825195312e-01
7.682921290397644043e-01
8.937476277351379395e-01
9.585298299789428711e-01
9.788427352905273438e-01
9.590187072753906250e-01
9.254480600357055664e-01
8.411583900451660156e-01
8.084919452667236328e-01
8.621528744697570801e-01
9.116970896720886230e-01
9.589787125587463379e-01
9.693439602851867676e-01
9.727616906166076660e-01
9.610637426376342773e-01
9.516132473945617676e-01
9.450539350509643555e-01
9.357730746269226074e-01
9.253399968147277832e-01
7.333667874336242676e-01
5.896326303482055664e-01
6.282979846000671387e-01
6.727321743965148926e-01
7.231044769287109375e-01
8.134721517562866211e-01
9.153091311454772949e-01
9.596356749534606934e-01
9.926322102546691895e-01
9.975398778915405273e-01
9.998022317886352539e-01
9.998995065689086914e-01
9.998542070388793945e-01
9.989618062973022461e-01
9.884526729583740234e-01
9.815638065338134766e-01
9.816897511482238770e-01
9.865338206291198730e-01
9.944829344749450684e-01
9.972893595695495605e-01
9.987747669219970703e-01
9.966859817504882812e-01
9.949257969856262207e-01
9.936889410018920898e-01
9.946979284286499023e-01
9.969156384468078613e-01
9.983289241790771484e-01
9.994561076164245605e-01
9.995880722999572754e-01
9.887350797653198242e-01
9.636544585227966309e-01
6.443673372268676758e-01
1.965848356485366821e-01
7.989968359470367432e-02
1.337872174156373717e-10
4.596601224648999562e-11
3.231341167975188000e-07
1.001966893454664387e-06
3.606084883213043213e-01
8.496980667114257812e-01
9.333457946777343750e-01
9.946828484535217285e-01
9.950630664825439453e-01
9.953817129135131836e-01
9.956433176994323730e-01
9.968953132629394531e-01
9.983847737312316895e-01
9.985967278480529785e-01
9.982299208641052246e-01
9.964827895164489746e-01
9.908775687217712402e-01
9.821518659591674805e-01
9.775977730751037598e-01
9.747394919395446777e-01
9.815083742141723633e-01
9.872253537178039551e-01
9.907729625701904297e-01
9.785738587379455566e-01
9.552082419395446777e-01
6.043637394905090332e-01
2.202636599540710449e-01
8.614781498908996582e-02
5.736032035201787949e-04
2.144124358892440796e-03
1.438506692647933960e-01
3.729136586189270020e-01
2.259330153465270996e-01
6.989970058202743530e-02
2.325937449932098389e-01
3.821525871753692627e-01
5.105748176574707031e-01
6.520873904228210449e-01
8.011894822120666504e-01
7.940411567687988281e-01
7.715255022048950195e-01
7.654152512550354004e-01
8.074825406074523926e-01
9.202098846435546875e-01
9.693239331245422363e-01
9.860931634902954102e-01
9.804244041442871094e-01
9.741817712783813477e-01
9.748701453208923340e-01
9.813005328178405762e-01
9.954621791839599609e-01
9.769974350929260254e-01
9.431486725807189941e-01
9.197734594345092773e-01
9.087998270988464355e-01
9.481759667396545410e-01
9.763331413269042969e-01
9.902608990669250488e-01
9.926424026489257812e-01
9.899426698684692383e-01
9.529830217361450195e-01
9.290701746940612793e-01
9.639552235603332520e-01
9.873103499412536621e-01
9.968236088752746582e-01
9.997446537017822266e-01
9.999400973320007324e-01
9.985944628715515137e-01
9.937635064125061035e-01
9.761877059936523438e-01
9.333396553993225098e-01
8.611546754837036133e-01
7.489155530929565430e-01
6.204872131347656250e-01
6.105098724365234375e-01
6.341933012008666992e-01
7.639629244804382324e-01
8.669230341911315918e-01
9.396730661392211914e-01
9.746393561363220215e-01
9.950938820838928223e-01
9.977975487709045410e-01
9.995551109313964844e-01
9.998075366020202637e-01
9.999347329139709473e-01
9.999216198921203613e-01
9.995799660682678223e-01
9.991108179092407227e-01
9.967235326766967773e-01
9.945510625839233398e-01
9.933434724807739258e-01
9.941832423210144043e-01
9.973399639129638672e-01
9.982461333274841309e-01
9.982696175575256348e-01
4.588352739810943604e-01
2.393831685185432434e-02
2.885960415005683899e-02
9.230536222457885742e-02
2.229706496000289917e-01
2.071804404258728027e-01
1.322787106037139893e-01
1.149142906069755554e-01
1.497601717710494995e-01
3.744756281375885010e-01
6.175179481506347656e-01
8.825233578681945801e-01
9.729655385017395020e-01
9.893046617507934570e-01
9.781793355941772461e-01
9.460263848304748535e-01
8.341724872589111328e-01
7.401868700981140137e-01
6.684557795524597168e-01
6.083286404609680176e-01
5.533561706542968750e-01
5.458018183708190918e-01
5.595315694808959961e-01
6.550115346908569336e-01
7.652063965797424316e-01
8.952837586402893066e-01
9.604730010032653809e-01
9.940367937088012695e-01
9.968668818473815918e-01
9.967072606086730957e-01
9.954115748405456543e-01
9.950102567672729492e-01
9.959025382995605469e-01
9.953824877738952637e-01
9.941170811653137207e-01
9.142122864723205566e-01
7.715484499931335449e-01
3.042342662811279297e-01
1.339543424546718597e-02
3.618253627792000771e-03
1.640213440623483621e-06
1.850299895522766747e-07
1.195984987134579569e-05
2.138809114694595337e-02
2.026187181472778320e-01
4.548039138317108154e-01
8.325197100639343262e-01
9.880805015563964844e-01
9.982183575630187988e-01
9.998648166656494141e-01
9.999856352806091309e-01
9.999541044235229492e-01
9.999228715896606445e-01
9.998922944068908691e-01
9.998960494995117188e-01
9.999251365661621094e-01
9.998502731323242188e-01
9.996623396873474121e-01
9.980056881904602051e-01
9.916241765022277832e-01
9.742074608802795410e-01
8.591352701187133789e-01
6.612018346786499023e-01
5.307858586311340332e-01
4.261482059955596924e-01
5.932414531707763672e-01
7.436112761497497559e-01
8.477082848548889160e-01
9.000387787818908691e-01
9.016889333724975586e-01
9.262791275978088379e-01
9.587023854255676270e-01
9.708066582679748535e-01
9.796496629714965820e-01
9.782778620719909668e-01
9.806762933731079102e-01
9.874401092529296875e-01
9.927955269813537598e-01
9.975599050521850586e-01
9.988376498222351074e-01
9.997307658195495605e-01
9.998466968536376953e-01
9.996443390846252441e-01
9.990022182464599609e-01
9.842001199722290039e-01
9.621093869209289551e-01
9.583169221878051758e-01
9.592108726501464844e-01
9.768630266189575195e-01
9.904122948646545410e-01
9.970657825469970703e-01
9.997084140777587891e-01
9.997715950012207031e-01
9.997053742408752441e-01
9.996321797370910645e-01
9.997400045394897461e-01
9.998410940170288086e-01
9.999279379844665527e-01
9.999136924743652344e-01
9.998191595077514648e-01
9.992902874946594238e-01
9.985210895538330078e-01
9.936712980270385742e-01
9.822395443916320801e-01
9.527179002761840820e-01
9.312283992767333984e-01
9.177278280258178711e-01
9.406592249870300293e-01
9.766926169395446777e-01
9.887259602546691895e-01
9.979657530784606934e-01
9.991294145584106445e-01
9.997905492782592773e-01
9.998168349266052246e-01
9.995271563529968262e-01
9.990873336791992188e-01
9.968451261520385742e-01
9.893709421157836914e-01
9.524949789047241211e-01
9.231016635894775391e-01
9.057901501655578613e-01
9.298214316368103027e-01
9.798600673675537109e-01
9.931468963623046875e-01
9.991974830627441406e-01
9.987480640411376953e-01
9.982714056968688965e-01
9.977350831031799316e-01
9.977951049804687500e-01
9.983490109443664551e-01
9.987416863441467285e-01
9.990725517272949219e-01
9.981759786605834961e-01
9.974638819694519043e-01
9.973177313804626465e-01
9.978511333465576172e-01
9.991250634193420410e-01
9.970629811286926270e-01
9.936296939849853516e-01
9.951487779617309570e-01
9.969320297241210938e-01
9.985033869743347168e-01
9.995311498641967773e-01
9.997537732124328613e-01
9.998054504394531250e-01
9.997589588165283203e-01
9.996753931045532227e-01
9.996032714843750000e-01
9.996926188468933105e-01
9.997919201850891113e-01
9.999116659164428711e-01
9.999752640724182129e-01
9.999945163726806641e-01
9.999991655349731445e-01
9.999997019767761230e-01
9.999949932098388672e-01
9.999813437461853027e-01
9.999406337738037109e-01
9.999056458473205566e-01
9.998770952224731445e-01
9.998975992202758789e-01
9.999386072158813477e-01
9.987210631370544434e-01
9.944615364074707031e-01
9.750825166702270508e-01
9.394415020942687988e-01
8.785710930824279785e-01
8.971066474914550781e-01
9.642668962478637695e-01
9.864419102668762207e-01
9.995575547218322754e-01
9.998142123222351074e-01
9.999938607215881348e-01
9.999945163726806641e-01
9.999513030052185059e-01
9.998690485954284668e-01
9.992911219596862793e-01
9.985518455505371094e-01
9.953172206878662109e-01
9.867172241210937500e-01
9.578590393066406250e-01
9.444938898086547852e-01
9.513191580772399902e-01
9.670365452766418457e-01
9.872897863388061523e-01
9.945782423019409180e-01
9.995949864387512207e-01
9.996603131294250488e-01
9.997245669364929199e-01
9.997865557670593262e-01
9.995268583297729492e-01
9.990163445472717285e-01
9.988086819648742676e-01
9.986913800239562988e-01
9.992437362670898438e-01
9.997018575668334961e-01
9.998561143875122070e-01
9.998928904533386230e-01
9.997923970222473145e-01
9.896988272666931152e-01
9.750536680221557617e-01
6.564719080924987793e-01
3.283069133758544922e-01
1.283064782619476318e-01
8.605151379015296698e-06
2.703701284190174192e-06
3.174858540296554565e-02
8.647530525922775269e-02
5.054385662078857422e-01
9.992325901985168457e-01
9.698502421379089355e-01
9.519660472869873047e-01
9.688530564308166504e-01
9.835870862007141113e-01
9.958699941635131836e-01
9.996703267097473145e-01
9.997392296791076660e-01
9.981660246849060059e-01
9.967719912528991699e-01
9.974158406257629395e-01
9.981890916824340820e-01
9.991924166679382324e-01
9.997109770774841309e-01
9.998790621757507324e-01
9.995821118354797363e-01
9.991856813430786133e-01
9.994594454765319824e-01
9.996603131294250488e-01
9.996337890625000000e-01
9.991278052330017090e-01
9.980687499046325684e-01
9.980980753898620605e-01
9.986284971237182617e-01
9.993208646774291992e-01
9.999427199363708496e-01
9.999684691429138184e-01
9.995169043540954590e-01
9.981582164764404297e-01
9.726324677467346191e-01
9.284353256225585938e-01
7.829449772834777832e-01
6.092936992645263672e-01
5.851157903671264648e-01
6.122751832008361816e-01
8.220003843307495117e-01
9.487161636352539062e-01
9.687927365303039551e-01
9.846451282501220703e-01
9.982970356941223145e-01
9.882743358612060547e-01
9.764841198921203613e-01
9.803475141525268555e-01
9.829953312873840332e-01
9.829382896423339844e-01
9.749233722686767578e-01
9.597717523574829102e-01
9.592254757881164551e-01
9.637278914451599121e-01
9.752025604248046875e-01
9.860216975212097168e-01
9.924528598785400391e-01
9.970170855522155762e-01
9.986867308616638184e-01
9.982042312622070312e-01
9.963379502296447754e-01
9.973562955856323242e-01
9.989439249038696289e-01
9.995497465133666992e-01
9.899807572364807129e-01
9.511430263519287109e-01
8.883261084556579590e-01
7.986776828765869141e-01
8.002398014068603516e-01
8.436263203620910645e-01
9.112375974655151367e-01
9.747778773307800293e-01
9.864815473556518555e-01
9.929794669151306152e-01
9.888535737991333008e-01
9.887035489082336426e-01
9.918799996376037598e-01
9.951117038726806641e-01
9.983609914779663086e-01
9.975913166999816895e-01
9.965454936027526855e-01
9.947974085807800293e-01
9.945610165596008301e-01
9.965931773185729980e-01
9.982796311378479004e-01
9.997438192367553711e-01
1.000000000000000000e+00
9.999306201934814453e-01
9.980539679527282715e-01
9.967982769012451172e-01
9.974130988121032715e-01
9.980585575103759766e-01
9.987397789955139160e-01
9.988886117935180664e-01
9.987798333168029785e-01
9.985553622245788574e-01
9.983408451080322266e-01
9.983509182929992676e-01
9.985270500183105469e-01
9.990721344947814941e-01
9.994660019874572754e-01
9.997218847274780273e-01
9.993847012519836426e-01
9.988299608230590820e-01
9.992557168006896973e-01
9.996960759162902832e-01
9.998816251754760742e-01
1.000000000000000000e+00
1.000000000000000000e+00
9.968868494033813477e-01
9.914566874504089355e-01
9.939119219779968262e-01
9.985510110855102539e-01
9.992809295654296875e-01
9.997670650482177734e-01
9.994062185287475586e-01
9.955700039863586426e-01
9.867752790451049805e-01
9.733856320381164551e-01
9.571549296379089355e-01
9.736527204513549805e-01
9.961711168289184570e-01
9.982833266258239746e-01
9.998946189880371094e-01
9.999481439590454102e-01
9.999831318855285645e-01
9.999955892562866211e-01
9.999998807907104492e-01
1.000000000000000000e+00
9.999961256980895996e-01
9.999920129776000977e-01
9.999927878379821777e-01
9.999942183494567871e-01
9.999975562095642090e-01
9.999994039535522461e-01
9.999997019767761230e-01
9.999952912330627441e-01
9.999887943267822266e-01
9.999595880508422852e-01
9.999325871467590332e-01
9.999444484710693359e-01
9.999601840972900391e-01
9.999842643737792969e-01
9.999963641166687012e-01
9.999973773956298828e-01
9.999443292617797852e-01
9.998708963394165039e-01
9.998875260353088379e-01
9.999147057533264160e-01
9.999661445617675781e-01
9.998065829277038574e-01
9.992395639419555664e-01
9.988785982131958008e-01
9.986900091171264648e-01
9.974277615547180176e-01
9.958060979843139648e-01
9.626727700233459473e-01
9.307255148887634277e-01
9.137666225433349609e-01
9.121384024620056152e-01
9.377942085266113281e-01
9.575476646423339844e-01
9.727305769920349121e-01
9.799315929412841797e-01
9.847127199172973633e-01
9.861206412315368652e-01
9.879241585731506348e-01
9.920734167098999023e-01
9.957785606384277344e-01
9.987484216690063477e-01
9.643346071243286133e-01
9.026373624801635742e-01
9.106611609458923340e-01
9.384123682975769043e-01
9.663515090942382812e-01
9.899722933769226074e-01
9.945090413093566895e-01
9.973561763763427734e-01
9.975022673606872559e-01
9.978597760200500488e-01
9.983654022216796875e-01
9.989051818847656250e-01
9.994541406631469727e-01
9.996840357780456543e-01
9.998688101768493652e-01
9.998742341995239258e-01
9.995966553688049316e-01
9.988759756088256836e-01
9.989573955535888672e-01
9.995995759963989258e-01
9.980435967445373535e-01
9.959003925323486328e-01
9.844900369644165039e-01
9.477727413177490234e-01
8.015518188476562500e-01
5.715124607086181641e-01
2.087642252445220947e-01
4.192354157567024231e-02
1.309489551931619644e-02
2.381730079650878906e-01
5.320173501968383789e-01
7.571993470191955566e-01
9.369605183601379395e-01
9.172615408897399902e-01
9.035598635673522949e-01
8.996998071670532227e-01
9.267760515213012695e-01
9.765225052833557129e-01
9.929947257041931152e-01
9.997614622116088867e-01
9.996282458305358887e-01
9.993963837623596191e-01
9.996486306190490723e-01
9.991171956062316895e-01
9.972264766693115234e-01
9.873582720756530762e-01
9.713268876075744629e-01
9.756282567977905273e-01
9.863107204437255859e-01
9.931598901748657227e-01
9.988066554069519043e-01
9.987858533859252930e-01
9.984177947044372559e-01
9.973967671394348145e-01
9.878388643264770508e-01
9.711084365844726562e-01
8.856707811355590820e-01
7.758777737617492676e-01
4.208388626575469971e-01
9.296455979347229004e-02
6.941731274127960205e-02
8.976019918918609619e-02
2.015332579612731934e-01
3.999431431293487549e-01
6.788946390151977539e-01
8.446190357208251953e-01
9.651570320129394531e-01
9.866253137588500977e-01
9.967942833900451660e-01
9.968897104263305664e-01
9.969424605369567871e-01
9.968926310539245605e-01
9.973031878471374512e-01
9.982010126113891602e-01
9.986733794212341309e-01
9.989435672760009766e-01
9.960379600524902344e-01
9.906971454620361328e-01
9.569517970085144043e-01
8.758955597877502441e-01
6.594241261482238770e-01
4.761727750301361084e-01
3.331703245639801025e-01
3.237721621990203857e-01
3.886687755584716797e-01
4.937613010406494141e-01
6.034706830978393555e-01
5.631862878799438477e-01
5.273667573928833008e-01
5.074243545532226562e-01
5.816073417663574219e-01
7.939097881317138672e-01
8.408634662628173828e-01
7.767887115478515625e-01
7.425023317337036133e-01
7.163192033767700195e-01
8.010585904121398926e-01
7.904042601585388184e-01
3.088852465152740479e-01
2.553231024648994207e-04
2.051175688393414021e-04
3.555797738954424858e-04
6.710399757139384747e-04
3.018028438091278076e-01
7.101719379425048828e-01
8.605574369430541992e-01
9.767365455627441406e-01
9.825571775436401367e-01
9.005067348480224609e-01
6.177647113800048828e-01
3.457019627094268799e-01
8.323377370834350586e-02
9.488078649155795574e-05
1.431568762200186029e-05
4.432971036294475198e-05
7.777522318065166473e-03
1.369059383869171143e-01
3.376042842864990234e-01
7.543391585350036621e-01
8.653457164764404297e-01
5.769262313842773438e-01
3.210015296936035156e-01
8.543172478675842285e-02
5.254508182406425476e-02
6.776075065135955811e-02
5.266500711441040039e-01
9.150931835174560547e-01
9.665777087211608887e-01
9.991224408149719238e-01
9.992406964302062988e-01
9.946330189704895020e-01
9.861943125724792480e-01
7.956125140190124512e-01
5.418776869773864746e-01
2.561218440532684326e-01
1.999822707148268819e-04
2.031443174928426743e-03
1.563262939453125000e-01
6.726938486099243164e-01
9.563963413238525391e-01
9.861721396446228027e-01
9.966804981231689453e-01
9.973829984664916992e-01
9.977886080741882324e-01
9.981060624122619629e-01
9.973783493041992188e-01
9.961520433425903320e-01
9.931430220603942871e-01
9.924931526184082031e-01
9.953351616859436035e-01
9.975330233573913574e-01
9.992865324020385742e-01
9.989101290702819824e-01
9.978992938995361328e-01
9.877917766571044922e-01
9.660642743110656738e-01
8.718983530998229980e-01
6.751159429550170898e-01
2.595099806785583496e-01
5.555254593491554260e-02
6.404259055852890015e-02
2.398450970649719238e-01
4.935697317123413086e-01
7.498876452445983887e-01
9.949280023574829102e-01
9.975156784057617188e-01
9.991762042045593262e-01
9.977232217788696289e-01
9.827466607093811035e-01
9.483376741409301758e-01
8.166560530662536621e-01
6.171859502792358398e-01
6.618076562881469727e-01
7.783893942832946777e-01
8.824560642242431641e-01
9.659276008605957031e-01
9.183191657066345215e-01
7.684399485588073730e-01
3.940985500812530518e-01
1.735865622758865356e-01
1.133220121264457703e-01
4.237418770790100098e-01
9.161054491996765137e-01
9.716851115226745605e-01
9.530981183052062988e-01
9.769330024719238281e-01
9.946259856224060059e-01
9.888070821762084961e-01
9.810123443603515625e-01
9.700387716293334961e-01
9.702253937721252441e-01
9.790100455284118652e-01
9.863222837448120117e-01
9.931094646453857422e-01
9.921404123306274414e-01
9.895464181900024414e-01
9.781279563903808594e-01
9.666975140571594238e-01
9.552638530731201172e-01
9.576567411422729492e-01
9.765729308128356934e-01
9.886153340339660645e-01
9.966418147087097168e-01
9.989255666732788086e-01
9.998707175254821777e-01
9.999409317970275879e-01
9.999882578849792480e-01
9.999806284904479980e-01
9.995786547660827637e-01
9.983988404273986816e-01
9.903618097305297852e-01
9.757752418518066406e-01
9.476417303085327148e-01
9.134878516197204590e-01
9.466243386268615723e-01
9.884600043296813965e-01
9.885030984878540039e-01
9.867053031921386719e-01
9.783087968826293945e-01
9.730710983276367188e-01
9.727668762207031250e-01
9.794180989265441895e-01
9.914206266403198242e-01
9.957286715507507324e-01
9.973513484001159668e-01
9.887756705284118652e-01
9.783030152320861816e-01
9.582909941673278809e-01
9.490827322006225586e-01
9.703223705291748047e-01
9.863626360893249512e-01
9.957411289215087891e-01
9.959876537322998047e-01
9.904019236564636230e-01
8.362610340118408203e-01
6.414204835891723633e-01
3.083449304103851318e-01
1.207790337502956390e-02
4.976918455213308334e-03
3.953906002607254777e-07
2.367435882888457854e-07
6.685462594032287598e-02
2.084895372390747070e-01
4.914283156394958496e-01
8.533080220222473145e-01
9.022923111915588379e-01
8.809910416603088379e-01
8.250606656074523926e-01
7.851905822753906250e-01
8.316851854324340820e-01
8.733364939689636230e-01
9.055017232894897461e-01
9.376735091209411621e-01
9.697731733322143555e-01
9.849396944046020508e-01
9.918351173400878906e-01
9.881143569946289062e-01
9.823245406150817871e-01
9.710757136344909668e-01
9.639406204223632812e-01
9.754902124404907227e-01
9.846823215484619141e-01
9.894377589225769043e-01
9.894720911979675293e-01
9.851388335227966309e-01
9.733786582946777344e-01
9.582140445709228516e-01
9.757078886032104492e-01
9.974918961524963379e-01
9.790943264961242676e-01
9.670360684394836426e-01
9.810236096382141113e-01
9.900758266448974609e-01
9.904788732528686523e-01
9.910683631896972656e-01
9.918205142021179199e-01
9.939363002777099609e-01
9.966456890106201172e-01
9.980062246322631836e-01
9.991356134414672852e-01
9.995217919349670410e-01
9.998411536216735840e-01
9.998866915702819824e-01
9.998829364776611328e-01
9.997936487197875977e-01
9.998240470886230469e-01
9.999594688415527344e-01
9.999636411666870117e-01
9.999118447303771973e-01
9.988982677459716797e-01
9.977070689201354980e-01
9.955056309700012207e-01
9.921910166740417480e-01
9.843531250953674316e-01
9.664548039436340332e-01
9.308854937553405762e-01
9.321545958518981934e-01
9.667525887489318848e-01
9.851400852203369141e-01
9.963662624359130859e-01
9.975291490554809570e-01
9.968406558036804199e-01
9.883900284767150879e-01
9.806914329528808594e-01
9.761815667152404785e-01
9.762442111968994141e-01
9.847822189331054688e-01
9.920317530632019043e-01
9.980502128601074219e-01
1.000000000000000000e+00
1.000000000000000000e+00
9.986085295677185059e-01
9.969474673271179199e-01
9.945630431175231934e-01
9.924395084381103516e-01
9.916533231735229492e-01
9.904932379722595215e-01
9.885740280151367188e-01
9.877030253410339355e-01
9.879081845283508301e-01
9.174391031265258789e-01
8.095222115516662598e-01
4.379520714282989502e-01
8.960118517279624939e-03
4.643669853976462036e-06
4.701677244156599045e-03
3.845671564340591431e-02
2.132398784160614014e-01
7.130202651023864746e-01
9.869709610939025879e-01
9.964198470115661621e-01
9.995107054710388184e-01
9.987241625785827637e-01
9.966455698013305664e-01
9.942046999931335449e-01
9.939784407615661621e-01
9.942094087600708008e-01
9.972410202026367188e-01
9.994785189628601074e-01
9.995401501655578613e-01
9.983586072921752930e-01
9.954906702041625977e-01
9.874510169029235840e-01
9.757645726203918457e-01
9.655045270919799805e-01
9.557732939720153809e-01
9.660677909851074219e-01
9.783862233161926270e-01
9.875792264938354492e-01
9.954023957252502441e-01
9.982308149337768555e-01
9.998719692230224609e-01
9.995313882827758789e-01
9.994940161705017090e-01
9.997199773788452148e-01
9.998425841331481934e-01
9.999199509620666504e-01
9.994381070137023926e-01
9.988608360290527344e-01
9.983229637145996094e-01
9.979056119918823242e-01
9.980979561805725098e-01
9.982283115386962891e-01
9.982275366783142090e-01
9.984115362167358398e-01
9.987974762916564941e-01
9.990003108978271484e-01
9.990959763526916504e-01
9.990165829658508301e-01
9.988901615142822266e-01
9.993304014205932617e-01
9.996955990791320801e-01
9.990893602371215820e-01
9.985507130622863770e-01
9.982022047042846680e-01
9.981766343116760254e-01
9.986115097999572754e-01
9.986485242843627930e-01
9.983823299407958984e-01
9.897059202194213867e-01
9.777978062629699707e-01
8.731876611709594727e-01
7.520334720611572266e-01
5.282818675041198730e-01
3.219204843044281006e-01
1.956387311220169067e-01
1.223650947213172913e-01
1.539396792650222778e-01
2.894187867641448975e-01
5.329356193542480469e-01
7.294388413429260254e-01
9.008899331092834473e-01
9.590917229652404785e-01
9.889231920242309570e-01
9.568294882774353027e-01
8.885135054588317871e-01
5.313698649406433105e-01
3.100007176399230957e-01
4.811216294765472412e-01
6.626930236816406250e-01
8.583311438560485840e-01
9.613419771194458008e-01
9.910681247711181641e-01
9.997450709342956543e-01
9.999653697013854980e-01
9.999966025352478027e-01
9.999978542327880859e-01
9.999763965606689453e-01
9.998763799667358398e-01
9.993855953216552734e-01
9.989312887191772461e-01
9.985514283180236816e-01
9.983608126640319824e-01
9.983841776847839355e-01
9.949066042900085449e-01
9.892788529396057129e-01
9.832566976547241211e-01
9.771187901496887207e-01
9.817901253700256348e-01
9.874885082244873047e-01
9.938707351684570312e-01
9.990077018737792969e-01
9.995719790458679199e-01
9.999417662620544434e-01
9.999769926071166992e-01
9.999951124191284180e-01
9.999971985816955566e-01
9.999973773956298828e-01
9.999966621398925781e-01
9.999749064445495605e-01
9.999483227729797363e-01
9.997700452804565430e-01
9.995847344398498535e-01
9.993954300880432129e-01
9.992703199386596680e-01
9.993341565132141113e-01
9.994443058967590332e-01
9.996231794357299805e-01
9.997525215148925781e-01
9.998418688774108887e-01
9.998921155929565430e-01
9.999254941940307617e-01
9.998853802680969238e-01
9.998318552970886230e-01
9.992583394050598145e-01
9.985684156417846680e-01
9.971618652343750000e-01
9.962014555931091309e-01
9.963676333427429199e-01
9.972600936889648438e-01
9.991177916526794434e-01
9.999377727508544922e-01
9.999793767929077148e-01
9.999861717224121094e-01
9.999793171882629395e-01
9.999756217002868652e-01
9.999725222587585449e-01
9.999833106994628906e-01
9.999879598617553711e-01
9.999586343765258789e-01
9.995400309562683105e-01
9.982004165649414062e-01
9.921228289604187012e-01
9.801371693611145020e-01
9.604583382606506348e-01
9.354333877563476562e-01
8.468235135078430176e-01
7.345764636993408203e-01
4.920858740806579590e-01
2.345533967018127441e-01
2.503406405448913574e-01
3.153757452964782715e-01
6.412327289581298828e-01
8.892757296562194824e-01
9.594377279281616211e-01
9.987021684646606445e-01
9.996145963668823242e-01
9.999930858612060547e-01
9.999983906745910645e-01
9.999943971633911133e-01
9.999870657920837402e-01
9.981638789176940918e-01
9.955965280532836914e-01
9.612393975257873535e-01
9.297688603401184082e-01
9.145334959030151367e-01
9.147122502326965332e-01
9.517877101898193359e-01
9.789769649505615234e-01
9.935518503189086914e-01
9.997689723968505859e-01
9.998843073844909668e-01
9.999034404754638672e-01
9.998848438262939453e-01
9.999327659606933594e-01
9.999914765357971191e-01
9.998974204063415527e-01
9.992361664772033691e-01
9.951245784759521484e-01
9.833053946495056152e-01
9.516391158103942871e-01
9.025190472602844238e-01
8.290626406669616699e-01
7.909433841705322266e-01
7.808951139450073242e-01
8.536891341209411621e-01
9.632560014724731445e-01
9.895508289337158203e-01
9.990926980972290039e-01
9.991443157196044922e-01
9.989187717437744141e-01
9.987782239913940430e-01
9.987350702285766602e-01
9.989854097366333008e-01
9.992892742156982422e-01
9.996761083602905273e-01
9.998989701271057129e-01
9.999713897705078125e-01
9.999971985816955566e-01
9.999992251396179199e-01
9.999997615814208984e-01
9.999998807907104492e-01
9.999650716781616211e-01
9.999176263809204102e-01
9.997310638427734375e-01
9.995468854904174805e-01
9.993697404861450195e-01
9.991707205772399902e-01
9.989300370216369629e-01
9.960776567459106445e-01
9.903767704963684082e-01
9.797556400299072266e-01
9.660322666168212891e-01
9.442146420478820801e-01
9.196206331253051758e-01
6.232641935348510742e-01
2.934122979640960693e-01
1.436386257410049438e-01
1.896487176418304443e-02
3.304800391197204590e-02
1.871221512556076050e-01
6.932768225669860840e-01
9.861186146736145020e-01
9.851275086402893066e-01
9.824085831642150879e-01
9.783118367195129395e-01
9.601320028305053711e-01
9.355652332305908203e-01
8.498127460479736328e-01
7.506874799728393555e-01
6.552715897560119629e-01
5.619944930076599121e-01
4.913994967937469482e-01
4.488958716392517090e-01
5.051053762435913086e-01
5.804976224899291992e-01
6.917032003402709961e-01
8.132490515708923340e-01
9.454580545425415039e-01
9.958738684654235840e-01
9.950969219207763672e-01
9.942578673362731934e-01
9.933984279632568359e-01
9.790998697280883789e-01
9.625915884971618652e-01
9.173577427864074707e-01
8.641743063926696777e-01
7.639730572700500488e-01
6.793650984764099121e-01
6.353369355201721191e-01
6.822552680969238281e-01
8.640492558479309082e-01
9.627566933631896973e-01
9.888111948966979980e-01
9.983599185943603516e-01
9.994736313819885254e-01
9.997228384017944336e-01
9.997438788414001465e-01
9.995221495628356934e-01
9.992882609367370605e-01
9.992104768753051758e-01
9.991765022277832031e-01
9.993410110473632812e-01
9.994739294052124023e-01
9.995380043983459473e-01
9.996101260185241699e-01
9.996929764747619629e-01
9.997538924217224121e-01
9.997981190681457520e-01
9.998537302017211914e-01
9.999141693115234375e-01
9.998232126235961914e-01
9.996993541717529297e-01
9.916356205940246582e-01
9.841731190681457520e-01
9.890758991241455078e-01
9.933708906173706055e-01
9.952437877655029297e-01
9.962046146392822266e-01
9.953303933143615723e-01
9.906308054924011230e-01
9.813795089721679688e-01
8.609266877174377441e-01
6.623650193214416504e-01
3.899445533752441406e-01
8.851726353168487549e-02
2.380451001226902008e-02
5.629068240523338318e-03
3.821204649284482002e-03
1.437360979616641998e-02
1.466639786958694458e-01
3.254583477973937988e-01
6.755996942520141602e-01
9.173648953437805176e-01
9.483296275138854980e-01
7.485303878784179688e-01
2.795740962028503418e-01
5.937948450446128845e-02
1.326560974121093750e-02
5.925930963712744415e-06
1.354282176180277020e-05
1.817755252122879028e-01
3.987751305103302002e-01
4.851336479187011719e-01
5.474910736083984375e-01
4.036222696304321289e-01
2.779822349548339844e-01
2.235720157623291016e-01
1.941163390874862671e-01
2.151145637035369873e-01
3.244324922561645508e-01
5.411821007728576660e-01
6.897239685058593750e-01
7.878509163856506348e-01
8.117495179176330566e-01
8.035160303115844727e-01
8.363365530967712402e-01
8.781292438507080078e-01
8.880699872970581055e-01
8.977065682411193848e-01
9.285289645195007324e-01
9.579437971115112305e-01
9.808852076530456543e-01
9.971544742584228516e-01
9.984968304634094238e-01
9.984705448150634766e-01
9.966096878051757812e-01
9.902418255805969238e-01
9.801907539367675781e-01
8.705164790153503418e-01
7.118594050407409668e-01
3.949283063411712646e-01
3.565396741032600403e-02
1.881508505903184414e-03
8.325333755720976114e-10
5.748419518170067022e-10
2.004894800484180450e-02
1.531963944435119629e-01
3.555931746959686279e-01
7.480911016464233398e-01
9.894996285438537598e-01
9.930023550987243652e-01
9.957901239395141602e-01
9.978750348091125488e-01
9.987964034080505371e-01
9.990124106407165527e-01
9.985150694847106934e-01
9.977688789367675781e-01
9.980943799018859863e-01
9.985934495925903320e-01
9.989391565322875977e-01
9.992567896842956543e-01
9.993355870246887207e-01
9.994367957115173340e-01
9.996209740638732910e-01
9.996732473373413086e-01
9.994600415229797363e-01
9.990912675857543945e-01
9.985326528549194336e-01
9.980661273002624512e-01
9.976728558540344238e-01
9.979010224342346191e-01
9.984228014945983887e-01
9.989811778068542480e-01
9.995507001876831055e-01
9.987251162528991699e-01
9.963871240615844727e-01
9.463684558868408203e-01
8.725292086601257324e-01
6.555982232093811035e-01
4.715604186058044434e-01
3.796679377555847168e-01
4.106025397777557373e-01
6.445755958557128906e-01
8.029698729515075684e-01
8.817571997642517090e-01
8.743215799331665039e-01
8.099340200424194336e-01
7.920027375221252441e-01
7.922788262367248535e-01
8.417966961860656738e-01
9.014549851417541504e-01
9.346002936363220215e-01
9.652673602104187012e-01
9.821513295173645020e-01
9.955691099166870117e-01
9.924728274345397949e-01
9.773619771003723145e-01
9.325282573699951172e-01
9.014412164688110352e-01
8.911337256431579590e-01
9.135679602622985840e-01
9.672432541847229004e-01
9.912949204444885254e-01
9.976204037666320801e-01
9.995331168174743652e-01
9.998661279678344727e-01
9.998558759689331055e-01
9.997839331626892090e-01
9.983838200569152832e-01
9.966400265693664551e-01
9.909958839416503906e-01
9.875058531761169434e-01
9.936510920524597168e-01
9.973090887069702148e-01
9.949474930763244629e-01
9.813590645790100098e-01
9.512432813644409180e-01
9.234895706176757812e-01
8.978201746940612793e-01
9.165779352188110352e-01
9.620791077613830566e-01
9.813508391380310059e-01
9.911149740219116211e-01
9.957277178764343262e-01
9.993683695793151855e-01
9.997045993804931641e-01
9.998613595962524414e-01
9.998483657836914062e-01
9.998334050178527832e-01
9.998091459274291992e-01
9.997540116310119629e-01
9.996196627616882324e-01
9.972768425941467285e-01
9.914612770080566406e-01
9.868044257164001465e-01
9.832895398139953613e-01
9.862163662910461426e-01
9.933053851127624512e-01
9.970018863677978516e-01
9.993178844451904297e-01
9.998443126678466797e-01
9.999735355377197266e-01
9.999861717224121094e-01
9.999868869781494141e-01
9.999062418937683105e-01
9.998210072517395020e-01
9.997089505195617676e-01
9.996240735054016113e-01
9.996216297149658203e-01
9.847500920295715332e-01
9.425118565559387207e-01
8.458197116851806641e-01
6.857611536979675293e-01
5.556305050849914551e-01
4.490051269531250000e-01
5.239013433456420898e-01
6.882929205894470215e-01
8.264569640159606934e-01
9.574876427650451660e-01
9.854326844215393066e-01
9.994462132453918457e-01
9.998276829719543457e-01
9.999826550483703613e-01
9.999901056289672852e-01
9.999964237213134766e-01
9.999979138374328613e-01
9.999989867210388184e-01
9.999988675117492676e-01
9.999868869781494141e-01
9.999575018882751465e-01
9.967965483665466309e-01
9.905958175659179688e-01
8.082554936408996582e-01
5.129949450492858887e-01
3.353683352470397949e-01
2.045049518346786499e-01
3.029304444789886475e-01
4.529097676277160645e-01
6.221908330917358398e-01
7.909146547317504883e-01
8.639048337936401367e-01
9.281161427497863770e-01
9.297814369201660156e-01
9.346559643745422363e-01
9.505411386489868164e-01
9.607655405998229980e-01
9.592387080192565918e-01
9.548749923706054688e-01
9.467169046401977539e-01
9.566977620124816895e-01
9.827808141708374023e-01
9.948922395706176758e-01
9.988310337066650391e-01
9.999307394027709961e-01
9.999811053276062012e-01
9.999901056289672852e-01
9.999905824661254883e-01
9.999777674674987793e-01
9.999638795852661133e-01
9.999458193778991699e-01
9.998068809509277344e-01
9.988710880279541016e-01
9.953072667121887207e-01
9.830021262168884277e-01
9.705521464347839355e-01
9.577187299728393555e-01
9.461359977722167969e-01
9.362151026725769043e-01
9.327156543731689453e-01
9.349222183227539062e-01
9.413493871688842773e-01
9.502802491188049316e-01
9.581095576286315918e-01
9.655501246452331543e-01
9.708582758903503418e-01
9.757257699966430664e-01
9.465006589889526367e-01
9.136191010475158691e-01
8.369405269622802734e-01
7.759806513786315918e-01
8.336098790168762207e-01
8.918033242225646973e-01
9.519068002700805664e-01
9.814361333847045898e-01
9.434456825256347656e-01
9.134557843208312988e-01
8.951984643936157227e-01
8.768162131309509277e-01
8.582219481468200684e-01
8.952317833900451660e-01
9.696113467216491699e-01
9.936538934707641602e-01
9.955686926841735840e-01
9.862857460975646973e-01
9.740434288978576660e-01
9.683758020401000977e-01
9.635745286941528320e-01
9.725583195686340332e-01
9.814943075180053711e-01
9.863258600234985352e-01
9.912086129188537598e-01
9.962827563285827637e-01
1.000000000000000000e+00
1.000000000000000000e+00
9.997227787971496582e-01
9.989474415779113770e-01
9.974742531776428223e-01
9.951626658439636230e-01
9.822878241539001465e-01
9.606567025184631348e-01
8.752364516258239746e-01
7.536075711250305176e-01
7.312942743301391602e-01
7.452543973922729492e-01
8.337635993957519531e-01
9.383625388145446777e-01
9.690366983413696289e-01
9.899556636810302734e-01
7.190070748329162598e-01
4.509893357753753662e-01
2.020751237869262695e-01
2.262105699628591537e-03
3.006953047588467598e-03
5.566487833857536316e-02
2.367801517248153687e-01
4.785076975822448730e-01
8.194416761398315430e-01
1.000000000000000000e+00
1.000000000000000000e+00
9.099919795989990234e-01
