9.723334908485412598e-01
9.735755324363708496e-01
9.870456457138061523e-01
9.944059252738952637e-01
9.983421564102172852e-01
9.984354376792907715e-01
9.486837387084960938e-01
8.428388833999633789e-01
6.715450286865234375e-01
6.259894967079162598e-01
7.109550237655639648e-01
9.311783909797668457e-01
9.723781347274780273e-01
9.948822259902954102e-01
9.998303651809692383e-01
9.999049305915832520e-01
9.994558691978454590e-01
9.985895156860351562e-01
9.977145791053771973e-01
9.978118538856506348e-01
9.984218478202819824e-01
9.978778362274169922e-01
9.960582256317138672e-01
9.918206334114074707e-01
9.780429601669311523e-01
9.185793995857238770e-01
8.404018878936767578e-01
7.812521457672119141e-01
8.122976422309875488e-01
8.841736316680908203e-01
9.637027382850646973e-01
9.888001084327697754e-01
9.591528177261352539e-01
8.246318101882934570e-01
3.825331032276153564e-01
1.832224825193407014e-07
3.056176112181674398e-08
1.299090363318100572e-04
1.629117131233215332e-01
6.773000955581665039e-01
8.529533147811889648e-01
9.352077841758728027e-01
9.708935022354125977e-01
9.058927297592163086e-01
6.383136510848999023e-01
6.377989798784255981e-02
9.428032790310680866e-04
4.767684913531411439e-07
1.645475322220590897e-06
5.299898386001586914e-01
8.954105973243713379e-01
9.947271943092346191e-01
9.995945692062377930e-01
9.992050528526306152e-01
9.982410669326782227e-01
9.921213388442993164e-01
9.904608726501464844e-01
9.934579730033874512e-01
9.947044849395751953e-01
9.969450235366821289e-01
9.999818801879882812e-01
9.999882578849792480e-01
9.999836087226867676e-01
9.999657273292541504e-01
9.998871684074401855e-01
9.994097948074340820e-01
9.981964826583862305e-01
9.924026727676391602e-01
9.933946728706359863e-01
9.983990788459777832e-01
9.995163679122924805e-01
9.999618530273437500e-01
9.999991059303283691e-01
9.999988675117492676e-01
9.999780654907226562e-01
9.999333024024963379e-01
9.998218417167663574e-01
9.994831681251525879e-01
9.957519173622131348e-01
9.777138829231262207e-01
9.188256263732910156e-01
8.565922379493713379e-01
8.496057391166687012e-01
9.211169481277465820e-01
9.977129101753234863e-01
9.877136945724487305e-01
9.831158518791198730e-01
9.302034378051757812e-01
7.257068753242492676e-01
3.325344920158386230e-01
7.271423004567623138e-03
2.491357363760471344e-02
3.176287114620208740e-01
6.605887413024902344e-01
9.355088472366333008e-01
9.951200485229492188e-01
9.989852309226989746e-01
9.994372725486755371e-01
9.997284412384033203e-01
9.999219179153442383e-01
9.999889135360717773e-01
9.991838335990905762e-01
9.739720821380615234e-01
9.022728204727172852e-01
3.818041086196899414e-01
6.562219641637057066e-05
7.628889306943165138e-06
2.335246972506865859e-04
1.279800105839967728e-02
4.568545520305633545e-02
3.206384181976318359e-01
6.225422620773315430e-01
9.169627428054809570e-01
9.686474204063415527e-01
9.287118315696716309e-01
7.952246665954589844e-01
7.998679280281066895e-01
7.926553487777709961e-01
7.510625123977661133e-01
8.299399614334106445e-01
8.917776942253112793e-01
9.195437431335449219e-01
9.683520197868347168e-01
9.972784519195556641e-01
9.998643994331359863e-01
9.999827742576599121e-01
9.944419860839843750e-01
9.823560714721679688e-01
4.241405129432678223e-01
8.141701668500900269e-02
3.570583648979663849e-03
2.620416879653930664e-01
5.906665325164794922e-01
9.864103198051452637e-01
9.969894886016845703e-01
9.999872446060180664e-01
9.999991655349731445e-01
9.999867677688598633e-01
9.997332692146301270e-01
9.991917014122009277e-01
9.883130788803100586e-01
8.429372906684875488e-01
5.714263916015625000e-01
6.105306744575500488e-01
7.266480922698974609e-01
9.119044542312622070e-01
9.714058041572570801e-01
9.996752738952636719e-01
9.997034072875976562e-01
9.997404813766479492e-01
9.998170137405395508e-01
9.999203085899353027e-01
9.997856020927429199e-01
9.932474493980407715e-01
9.663402438163757324e-01
5.643117427825927734e-01
2.428126931190490723e-01
1.457797829061746597e-03
2.384876646101474762e-02
2.128524482250213623e-01
5.380385518074035645e-01
8.045065402984619141e-01
9.474846720695495605e-01
9.865008592605590820e-01
9.792858362197875977e-01
9.750399589538574219e-01
9.741291999816894531e-01
9.900432229042053223e-01
9.982011318206787109e-01
9.999403357505798340e-01
9.994847178459167480e-01
9.983777403831481934e-01
9.966437816619873047e-01
9.931288361549377441e-01
9.859571456909179688e-01
9.763207435607910156e-01
9.740312099456787109e-01
9.756371974945068359e-01
9.429029822349548340e-01
2.900078296661376953e-01
3.775216782742063515e-06
0.000000000000000000e+00
0.000000000000000000e+00
2.222821962050147704e-07
3.060403466224670410e-02
6.007424592971801758e-01
7.905094027519226074e-01
6.608840227127075195e-01
3.210126757621765137e-01
1.214013248682022095e-01
4.749373719096183777e-02
2.013241648674011230e-01
4.059762060642242432e-01
6.414816379547119141e-01
6.383516192436218262e-01
7.508424520492553711e-01
9.523111581802368164e-01
9.595789909362792969e-01
8.898158073425292969e-01
7.574651241302490234e-01
7.111709117889404297e-01
7.845998406410217285e-01
9.578781723976135254e-01
9.859921336174011230e-01
9.994674324989318848e-01
9.999669790267944336e-01
9.999473690986633301e-01
9.998967051506042480e-01
9.998208880424499512e-01
9.999275803565979004e-01
9.998016953468322754e-01
9.994544982910156250e-01
9.989654421806335449e-01
9.988624453544616699e-01
9.991372823715209961e-01
9.996150135993957520e-01
9.998911023139953613e-01
9.999638199806213379e-01
9.998946189880371094e-01
9.997277855873107910e-01
9.994601607322692871e-01
9.994251728057861328e-01
9.989714622497558594e-01
9.980543255805969238e-01
9.991891980171203613e-01
9.979740977287292480e-01
9.940064549446105957e-01
9.920068979263305664e-01
9.869874715805053711e-01
9.782677292823791504e-01
9.138209819793701172e-01
8.849838376045227051e-01
9.045745730400085449e-01
9.544183611869812012e-01
9.883006811141967773e-01
9.985092282295227051e-01
9.995368123054504395e-01
9.989277124404907227e-01
9.970901012420654297e-01
5.980507731437683105e-01
3.796404004096984863e-01
4.914638400077819824e-01
7.974228858947753906e-01
7.439836263656616211e-01
8.079644292593002319e-02
0.000000000000000000e+00
8.329577916299513163e-09
3.082373822849149292e-08
5.547141432762145996e-01
9.771596789360046387e-01
9.967818260192871094e-01
9.998160600662231445e-01
9.995666146278381348e-01
9.988753795623779297e-01
9.956957101821899414e-01
9.928864240646362305e-01
9.919984340667724609e-01
9.954759478569030762e-01
9.989135861396789551e-01
9.998115897178649902e-01
9.990446567535400391e-01
9.981569051742553711e-01
9.980917572975158691e-01
9.988518357276916504e-01
9.992803931236267090e-01
9.980694055557250977e-01
9.943003058433532715e-01
9.911424517631530762e-01
9.926757812500000000e-01
9.963049888610839844e-01
9.997887611389160156e-01
9.999426007270812988e-01
9.999618530273437500e-01
9.999251365661621094e-01
9.998879432678222656e-01
9.999043345451354980e-01
9.999449849128723145e-01
9.999842643737792969e-01
9.999864101409912109e-01
9.999687671661376953e-01
9.999461174011230469e-01
9.992845058441162109e-01
9.966511130332946777e-01
9.827437400817871094e-01
9.290729761123657227e-01
8.308416604995727539e-01
5.589485168457031250e-01
2.847141623497009277e-01
3.301583975553512573e-02
7.548307627439498901e-02
1.558829993009567261e-01
2.616813480854034424e-01
2.932594716548919678e-01
3.313276767730712891e-01
3.825739324092864990e-01
7.687569260597229004e-01
9.725400209426879883e-01
9.996256232261657715e-01
9.999269247055053711e-01
9.999899268150329590e-01
9.999832510948181152e-01
9.999236464500427246e-01
9.998965859413146973e-01
9.999111890792846680e-01
9.999610185623168945e-01
9.999917745590209961e-01
9.999933242797851562e-01
9.999945759773254395e-01
9.999964833259582520e-01
9.999996423721313477e-01
9.991765022277832031e-01
9.549834132194519043e-01
8.337696194648742676e-01
7.321993708610534668e-01
6.966399550437927246e-01
7.882503271102905273e-01
8.935201168060302734e-01
9.716248512268066406e-01
9.777101874351501465e-01
9.858363866806030273e-01
9.931204319000244141e-01
9.964454174041748047e-01
9.953497648239135742e-01
9.936428666114807129e-01
9.949541091918945312e-01
9.975216388702392578e-01
1.000000000000000000e+00
1.000000000000000000e+00
1.000000000000000000e+00
9.792618751525878906e-01
8.498954772949218750e-01
4.633185267448425293e-01
1.491736401071364071e-09
4.200397529796617846e-10
4.059761067765066400e-06
3.360561281442642212e-02
4.137732386589050293e-01
7.208270430564880371e-01
9.608293175697326660e-01
9.777561426162719727e-01
9.873917698860168457e-01
9.906198382377624512e-01
9.944395422935485840e-01
9.968823194503784180e-01
9.979094862937927246e-01
9.992227554321289062e-01
9.999584555625915527e-01
9.999974966049194336e-01
1.000000000000000000e+00
9.999298453330993652e-01
9.997614622116088867e-01
9.993651509284973145e-01
9.990271925926208496e-01
9.988307356834411621e-01
9.983289837837219238e-01
9.975347518920898438e-01
9.962599277496337891e-01
9.941552877426147461e-01
9.928150177001953125e-01
9.937981367111206055e-01
9.967810511589050293e-01
9.995493292808532715e-01
9.998962879180908203e-01
9.999948143959045410e-01
9.999994039535522461e-01
9.999998807907104492e-01
1.000000000000000000e+00
9.999993443489074707e-01
9.999954104423522949e-01
9.999827146530151367e-01
9.999691843986511230e-01
9.999873638153076172e-01
9.999967217445373535e-01
9.999997019767761230e-01
9.999991655349731445e-01
9.999892115592956543e-01
9.999724030494689941e-01
9.999867081642150879e-01
9.999955892562866211e-01
9.999989271163940430e-01
9.999949932098388672e-01
9.999908804893493652e-01
9.999866485595703125e-01
9.999561905860900879e-01
9.999400973320007324e-01
9.999479651451110840e-01
9.999491572380065918e-01
9.999529719352722168e-01
9.999631047248840332e-01
9.999293684959411621e-01
9.998661875724792480e-01
9.997568130493164062e-01
9.997978210449218750e-01
9.998549818992614746e-01
9.998406767845153809e-01
9.996104240417480469e-01
9.986848831176757812e-01
9.954059123992919922e-01
9.925030469894409180e-01
9.910601973533630371e-01
9.965037703514099121e-01
9.986808896064758301e-01
9.984856843948364258e-01
9.943541288375854492e-01
9.906995296478271484e-01
9.879468083381652832e-01
9.952358603477478027e-01
8.795285820960998535e-01
6.523212790489196777e-01
7.799350619316101074e-01
8.856364488601684570e-01
9.662193655967712402e-01
9.748107790946960449e-01
9.791966676712036133e-01
9.837266206741333008e-01
9.289305806159973145e-01
6.786919832229614258e-01
9.659067541360855103e-02
7.276384621945908293e-06
1.363525390625000000e-01
5.795270800590515137e-01
8.314803242683410645e-01
9.823198318481445312e-01
9.923713803291320801e-01
9.971582293510437012e-01
9.993969202041625977e-01
9.994747042655944824e-01
9.988412261009216309e-01
9.931967854499816895e-01
9.573278427124023438e-01
6.944340467453002930e-01
3.011228144168853760e-01
1.395570337772369385e-01
1.148718819022178650e-01
2.079261541366577148e-01
5.245092511177062988e-01
6.354737281799316406e-01
5.277295708656311035e-01
5.082608461380004883e-01
5.993856191635131836e-01
8.351046442985534668e-01
9.411508440971374512e-01
9.940987825393676758e-01
9.808056354522705078e-01
8.976687788963317871e-01
8.244237303733825684e-01
8.071591854095458984e-01
8.572421073913574219e-01
9.211961030960083008e-01
9.647156596183776855e-01
9.789351224899291992e-01
9.799916148185729980e-01
9.762937426567077637e-01
9.798327088356018066e-01
9.856539368629455566e-01
9.772721529006958008e-01
9.691873192787170410e-01
9.626771211624145508e-01
9.854132533073425293e-01
9.975464344024658203e-01
9.996364712715148926e-01
9.998184442520141602e-01
9.995688796043395996e-01
9.988331794738769531e-01
9.444419145584106445e-01
8.892673254013061523e-01
8.409495353698730469e-01
9.063588380813598633e-01
9.726275801658630371e-01
9.948228001594543457e-01
9.997758269309997559e-01
9.988073110580444336e-01
9.947330951690673828e-01
9.581570625305175781e-01
8.979542255401611328e-01
7.890719771385192871e-01
7.053260803222656250e-01
6.321375370025634766e-01
5.291355252265930176e-01
6.499221324920654297e-01
9.301801919937133789e-01
9.727498888969421387e-01
9.930332303047180176e-01
9.908860921859741211e-01
9.836369752883911133e-01
9.837702512741088867e-01
9.940697550773620605e-01
9.944630265235900879e-01
9.828562736511230469e-01
9.517119526863098145e-01
8.459084033966064453e-01
7.896795272827148438e-01
9.007453918457031250e-01
9.634549021720886230e-01
9.999554157257080078e-01
9.999851584434509277e-01
9.999223351478576660e-01
9.996827840805053711e-01
9.985879659652709961e-01
9.962229132652282715e-01
9.921379685401916504e-01
9.742997288703918457e-01
9.246793985366821289e-01
8.457479476928710938e-01
8.205823898315429688e-01
8.619315028190612793e-01
9.846537709236145020e-01
9.963511228561401367e-01
9.802582859992980957e-01
9.359123110771179199e-01
7.605769038200378418e-01
5.707976818084716797e-01
4.111984968185424805e-01
4.034331738948822021e-01
5.000259876251220703e-01
7.970435619354248047e-01
9.393668174743652344e-01
9.977092742919921875e-01
9.993218183517456055e-01
9.999566674232482910e-01
9.998773932456970215e-01
9.989606142044067383e-01
9.911892414093017578e-01
9.769179224967956543e-01
7.328110933303833008e-01
4.250341653823852539e-01
4.185312986373901367e-02
1.260389835806563497e-04
1.729187672026455402e-03
6.633760407567024231e-03
4.673492610454559326e-01
9.016011357307434082e-01
9.742441773414611816e-01
9.959987998008728027e-01
9.983768463134765625e-01
9.992415308952331543e-01
9.997370243072509766e-01
9.999220371246337891e-01
9.991657137870788574e-01
9.915997385978698730e-01
9.787818193435668945e-01
9.693980813026428223e-01
9.732648134231567383e-01
9.917545318603515625e-01
9.951115846633911133e-01
9.905420541763305664e-01
9.752957224845886230e-01
9.528562426567077637e-01
9.199382662773132324e-01
8.663274049758911133e-01
6.863428354263305664e-01
5.058010220527648926e-01
4.626623690128326416e-01
6.896566748619079590e-01
9.566989541053771973e-01
6.248372197151184082e-01
5.573236942291259766e-01
6.784340143203735352e-01
8.361291289329528809e-01
9.391725063323974609e-01
9.871005415916442871e-01
9.828058481216430664e-01
7.819405198097229004e-01
2.981560230255126953e-01
1.024719700217247009e-01
2.172559761675074697e-04
9.001970174722373486e-04
2.075171023607254028e-01
4.907022118568420410e-01
8.257482647895812988e-01
9.557501673698425293e-01
9.845535159111022949e-01
9.830034375190734863e-01
9.848261475563049316e-01
9.889940619468688965e-01
9.927428960800170898e-01
9.956098198890686035e-01
9.975786209106445312e-01
9.986827373504638672e-01
9.992957711219787598e-01
9.992543458938598633e-01
9.919630289077758789e-01
9.810174107551574707e-01
9.645779728889465332e-01
9.664427638053894043e-01
9.381530284881591797e-01
7.769243121147155762e-01
4.131990969181060791e-01
1.387497177347540855e-03
4.175393842160701752e-04
8.965643495321273804e-02
2.539872527122497559e-01
7.339568138122558594e-01
9.907819628715515137e-01
9.992797970771789551e-01
9.999630451202392578e-01
9.995189309120178223e-01
9.982460737228393555e-01
9.792393445968627930e-01
9.543336629867553711e-01
9.237082004547119141e-01
9.454550743103027344e-01
9.817445278167724609e-01
9.946197867393493652e-01
9.996335506439208984e-01
9.999931454658508301e-01
9.999969601631164551e-01
9.999989867210388184e-01
9.999993443489074707e-01
9.999898076057434082e-01
9.995810985565185547e-01
9.986422061920166016e-01
9.821150302886962891e-01
9.751402139663696289e-01
9.922772645950317383e-01
9.979489445686340332e-01
9.997879862785339355e-01
9.998082518577575684e-01
9.997224807739257812e-01
9.990746378898620605e-01
9.947834610939025879e-01
9.495850205421447754e-01
8.656242489814758301e-01
3.850341737270355225e-01
2.350466400384902954e-01
4.595266878604888916e-01
7.844420075416564941e-01
9.983938932418823242e-01
9.995415806770324707e-01
9.994335174560546875e-01
9.946269989013671875e-01
9.769685268402099609e-01
8.640486001968383789e-01
7.172749042510986328e-01
6.099136471748352051e-01
6.276229619979858398e-01
7.333266735076904297e-01
9.081541895866394043e-01
9.918219447135925293e-01
9.798566699028015137e-01
9.851365685462951660e-01
9.913335442543029785e-01
9.970420598983764648e-01
9.986864328384399414e-01
9.993566274642944336e-01
9.997410774230957031e-01
9.999035000801086426e-01
9.999680519104003906e-01
9.999828934669494629e-01
9.999863505363464355e-01
9.999797344207763672e-01
9.999237656593322754e-01
9.991352558135986328e-01
9.976019859313964844e-01
9.877349138259887695e-01
9.748368859291076660e-01
9.579213261604309082e-01
9.126812219619750977e-01
8.694904446601867676e-01
8.476700186729431152e-01
8.849250674247741699e-01
9.421115517616271973e-01
9.808173179626464844e-01
9.975495338439941406e-01
9.996796250343322754e-01
9.996548891067504883e-01
9.979655742645263672e-01
9.945467114448547363e-01
9.866610765457153320e-01
9.840018153190612793e-01
9.905217885971069336e-01
9.942926168441772461e-01
9.955615401268005371e-01
9.914311766624450684e-01
9.605520367622375488e-01
9.296138286590576172e-01
9.658418893814086914e-01
9.875184297561645508e-01
9.985968470573425293e-01
9.990506172180175781e-01
9.937400817871093750e-01
9.819271564483642578e-01
9.454943537712097168e-01
9.243437647819519043e-01
9.357267022132873535e-01
9.652811288833618164e-01
9.927280545234680176e-01
9.975295066833496094e-01
9.840958118438720703e-01
9.639618992805480957e-01
9.606541991233825684e-01
9.698823094367980957e-01
9.892417788505554199e-01
9.960981607437133789e-01
9.999368190765380859e-01
9.999659061431884766e-01
9.996803402900695801e-01
9.959412813186645508e-01
9.846999645233154297e-01
9.763793945312500000e-01
9.730870127677917480e-01
9.871584177017211914e-01
9.952677488327026367e-01
9.995604157447814941e-01
9.998425841331481934e-01
9.990975856781005859e-01
9.973453283309936523e-01
6.804264187812805176e-01
3.682411313056945801e-01
9.570897370576858521e-02
5.228025838732719421e-02
2.064694464206695557e-01
7.845973968505859375e-01
9.783800244331359863e-01
9.996692538261413574e-01
9.996579885482788086e-01
9.995881915092468262e-01
9.994745850563049316e-01
9.995164871215820312e-01
9.995507597923278809e-01
9.995756149291992188e-01
9.996359944343566895e-01
9.997081160545349121e-01
9.997949600219726562e-01
9.989023804664611816e-01
9.965645670890808105e-01
9.893798232078552246e-01
9.878640174865722656e-01
9.900189638137817383e-01
9.960538148880004883e-01
9.993867874145507812e-01
9.999501705169677734e-01
9.999952316284179688e-01
9.999985098838806152e-01
9.999985098838806152e-01
9.999841451644897461e-01
9.999452829360961914e-01
9.998378753662109375e-01
9.996265172958374023e-01
9.993959665298461914e-01
9.994434118270874023e-01
9.996103644371032715e-01
9.998798370361328125e-01
9.999513626098632812e-01
9.999923110008239746e-01
9.999970197677612305e-01
9.999980330467224121e-01
9.999978542327880859e-01
9.999963641166687012e-01
9.999887347221374512e-01
9.999816417694091797e-01
9.999945163726806641e-01
9.999853372573852539e-01
9.999595880508422852e-01
9.999173879623413086e-01
9.999006986618041992e-01
9.999168515205383301e-01
9.998661875724792480e-01
9.997853040695190430e-01
9.996579885482788086e-01
9.996613860130310059e-01
9.997212886810302734e-01
9.998264312744140625e-01
9.997916817665100098e-01
9.996073842048645020e-01
9.974887967109680176e-01
9.955545663833618164e-01
9.938381314277648926e-01
9.972542524337768555e-01
9.653704762458801270e-01
8.577374815940856934e-01
6.376214623451232910e-01
4.519472718238830566e-01
5.876513123512268066e-01
7.720295786857604980e-01
9.789593815803527832e-01
9.924058318138122559e-01
9.996598958969116211e-01
9.999506473541259766e-01
9.999907016754150391e-01
9.999979734420776367e-01
9.999947547912597656e-01
9.999791979789733887e-01
9.999640583992004395e-01
9.999677538871765137e-01
9.999786019325256348e-01
9.999930858612060547e-01
9.999925494194030762e-01
9.999858736991882324e-01
9.999723434448242188e-01
9.999538660049438477e-01
9.999324679374694824e-01
9.999061226844787598e-01
9.981345534324645996e-01
9.864365458488464355e-01
9.340517520904541016e-01
8.941449522972106934e-01
8.658823966979980469e-01
9.243575334548950195e-01
9.659100174903869629e-01
9.885356426239013672e-01
9.954012632369995117e-01
9.990241527557373047e-01
9.996081590652465820e-01
9.997036457061767578e-01
9.996133446693420410e-01
9.994108676910400391e-01
9.991469383239746094e-01
9.988293051719665527e-01
9.980928897857666016e-01
9.972389340400695801e-01
9.962446093559265137e-01
9.973588585853576660e-01
9.986222982406616211e-01
9.995793104171752930e-01
9.999026656150817871e-01
9.999830722808837891e-01
9.999908208847045898e-01
9.999957680702209473e-01
9.999986290931701660e-01
9.999886155128479004e-01
9.997618794441223145e-01
9.992502927780151367e-01
9.980210065841674805e-01
9.973033070564270020e-01
9.981964230537414551e-01
9.989898800849914551e-01
9.996680021286010742e-01
9.998500347137451172e-01
9.999443292617797852e-01
9.999682903289794922e-01
9.984555244445800781e-01
9.907006025314331055e-01
9.736268520355224609e-01
9.598094820976257324e-01
9.546661972999572754e-01
9.739676117897033691e-01
9.885619282722473145e-01
9.997246861457824707e-01
9.998957514762878418e-01
9.999789595603942871e-01
9.999792575836181641e-01
9.999828934669494629e-01
9.999700784683227539e-01
9.999277591705322266e-01
9.970395565032958984e-01
9.929753541946411133e-01
9.874041080474853516e-01
9.822241067886352539e-01
9.775857329368591309e-01
9.791667461395263672e-01
9.840197563171386719e-01
9.926242828369140625e-01
9.971709847450256348e-01
9.999617338180541992e-01
9.999892711639404297e-01
9.999836683273315430e-01
9.999477863311767578e-01
9.998086690902709961e-01
9.990410804748535156e-01
9.978003501892089844e-01
9.943078756332397461e-01
9.923728704452514648e-01
9.927150011062622070e-01
9.945372343063354492e-01
9.962182641029357910e-01
9.965533614158630371e-01
9.968438744544982910e-01
9.969513416290283203e-01
9.953808188438415527e-01
9.948039650917053223e-01
9.951950311660766602e-01
9.972791075706481934e-01
9.990062713623046875e-01
9.997919201850891113e-01
9.999846816062927246e-01
9.999924302101135254e-01
9.999887943267822266e-01
9.999840259552001953e-01
9.999783039093017578e-01
9.999649524688720703e-01
9.999293088912963867e-01
9.998643994331359863e-01
9.996696114540100098e-01
9.993932247161865234e-01
9.989562034606933594e-01
9.988443851470947266e-01
9.989374876022338867e-01
9.995198249816894531e-01
9.998458027839660645e-01
9.999365210533142090e-01
9.999495148658752441e-01
9.998745322227478027e-01
9.996471405029296875e-01
9.990922808647155762e-01
9.986703991889953613e-01
9.992800354957580566e-01
9.996898174285888672e-01
9.999620914459228516e-01
9.999835491180419922e-01
9.999803900718688965e-01
9.999446272850036621e-01
9.992486834526062012e-01
9.987054467201232910e-01
9.989396333694458008e-01
9.981972575187683105e-01
9.968308210372924805e-01
9.938722848892211914e-01
9.947242140769958496e-01
9.993289709091186523e-01
9.994217157363891602e-01
9.589309096336364746e-01
8.371608257293701172e-01
6.196430325508117676e-01
4.364257454872131348e-01
6.079140305519104004e-01
7.957329750061035156e-01
9.957819581031799316e-01
9.994739294052124023e-01
9.999091625213623047e-01
9.999324083328247070e-01
9.999458789825439453e-01
9.998710751533508301e-01
9.994972944259643555e-01
9.981716275215148926e-01
9.964978098869323730e-01
9.986653923988342285e-01
9.998108148574829102e-01
9.997567534446716309e-01
9.991476535797119141e-01
9.988135695457458496e-01
9.993728995323181152e-01
9.997167587280273438e-01
9.999400973320007324e-01
9.999443888664245605e-01
9.999351501464843750e-01
9.999135136604309082e-01
9.999148249626159668e-01
9.999088644981384277e-01
9.998854398727416992e-01
9.998438954353332520e-01
9.997994899749755859e-01
9.997715353965759277e-01
9.997716546058654785e-01
9.997928142547607422e-01
9.998931288719177246e-01
9.999493360519409180e-01
9.999349713325500488e-01
9.998258352279663086e-01
9.997439384460449219e-01
9.998474121093750000e-01
9.999288320541381836e-01
9.999949336051940918e-01
9.999976158142089844e-01
9.999990463256835938e-01
9.999988079071044922e-01
9.999986290931701660e-01
9.999973773956298828e-01
9.999929070472717285e-01
9.998344182968139648e-01
9.983986616134643555e-01
9.817430377006530762e-01
9.505364894866943359e-01
9.035782814025878906e-01
9.416401982307434082e-01
9.796605706214904785e-01
9.929472208023071289e-01
9.971484541893005371e-01
9.971593022346496582e-01
9.941759705543518066e-01
9.944747090339660645e-01
9.978281855583190918e-01
9.991183876991271973e-01
9.998962283134460449e-01
9.999784231185913086e-01
9.999977350234985352e-01
9.999938607215881348e-01
9.999852776527404785e-01
9.999786615371704102e-01
9.999735355377197266e-01
9.999076724052429199e-01
9.998112320899963379e-01
9.996658563613891602e-01
9.996428489685058594e-01
9.996845126152038574e-01
9.998582005500793457e-01
9.999263286590576172e-01
9.999171495437622070e-01
9.994319081306457520e-01
9.988081455230712891e-01
9.979783892631530762e-01
9.988933801651000977e-01
1.000000000000000000e+00
1.000000000000000000e+00
1.000000000000000000e+00
9.999845623970031738e-01
9.969642162322998047e-01
9.942528605461120605e-01
9.919873476028442383e-01
9.939184784889221191e-01
9.966912269592285156e-01
9.989907145500183105e-01
9.999160766601562500e-01
9.999846220016479492e-01
9.997702240943908691e-01
9.895250201225280762e-01
9.656826853752136230e-01
8.716611266136169434e-01
7.893995642662048340e-01
7.954044938087463379e-01
8.660119175910949707e-01
9.706981778144836426e-01
9.894409179687500000e-01
1.000000000000000000e+00
1.000000000000000000e+00
1.000000000000000000e+00
9.992135763168334961e-01
9.959344863891601562e-01
9.956364631652832031e-01
9.968209862709045410e-01
9.938789010047912598e-01
9.856051206588745117e-01
9.706552624702453613e-01
9.762763977050781250e-01
9.855533242225646973e-01
9.945148825645446777e-01
9.985707998275756836e-01
9.998933672904968262e-01
9.999164342880249023e-01
9.985336065292358398e-01
9.954100251197814941e-01
9.020128846168518066e-01
8.422677516937255859e-01
9.372494816780090332e-01
9.826397299766540527e-01
1.000000000000000000e+00
1.000000000000000000e+00
8.867232203483581543e-01
6.307037472724914551e-01
7.069790959358215332e-01
8.272355794906616211e-01
8.919649124145507812e-01
9.447287321090698242e-01
9.893133640289306641e-01
9.960075020790100098e-01
9.998451471328735352e-01
9.999742507934570312e-01
9.999960660934448242e-01
9.999842047691345215e-01
9.999318718910217285e-01
9.995912909507751465e-01
9.991064071655273438e-01
9.996681809425354004e-01
9.999947547912597656e-01
9.999992251396179199e-01
9.999582171440124512e-01
9.999260902404785156e-01
9.999622106552124023e-01
9.999824166297912598e-01
9.999924898147583008e-01
9.999935626983642578e-01
9.999949932098388672e-01
9.999969601631164551e-01
9.999971389770507812e-01
9.999918341636657715e-01
9.999654293060302734e-01
9.998358488082885742e-01
9.996352791786193848e-01
9.995282888412475586e-01
9.987466335296630859e-01
9.968820810317993164e-01
9.978343248367309570e-01
9.930246472358703613e-01
9.569616913795471191e-01
9.035910964012145996e-01
8.370575904846191406e-01
8.520731329917907715e-01
8.883125185966491699e-01
9.572401046752929688e-01
9.823228716850280762e-01
9.919537305831909180e-01
9.959285259246826172e-01
9.980323314666748047e-01
9.985351562500000000e-01
9.974167943000793457e-01
9.959748983383178711e-01
9.941049218177795410e-01
9.940233826637268066e-01
9.944245219230651855e-01
9.931700229644775391e-01
9.919148683547973633e-01
9.906591176986694336e-01
9.946019053459167480e-01
9.976300597190856934e-01
9.969580769538879395e-01
9.799378514289855957e-01
9.448540210723876953e-01
7.798848748207092285e-01
5.756559371948242188e-01
3.271766901016235352e-01
4.157049059867858887e-01
5.929587483406066895e-01
8.705281615257263184e-01
9.814803600311279297e-01
9.986979961395263672e-01
9.990987777709960938e-01
9.989625811576843262e-01
9.980927705764770508e-01
9.979701638221740723e-01
9.981445670127868652e-01
9.988062381744384766e-01
9.990496039390563965e-01
9.990066289901733398e-01
9.991324543952941895e-01
9.986295104026794434e-01
9.970732331275939941e-01
9.933311343193054199e-01
9.886450171470642090e-01
9.824538826942443848e-01
9.809253215789794922e-01
9.833198785781860352e-01
9.913442730903625488e-01
9.976627826690673828e-01
9.994361400604248047e-01
9.999725222587585449e-01
9.999950528144836426e-01
9.999811053276062012e-01
9.996441006660461426e-01
9.989614486694335938e-01
9.985586404800415039e-01
9.984492659568786621e-01
9.990566372871398926e-01
9.994850158691406250e-01
9.997976422309875488e-01
9.996002316474914551e-01
9.994462728500366211e-01
9.993515014648437500e-01
9.993862509727478027e-01
9.990621209144592285e-01
9.971457123756408691e-01
9.369884133338928223e-01
8.351777791976928711e-01
3.456384539604187012e-01
6.114183738827705383e-02
1.695047318935394287e-01
4.910369813442230225e-01
8.474982976913452148e-01
9.455080032348632812e-01
9.951079487800598145e-01
9.991486072540283203e-01
9.995766878128051758e-01
9.985460638999938965e-01
9.948614835739135742e-01
9.827359318733215332e-01
9.675801396369934082e-01
9.705061316490173340e-01
9.793169498443603516e-01
9.955763816833496094e-01
9.987451434135437012e-01
9.990095496177673340e-01
9.987239837646484375e-01
9.988752007484436035e-01
9.993215799331665039e-01
9.996675252914428711e-01
9.998936653137207031e-01
9.999155998229980469e-01
9.998189210891723633e-01
9.997054338455200195e-01
9.997469782829284668e-01
9.998199939727783203e-01
9.999228119850158691e-01
9.998816251754760742e-01
9.995862841606140137e-01
9.986789822578430176e-01
9.977292418479919434e-01
9.967803955078125000e-01
9.962976574897766113e-01
9.967259764671325684e-01
9.983665943145751953e-01
9.988309741020202637e-01
9.990835189819335938e-01
9.995874166488647461e-01
9.996676445007324219e-01
9.994328618049621582e-01
9.985380768775939941e-01
9.972178339958190918e-01
9.951198697090148926e-01
9.901386499404907227e-01
9.834867715835571289e-01
9.720722436904907227e-01
9.647021889686584473e-01
9.616996049880981445e-01
9.715868830680847168e-01
9.835097193717956543e-01
9.952692389488220215e-01
9.998093843460083008e-01
9.999676942825317383e-01
9.999047517776489258e-01
9.998258948326110840e-01
9.997214078903198242e-01
9.998043179512023926e-01
9.999321103096008301e-01
9.999732375144958496e-01
9.999951720237731934e-01
9.999992251396179199e-01
9.999998211860656738e-01
9.999653697013854980e-01
9.998410940170288086e-01
9.997420907020568848e-01
9.996614456176757812e-01
9.997158050537109375e-01
9.992664456367492676e-01
9.981015920639038086e-01
9.576935172080993652e-01
8.771860003471374512e-01
6.501145958900451660e-01
5.708063244819641113e-01
6.143406033515930176e-01
7.561326026916503906e-01
8.802572488784790039e-01
9.450434446334838867e-01
9.751986861228942871e-01
9.885054826736450195e-01
9.939212203025817871e-01
9.973286390304565430e-01
9.981240034103393555e-01
9.973126053810119629e-01
9.944708347320556641e-01
9.843367338180541992e-01
9.711273312568664551e-01
9.555086493492126465e-01
9.593665599822998047e-01
9.647227525711059570e-01
9.705128669738769531e-01
9.693859219551086426e-01
9.658830165863037109e-01
9.729365706443786621e-01
9.827458858489990234e-01
9.960697889328002930e-01
9.957684278488159180e-01
9.932706952095031738e-01
9.943459630012512207e-01
9.925062656402587891e-01
9.884134531021118164e-01
9.685751795768737793e-01
9.546599388122558594e-01
9.559838771820068359e-01
9.664930105209350586e-01
9.808601737022399902e-01
9.897577762603759766e-01
9.958927631378173828e-01
9.984360933303833008e-01
9.982920885086059570e-01
9.979057908058166504e-01
9.992868304252624512e-01
9.989646673202514648e-01
9.972808361053466797e-01
9.978526830673217773e-01
9.985154867172241211e-01
9.989759325981140137e-01
9.943618774414062500e-01
9.871125817298889160e-01
9.763877987861633301e-01
9.749749302864074707e-01
9.866287112236022949e-01
9.940398931503295898e-01
9.993130564689636230e-01
9.993441700935363770e-01
9.982989430427551270e-01
9.963108301162719727e-01
9.651916623115539551e-01
8.784989714622497559e-01
6.530625224113464355e-01
3.969469964504241943e-01
1.294882744550704956e-01
1.842449158430099487e-01
3.969179391860961914e-01
8.614639043807983398e-01
9.866637587547302246e-01
9.999421238899230957e-01
9.999805092811584473e-01
9.999996423721313477e-01
9.999990463256835938e-01
9.999819397926330566e-01
9.999188184738159180e-01
9.997159838676452637e-01
9.993811845779418945e-01
9.989605545997619629e-01
9.994717240333557129e-01
9.997377991676330566e-01
9.994870424270629883e-01
9.913980960845947266e-01
9.736232757568359375e-01
8.794898986816406250e-01
7.386610507965087891e-01
5.400553345680236816e-01
5.367323756217956543e-01
6.042245030403137207e-01
7.905299663543701172e-01
9.153650999069213867e-01
9.905710220336914062e-01
9.983847141265869141e-01
9.997720718383789062e-01
9.997432231903076172e-01
9.449642896652221680e-01
8.546559810638427734e-01
4.476096034049987793e-01
1.547317504882812500e-01
4.284901544451713562e-02
1.786557435989379883e-01
4.037981331348419189e-01
6.920482516288757324e-01
8.854699134826660156e-01
9.790616631507873535e-01
9.964826107025146484e-01
9.999654293060302734e-01
9.999874234199523926e-01
9.999175667762756348e-01
9.997826218605041504e-01
9.954099655151367188e-01
9.909319281578063965e-01
9.866985678672790527e-01
9.893094301223754883e-01
9.946422576904296875e-01
9.890299439430236816e-01
9.586749672889709473e-01
8.925784826278686523e-01
7.935070395469665527e-01
6.980609297752380371e-01
6.861298680305480957e-01
7.269327044486999512e-01
8.198638558387756348e-01
8.986449837684631348e-01
9.636161923408508301e-01
9.893289804458618164e-01
9.997841119766235352e-01
9.997647404670715332e-01
9.995133876800537109e-01
9.992452263832092285e-01
9.989654421806335449e-01
9.991345405578613281e-01
9.995086193084716797e-01
9.997830986976623535e-01
9.978863000869750977e-01
9.928373098373413086e-01
9.935768842697143555e-01
9.960241317749023438e-01
9.983599781990051270e-01
9.995390176773071289e-01
9.995328783988952637e-01
9.964202046394348145e-01
9.878733754158020020e-01
9.615234136581420898e-01
9.372999668121337891e-01
9.146851897239685059e-01
9.107319116592407227e-01
9.157443046569824219e-01
9.389106035232543945e-01
9.646650552749633789e-01
9.907929301261901855e-01
9.747825860977172852e-01
9.460061788558959961e-01
8.965528011322021484e-01
9.159966707229614258e-01
9.573143720626831055e-01
9.806479215621948242e-01
9.943844079971313477e-01
9.968974590301513672e-01
9.796651601791381836e-01
9.582247734069824219e-01
9.372225999832153320e-01
9.016104936599731445e-01
8.535085320472717285e-01
6.480399966239929199e-01
5.078369379043579102e-01
6.054345369338989258e-01
7.420921921730041504e-01
9.029666185379028320e-01
9.502114057540893555e-01
9.780419468879699707e-01
9.728490114212036133e-01
9.668669700622558594e-01
9.613549113273620605e-01
9.722368121147155762e-01
9.831387996673583984e-01
9.940895438194274902e-01
9.976921677589416504e-01
9.989008307456970215e-01
9.993436336517333984e-01
9.991934299468994141e-01
9.983934760093688965e-01
9.950079917907714844e-01
9.914106726646423340e-01
9.891059994697570801e-01
9.916982650756835938e-01
9.983358979225158691e-01
9.980031847953796387e-01
9.930853843688964844e-01
9.770973324775695801e-01
9.408902525901794434e-01
8.919430971145629883e-01
8.829267621040344238e-01
9.017662405967712402e-01
9.762023091316223145e-01
1.000000000000000000e+00
9.994920492172241211e-01
9.849382638931274414e-01
9.763528108596801758e-01
9.771071672439575195e-01
9.805676937103271484e-01
9.845026135444641113e-01
9.843814969062805176e-01
9.623893499374389648e-01
9.138453006744384766e-01
8.777860403060913086e-01
8.603785634040832520e-01
9.255727529525756836e-01
9.704582095146179199e-01
9.960535764694213867e-01
9.996010661125183105e-01
9.997518062591552734e-01
9.998670220375061035e-01
9.999453425407409668e-01
9.999963045120239258e-01
1.000000000000000000e+00
9.935488700866699219e-01
9.704335331916809082e-01
7.178511023521423340e-01
3.302623629570007324e-01
2.218101769685745239e-01
1.963235288858413696e-01
3.264458477497100830e-01
5.465916991233825684e-01
8.021658658981323242e-01
9.015415310859680176e-01
9.690333604812622070e-01
9.865375161170959473e-01
9.873272180557250977e-01
9.829069375991821289e-01
9.847682118415832520e-01
9.886032938957214355e-01
9.949046373367309570e-01
9.979245662689208984e-01
9.998010993003845215e-01
9.999331831932067871e-01
9.998670816421508789e-01
9.995980262756347656e-01
9.922820925712585449e-01
9.787092804908752441e-01
9.446697235107421875e-01
9.162358045578002930e-01
8.925034999847412109e-01
9.045649170875549316e-01
8.765156865119934082e-01
7.108862400054931641e-01
4.900614619255065918e-01
2.314335107803344727e-01
1.998768001794815063e-01
2.999661564826965332e-01
6.876764893531799316e-01
8.776802420616149902e-01
9.552947878837585449e-01
9.824100136756896973e-01
9.914218783378601074e-01
9.656940698623657227e-01
9.628477096557617188e-01
9.709299206733703613e-01
9.858422279357910156e-01
9.961819052696228027e-01
9.989032745361328125e-01
9.992429018020629883e-01
9.981958866119384766e-01
9.908902645111083984e-01
9.752547740936279297e-01
9.480276107788085938e-01
9.510564804077148438e-01
9.641245007514953613e-01
9.825271964073181152e-01
9.943984746932983398e-01
9.984092116355895996e-01
9.995293021202087402e-01
9.998814463615417480e-01
9.999462962150573730e-01
9.999693036079406738e-01
9.999490380287170410e-01
9.999290108680725098e-01
9.995955228805541992e-01
9.978722333908081055e-01
9.941951036453247070e-01
9.887866973876953125e-01
9.824017882347106934e-01
9.725900292396545410e-01
9.509414434432983398e-01
9.124302268028259277e-01
8.608387708663940430e-01
8.168558478355407715e-01
7.340101599693298340e-01
5.321412086486816406e-01
4.862804412841796875e-01
5.470604896545410156e-01
7.049867510795593262e-01
8.286824226379394531e-01
8.493484854698181152e-01
7.400923371315002441e-01
5.535429716110229492e-01
3.661519885063171387e-01
2.438870221376419067e-01
2.661396861076354980e-01
5.049754381179809570e-01
8.584678769111633301e-01
9.385140538215637207e-01
9.802626371383666992e-01
9.491811990737915039e-01
8.700199723243713379e-01
7.714648842811584473e-01
8.105008602142333984e-01
8.685842156410217285e-01
9.599390625953674316e-01
9.894876480102539062e-01
9.926447868347167969e-01
9.831393361091613770e-01
9.618772268295288086e-01
9.220296144485473633e-01
8.029461503028869629e-01
6.477521657943725586e-01
4.020261168479919434e-01
3.452538549900054932e-01
5.619563460350036621e-01
6.730385422706604004e-01
7.253748774528503418e-01
5.430110096931457520e-01
3.630636930465698242e-01
1.863229721784591675e-01
9.701938927173614502e-02
4.119609668850898743e-02
4.363237693905830383e-02
3.025646209716796875e-01
8.771809935569763184e-01
7.237388491630554199e-01
4.554851353168487549e-01
7.627463936805725098e-01
9.474226236343383789e-01
9.901735782623291016e-01
9.993039965629577637e-01
9.999869465827941895e-01
9.999629855155944824e-01
9.997984766960144043e-01
9.994807243347167969e-01
9.996753931045532227e-01
9.999420642852783203e-01
9.999777078628540039e-01
9.999679923057556152e-01
9.999114274978637695e-01
9.731537699699401855e-01
9.512803554534912109e-01
9.818745255470275879e-01
9.979984164237976074e-01
9.997196793556213379e-01
4.975615441799163818e-01
2.806384582072496414e-03
3.261204808950424194e-03
8.754570782184600830e-02
2.522765994071960449e-01
6.423355340957641602e-01
9.762462973594665527e-01
8.808242678642272949e-01
6.503468155860900879e-01
2.945466339588165283e-01
3.522959649562835693e-01
5.020980834960937500e-01
7.419487833976745605e-01
8.646669983863830566e-01
8.802783489227294922e-01
9.240291714668273926e-01
9.295290708541870117e-01
7.543570399284362793e-01
5.664168596267700195e-01
3.669717907905578613e-01
4.385749101638793945e-01
5.632759928703308105e-01
7.258237600326538086e-01
8.113294243812561035e-01
8.284282088279724121e-01
7.600144147872924805e-01
6.876559853553771973e-01
6.547092199325561523e-01
7.144547700881958008e-01
8.569368124008178711e-01
9.295207858085632324e-01
9.799767732620239258e-01
9.859539866447448730e-01
9.897288084030151367e-01
9.915267229080200195e-01
9.749724268913269043e-01
9.490026235580444336e-01
8.961191773414611816e-01
8.866714835166931152e-01
9.164304137229919434e-01
9.390372037887573242e-01
9.354861378669738770e-01
8.246111869812011719e-01
6.730290651321411133e-01
4.836959540843963623e-01
6.061010360717773438e-01
7.775225639343261719e-01
9.212585091590881348e-01
9.939301013946533203e-01
9.985986351966857910e-01
9.991593360900878906e-01
9.984107017517089844e-01
9.951024651527404785e-01
9.917454123497009277e-01
9.883401989936828613e-01
9.883381128311157227e-01
9.894593954086303711e-01
9.928593635559082031e-01
9.957383275032043457e-01
9.980785846710205078e-01
9.981733560562133789e-01
9.968069195747375488e-01
9.899391531944274902e-01
9.700431227684020996e-01
9.359329342842102051e-01
9.008923768997192383e-01
8.733718991279602051e-01
8.945345878601074219e-01
9.223390221595764160e-01
9.577885866165161133e-01
9.795653820037841797e-01
9.958474636077880859e-01
9.984013438224792480e-01
9.998558163642883301e-01
9.999576210975646973e-01
9.999872446060180664e-01
9.999952316284179688e-01
9.999973177909851074e-01
9.999982714653015137e-01
9.999977350234985352e-01
9.999684095382690430e-01
9.999281167984008789e-01
9.998688101768493652e-01
9.998612403869628906e-01
9.999283552169799805e-01
9.999537467956542969e-01
9.999625682830810547e-01
9.999474883079528809e-01
9.998863935470581055e-01
9.997525215148925781e-01
9.961837530136108398e-01
9.906633496284484863e-01
9.708097577095031738e-01
9.666997790336608887e-01
9.901850819587707520e-01
9.985309243202209473e-01
9.999853372573852539e-01
9.999902248382568359e-01
9.999945759773254395e-01
9.999978542327880859e-01
9.999993443489074707e-01
9.999997615814208984e-01
9.999979734420776367e-01
9.769495725631713867e-01
9.031572341918945312e-01
8.750599026679992676e-01
8.732171654701232910e-01
9.276667237281799316e-01
9.734566807746887207e-01
9.910882711410522461e-01
9.986614584922790527e-01
9.996588826179504395e-01
9.987449049949645996e-01
9.773101210594177246e-01
8.952662348747253418e-01
5.960558056831359863e-01
1.369051188230514526e-01
9.210912883281707764e-02
1.588855832815170288e-01
4.540860652923583984e-01
7.204782366752624512e-01
9.619420766830444336e-01
9.956245422363281250e-01
9.718279838562011719e-01
8.389521241188049316e-01
5.773273110389709473e-01
1.905586421489715576e-01
2.304299324750900269e-01
3.946752548217773438e-01
7.619701027870178223e-01
9.677112102508544922e-01
9.904025197029113770e-01
9.907009601593017578e-01
9.833527803421020508e-01
9.622746706008911133e-01
9.517557024955749512e-01
9.551662206649780273e-01
8.955748081207275391e-01
7.878553271293640137e-01
3.174547553062438965e-01
2.435974031686782837e-02
1.016468089073896408e-02
5.291955173015594482e-02
1.262660920619964600e-01
4.533192813396453857e-01
5.291720032691955566e-01
1.323723793029785156e-01
3.027242883035796694e-07
4.409583365116986897e-09
7.311835674923716995e-33
9.266283846945870807e-32
3.624905783867991670e-31
2.929738408195654817e-31
1.693712651687025337e-32
6.352167236656214300e-09
1.308150142431259155e-01
6.401395201683044434e-01
9.046112895011901855e-01
9.872274994850158691e-01
9.944794178009033203e-01
9.861880540847778320e-01
9.540479779243469238e-01
9.196972846984863281e-01
8.833542466163635254e-01
8.883009552955627441e-01
8.434975743293762207e-01
4.995776712894439697e-01
2.468149960041046143e-01
9.429238736629486084e-02
4.814567267894744873e-01
9.464085102081298828e-01
8.656702041625976562e-01
7.985770702362060547e-01
7.501790523529052734e-01
7.737575173377990723e-01
8.095865845680236816e-01
6.024755835533142090e-01
4.042202234268188477e-01
2.212011963129043579e-01
3.379890620708465576e-01
5.946335196495056152e-01
7.767467498779296875e-01
8.698963522911071777e-01
7.676404714584350586e-01
7.796186804771423340e-01
8.600291013717651367e-01
9.220755100250244141e-01
9.483269453048706055e-01
8.724466562271118164e-01
6.094426512718200684e-01
2.026699483394622803e-01
7.369614392518997192e-02
0.000000000000000000e+00
0.000000000000000000e+00
1.977999000188665924e-19
5.884015904522188189e-19
1.871729344129562378e-01
4.227850735187530518e-01
7.081699371337890625e-01
7.832377552986145020e-01
5.964536666870117188e-01
5.438789129257202148e-01
5.526708960533142090e-01
8.124268054962158203e-01
9.753328561782836914e-01
9.801315665245056152e-01
9.568327665328979492e-01
9.211129546165466309e-01
9.105861783027648926e-01
9.190901517868041992e-01
9.692177772521972656e-01
8.263576030731201172e-01
5.683792829513549805e-01
2.459273189306259155e-01
5.370297956330816191e-11
1.645301603292459447e-11
1.755577176809310913e-01
4.903078377246856689e-01
6.774826049804687500e-01
7.954666018486022949e-01
6.811928153038024902e-01
6.351673603057861328e-01
6.610407829284667969e-01
7.621754407882690430e-01
8.765083551406860352e-01
9.385067820549011230e-01
9.798600673675537109e-01
9.922370910644531250e-01
9.946514964103698730e-01
9.926125407218933105e-01
9.714074730873107910e-01
9.527837634086608887e-01
9.390811920166015625e-01
9.582700729370117188e-01
9.952507019042968750e-01
9.985933899879455566e-01
9.999082088470458984e-01
9.998825192451477051e-01
9.998555779457092285e-01
9.998276829719543457e-01
9.999002218246459961e-01
9.999733567237854004e-01
9.999896287918090820e-01
9.999755024909973145e-01
9.999304413795471191e-01
9.995048642158508301e-01
9.988732337951660156e-01
9.973200559616088867e-01
9.958140850067138672e-01
9.943746924400329590e-01
9.951055645942687988e-01
9.966445565223693848e-01
9.968599081039428711e-01
9.972602128982543945e-01
9.980339407920837402e-01
9.960825443267822266e-01
9.925823211669921875e-01
9.585807323455810547e-01
9.191309213638305664e-01
8.687627315521240234e-01
8.867337703704833984e-01
9.596172571182250977e-01
9.528904557228088379e-01
9.278728365898132324e-01
8.755151033401489258e-01
8.701689839363098145e-01
9.184895753860473633e-01
9.547964930534362793e-01
9.856205582618713379e-01
9.925254583358764648e-01
9.968563318252563477e-01
9.969356060028076172e-01
9.743923544883728027e-01
9.412776827812194824e-01
9.379354119300842285e-01
9.443741440773010254e-01
9.737387895584106445e-01
9.905762672424316406e-01
9.987901449203491211e-01
9.998384714126586914e-01
9.999811649322509766e-01
9.998853802680969238e-01
9.997810721397399902e-01
9.996681213378906250e-01
9.988110661506652832e-01
9.964346885681152344e-01
9.823418855667114258e-01
9.665246009826660156e-01
9.481565952301025391e-01
9.590660929679870605e-01
9.821756482124328613e-01
9.921208024024963379e-01
9.991696476936340332e-01
9.997296333312988281e-01
9.990835189819335938e-01
9.976630210876464844e-01
9.984701275825500488e-01
9.310244917869567871e-01
6.051132082939147949e-01
3.222475051879882812e-01
8.064658939838409424e-02
3.748785704374313354e-02
8.754157274961471558e-02
5.191920399665832520e-01
6.757652759552001953e-01
4.329843223094940186e-01
2.145323753356933594e-01
7.590763270854949951e-03
3.531712805852293968e-03
9.109709411859512329e-03
3.644373640418052673e-02
3.484295606613159180e-01
8.451400399208068848e-01
9.465932846069335938e-01
9.946301579475402832e-01
9.973592758178710938e-01
9.988383650779724121e-01
9.990718364715576172e-01
9.976744651794433594e-01
9.952737689018249512e-01
9.872595071792602539e-01
9.819695949554443359e-01
9.808555245399475098e-01
9.840821623802185059e-01
9.892457127571105957e-01
9.914935231208801270e-01
9.938203096389770508e-01
9.964306354522705078e-01
9.982997179031372070e-01
9.996376633644104004e-01
9.999006390571594238e-01
9.978839755058288574e-01
9.858144521713256836e-01
7.091401219367980957e-01
1.345258206129074097e-01
9.895405383986144443e-08
3.659802314359694719e-04
6.210394669324159622e-03
9.953795000910758972e-03
9.931663051247596741e-03
4.095131903886795044e-02
8.833068609237670898e-02
4.441870152950286865e-01
7.244297266006469727e-01
7.203778624534606934e-01
7.138289213180541992e-01
7.051478028297424316e-01
7.901256680488586426e-01
8.878244757652282715e-01
9.416252374649047852e-01
9.581685066223144531e-01
9.229202866554260254e-01
6.123794317245483398e-01
1.923615038394927979e-01
7.932493090629577637e-02
2.007230650633573532e-03
8.522819727659225464e-03
2.930397093296051025e-01
7.682666182518005371e-01
8.734045624732971191e-01
9.128246307373046875e-01
8.692571520805358887e-01
8.489913940429687500e-01
8.550095558166503906e-01
8.512593507766723633e-01
8.388880491256713867e-01
7.296415567398071289e-01
5.929920673370361328e-01
4.044849574565887451e-01
2.107435613870620728e-01
1.378255523741245270e-02
1.172058400698006153e-03
1.072548553347587585e-01
5.817252397537231445e-01
8.652915358543395996e-01
9.678027629852294922e-01
9.886153340339660645e-01
9.882916808128356934e-01
9.759188890457153320e-01
9.690528512001037598e-01
9.710599780082702637e-01
9.818530082702636719e-01
9.969012737274169922e-01
9.988335967063903809e-01
9.991329908370971680e-01
9.960794448852539062e-01
9.876694679260253906e-01
9.747590422630310059e-01
9.756720066070556641e-01
9.799960255622863770e-01
9.889248013496398926e-01
9.938506484031677246e-01
9.930912852287292480e-01
9.849056601524353027e-01
9.735406637191772461e-01
9.323790669441223145e-01
8.955572843551635742e-01
8.708907961845397949e-01
8.869830965995788574e-01
9.345163702964782715e-01
9.699500799179077148e-01
9.985969066619873047e-01
9.990019798278808594e-01
9.988864064216613770e-01
9.980774521827697754e-01
9.960170388221740723e-01
9.934439063072204590e-01
9.868076443672180176e-01
9.824361205101013184e-01
9.835845232009887695e-01
9.845479130744934082e-01
9.853735566139221191e-01
9.445759057998657227e-01
8.845931887626647949e-01
7.525812983512878418e-01
7.340328693389892578e-01
8.628867268562316895e-01
9.408406615257263184e-01
9.986903071403503418e-01
9.940609931945800781e-01
9.922035932540893555e-01
9.970399737358093262e-01
9.981915950775146484e-01
9.966638088226318359e-01
9.641772508621215820e-01
8.935925960540771484e-01
6.316965222358703613e-01
3.770904242992401123e-01
1.321135312318801880e-01
1.227966621518135071e-01
2.079368680715560913e-01
6.166592240333557129e-01
9.240205883979797363e-01
9.717994332313537598e-01
9.950244426727294922e-01
9.993495941162109375e-01
9.713057279586791992e-01
8.818576335906982422e-01
4.284567832946777344e-01
1.292893588542938232e-01
4.682270437479019165e-02
1.536686532199382782e-02
5.889146588742733002e-03
1.375104188919067383e-01
3.407446742057800293e-01
7.384912371635437012e-01
9.448293447494506836e-01
9.913730025291442871e-01
9.996569156646728516e-01
9.996600151062011719e-01
9.978516697883605957e-01
9.796380996704101562e-01
9.357929229736328125e-01
9.436437487602233887e-01
9.767439365386962891e-01
9.636496305465698242e-01
9.561225771903991699e-01
9.740064740180969238e-01
9.877882003784179688e-01
9.977020621299743652e-01
9.998584985733032227e-01
9.999961256980895996e-01
9.999968409538269043e-01
9.999803304672241211e-01
9.999325871467590332e-01
9.996594190597534180e-01
9.992574453353881836e-01
9.983924627304077148e-01
9.976123571395874023e-01
9.973568916320800781e-01
9.977931976318359375e-01
9.989904761314392090e-01
9.986906647682189941e-01
9.978853464126586914e-01
9.964598417282104492e-01
9.949093461036682129e-01
9.930894374847412109e-01
9.880248904228210449e-01
9.807069301605224609e-01
9.809616804122924805e-01
9.832409024238586426e-01
9.905723929405212402e-01
9.954777359962463379e-01
9.970943927764892578e-01
9.923037886619567871e-01
9.847877621650695801e-01
9.751767516136169434e-01
9.704091548919677734e-01
9.796167016029357910e-01
9.881732463836669922e-01
9.961736798286437988e-01
9.943324327468872070e-01
9.909329414367675781e-01
9.951292276382446289e-01
9.979106783866882324e-01
9.982039332389831543e-01
9.980264902114868164e-01
9.975834488868713379e-01
9.969483613967895508e-01
9.962715506553649902e-01
9.954921007156372070e-01
9.949396252632141113e-01
9.946454763412475586e-01
9.850518703460693359e-01
9.719780087471008301e-01
9.444935321807861328e-01
9.362799525260925293e-01
9.747676253318786621e-01
9.942812919616699219e-01
9.992066621780395508e-01
9.996591806411743164e-01
9.988121390342712402e-01
9.945266842842102051e-01
9.810914397239685059e-01
9.531836509704589844e-01
9.537963271141052246e-01
9.690129756927490234e-01
9.833872318267822266e-01
9.952790737152099609e-01
9.980125427246093750e-01
9.988086819648742676e-01
9.975338578224182129e-01
9.397247433662414551e-01
8.559635281562805176e-01
4.981416165828704834e-01
3.401651978492736816e-01
6.500604748725891113e-01
5.701183676719665527e-01
1.977289021015167236e-01
2.590510845184326172e-01
4.154911339282989502e-01
6.793624758720397949e-01
8.728591799736022949e-01
9.548133611679077148e-01
9.868139028549194336e-01
9.928892254829406738e-01
8.713381886482238770e-01
7.491838932037353516e-01
6.621469855308532715e-01
7.078884840011596680e-01
9.028637409210205078e-01
9.730617403984069824e-01
9.996452927589416504e-01
9.989283680915832520e-01
9.981505274772644043e-01
9.972158074378967285e-01
9.964438080787658691e-01
9.958028197288513184e-01
9.976000189781188965e-01
9.997230768203735352e-01
9.998241066932678223e-01
9.995099306106567383e-01
9.984645843505859375e-01
9.911058545112609863e-01
9.800667166709899902e-01
9.117480516433715820e-01
8.332118988037109375e-01
7.353217005729675293e-01
6.927102208137512207e-01
7.216330766677856445e-01
7.915359139442443848e-01
8.785578012466430664e-01
8.146269321441650391e-01
7.428646683692932129e-01
6.598927378654479980e-01
6.554074287414550781e-01
7.268938422203063965e-01
8.432897329330444336e-01
9.676326513290405273e-01
9.836972951889038086e-01
9.949904084205627441e-01
9.956862330436706543e-01
9.965205788612365723e-01
9.974564909934997559e-01
9.984484910964965820e-01
9.990857243537902832e-01
9.967223405838012695e-01
9.691212177276611328e-01
8.993162512779235840e-01
7.769804000854492188e-01
6.248498558998107910e-01
7.805321812629699707e-01
9.422556757926940918e-01
9.789738655090332031e-01
9.997059106826782227e-01
9.998164772987365723e-01
9.988378882408142090e-01
9.973995685577392578e-01
9.761139154434204102e-01
9.458302259445190430e-01
8.876631259918212891e-01
8.764103651046752930e-01
9.129841923713684082e-01
9.543041586875915527e-01
9.955499768257141113e-01
9.653856754302978516e-01
8.826084136962890625e-01
6.686783432960510254e-01
6.309975981712341309e-01
7.375677227973937988e-01
8.686147332191467285e-01
9.945715665817260742e-01
9.965534806251525879e-01
9.965178966522216797e-01
9.925730824470520020e-01
9.933379888534545898e-01
9.972106218338012695e-01
9.884659051895141602e-01
9.451587200164794922e-01
6.757904887199401855e-01
4.503074884414672852e-01
2.946999669075012207e-01
4.216446876525878906e-01
7.006579041481018066e-01
8.637588024139404297e-01
9.903768301010131836e-01
9.963234663009643555e-01
9.996815323829650879e-01
9.996867179870605469e-01
9.935525059700012207e-01
9.847376346588134766e-01
9.641136527061462402e-01
9.539710879325866699e-01
9.835104346275329590e-01
9.992178678512573242e-01
9.997355341911315918e-01
9.993294477462768555e-01
9.985944628715515137e-01
9.974207878112792969e-01
9.962853193283081055e-01
9.952636957168579102e-01
9.922786951065063477e-01
9.874580502510070801e-01
9.705260396003723145e-01
9.469806551933288574e-01
8.394731879234313965e-01
7.415754795074462891e-01
6.662926077842712402e-01
6.641745567321777344e-01
7.212359905242919922e-01
8.041066527366638184e-01
8.896486759185791016e-01
9.315595030784606934e-01
9.653198122978210449e-01
9.822704792022705078e-01
9.141530990600585938e-01
7.857160568237304688e-01
5.402321815490722656e-01
3.159483969211578369e-01
4.779938757419586182e-01
6.680542230606079102e-01
9.075939655303955078e-01
9.996532797813415527e-01
9.997777938842773438e-01
9.984490871429443359e-01
9.925693869590759277e-01
9.571411609649658203e-01
8.904173374176025391e-01
7.733339667320251465e-01
7.037007212638854980e-01
6.608668565750122070e-01
8.184155225753784180e-01
9.745495915412902832e-01
9.903268218040466309e-01
9.984385967254638672e-01
9.953258037567138672e-01
8.789408802986145020e-01
7.048350572586059570e-01
4.893022775650024414e-01
3.342797160148620605e-01
4.893891215324401855e-01
6.799439191818237305e-01
9.184714555740356445e-01
9.968690872192382812e-01
9.997618198394775391e-01
9.996669292449951172e-01
9.988996386528015137e-01
9.961475133895874023e-01
9.743127822875976562e-01
9.282749295234680176e-01
6.753903627395629883e-01
3.319951295852661133e-01
1.893347352743148804e-01
7.974221557378768921e-02
5.790120735764503479e-02
3.827624768018722534e-02
2.135220170021057129e-02
1.091673448681831360e-01
2.402889579534530640e-01
6.361172795295715332e-01
9.606100320816040039e-01
9.742967486381530762e-01
9.682598114013671875e-01
9.393268227577209473e-01
8.431599736213684082e-01
7.199307084083557129e-01
4.310105144977569580e-01
1.839454174041748047e-01
1.074073985219001770e-01
4.982846602797508240e-02
1.363205164670944214e-02
9.624185971915721893e-03
1.799125969409942627e-02
3.765307664871215820e-01
7.062453627586364746e-01
8.982592225074768066e-01
9.997634291648864746e-01
9.999394416809082031e-01
9.998933672904968262e-01
9.997611641883850098e-01
9.967563152313232422e-01
9.833826422691345215e-01
9.335402250289916992e-01
8.524437546730041504e-01
7.359797954559326172e-01
7.217242121696472168e-01
7.475053668022155762e-01
8.473209738731384277e-01
9.353410005569458008e-01
9.722005724906921387e-01
9.935594797134399414e-01
9.970146417617797852e-01
9.967623353004455566e-01
9.950137138366699219e-01
9.903163313865661621e-01
9.868521690368652344e-01
9.885921478271484375e-01
9.892682433128356934e-01
9.886693358421325684e-01
9.604604840278625488e-01
9.204791784286499023e-01
4.215082824230194092e-01
1.496199402026832104e-03
5.344035453163087368e-04
1.045691089274214391e-09
3.401768422506279421e-09
3.889619112014770508e-01
9.520236253738403320e-01
9.938938021659851074e-01
9.989618062973022461e-01
9.990960359573364258e-01
9.989269971847534180e-01
9.983516335487365723e-01
9.957466721534729004e-01
9.921525120735168457e-01
9.860117435455322266e-01
9.824036955833435059e-01
9.928634166717529297e-01
9.992691278457641602e-01
9.998112320899963379e-01
9.999991059303283691e-01
9.999994635581970215e-01
9.999607801437377930e-01
9.998160004615783691e-01
9.990592598915100098e-01
9.974083304405212402e-01
9.943431019783020020e-01
9.895682334899902344e-01
9.837900996208190918e-01
9.787750244140625000e-01
9.752861261367797852e-01
9.824411869049072266e-01
9.886959195137023926e-01
9.933580160140991211e-01
9.963764548301696777e-01
9.983211755752563477e-01
9.992323517799377441e-01
9.998973608016967773e-01
9.999457597732543945e-01
9.998073577880859375e-01
9.992944598197937012e-01
9.109885692596435547e-01
7.578972578048706055e-01
3.939170241355895996e-01
6.035176105797290802e-03
2.756237518042325974e-03
7.638787478208541870e-02
3.295642137527465820e-01
5.909579396247863770e-01
8.593242168426513672e-01
9.320287704467773438e-01
9.495993256568908691e-01
9.438766837120056152e-01
9.407715201377868652e-01
9.449087977409362793e-01
9.622126221656799316e-01
9.923330545425415039e-01
8.190432786941528320e-01
5.762970447540283203e-01
2.637865543365478516e-01
1.896871067583560944e-02
1.350711379200220108e-02
9.896877221763134003e-03
8.430261164903640747e-03
6.052566226571798325e-03
3.285362618044018745e-03
4.490071535110473633e-02
1.705997437238693237e-01
6.635501980781555176e-01
9.612982869148254395e-01
9.898491501808166504e-01
9.996970891952514648e-01
9.999364614486694336e-01
9.999725818634033203e-01
9.999846220016479492e-01
9.999911785125732422e-01
9.999962449073791504e-01
9.999989271163940430e-01
9.999987483024597168e-01
9.999966621398925781e-01
9.999964237213134766e-01
9.999965429306030273e-01
9.999978542327880859e-01
9.999988079071044922e-01
9.999991655349731445e-01
9.999985694885253906e-01
9.999972581863403320e-01
9.999923110008239746e-01
9.999866485595703125e-01
9.999884366989135742e-01
9.999908208847045898e-01
9.999948143959045410e-01
9.999959468841552734e-01
9.999942183494567871e-01
9.999951124191284180e-01
9.999969005584716797e-01
9.998522400856018066e-01
9.991043210029602051e-01
9.960613846778869629e-01
9.784636497497558594e-01
9.424309134483337402e-01
8.428807258605957031e-01
7.131165266036987305e-01
7.321114540100097656e-01
7.752709388732910156e-01
8.761106729507446289e-01
9.466938972473144531e-01
9.683277010917663574e-01
9.615566134452819824e-01
9.369169473648071289e-01
9.445739388465881348e-01
9.586874246597290039e-01
9.799408316612243652e-01
9.952651858329772949e-01
9.976065158843994141e-01
9.988934397697448730e-01
9.993036985397338867e-01
9.991694688796997070e-01
9.988049268722534180e-01
9.926659464836120605e-01
9.817525744438171387e-01
9.563289880752563477e-01
9.132032990455627441e-01
8.507851362228393555e-01
6.840919256210327148e-01
4.744118750095367432e-01
5.762817263603210449e-01
7.030895948410034180e-01
8.565700650215148926e-01
9.586215019226074219e-01
9.845176935195922852e-01
9.935200810432434082e-01
9.928315877914428711e-01
9.926986694335937500e-01
9.929822683334350586e-01
9.963566660881042480e-01
9.988669753074645996e-01
9.996210932731628418e-01
9.997926950454711914e-01
9.995045661926269531e-01
9.352183341979980469e-01
8.532847166061401367e-01
7.425633072853088379e-01
6.727957725524902344e-01
7.284613847732543945e-01
8.134789466857910156e-01
9.306616783142089844e-01
9.710983037948608398e-01
9.793748855590820312e-01
9.828075766563415527e-01
9.777466058731079102e-01
9.309041500091552734e-01
7.349420785903930664e-01
3.076304197311401367e-01
9.458962082862854004e-02
1.243762392550706863e-02
1.272875971292108943e-10
2.154060751990982681e-08
3.102646530805941438e-07
4.184016492217779160e-03
1.810915768146514893e-02
1.645363271236419678e-01
4.293301701545715332e-01
6.478078365325927734e-01
8.512064814567565918e-01
9.177963733673095703e-01
9.710633754730224609e-01
9.842171669006347656e-01
9.892092943191528320e-01
9.835651516914367676e-01
9.620358943939208984e-01
9.323917031288146973e-01
8.628418445587158203e-01
8.046744465827941895e-01
8.774321079254150391e-01
9.395757913589477539e-01
9.806147813796997070e-01
9.990314245223999023e-01
9.998142719268798828e-01
9.999857544898986816e-01
9.999912381172180176e-01
9.999961853027343750e-01
9.999995827674865723e-01
9.999982118606567383e-01
9.999963045120239258e-01
9.999938011169433594e-01
9.999944567680358887e-01
9.999964833259582520e-01
9.999945163726806641e-01
9.999812841415405273e-01
9.998973608016967773e-01
9.995825886726379395e-01
9.988533258438110352e-01
9.978949427604675293e-01
9.967708587646484375e-01
9.971723556518554688e-01
9.979538321495056152e-01
9.989517331123352051e-01
9.997310042381286621e-01
9.998493194580078125e-01
9.999062418937683105e-01
9.998942017555236816e-01
9.999333024024963379e-01
9.999948740005493164e-01
1.000000000000000000e+00
9.998070597648620605e-01
9.984244108200073242e-01
9.931145310401916504e-01
9.808209538459777832e-01
9.723933935165405273e-01
9.667546153068542480e-01
9.750025868415832520e-01
9.865723848342895508e-01
9.935032725334167480e-01
9.988318681716918945e-01
9.991621375083923340e-01
9.930040836334228516e-01
9.793616533279418945e-01
6.303669810295104980e-01
1.269709914922714233e-01
3.887167200446128845e-02
8.967176836449652910e-05
7.918453775346279144e-04
1.054305350407958031e-03
4.811781691387295723e-04
1.576360809849575162e-04
2.819278779497835785e-05
2.202766719028304010e-10
7.872366950323339552e-06
2.687204256653785706e-02
1.530504822731018066e-01
6.320009231567382812e-01
9.231595396995544434e-01
9.730681777000427246e-01
9.933680295944213867e-01
9.981329441070556641e-01
9.989889860153198242e-01
9.982469081878662109e-01
9.873759150505065918e-01
9.647237062454223633e-01
9.157972931861877441e-01
8.107378482818603516e-01
6.552848219871520996e-01
6.043310165405273438e-01
5.895004868507385254e-01
6.715343594551086426e-01
7.627540230751037598e-01
8.780931234359741211e-01
9.592016935348510742e-01
9.872376322746276855e-01
9.987931847572326660e-01
9.997215867042541504e-01
9.997738003730773926e-01
9.990987181663513184e-01
9.857746362686157227e-01
8.349226713180541992e-01
2.885617315769195557e-01
5.622410029172897339e-02
1.752629876136779785e-01
5.111287236213684082e-01
9.468258023262023926e-01
9.837069511413574219e-01
9.328057765960693359e-01
5.429646372795104980e-01
2.340705245733261108e-01
9.011697769165039062e-02
2.135314643383026123e-01
5.607864856719970703e-01
7.813246250152587891e-01
9.614285230636596680e-01
9.660933017730712891e-01
9.137941598892211914e-01
6.361035108566284180e-01
5.590843558311462402e-01
7.832296490669250488e-01
9.145143628120422363e-01
9.867417812347412109e-01
9.996582865715026855e-01
9.999812841415405273e-01
9.999394416809082031e-01
9.998925924301147461e-01
9.998310804367065430e-01
9.997715950012207031e-01
9.997146725654602051e-01
9.990742206573486328e-01
9.981505870819091797e-01
9.965665340423583984e-01
9.952534437179565430e-01
9.971631765365600586e-01
9.987341761589050293e-01
9.995548725128173828e-01
9.999493956565856934e-01
9.999541640281677246e-01
9.998800754547119141e-01
9.997771382331848145e-01
9.994763731956481934e-01
9.991645812988281250e-01
9.988582134246826172e-01
9.982000589370727539e-01
9.969228506088256836e-01
9.863380193710327148e-01
9.688285589218139648e-01
9.554658532142639160e-01
9.432514905929565430e-01
5.871821045875549316e-01
2.756465971469879150e-01
1.496018171310424805e-01
2.233595103025436401e-01
5.821855664253234863e-01
7.703925371170043945e-01
8.539456725120544434e-01
8.454053401947021484e-01
8.209680914878845215e-01
8.817793130874633789e-01
9.323937892913818359e-01
9.513272643089294434e-01
9.456909298896789551e-01
9.103052020072937012e-01
7.862188220024108887e-01
6.163578033447265625e-01
5.577220916748046875e-01
5.309566259384155273e-01
6.840981841087341309e-01
8.234642744064331055e-01
9.278936982154846191e-01
9.802582859992980957e-01
9.780720472335815430e-01
9.604799151420593262e-01
9.361287355422973633e-01
9.363737106323242188e-01
9.416202306747436523e-01
9.658488035202026367e-01
9.855474829673767090e-01
9.952962994575500488e-01
9.999623894691467285e-01
9.999058842658996582e-01
9.979269504547119141e-01
9.952191710472106934e-01
9.477264881134033203e-01
8.386963605880737305e-01
3.598319888114929199e-01
5.104982852935791016e-02
6.971688568592071533e-02
2.117736488580703735e-01
4.570841193199157715e-01
3.298824727535247803e-01
7.743812352418899536e-02
4.619112312793731689e-01
8.293076753616333008e-01
9.311684370040893555e-01
9.971627593040466309e-01
9.991151094436645508e-01
9.999666213989257812e-01
9.999656081199645996e-01
9.998915195465087891e-01
9.997950792312622070e-01
9.998676776885986328e-01
9.997005462646484375e-01
9.983725547790527344e-01
9.882012605667114258e-01
9.632902741432189941e-01
9.208344817161560059e-01
8.655506968498229980e-01
9.103139042854309082e-01
9.833852052688598633e-01
9.926906228065490723e-01
9.985883235931396484e-01
9.949073195457458496e-01
9.816367626190185547e-01
9.530364274978637695e-01
9.168552756309509277e-01
8.754094243049621582e-01
9.189574718475341797e-01
9.852611422538757324e-01
9.929253458976745605e-01
9.987484812736511230e-01
9.991766810417175293e-01
9.994752407073974609e-01
9.995709657669067383e-01
9.996812939643859863e-01
9.998020529747009277e-01
9.998690485954284668e-01
9.999216794967651367e-01
9.999537467956542969e-01
9.999809265136718750e-01
9.999877214431762695e-01
9.999762177467346191e-01
9.999356865882873535e-01
9.991707205772399902e-01
9.978953003883361816e-01
9.986606240272521973e-01
9.999802708625793457e-01
9.945997595787048340e-01
9.844318628311157227e-01
9.532044529914855957e-01
9.132984876632690430e-01
8.593425750732421875e-01
8.660505414009094238e-01
9.172132611274719238e-01
9.411054849624633789e-01
9.570561051368713379e-01
8.015743494033813477e-01
6.775131821632385254e-01
7.318952083587646484e-01
8.038287758827209473e-01
9.062820672988891602e-01
9.655820727348327637e-01
9.916493296623229980e-01
9.983102679252624512e-01
9.988808631896972656e-01
9.993305802345275879e-01
9.997313618659973145e-01
9.998939037322998047e-01
9.992591738700866699e-01
9.971253871917724609e-01
9.959159493446350098e-01
9.954882264137268066e-01
9.967101216316223145e-01
9.985167384147644043e-01
9.989807009696960449e-01
9.987276196479797363e-01
9.942931532859802246e-01
9.782066941261291504e-01
9.378474354743957520e-01
7.739272117614746094e-01
4.952842593193054199e-01
3.283086121082305908e-01
2.058950662612915039e-01
3.168585300445556641e-01
4.686397910118103027e-01
7.732340693473815918e-01
9.901643395423889160e-01
9.966599941253662109e-01
1.000000000000000000e+00
1.000000000000000000e+00
9.999791979789733887e-01
9.999486207962036133e-01
9.999240636825561523e-01
9.998654723167419434e-01
9.993046522140502930e-01
9.962225556373596191e-01
9.859181642532348633e-01
9.756205677986145020e-01
9.653186798095703125e-01
9.644658565521240234e-01
9.688666462898254395e-01
9.729300737380981445e-01
9.769546985626220703e-01
9.816520810127258301e-01
9.868219494819641113e-01
9.937741756439208984e-01
9.982014298439025879e-01
9.989622831344604492e-01
9.993408322334289551e-01
9.994620084762573242e-01
9.997112154960632324e-01
9.999939799308776855e-01
1.000000000000000000e+00
9.992832541465759277e-01
9.951171875000000000e-01
9.922470450401306152e-01
9.916937947273254395e-01
9.932460188865661621e-01
9.965295791625976562e-01
9.974178671836853027e-01
9.974631071090698242e-01
9.872754216194152832e-01
9.365532994270324707e-01
5.837662220001220703e-01
2.821619212627410889e-01
9.465681016445159912e-02
4.591860342770814896e-04
1.391092315316200256e-03
2.324204891920089722e-01
5.691984295845031738e-01
7.928624153137207031e-01
9.866377711296081543e-01
9.816437959671020508e-01
9.737193584442138672e-01
9.569483399391174316e-01
9.594773650169372559e-01
9.871677756309509277e-01
9.984902739524841309e-01
9.997360706329345703e-01
9.994252920150756836e-01
9.987433552742004395e-01
9.843633770942687988e-01
9.671441316604614258e-01
9.375338554382324219e-01
9.215669035911560059e-01
9.290081858634948730e-01
9.444175362586975098e-01
9.663199186325073242e-01
9.786564111709594727e-01
9.876216650009155273e-01
9.942657351493835449e-01
9.993862509727478027e-01
9.937635660171508789e-01
9.896132349967956543e-01
9.889730215072631836e-01
9.899380207061767578e-01
9.926400780677795410e-01
9.952570796012878418e-01
9.978275299072265625e-01
9.988721013069152832e-01
9.996258616447448730e-01
9.997056126594543457e-01
9.997819662094116211e-01
9.998454451560974121e-01
9.998995065689086914e-01
9.999399185180664062e-01
9.999486804008483887e-01
9.999351501464843750e-01
9.998136758804321289e-01
9.996603727340698242e-01
9.997946023941040039e-01
9.999252557754516602e-01
9.999407529830932617e-01
9.998664259910583496e-01
9.996001720428466797e-01
9.995281696319580078e-01
9.996504187583923340e-01
9.996690154075622559e-01
9.996392726898193359e-01
9.985746145248413086e-01
9.966263175010681152e-01
9.806210994720458984e-01
9.345754981040954590e-01
7.884626984596252441e-01
5.779433846473693848e-01
2.740501761436462402e-01
2.186972349882125854e-01
3.349296152591705322e-01
6.223913431167602539e-01
9.597079753875732422e-01
9.886882901191711426e-01
9.994065165519714355e-01
9.948529601097106934e-01
9.616734385490417480e-01
8.656446337699890137e-01
7.475746870040893555e-01
6.072868108749389648e-01
5.876600146293640137e-01
6.274022459983825684e-01
7.760854959487915039e-01
9.397572278976440430e-01
9.695972800254821777e-01
9.939621686935424805e-01
9.972881078720092773e-01
9.994147419929504395e-01
9.996552467346191406e-01
9.998105764389038086e-01
9.999008774757385254e-01
9.999525547027587891e-01
9.999908208847045898e-01
9.999954104423522949e-01
9.999782443046569824e-01
9.997869729995727539e-01
9.985677003860473633e-01
9.946877360343933105e-01
9.860178232192993164e-01
9.716657996177673340e-01
9.610308408737182617e-01
9.525733590126037598e-01
9.509615302085876465e-01
9.509487152099609375e-01
8.609482049942016602e-01
7.392762899398803711e-01
4.606358706951141357e-01
3.126280903816223145e-01
4.202632308006286621e-01
6.078234314918518066e-01
8.721712827682495117e-01
9.709060788154602051e-01
9.949616789817810059e-01
9.675684571266174316e-01
9.214953780174255371e-01
6.178120970726013184e-01
4.282089471817016602e-01
6.482498049736022949e-01
8.254957199096679688e-01
9.352436661720275879e-01
9.881733655929565430e-01
9.971871972084045410e-01
9.997004270553588867e-01
9.999412298202514648e-01
9.999746680259704590e-01
9.999850988388061523e-01
9.999576807022094727e-01
9.993532896041870117e-01
9.971125125885009766e-01
9.877637028694152832e-01
9.691317677497863770e-01
9.537246823310852051e-01
9.404146075248718262e-01
9.392263889312744141e-01
9.414020776748657227e-01
9.182146787643432617e-01
8.950005173683166504e-01
8.794365525245666504e-01
8.816039562225341797e-01
9.249513149261474609e-01
9.610781073570251465e-01
9.890096783638000488e-01
9.992917180061340332e-01
9.998866915702819824e-01
9.999973773956298828e-01
9.999994039535522461e-01
9.999975562095642090e-01
9.999935030937194824e-01
9.999781250953674316e-01
9.998632669448852539e-01
9.995466470718383789e-01
9.970930218696594238e-01
9.925445318222045898e-01
9.787433147430419922e-01
9.605026245117187500e-01
9.673886299133300781e-01
9.790015220642089844e-01
9.902830123901367188e-01
9.995876550674438477e-01
9.998344182968139648e-01
9.999960064888000488e-01
9.999980926513671875e-01
9.999985694885253906e-01
9.999974966049194336e-01
9.999982118606567383e-01
9.999997615814208984e-01
1.000000000000000000e+00
1.000000000000000000e+00
1.000000000000000000e+00
9.999904036521911621e-01
9.999409317970275879e-01
9.990786314010620117e-01
9.967975616455078125e-01
9.816280007362365723e-01
9.550924897193908691e-01
9.556724429130554199e-01
9.681020975112915039e-01
9.808660745620727539e-01
9.933983087539672852e-01
9.962131381034851074e-01
9.986152052879333496e-01
9.993218183517456055e-01
9.997444748878479004e-01
9.996778368949890137e-01
9.984435439109802246e-01
9.961796402931213379e-01
9.970901608467102051e-01
9.993525743484497070e-01
9.998191595077514648e-01
1.000000000000000000e+00
1.000000000000000000e+00
1.000000000000000000e+00
1.000000000000000000e+00
9.994246959686279297e-01
9.978359341621398926e-01
9.929841756820678711e-01
9.851906895637512207e-01
9.819822907447814941e-01
9.808064699172973633e-01
9.829008579254150391e-01
9.854856133460998535e-01
9.851276874542236328e-01
9.807382225990295410e-01
9.586524367332458496e-01
9.345567822456359863e-01
9.065678715705871582e-01
9.216408133506774902e-01
9.772244095802307129e-01
9.969478845596313477e-01
9.994775652885437012e-01
9.992567300796508789e-01
9.985014200210571289e-01
9.962007403373718262e-01
9.947972893714904785e-01
9.979075193405151367e-01
1.000000000000000000e+00
1.000000000000000000e+00
1.000000000000000000e+00
1.000000000000000000e+00
9.885269403457641602e-01
9.709746241569519043e-01
9.688889384269714355e-01
9.702299833297729492e-01
9.810790419578552246e-01
9.911779165267944336e-01
9.955862760543823242e-01
9.988656640052795410e-01
9.995319843292236328e-01
9.998703002929687500e-01
9.998247623443603516e-01
9.997070431709289551e-01
9.995454549789428711e-01
9.993357062339782715e-01
9.991119503974914551e-01
9.989971518516540527e-01
9.989427924156188965e-01
9.993533492088317871e-01
9.996858239173889160e-01
9.998053312301635742e-01
9.998677372932434082e-01
9.998532533645629883e-01
9.998944401741027832e-01
9.999749660491943359e-01
9.999933838844299316e-01
9.999901056289672852e-01
9.994931817054748535e-01
9.940356612205505371e-01
9.124801158905029297e-01
8.091987967491149902e-01
6.292374730110168457e-01
5.238753557205200195e-01
5.430350303649902344e-01
6.512578725814819336e-01
8.373446464538574219e-01
8.793273568153381348e-01
8.577156662940979004e-01
9.006407856941223145e-01
9.544193148612976074e-01
9.780244231224060059e-01
9.978496432304382324e-01
9.986482262611389160e-01
9.958325028419494629e-01
9.854012727737426758e-01
9.591077566146850586e-01
9.155283570289611816e-01
8.788552284240722656e-01
8.462643027305603027e-01
8.676233291625976562e-01
9.034365415573120117e-01
9.408392906188964844e-01
9.757986068725585938e-01
9.873058199882507324e-01
9.963428378105163574e-01
9.983246326446533203e-01
9.995636343955993652e-01
9.997503757476806641e-01
9.997695088386535645e-01
9.996609091758728027e-01
9.969785809516906738e-01
9.933074116706848145e-01
8.318861126899719238e-01
6.427795290946960449e-01
2.942769229412078857e-01
8.269977755844593048e-03
3.994544968008995056e-03
2.556620724499225616e-02
9.798702597618103027e-02
3.210344910621643066e-01
7.008329033851623535e-01
8.869351148605346680e-01
9.674612879753112793e-01
9.858037233352661133e-01
9.886015653610229492e-01
9.867172837257385254e-01
9.835846424102783203e-01
9.716064333915710449e-01
9.570420384407043457e-01
9.350475072860717773e-01
9.294613003730773926e-01
9.476979374885559082e-01
9.686672091484069824e-01
9.917523264884948730e-01
9.974021315574645996e-01
9.960420131683349609e-01
9.932337999343872070e-01
9.902767539024353027e-01
9.925811886787414551e-01
9.947856068611145020e-01
9.965265393257141113e-01
9.980133771896362305e-01
9.989679455757141113e-01
9.995929002761840820e-01
9.998441338539123535e-01
9.998975992202758789e-01
9.998285770416259766e-01
9.974491000175476074e-01
9.943675398826599121e-01
9.938855767250061035e-01
9.938325881958007812e-01
9.965249300003051758e-01
9.987277984619140625e-01
9.991316795349121094e-01
9.992567300796508789e-01
9.988996982574462891e-01
9.986636638641357422e-01
9.985404610633850098e-01
9.989520907402038574e-01
9.996311068534851074e-01
9.998451471328735352e-01
9.999510049819946289e-01
9.999040961265563965e-01
9.998507499694824219e-01
9.997987151145935059e-01
9.997649192810058594e-01
9.997847080230712891e-01
9.997773170471191406e-01
9.997293353080749512e-01
9.997310042381286621e-01
9.997734427452087402e-01
9.998578429222106934e-01
9.999607801437377930e-01
9.999215006828308105e-01
9.998561143875122070e-01
9.997688531875610352e-01
9.996823668479919434e-01
9.995999932289123535e-01
9.995887875556945801e-01
9.997571110725402832e-01
9.998787045478820801e-01
9.999371170997619629e-01
9.999538660049438477e-01
9.999392628669738770e-01
9.996852278709411621e-01
9.993365406990051270e-01
9.936404228210449219e-01
9.870166778564453125e-01
9.724627733230590820e-01
9.634488821029663086e-01
9.849441647529602051e-01
9.759899377822875977e-01
8.951852321624755859e-01
8.511560559272766113e-01
8.532063364982604980e-01
8.960812091827392578e-01
9.675818085670471191e-01
9.892075657844543457e-01
9.922098517417907715e-01
9.898849129676818848e-01
9.868862628936767578e-01
9.902325272560119629e-01
9.936354756355285645e-01
9.972953796386718750e-01
9.998686313629150391e-01
9.999505281448364258e-01
9.999107122421264648e-01
9.997187256813049316e-01
9.977906942367553711e-01
9.946570992469787598e-01
9.943060278892517090e-01
9.949793815612792969e-01
9.973826408386230469e-01
9.999766945838928223e-01
9.984032511711120605e-01
9.972289800643920898e-01
9.982495903968811035e-01
9.990444779396057129e-01
9.992944598197937012e-01
9.994799494743347168e-01
9.995831847190856934e-01
9.996195435523986816e-01
9.996069073677062988e-01
9.996767640113830566e-01
9.997786879539489746e-01
9.997567534446716309e-01
9.997144341468811035e-01
9.990157485008239746e-01
9.972572922706604004e-01
9.890567064285278320e-01
9.818819165229797363e-01
9.774250388145446777e-01
9.361438155174255371e-01
8.433039188385009766e-01
8.015860319137573242e-01
8.005372881889343262e-01
8.480283021926879883e-01
9.170825481414794922e-01
9.448191523551940918e-01
9.642074108123779297e-01
9.770555496215820312e-01
9.883216023445129395e-01
9.885129928588867188e-01
9.829113483428955078e-01
9.598790407180786133e-01
9.241664409637451172e-01
8.685714602470397949e-01
8.165346980094909668e-01
7.678679227828979492e-01
6.727982163429260254e-01
5.534889698028564453e-01
6.126627326011657715e-01
7.177339196205139160e-01
5.839573740959167480e-01
4.538076221942901611e-01
6.069993376731872559e-01
7.012754082679748535e-01
5.666406154632568359e-01
4.474531412124633789e-01
3.582790195941925049e-01
3.882699906826019287e-01
5.487465262413024902e-01
5.956785678863525391e-01
5.705692172050476074e-01
3.685631752014160156e-01
1.067784950137138367e-01
4.176774248480796814e-02
3.337396308779716492e-03
1.024388987571001053e-02
6.194282323122024536e-02
3.656926751136779785e-01
6.120164394378662109e-01
7.165655493736267090e-01
8.014628291130065918e-01
8.591490983963012695e-01
9.053081274032592773e-01
9.419924020767211914e-01
9.686815738677978516e-01
9.907938838005065918e-01
9.969677329063415527e-01
9.997427463531494141e-01
9.995031952857971191e-01
9.978812932968139648e-01
9.834973216056823730e-01
9.718697071075439453e-01
9.698453545570373535e-01
9.659885764122009277e-01
9.587339758872985840e-01
9.288201332092285156e-01
8.749631643295288086e-01
8.692009449005126953e-01
8.934457302093505859e-01
8.813695311546325684e-01
8.569781184196472168e-01
6.116582751274108887e-01
3.390848040580749512e-01
3.559575080871582031e-01
4.108643531799316406e-01
6.936514377593994141e-01
9.121289253234863281e-01
9.620830416679382324e-01
9.912832975387573242e-01
9.899472594261169434e-01
9.871046543121337891e-01
9.829560518264770508e-01
9.866542220115661621e-01
9.943320155143737793e-01
9.937234520912170410e-01
9.909303784370422363e-01
9.851630926132202148e-01
9.794353842735290527e-01
9.792052507400512695e-01
9.797539114952087402e-01
9.838235378265380859e-01
9.877247214317321777e-01
9.912832975387573242e-01
9.944276809692382812e-01
9.970629811286926270e-01
9.957407712936401367e-01
9.914251565933227539e-01
6.464225649833679199e-01
1.531591415405273438e-01
4.481718689203262329e-02
2.030563168227672577e-02
9.240902215242385864e-02
1.859025955200195312e-01
4.720452129840850830e-01
7.161999940872192383e-01
7.935444116592407227e-01
7.586029171943664551e-01
4.965957701206207275e-01
3.180575370788574219e-01
2.373392879962921143e-01
2.676808834075927734e-01
3.762513101100921631e-01
5.609757900238037109e-01
7.759380340576171875e-01
8.953520655632019043e-01
9.959369301795959473e-01
9.997242093086242676e-01
9.812735915184020996e-01
7.705883979797363281e-01
5.448049306869506836e-01
2.649126648902893066e-01
9.115625917911529541e-02
1.242988184094429016e-01
2.240951508283615112e-01
4.018570780754089355e-01
6.363445520401000977e-01
9.098335504531860352e-01
9.833555221557617188e-01
9.761505722999572754e-01
8.148910403251647949e-01
6.237675547599792480e-01
3.381281197071075439e-01
6.936049461364746094e-02
3.121659159660339355e-02
7.920333882793784142e-04
3.177399921696633101e-04
9.183580550597980618e-05
3.686314157675951719e-04
2.397946268320083618e-01
7.698149085044860840e-01
9.881526827812194824e-01
9.772373437881469727e-01
9.582171440124511719e-01
9.357640743255615234e-01
9.427231550216674805e-01
9.561190009117126465e-01
9.762569665908813477e-01
9.956250786781311035e-01
9.979571700096130371e-01
9.998588562011718750e-01
9.998568892478942871e-01
9.998756051063537598e-01
9.999411702156066895e-01
9.999793171882629395e-01
9.999809265136718750e-01
9.994170069694519043e-01
9.983903765678405762e-01
9.912644624710083008e-01
9.811410903930664062e-01
9.652631878852844238e-01
9.478486180305480957e-01
9.661792516708374023e-01
9.875921607017517090e-01
9.941497445106506348e-01
9.949203729629516602e-01
9.629557728767395020e-01
9.339706301689147949e-01
9.128219485282897949e-01
9.119960069656372070e-01
9.433701634407043457e-01
9.695994853973388672e-01
9.907557964324951172e-01
9.991344213485717773e-01
9.997730255126953125e-01
9.999164342880249023e-01
9.998866319656372070e-01
9.995900392532348633e-01
9.992495179176330566e-01
6.488803625106811523e-01
3.087766170501708984e-01
1.416979730129241943e-01
9.645388461649417877e-03
3.863235935568809509e-03
9.829473128775134683e-06
1.483564665250014514e-05
3.140725567936897278e-02
1.011979877948760986e-01
3.610768616199493408e-01
7.667436003684997559e-01
9.331680536270141602e-01
9.862546920776367188e-01
6.766846179962158203e-01
2.736693024635314941e-01
1.239585205912590027e-01
1.661073998548090458e-03
9.858043631538748741e-04
1.851595379412174225e-02
1.447458267211914062e-01
3.279713988304138184e-01
6.755934953689575195e-01
9.123046994209289551e-01
9.650300145149230957e-01
9.913366436958312988e-01
9.899612069129943848e-01
9.829830527305603027e-01
9.723145961761474609e-01
9.629273414611816406e-01
9.540119767189025879e-01
9.571440815925598145e-01
9.627308249473571777e-01
9.317554831504821777e-01
8.974239826202392578e-01
8.418658971786499023e-01
8.044322133064270020e-01
8.538138270378112793e-01
9.035724401473999023e-01
9.541434645652770996e-01
9.787845015525817871e-01
9.644373059272766113e-01
7.151809930801391602e-01
2.419885694980621338e-01
4.333035647869110107e-02
9.043076075613498688e-03
1.465405485845394651e-08
3.462267983422862017e-08
6.874868646264076233e-03
1.496980525553226471e-02
1.584952771663665771e-01
2.980033457279205322e-01
3.089927434921264648e-01
3.393068313598632812e-01
4.559065401554107666e-01
6.060242056846618652e-01
8.356017470359802246e-01
9.782482385635375977e-01
9.920280575752258301e-01
9.987851977348327637e-01
9.989862442016601562e-01
9.989432692527770996e-01
9.987535476684570312e-01
9.987707734107971191e-01
9.988625645637512207e-01
9.990290999412536621e-01
9.992090463638305664e-01
9.991892576217651367e-01
9.990649819374084473e-01
9.975376129150390625e-01
9.959181547164916992e-01
9.938769340515136719e-01
9.926958084106445312e-01
9.937374591827392578e-01
9.952073097229003906e-01
9.973567724227905273e-01
9.987457990646362305e-01
9.993770122528076172e-01
9.997106790542602539e-01
9.998508691787719727e-01
9.998580217361450195e-01
9.998115897178649902e-01
9.940009117126464844e-01
9.869146943092346191e-01
9.450297355651855469e-01
9.022110104560852051e-01
9.142791628837585449e-01
9.286898970603942871e-01
9.573410153388977051e-01
9.729761481285095215e-01
9.489768147468566895e-01
8.692419528961181641e-01
6.867587566375732422e-01
4.616468250751495361e-01
1.872935295104980469e-01
6.433161348104476929e-02
5.796563997864723206e-02
1.753775179386138916e-01
3.537355661392211914e-01
6.241959333419799805e-01
9.220873713493347168e-01
9.771063327789306641e-01
9.992720484733581543e-01
9.998005032539367676e-01
9.999761581420898438e-01
9.999849200248718262e-01
9.999847412109375000e-01
9.999473690986633301e-01
9.993852972984313965e-01
9.975991249084472656e-01
9.965054988861083984e-01
9.964428544044494629e-01
9.971780776977539062e-01
9.986879825592041016e-01
9.995005130767822266e-01
9.998721480369567871e-01
9.999726414680480957e-01
9.999642372131347656e-01
9.998795390129089355e-01
9.997777938842773438e-01
9.998025298118591309e-01
9.995995163917541504e-01
9.869750738143920898e-01
9.205651879310607910e-01
4.720744788646697998e-01
1.904777884483337402e-01
4.872862100601196289e-01
7.384492158889770508e-01
8.940068483352661133e-01
9.861347079277038574e-01
9.945064187049865723e-01
9.919597506523132324e-01
9.797363877296447754e-01
9.663094282150268555e-01
9.522137045860290527e-01
9.491207599639892578e-01
9.500905275344848633e-01
9.563325643539428711e-01
9.636505246162414551e-01
9.733552336692810059e-01
9.831729531288146973e-01
9.903910756111145020e-01
9.962893724441528320e-01
9.933726787567138672e-01
9.920242428779602051e-01
9.958552122116088867e-01
9.986417889595031738e-01
9.993453025817871094e-01
9.989225864410400391e-01
9.970299601554870605e-01
9.912647604942321777e-01
9.820947051048278809e-01
9.721083045005798340e-01
9.616503119468688965e-01
9.215144515037536621e-01
8.700599670410156250e-01
5.984281897544860840e-01
2.788681089878082275e-01
1.449858248233795166e-01
3.011943213641643524e-02
6.736557930707931519e-02
1.277603954076766968e-01
3.659660518169403076e-01
6.002162694931030273e-01
8.195098042488098145e-01
9.730232954025268555e-01
9.805663228034973145e-01
9.780431389808654785e-01
9.609009027481079102e-01
8.330401778221130371e-01
5.956545472145080566e-01
3.434979915618896484e-01
8.042533695697784424e-02
8.206313941627740860e-04
1.847181934863328934e-03
1.206825301051139832e-01
2.705877125263214111e-01
5.845388770103454590e-01
9.199610352516174316e-01
9.636805653572082520e-01
9.990280866622924805e-01
9.994888305664062500e-01
9.998300075531005859e-01
9.995842576026916504e-01
9.994258284568786621e-01
9.995073676109313965e-01
9.996129870414733887e-01
9.997625350952148438e-01
9.998625516891479492e-01
9.999026656150817871e-01
9.998224377632141113e-01
9.996421337127685547e-01
9.941241741180419922e-01
9.855741262435913086e-01
9.772391915321350098e-01
9.689550995826721191e-01
9.764395356178283691e-01
9.872939586639404297e-01
9.931824803352355957e-01
9.984802007675170898e-01
9.911727905273437500e-01
9.681061506271362305e-01
8.076558709144592285e-01
6.598475575447082520e-01
5.639113783836364746e-01
5.270666480064392090e-01
6.372641324996948242e-01
7.606828212738037109e-01
9.054562449455261230e-01
9.864619374275207520e-01
9.957228899002075195e-01
9.998199343681335449e-01
