9.983645677566528320e-01
9.978793859481811523e-01
9.986817240715026855e-01
9.994972348213195801e-01
9.999877810478210449e-01
9.999978542327880859e-01
9.999924302101135254e-01
9.999442696571350098e-01
9.998438954353332520e-01
9.997415542602539062e-01
9.423046112060546875e-01
8.230941891670227051e-01
2.675004303455352783e-01
5.134157981956377625e-05
3.552994458004832268e-03
9.608517587184906006e-02
4.562836587429046631e-01
9.868871569633483887e-01
9.955395460128784180e-01
9.993886351585388184e-01
9.999167919158935547e-01
9.999746680259704590e-01
9.999960064888000488e-01
9.999952316284179688e-01
9.999900460243225098e-01
9.999910593032836914e-01
9.999950528144836426e-01
9.999980330467224121e-01
9.999992251396179199e-01
9.999988079071044922e-01
9.999952316284179688e-01
9.996017217636108398e-01
9.902626872062683105e-01
9.545356631278991699e-01
7.401825785636901855e-01
5.243304371833801270e-01
4.399431347846984863e-01
6.851147413253784180e-01
9.279264211654663086e-01
9.861102104187011719e-01
9.967630505561828613e-01
9.860303997993469238e-01
9.531472921371459961e-01
6.061212420463562012e-01
2.862206995487213135e-01
9.305695444345474243e-02
1.653490066528320312e-01
3.638755381107330322e-01
6.997418403625488281e-01
8.809575438499450684e-01
9.825604557991027832e-01
9.983224868774414062e-01
9.996055364608764648e-01
9.994194507598876953e-01
9.983865618705749512e-01
9.319939613342285156e-01
9.019994139671325684e-01
9.107298851013183594e-01
9.354918599128723145e-01
8.892984986305236816e-01
7.784337997436523438e-01
6.714658141136169434e-01
7.497275471687316895e-01
9.656145572662353516e-01
9.705606102943420410e-01
9.818226695060729980e-01
9.965409636497497559e-01
9.989173412322998047e-01
9.999085068702697754e-01
9.999657869338989258e-01
9.999377727508544922e-01
9.999294281005859375e-01
9.999372959136962891e-01
9.999732971191406250e-01
9.999856948852539062e-01
9.999707341194152832e-01
9.998801946640014648e-01
9.991043210029602051e-01
9.984058141708374023e-01
9.994899034500122070e-01
9.934068918228149414e-01
9.870759248733520508e-01
9.917357563972473145e-01
9.961693286895751953e-01
9.995732307434082031e-01
9.998310804367065430e-01
9.999010562896728516e-01
9.998873472213745117e-01
9.998214244842529297e-01
9.992834925651550293e-01
9.968472123146057129e-01
9.897001981735229492e-01
9.906681180000305176e-01
9.864374399185180664e-01
9.638900756835937500e-01
5.154866576194763184e-01
1.649689674377441406e-01
2.766362726688385010e-01
6.541610360145568848e-01
9.598104953765869141e-01
9.941215515136718750e-01
9.999100565910339355e-01
9.999481439590454102e-01
9.998083710670471191e-01
9.938961267471313477e-01
9.905551671981811523e-01
9.935131669044494629e-01
9.972792863845825195e-01
9.997316598892211914e-01
9.997979402542114258e-01
9.996623992919921875e-01
9.983958601951599121e-01
9.954096674919128418e-01
9.923759102821350098e-01
9.924028515815734863e-01
9.969004988670349121e-01
9.987559318542480469e-01
9.997665286064147949e-01
9.999581575393676758e-01
9.999892115592956543e-01
9.999991655349731445e-01
9.999975562095642090e-01
9.999898076057434082e-01
9.995764493942260742e-01
9.986625313758850098e-01
9.561561346054077148e-01
9.362578988075256348e-01
9.455199241638183594e-01
9.803808927536010742e-01
9.995290637016296387e-01
9.999567270278930664e-01
9.999580979347229004e-01
9.998599290847778320e-01
9.996657371520996094e-01
9.995429515838623047e-01
9.996516108512878418e-01
9.999985098838806152e-01
1.000000000000000000e+00
9.999295473098754883e-01
9.997888207435607910e-01
9.996461272239685059e-01
9.995822310447692871e-01
9.995957016944885254e-01
9.997043609619140625e-01
9.997377395629882812e-01
9.997033476829528809e-01
9.997757673263549805e-01
9.998574852943420410e-01
9.999435544013977051e-01
9.998890161514282227e-01
9.994305968284606934e-01
9.986673593521118164e-01
9.994301795959472656e-01
9.998401999473571777e-01
9.999330043792724609e-01
9.997694492340087891e-01
9.998002648353576660e-01
9.999887347221374512e-01
9.999949336051940918e-01
9.999975562095642090e-01
9.999969601631164551e-01
9.999930262565612793e-01
9.999882578849792480e-01
9.999825358390808105e-01
9.999711513519287109e-01
9.997781515121459961e-01
9.992598295211791992e-01
9.954827427864074707e-01
9.891461133956909180e-01
9.818825721740722656e-01
9.944167733192443848e-01
9.979166984558105469e-01
9.940836429595947266e-01
9.889348745346069336e-01
9.894130229949951172e-01
9.942209720611572266e-01
9.966971874237060547e-01
9.984268546104431152e-01
9.995145797729492188e-01
9.997859001159667969e-01
9.999264478683471680e-01
9.999603033065795898e-01
9.999573230743408203e-01
9.999567270278930664e-01
9.999587535858154297e-01
9.999727010726928711e-01
9.999866485595703125e-01
1.000000000000000000e+00
1.000000000000000000e+00
9.999985694885253906e-01
9.999961256980895996e-01
9.999959468841552734e-01
9.999961853027343750e-01
9.999966621398925781e-01
9.999950528144836426e-01
9.999943375587463379e-01
9.999943375587463379e-01
9.999940395355224609e-01
9.999940991401672363e-01
9.999945163726806641e-01
9.999957680702209473e-01
9.999965429306030273e-01
9.999970197677612305e-01
9.999980330467224121e-01
9.999989271163940430e-01
9.999997615814208984e-01
9.999999403953552246e-01
9.999997019767761230e-01
9.999988079071044922e-01
9.999801516532897949e-01
9.991087317466735840e-01
9.966706037521362305e-01
9.161339402198791504e-01
5.813418030738830566e-01
3.024376346729695797e-04
1.011027998174540699e-04
5.417934517026878893e-05
1.630087208468466997e-04
3.108730316162109375e-01
6.306911110877990723e-01
9.582794904708862305e-01
9.776679873466491699e-01
8.278869986534118652e-01
4.982353746891021729e-01
1.734116375446319580e-01
5.031211767345666885e-03
1.536939572542905807e-02
6.215394139289855957e-01
9.758485555648803711e-01
9.981907606124877930e-01
9.991933107376098633e-01
9.992101192474365234e-01
9.994149804115295410e-01
9.954217076301574707e-01
9.857947826385498047e-01
9.690886139869689941e-01
9.754346013069152832e-01
9.849372506141662598e-01
9.961898326873779297e-01
9.928966164588928223e-01
9.306153655052185059e-01
7.822498679161071777e-01
7.838483452796936035e-01
8.363362550735473633e-01
9.410262107849121094e-01
9.804400205612182617e-01
9.996451139450073242e-01
9.998847842216491699e-01
9.997946619987487793e-01
9.997156858444213867e-01
9.997532367706298828e-01
9.998797774314880371e-01
9.503620266914367676e-01
8.019868135452270508e-01
8.206086754798889160e-01
8.724600076675415039e-01
9.205150008201599121e-01
7.662209868431091309e-01
5.002875328063964844e-01
8.675719052553176880e-02
1.800107129383832216e-04
2.751897263806313276e-04
5.531360511668026447e-05
4.719750881195068359e-01
9.333033561706542969e-01
9.661300778388977051e-01
4.911758899688720703e-01
1.032399595715105534e-03
5.366197321563959122e-03
3.420515358448028564e-01
7.396960854530334473e-01
9.115649461746215820e-01
9.737302064895629883e-01
9.385167956352233887e-01
6.918665170669555664e-01
7.883765697479248047e-01
9.528746008872985840e-01
6.957178115844726562e-01
6.049932837486267090e-01
6.301037073135375977e-01
8.289443850517272949e-01
9.277528524398803711e-01
9.596993923187255859e-01
9.214913845062255859e-01
8.708862662315368652e-01
8.205025792121887207e-01
8.418188691139221191e-01
8.997203111648559570e-01
9.775052070617675781e-01
9.855213761329650879e-01
9.849920868873596191e-01
9.779220223426818848e-01
9.719698429107666016e-01
9.728914499282836914e-01
9.795055985450744629e-01
9.749666452407836914e-01
9.794511198997497559e-01
9.926770329475402832e-01
9.972448945045471191e-01
9.996917247772216797e-01
9.999113082885742188e-01
9.999256730079650879e-01
9.993709325790405273e-01
9.981323480606079102e-01
9.900820255279541016e-01
9.804259538650512695e-01
9.691889286041259766e-01
9.839881062507629395e-01
9.960217475891113281e-01
9.995604157447814941e-01
1.000000000000000000e+00
9.999510049819946289e-01
9.998148679733276367e-01
9.994931221008300781e-01
9.992832541465759277e-01
9.993714094161987305e-01
9.996425509452819824e-01
9.998837113380432129e-01
9.999531507492065430e-01
9.998542666435241699e-01
9.982724785804748535e-01
9.926770925521850586e-01
9.669682383537292480e-01
9.349079728126525879e-01
9.047039747238159180e-01
9.322105646133422852e-01
9.766231179237365723e-01
9.942885637283325195e-01
1.000000000000000000e+00
1.000000000000000000e+00
1.000000000000000000e+00
1.000000000000000000e+00
9.999007582664489746e-01
9.991062879562377930e-01
9.991799592971801758e-01
9.997684359550476074e-01
9.998898506164550781e-01
9.998753666877746582e-01
9.997580647468566895e-01
9.996439814567565918e-01
9.997110962867736816e-01
9.999351501464843750e-01
9.999765753746032715e-01
9.999982118606567383e-01
9.999996423721313477e-01
9.999964833259582520e-01
9.999796152114868164e-01
9.999465346336364746e-01
9.999743103981018066e-01
9.999948740005493164e-01
9.999995231628417969e-01
1.000000000000000000e+00
9.999884366989135742e-01
9.999575614929199219e-01
9.999495148658752441e-01
9.997623562812805176e-01
9.992091655731201172e-01
9.637907147407531738e-01
9.346168041229248047e-01
9.402326941490173340e-01
9.644846916198730469e-01
9.889588952064514160e-01
9.975305795669555664e-01
9.999248385429382324e-01
9.999893903732299805e-01
9.999834895133972168e-01
9.999865293502807617e-01
9.999856948852539062e-01
9.999432563781738281e-01
9.998636841773986816e-01
9.997782707214355469e-01
9.998073577880859375e-01
9.998664855957031250e-01
9.999395608901977539e-01
9.999263286590576172e-01
9.996873140335083008e-01
9.988840222358703613e-01
9.839879274368286133e-01
6.905376911163330078e-01
1.219695135951042175e-01
3.933332487940788269e-02
7.436055966536514461e-06
3.845446826744591817e-06
1.758488651830703020e-04
5.792829673737287521e-03
1.932757906615734100e-02
2.978502810001373291e-01
6.039859652519226074e-01
8.967695236206054688e-01
9.676350355148315430e-01
9.785963892936706543e-01
9.537404179573059082e-01
9.019474387168884277e-01
8.683676123619079590e-01
9.079548120498657227e-01
9.560125470161437988e-01
9.969871640205383301e-01
9.992176890373229980e-01
9.999535679817199707e-01
9.999814033508300781e-01
9.999575018882751465e-01
9.975133538246154785e-01
9.923114180564880371e-01
9.756003618240356445e-01
9.714311957359313965e-01
9.767889380455017090e-01
9.900955557823181152e-01
9.965477585792541504e-01
9.968020319938659668e-01
9.712487459182739258e-01
9.531586170196533203e-01
9.434860348701477051e-01
9.764175415039062500e-01
9.977281689643859863e-01
9.991158246994018555e-01
9.991843700408935547e-01
9.990742802619934082e-01
9.989384412765502930e-01
9.993213415145874023e-01
9.996187090873718262e-01
9.994929432868957520e-01
9.975301027297973633e-01
9.910252690315246582e-01
9.723597764968872070e-01
9.338267445564270020e-01
8.990988135337829590e-01
9.131866097450256348e-01
9.478108882904052734e-01
9.881093502044677734e-01
9.965349435806274414e-01
9.996836185455322266e-01
9.812248349189758301e-01
7.365663647651672363e-01
4.021337032318115234e-01
1.371262499105796451e-07
5.924389867573154334e-08
6.188917439430952072e-03
1.896070688962936401e-02
6.203890442848205566e-01
9.875481724739074707e-01
9.979647994041442871e-01
9.995501637458801270e-01
9.998975396156311035e-01
9.999366998672485352e-01
9.999617338180541992e-01
9.999745488166809082e-01
9.999655485153198242e-01
9.995536208152770996e-01
9.975023269653320312e-01
9.906284213066101074e-01
9.751304388046264648e-01
9.635227918624877930e-01
9.873813986778259277e-01
7.121502757072448730e-01
2.960968315601348877e-01
8.800496906042098999e-02
0.000000000000000000e+00
0.000000000000000000e+00
0.000000000000000000e+00
3.435795661062002182e-04
1.013455796055495739e-03
3.503216803073883057e-01
6.338018774986267090e-01
8.275458812713623047e-01
8.970761299133300781e-01
9.439828395843505859e-01
9.728223681449890137e-01
9.880062341690063477e-01
9.974112510681152344e-01
9.995295405387878418e-01
9.849618673324584961e-01
9.463612437248229980e-01
8.478508591651916504e-01
7.439885735511779785e-01
6.344522833824157715e-01
5.077306032180786133e-01
5.337055325508117676e-01
6.572506427764892578e-01
8.823891878128051758e-01
9.864701032638549805e-01
9.993623495101928711e-01
9.996560811996459961e-01
9.993610978126525879e-01
9.984725713729858398e-01
9.966019988059997559e-01
9.967558383941650391e-01
9.996763467788696289e-01
9.997718930244445801e-01
9.996194839477539062e-01
9.996467828750610352e-01
9.997664093971252441e-01
9.998845458030700684e-01
9.999473690986633301e-01
9.999680519104003906e-01
9.999743103981018066e-01
9.999806284904479980e-01
9.999886751174926758e-01
9.999966025352478027e-01
9.999987483024597168e-01
9.999986886978149414e-01
9.999973177909851074e-01
9.999983310699462891e-01
9.999874830245971680e-01
9.999656677246093750e-01
9.998213052749633789e-01
9.994615316390991211e-01
9.988371729850769043e-01
9.965897202491760254e-01
9.943594336509704590e-01
9.924455285072326660e-01
9.940001964569091797e-01
9.962844252586364746e-01
9.986174702644348145e-01
9.995843172073364258e-01
9.999892115592956543e-01
9.999948740005493164e-01
9.999408721923828125e-01
9.998244643211364746e-01
9.994908571243286133e-01
9.978311061859130859e-01
9.952628612518310547e-01
9.926284551620483398e-01
9.920456409454345703e-01
9.934047460556030273e-01
9.956320524215698242e-01
9.976167082786560059e-01
9.992529749870300293e-01
9.996332526206970215e-01
9.997576475143432617e-01
9.996910095214843750e-01
9.989001750946044922e-01
9.890208244323730469e-01
9.549193382263183594e-01
9.398509860038757324e-01
9.338762164115905762e-01
9.363963007926940918e-01
9.409919977188110352e-01
9.486855268478393555e-01
9.734436273574829102e-01
9.884019494056701660e-01
9.955698251724243164e-01
9.941800236701965332e-01
9.938226342201232910e-01
9.946038126945495605e-01
9.487042427062988281e-01
6.858712434768676758e-01
9.054967761039733887e-02
1.053789455909281969e-04
4.543631443310047757e-11
1.833093399294938308e-10
5.150822922587394714e-02
2.046217322349548340e-01
6.631538867950439453e-01
8.882052898406982422e-01
9.794274568557739258e-01
9.321933388710021973e-01
8.001739382743835449e-01
6.191087365150451660e-01
6.965067982673645020e-01
7.522405385971069336e-01
7.861446142196655273e-01
3.694264590740203857e-01
8.037743717432022095e-02
1.008974760770797729e-02
1.610117778182029724e-02
1.581306159496307373e-01
5.660609602928161621e-01
7.746056318283081055e-01
8.637350797653198242e-01
7.456836700439453125e-01
5.773183703422546387e-01
3.760169744491577148e-01
1.146708428859710693e-01
7.401903159916400909e-03
2.297696471214294434e-02
3.697825968265533447e-01
3.771896362304687500e-01
3.896978124976158142e-02
1.643772050738334656e-02
6.062229722738265991e-02
1.782601475715637207e-01
4.644970297813415527e-01
7.224397659301757812e-01
8.529151082038879395e-01
9.043917655944824219e-01
9.283066391944885254e-01
9.419701695442199707e-01
9.667560458183288574e-01
9.939654469490051270e-01
9.969269633293151855e-01
9.960518479347229004e-01
9.919752478599548340e-01
9.741201400756835938e-01
9.614610075950622559e-01
9.546014070510864258e-01
9.756894111633300781e-01
9.920415878295898438e-01
9.967914223670959473e-01
9.985665678977966309e-01
9.994719028472900391e-01
9.997487664222717285e-01
9.997777342796325684e-01
9.996205568313598633e-01
9.990309476852416992e-01
9.924272298812866211e-01
9.802498221397399902e-01
9.445486068725585938e-01
9.520304799079895020e-01
9.979219436645507812e-01
9.723464250564575195e-01
9.564808607101440430e-01
9.553596973419189453e-01
9.802512526512145996e-01
9.990286827087402344e-01
9.977388381958007812e-01
9.955456256866455078e-01
9.937384128570556641e-01
9.941613078117370605e-01
9.940823912620544434e-01
9.937328100204467773e-01
9.931855201721191406e-01
9.942989349365234375e-01
9.966480731964111328e-01
9.985323548316955566e-01
9.996719360351562500e-01
9.999691247940063477e-01
9.999976158142089844e-01
9.999970793724060059e-01
9.999894499778747559e-01
9.995869398117065430e-01
9.986940622329711914e-01
9.966422319412231445e-01
9.951829910278320312e-01
9.945446252822875977e-01
9.971621036529541016e-01
9.988697171211242676e-01
9.999156594276428223e-01
9.999650120735168457e-01
9.998735189437866211e-01
9.996348619461059570e-01
9.801949858665466309e-01
8.662852048873901367e-01
5.998984575271606445e-01
2.992848157882690430e-01
1.733740568161010742e-01
5.374518632888793945e-01
7.850908637046813965e-01
9.581387639045715332e-01
9.832375645637512207e-01
9.951636791229248047e-01
9.982624053955078125e-01
9.957976937294006348e-01
9.756833314895629883e-01
9.376257658004760742e-01
7.710579633712768555e-01
6.228086948394775391e-01
5.165934562683105469e-01
6.055663824081420898e-01
7.498231530189514160e-01
9.329317808151245117e-01
9.916045665740966797e-01
9.994146823883056641e-01
9.992905855178833008e-01
9.992890357971191406e-01
9.993751645088195801e-01
9.996017217636108398e-01
9.992087483406066895e-01
9.981719255447387695e-01
9.970592260360717773e-01
9.971548318862915039e-01
9.992609620094299316e-01
9.998177886009216309e-01
9.999775290489196777e-01
9.999892115592956543e-01
9.999946355819702148e-01
9.999972581863403320e-01
9.999989867210388184e-01
9.999986290931701660e-01
9.999915957450866699e-01
9.998057484626770020e-01
9.975011348724365234e-01
9.928064346313476562e-01
9.949240088462829590e-01
9.972109794616699219e-01
9.985867738723754883e-01
9.992049336433410645e-01
9.994491338729858398e-01
9.991127252578735352e-01
9.900439381599426270e-01
9.718278050422668457e-01
9.151356816291809082e-01
8.991394042968750000e-01
9.160332679748535156e-01
7.967903614044189453e-01
6.536168456077575684e-01
4.803037643432617188e-01
3.959408402442932129e-01
3.639918565750122070e-01
4.190004467964172363e-01
6.600925922393798828e-01
9.160488247871398926e-01
9.733523726463317871e-01
9.942029714584350586e-01
9.932978153228759766e-01
9.904068708419799805e-01
9.901847243309020996e-01
9.925796985626220703e-01
9.935715794563293457e-01
9.946560859680175781e-01
9.960250854492187500e-01
9.938840866088867188e-01
9.918724894523620605e-01
9.924522638320922852e-01
9.948883056640625000e-01
9.978408217430114746e-01
9.988492727279663086e-01
9.753221869468688965e-01
9.323000311851501465e-01
6.937890648841857910e-01
5.647726058959960938e-01
5.737719535827636719e-01
7.395395636558532715e-01
8.936004042625427246e-01
9.746536612510681152e-01
7.902743220329284668e-01
5.781044363975524902e-01
6.246281266212463379e-01
7.755824327468872070e-01
9.780160188674926758e-01
9.919307231903076172e-01
9.992641806602478027e-01
9.998513460159301758e-01
9.999470710754394531e-01
9.999747872352600098e-01
9.999496936798095703e-01
9.988658428192138672e-01
9.971538186073303223e-01
9.942538142204284668e-01
9.961582422256469727e-01
1.000000000000000000e+00
1.000000000000000000e+00
9.998894333839416504e-01
9.996840357780456543e-01
9.995536804199218750e-01
9.995951056480407715e-01
9.998852610588073730e-01
9.999572038650512695e-01
9.999802112579345703e-01
9.999849796295166016e-01
9.999030232429504395e-01
9.995228648185729980e-01
9.975060820579528809e-01
9.956070184707641602e-01
9.938150048255920410e-01
9.962183237075805664e-01
9.982014298439025879e-01
9.996449351310729980e-01
9.998935461044311523e-01
9.999533295631408691e-01
9.999901652336120605e-01
9.999598264694213867e-01
9.998105168342590332e-01
9.991799592971801758e-01
9.989700913429260254e-01
9.990557432174682617e-01
9.994779825210571289e-01
9.991731643676757812e-01
9.980093836784362793e-01
9.883900880813598633e-01
9.770866632461547852e-01
9.644168615341186523e-01
9.793335795402526855e-01
9.990674853324890137e-01
9.996927380561828613e-01
9.999193549156188965e-01
9.998900294303894043e-01
9.997677206993103027e-01
9.992464780807495117e-01
9.982754588127136230e-01
9.961747527122497559e-01
9.939045310020446777e-01
9.915424585342407227e-01
9.914005994796752930e-01
9.924373030662536621e-01
9.954990148544311523e-01
9.975190162658691406e-01
9.973253607749938965e-01
9.654564261436462402e-01
7.843540310859680176e-01
4.390688836574554443e-01
3.244658112525939941e-01
3.345124721527099609e-01
5.466828942298889160e-01
6.751828193664550781e-01
7.760886549949645996e-01
8.735398650169372559e-01
9.447155594825744629e-01
9.971876740455627441e-01
9.989445805549621582e-01
9.998868703842163086e-01
9.999166131019592285e-01
9.998672008514404297e-01
9.991496801376342773e-01
9.970549345016479492e-01
9.794983267784118652e-01
9.567164182662963867e-01
9.334635734558105469e-01
9.484284520149230957e-01
9.876574277877807617e-01
9.952843189239501953e-01
9.993913173675537109e-01
9.992932677268981934e-01
9.968398213386535645e-01
9.701151251792907715e-01
8.897135853767395020e-01
5.350219011306762695e-01
1.947422325611114502e-01
4.559645354747772217e-01
5.911545753479003906e-01
6.337797641754150391e-01
3.967501521110534668e-01
4.478266239166259766e-01
8.775829672813415527e-01
9.722098112106323242e-01
9.997394084930419922e-01
9.999353885650634766e-01
9.999958872795104980e-01
9.999984502792358398e-01
9.999919533729553223e-01
9.990939497947692871e-01
9.974795579910278320e-01
9.430965781211853027e-01
7.797572016716003418e-01
4.545940160751342773e-01
2.135659754276275635e-01
5.271126702427864075e-02
8.254983276128768921e-02
4.724801480770111084e-01
9.884918332099914551e-01
9.785993695259094238e-01
9.705008268356323242e-01
9.640965461730957031e-01
9.285578131675720215e-01
7.662536501884460449e-01
3.823269009590148926e-01
1.553755700588226318e-01
1.401504501700401306e-02
3.702605143189430237e-02
2.872879505157470703e-01
6.661804914474487305e-01
8.830980062484741211e-01
9.992563724517822266e-01
9.998921155929565430e-01
9.984322786331176758e-01
9.912371635437011719e-01
9.717556834220886230e-01
9.725385308265686035e-01
9.806813597679138184e-01
9.877285361289978027e-01
9.875786304473876953e-01
9.820194840431213379e-01
9.070376157760620117e-01
8.368306756019592285e-01
7.743859291076660156e-01
8.756231069564819336e-01
9.805637598037719727e-01
9.951500892639160156e-01
9.976496696472167969e-01
9.943528175354003906e-01
9.934390187263488770e-01
9.940367341041564941e-01
9.961066246032714844e-01
9.489501118659973145e-01
8.988025188446044922e-01
8.506738543510437012e-01
8.674815893173217773e-01
9.065403938293457031e-01
9.557601809501647949e-01
9.837645292282104492e-01
9.973122477531433105e-01
9.987506866455078125e-01
9.996545910835266113e-01
9.998607039451599121e-01
9.999498724937438965e-01
1.000000000000000000e+00
1.000000000000000000e+00
1.000000000000000000e+00
9.999872446060180664e-01
9.998626708984375000e-01
9.991343617439270020e-01
9.978504776954650879e-01
9.980942606925964355e-01
9.986246228218078613e-01
9.994943737983703613e-01
9.998377561569213867e-01
9.999893903732299805e-01
9.999927282333374023e-01
9.999849796295166016e-01
9.999675154685974121e-01
9.997985363006591797e-01
9.997211694717407227e-01
9.997653365135192871e-01
9.998675584793090820e-01
9.999585151672363281e-01
9.999870061874389648e-01
9.999977946281433105e-01
1.000000000000000000e+00
1.000000000000000000e+00
1.000000000000000000e+00
1.000000000000000000e+00
9.999802708625793457e-01
9.996553659439086914e-01
9.987165927886962891e-01
9.951306581497192383e-01
9.918664693832397461e-01
9.951041340827941895e-01
9.957402944564819336e-01
9.944282174110412598e-01
9.906033277511596680e-01
9.903569817543029785e-01
9.955393671989440918e-01
9.978588223457336426e-01
9.990183115005493164e-01
9.984521269798278809e-01
9.988705515861511230e-01
9.998090267181396484e-01
9.999330639839172363e-01
1.000000000000000000e+00
1.000000000000000000e+00
9.988536834716796875e-01
9.979911446571350098e-01
9.982603192329406738e-01
9.988527894020080566e-01
9.995264410972595215e-01
9.997058510780334473e-01
9.998405575752258301e-01
9.999341368675231934e-01
9.999449253082275391e-01
9.999060630798339844e-01
9.997833371162414551e-01
9.986062645912170410e-01
9.732994437217712402e-01
8.247951865196228027e-01
4.869378805160522461e-01
8.238126523792743683e-03
7.799594997637271376e-11
2.469459474086761475e-01
8.758302927017211914e-01
1.000000000000000000e+00
8.657268881797790527e-01
2.372811883687973022e-01
1.197712345968326986e-10
9.118816815316677094e-03
3.088216781616210938e-01
4.686144888401031494e-01
4.506003260612487793e-01
2.093665450811386108e-01
3.478302756931839212e-09
8.730208223006741264e-10
1.900485949590802193e-03
4.849863797426223755e-02
6.500189900398254395e-01
9.728393554687500000e-01
9.950836896896362305e-01
9.986636042594909668e-01
9.996465444564819336e-01
9.999193549156188965e-01
9.972128272056579590e-01
9.929843544960021973e-01
9.866439104080200195e-01
9.803262948989868164e-01
9.740298390388488770e-01
9.632104039192199707e-01
9.362635612487792969e-01
8.775942325592041016e-01
7.446140050888061523e-01
5.800567865371704102e-01
3.847927451133728027e-01
3.531739115715026855e-01
4.551231265068054199e-01
5.871781110763549805e-01
7.321644425392150879e-01
8.975448608398437500e-01
9.651973247528076172e-01
9.969027042388916016e-01
9.989474415779113770e-01
9.998776912689208984e-01
9.999902844429016113e-01
9.999935030937194824e-01
9.999879002571105957e-01
9.999716281890869141e-01
9.999715089797973633e-01
9.999770522117614746e-01
9.999884366989135742e-01
8.782288432121276855e-01
6.745676398277282715e-01
2.577322721481323242e-01
8.146772161126136780e-03
1.290055224671959877e-03
1.574577709106961265e-06
5.879284117327188142e-07
1.626172263513581129e-07
8.584769976464163774e-16
3.056681796564930664e-09
1.439018291193860932e-07
3.105519681412260979e-07
5.121816002429113723e-07
2.636395208810426993e-07
1.488369649749188284e-09
7.919097377850903285e-09
6.224518269300460815e-02
1.684373766183853149e-01
4.924955666065216064e-01
7.162492275238037109e-01
8.103199601173400879e-01
9.128551483154296875e-01
9.932261109352111816e-01
9.981913566589355469e-01
9.871060848236083984e-01
9.670261144638061523e-01
9.461306929588317871e-01
9.434880614280700684e-01
9.637002348899841309e-01
9.842684864997863770e-01
9.996827244758605957e-01
9.992951154708862305e-01
9.986544847488403320e-01
9.979404807090759277e-01
9.985461831092834473e-01
9.989165663719177246e-01
9.989965558052062988e-01
9.964305162429809570e-01
9.945476055145263672e-01
9.962629079818725586e-01
9.980877041816711426e-01
9.998936057090759277e-01
9.999554753303527832e-01
9.999914765357971191e-01
9.999949932098388672e-01
9.999889135360717773e-01
9.999682903289794922e-01
9.999076724052429199e-01
9.998189806938171387e-01
9.997129440307617188e-01
9.995711445808410645e-01
9.993116855621337891e-01
9.988995194435119629e-01
9.990391731262207031e-01
9.981448054313659668e-01
9.934285879135131836e-01
9.823212027549743652e-01
9.672722816467285156e-01
9.462767839431762695e-01
9.301320314407348633e-01
9.206571578979492188e-01
9.382174611091613770e-01
9.623219370841979980e-01
9.886893630027770996e-01
9.992068409919738770e-01
9.995377659797668457e-01
9.832484722137451172e-01
7.329066395759582520e-01
1.380076408386230469e-01
2.297017350792884827e-02
1.277782469987869263e-01
6.405259370803833008e-01
9.040771126747131348e-01
9.959870576858520508e-01
9.815511703491210938e-01
9.236164689064025879e-01
7.980985641479492188e-01
7.533091306686401367e-01
7.484491467475891113e-01
8.252136707305908203e-01
9.047086238861083984e-01
9.863458871841430664e-01
9.893769025802612305e-01
9.662079811096191406e-01
9.011542797088623047e-01
4.710880219936370850e-01
4.179882466814888176e-07
1.319334756999523961e-07
3.446716310640611853e-24
9.588451263945785618e-24
2.848510164767503738e-03
5.309973657131195068e-02
2.002422362565994263e-01
1.869477778673171997e-01
1.265561133623123169e-01
1.852938979864120483e-01
4.482865929603576660e-01
9.110577702522277832e-01
7.757380604743957520e-01
6.970781087875366211e-01
9.242846369743347168e-01
9.953410029411315918e-01
9.912972450256347656e-01
9.563242197036743164e-01
9.244053363800048828e-01
8.960534930229187012e-01
9.470682144165039062e-01
9.952538013458251953e-01
9.964558482170104980e-01
9.934371709823608398e-01
9.881538152694702148e-01
9.853711128234863281e-01
9.849121570587158203e-01
9.876283407211303711e-01
9.893007874488830566e-01
9.906775951385498047e-01
9.918487071990966797e-01
9.929692149162292480e-01
9.940551519393920898e-01
9.969090819358825684e-01
9.989067912101745605e-01
9.994328618049621582e-01
9.989336729049682617e-01
9.934414625167846680e-01
9.621138572692871094e-01
8.717138171195983887e-01
7.314961552619934082e-01
4.600292146205902100e-01
2.188453525304794312e-01
6.319236755371093750e-02
1.490693632513284683e-02
1.112347561866044998e-02
9.589090012013912201e-03
6.697441451251506805e-03
2.351219533011317253e-03
3.997987601906061172e-03
4.307927191257476807e-02
1.858317404985427856e-01
4.020046591758728027e-01
6.480740308761596680e-01
6.209495067596435547e-01
6.039198040962219238e-01
6.006869077682495117e-01
5.643936991691589355e-01
5.448418855667114258e-01
6.258834004402160645e-01
6.303399801254272461e-01
5.800237059593200684e-01
3.376377522945404053e-01
1.755243390798568726e-01
1.696748584508895874e-01
3.407169580459594727e-01
5.037463903427124023e-01
2.046036124229431152e-01
5.323573946952819824e-02
4.094129428267478943e-02
3.480872511863708496e-01
6.614704132080078125e-01
9.029484391212463379e-01
9.166926741600036621e-01
8.024214506149291992e-01
4.155575633049011230e-01
1.502649635076522827e-01
3.884750604629516602e-02
5.838510394096374512e-02
1.805792450904846191e-01
5.820357799530029297e-01
8.318459987640380859e-01
9.792041182518005371e-01
9.574424028396606445e-01
8.809832930564880371e-01
7.150042057037353516e-01
5.782193541526794434e-01
4.675377607345581055e-01
4.651319086551666260e-01
4.218411743640899658e-01
3.399687409400939941e-01
4.228314459323883057e-01
5.595905184745788574e-01
7.867094874382019043e-01
8.586702942848205566e-01
8.481556177139282227e-01
7.541498541831970215e-01
6.875706315040588379e-01
6.573902368545532227e-01
5.201524496078491211e-01
3.429844379425048828e-01
1.024930328130722046e-01
1.327390530825311998e-09
5.594347901594076689e-11
7.684398006801984593e-09
9.477946162223815918e-02
3.761463761329650879e-01
6.876683235168457031e-01
9.796841740608215332e-01
9.851244091987609863e-01
9.849666357040405273e-01
9.787638187408447266e-01
9.809985756874084473e-01
9.843865633010864258e-01
9.871316552162170410e-01
9.661183357238769531e-01
9.306976795196533203e-01
9.040735960006713867e-01
9.005750417709350586e-01
9.346276521682739258e-01
9.671441316604614258e-01
9.948041439056396484e-01
9.955541491508483887e-01
9.957632422447204590e-01
9.954714775085449219e-01
9.969740509986877441e-01
9.984654784202575684e-01
9.994059801101684570e-01
9.997962117195129395e-01
9.998759627342224121e-01
9.993286728858947754e-01
9.989273548126220703e-01
9.987334609031677246e-01
9.991332292556762695e-01
9.996271133422851562e-01
9.998133778572082520e-01
9.999267458915710449e-01
9.999796152114868164e-01
9.998420476913452148e-01
9.997209310531616211e-01
9.996742010116577148e-01
9.997240900993347168e-01
9.998046755790710449e-01
9.996326565742492676e-01
9.986816048622131348e-01
9.967136383056640625e-01
9.919171929359436035e-01
9.865581393241882324e-01
9.816492795944213867e-01
9.838547110557556152e-01
9.916065931320190430e-01
9.953020811080932617e-01
9.969943165779113770e-01
9.948794841766357422e-01
9.960495829582214355e-01
9.985285401344299316e-01
9.985808730125427246e-01
9.984592795372009277e-01
9.981163740158081055e-01
9.986632466316223145e-01
9.991849660873413086e-01
9.987591505050659180e-01
9.968162178993225098e-01
9.936995506286621094e-01
9.929547309875488281e-01
9.937250018119812012e-01
9.974864125251770020e-01
9.978963732719421387e-01
9.798231720924377441e-01
7.018090486526489258e-01
5.243997573852539062e-01
4.777851998805999756e-01
6.889920830726623535e-01
8.161680698394775391e-01
2.937796115875244141e-01
2.992253005504608154e-01
7.266756892204284668e-01
8.882801532745361328e-01
9.889478683471679688e-01
9.955590367317199707e-01
9.976133704185485840e-01
9.974814057350158691e-01
9.981644153594970703e-01
9.989054799079895020e-01
9.997258186340332031e-01
9.999405145645141602e-01
9.999823570251464844e-01
9.999703168869018555e-01
9.999191761016845703e-01
9.998337030410766602e-01
9.999223947525024414e-01
9.998307824134826660e-01
9.992142915725708008e-01
9.968103170394897461e-01
9.934456348419189453e-01
9.913052916526794434e-01
9.917949438095092773e-01
9.964792728424072266e-01
9.975059628486633301e-01
9.965737462043762207e-01
9.902895689010620117e-01
9.850559830665588379e-01
9.808890223503112793e-01
9.901577234268188477e-01
9.989513754844665527e-01
9.995839595794677734e-01
9.998035430908203125e-01
9.997544288635253906e-01
9.994415044784545898e-01
9.975039362907409668e-01
9.924642443656921387e-01
9.844556450843811035e-01
9.761836528778076172e-01
9.790154695510864258e-01
9.836602807044982910e-01
9.905471205711364746e-01
9.806500077247619629e-01
9.512715339660644531e-01
8.518949151039123535e-01
7.146328091621398926e-01
5.465715527534484863e-01
7.074226140975952148e-01
8.666262626647949219e-01
9.505788683891296387e-01
9.867361783981323242e-01
9.974511861801147461e-01
9.983685016632080078e-01
9.982779622077941895e-01
9.965863227844238281e-01
9.936643242835998535e-01
9.908372759819030762e-01
9.916345477104187012e-01
9.933951497077941895e-01
9.961745142936706543e-01
9.952072501182556152e-01
9.861315488815307617e-01
9.506878256797790527e-01
8.874636888504028320e-01
8.044838309288024902e-01
8.380111455917358398e-01
8.909348249435424805e-01
9.729786515235900879e-01
9.995449185371398926e-01
9.999229907989501953e-01
9.999373555183410645e-01
9.999441504478454590e-01
9.999399185180664062e-01
9.999418854713439941e-01
9.995383620262145996e-01
9.966052770614624023e-01
9.876051545143127441e-01
9.726077318191528320e-01
9.685076475143432617e-01
9.700431823730468750e-01
9.848154187202453613e-01
9.935387372970581055e-01
9.981094598770141602e-01
9.990304112434387207e-01
9.995400309562683105e-01
9.995322227478027344e-01
9.988080859184265137e-01
9.975052475929260254e-01
9.909224510192871094e-01
9.854219555854797363e-01
9.815120697021484375e-01
9.858604669570922852e-01
9.907658696174621582e-01
9.832569956779479980e-01
6.888791918754577637e-01
1.020256131887435913e-01
8.280771784484386444e-03
1.023211307349392030e-10
1.105262270595375185e-10
2.504118345677852631e-02
6.837121397256851196e-02
3.037645108997821808e-02
4.581710011386519454e-12
1.163878672258422675e-12
2.493811398744583130e-02
7.161881029605865479e-02
5.306984186172485352e-01
8.477648496627807617e-01
9.348133802413940430e-01
9.752389788627624512e-01
9.969775080680847168e-01
9.974431395530700684e-01
9.978310465812683105e-01
9.981279373168945312e-01
9.989755153656005859e-01
9.997859597206115723e-01
9.998837113380432129e-01
9.999276399612426758e-01
9.999254941940307617e-01
9.996021986007690430e-01
9.991585016250610352e-01
9.984722733497619629e-01
9.981190562248229980e-01
9.979723691940307617e-01
9.950110316276550293e-01
9.932861328125000000e-01
9.941501021385192871e-01
9.956546425819396973e-01
9.973627328872680664e-01
9.974211454391479492e-01
9.968538284301757812e-01
9.953700304031372070e-01
9.943701624870300293e-01
9.936706423759460449e-01
9.940780401229858398e-01
9.933510422706604004e-01
9.913804531097412109e-01
9.747296571731567383e-01
9.494757056236267090e-01
9.000193476676940918e-01
8.753699660301208496e-01
8.711754679679870605e-01
9.416657686233520508e-01
9.937242269515991211e-01
9.693196415901184082e-01
9.538018703460693359e-01
9.438595175743103027e-01
9.584090113639831543e-01
9.730603694915771484e-01
9.862864613533020020e-01
9.906404018402099609e-01
9.903798699378967285e-01
9.778115153312683105e-01
9.719346761703491211e-01
9.765339493751525879e-01
9.858081936836242676e-01
9.958553314208984375e-01
9.984606504440307617e-01
9.999175667762756348e-01
9.999836087226867676e-01
9.999981522560119629e-01
1.000000000000000000e+00
1.000000000000000000e+00
9.999883174896240234e-01
9.999655485153198242e-01
9.923658967018127441e-01
9.012504220008850098e-01
5.176343917846679688e-01
3.041479587554931641e-01
2.174955457448959351e-01
4.197282791137695312e-01
6.482662558555603027e-01
8.859410881996154785e-01
9.828835129737854004e-01
9.973340034484863281e-01
9.988099336624145508e-01
9.996773600578308105e-01
9.997808933258056641e-01
9.998527765274047852e-01
9.999097585678100586e-01
9.999563694000244141e-01
9.999884366989135742e-01
9.999976158142089844e-01
1.000000000000000000e+00
1.000000000000000000e+00
1.000000000000000000e+00
9.999973177909851074e-01
9.999912381172180176e-01
9.999640583992004395e-01
9.999175071716308594e-01
9.997888207435607910e-01
9.997546076774597168e-01
9.998171329498291016e-01
9.998614788055419922e-01
9.998688697814941406e-01
9.997366666793823242e-01
9.994478225708007812e-01
9.990276098251342773e-01
9.993832111358642578e-01
9.997601509094238281e-01
9.999140501022338867e-01
9.999848604202270508e-01
9.999986886978149414e-01
9.999998211860656738e-01
1.000000000000000000e+00
1.000000000000000000e+00
9.999998807907104492e-01
9.999997615814208984e-01
9.999993443489074707e-01
9.999991059303283691e-01
9.999991655349731445e-01
9.999988675117492676e-01
9.999814033508300781e-01
9.993769526481628418e-01
7.985605001449584961e-01
2.663044333457946777e-01
6.707957386970520020e-02
3.324879815913561742e-10
1.225226031742465693e-10
7.962769269943237305e-02
2.702687382698059082e-01
6.284149885177612305e-01
9.943620562553405762e-01
9.979510903358459473e-01
9.999348521232604980e-01
9.999892115592956543e-01
1.000000000000000000e+00
9.999985694885253906e-01
9.999889731407165527e-01
9.998415112495422363e-01
9.995521903038024902e-01
9.647293090820312500e-01
9.106546640396118164e-01
8.007091879844665527e-01
7.672167420387268066e-01
8.018743991851806641e-01
8.987672328948974609e-01
9.825590252876281738e-01
9.866585135459899902e-01
9.205489158630371094e-01
7.997741103172302246e-01
6.774972677230834961e-01
6.097354292869567871e-01
7.060814499855041504e-01
8.367435932159423828e-01
9.905740022659301758e-01
9.821381568908691406e-01
9.656903743743896484e-01
9.557944536209106445e-01
9.674829840660095215e-01
9.920250773429870605e-01
9.960828423500061035e-01
9.986545443534851074e-01
9.993872046470642090e-01
9.997140169143676758e-01
9.998244643211364746e-01
9.994383454322814941e-01
9.986632466316223145e-01
9.971286654472351074e-01
9.964982271194458008e-01
9.963431358337402344e-01
9.982952475547790527e-01
9.996384382247924805e-01
9.999178051948547363e-01
9.999598264694213867e-01
9.998598098754882812e-01
9.988943338394165039e-01
9.966042637825012207e-01
9.922201037406921387e-01
9.885610938072204590e-01
9.859543442726135254e-01
9.938622713088989258e-01
9.988745450973510742e-01
9.996958374977111816e-01
9.998850226402282715e-01
9.998534917831420898e-01
9.997366666793823242e-01
9.996224045753479004e-01
9.995116591453552246e-01
9.994249343872070312e-01
9.993672966957092285e-01
9.994856715202331543e-01
9.996720552444458008e-01
9.999422430992126465e-01
9.999895691871643066e-01
9.999496936798095703e-01
9.997241497039794922e-01
9.995931386947631836e-01
9.995716810226440430e-01
9.997403621673583984e-01
9.999315738677978516e-01
9.999743103981018066e-01
9.999973773956298828e-01
9.999989867210388184e-01
9.999980330467224121e-01
9.999816417694091797e-01
9.998846650123596191e-01
9.966410398483276367e-01
9.901489615440368652e-01
9.243094921112060547e-01
8.592519164085388184e-01
8.598573207855224609e-01
7.156828045845031738e-01
4.274038076400756836e-01
6.733199357986450195e-01
9.656814932823181152e-01
9.882144927978515625e-01
9.993855953216552734e-01
9.996533393859863281e-01
9.995585083961486816e-01
9.989215135574340820e-01
9.961637854576110840e-01
9.825142621994018555e-01
9.587579369544982910e-01
9.123499393463134766e-01
8.836638331413269043e-01
9.479669332504272461e-01
9.851606488227844238e-01
9.975653886795043945e-01
9.995028376579284668e-01
9.996731281280517578e-01
9.997874498367309570e-01
9.998788833618164062e-01
9.999496936798095703e-01
9.998966455459594727e-01
9.996705651283264160e-01
9.988148808479309082e-01
6.832990646362304688e-01
8.839146047830581665e-02
4.933219403028488159e-03
3.121803980320692062e-03
1.000471413135528564e-03
4.499063361436128616e-03
1.301395427435636520e-02
4.750675261020660400e-01
9.146892428398132324e-01
9.609612226486206055e-01
9.801316857337951660e-01
9.749759435653686523e-01
5.453380942344665527e-01
1.266429424285888672e-01
4.074911400675773621e-02
2.974058099070226843e-20
8.503151740755166106e-20
5.044816862209700048e-05
7.775671780109405518e-02
4.896844923496246338e-01
7.709273099899291992e-01
9.309759736061096191e-01
9.724180102348327637e-01
9.899439215660095215e-01
9.946945309638977051e-01
9.976027011871337891e-01
9.987477660179138184e-01
9.992952942848205566e-01
9.996408224105834961e-01
9.995619654655456543e-01
9.992271065711975098e-01
9.986393451690673828e-01
9.976245760917663574e-01
9.956243634223937988e-01
9.889982938766479492e-01
9.667586684226989746e-01
9.283713102340698242e-01
8.129617571830749512e-01
6.998438835144042969e-01
6.945648789405822754e-01
7.503678798675537109e-01
8.728122711181640625e-01
9.465044736862182617e-01
9.999755620956420898e-01
9.999734759330749512e-01
9.998409152030944824e-01
9.995582103729248047e-01
9.806274771690368652e-01
9.478734135627746582e-01
8.502562642097473145e-01
8.074369430541992188e-01
8.320425152778625488e-01
9.086101651191711426e-01
9.913020133972167969e-01
9.966350197792053223e-01
9.997277259826660156e-01
9.998381733894348145e-01
9.998007416725158691e-01
9.996758103370666504e-01
9.991122484207153320e-01
9.980911016464233398e-01
9.964102506637573242e-01
9.970239996910095215e-01
9.983354806900024414e-01
9.978356957435607910e-01
9.920783042907714844e-01
9.780322909355163574e-01
9.082998037338256836e-01
8.163850903511047363e-01
7.269998192787170410e-01
7.375083565711975098e-01
9.231102466583251953e-01
9.888358116149902344e-01
9.999982714653015137e-01
9.998741149902343750e-01
9.994335770606994629e-01
9.983745813369750977e-01
9.929525256156921387e-01
9.853273034095764160e-01
9.748817086219787598e-01
9.725900292396545410e-01
9.883210062980651855e-01
9.961550831794738770e-01
9.994460344314575195e-01
9.993447065353393555e-01
9.989607930183410645e-01
9.982252120971679688e-01
9.974120259284973145e-01
9.965498447418212891e-01
9.955233931541442871e-01
9.955339431762695312e-01
9.986667037010192871e-01
1.000000000000000000e+00
1.000000000000000000e+00
9.904944300651550293e-01
9.838417172431945801e-01
9.910519123077392578e-01
9.959669113159179688e-01
9.989326596260070801e-01
9.992619752883911133e-01
9.989964365959167480e-01
9.979412555694580078e-01
9.977000355720520020e-01
9.982545375823974609e-01
9.985232353210449219e-01
9.986724853515625000e-01
9.984778165817260742e-01
9.982367753982543945e-01
9.979439377784729004e-01
9.987106919288635254e-01
9.996327161788940430e-01
9.995625615119934082e-01
9.992097020149230957e-01
9.984856843948364258e-01
9.968696236610412598e-01
9.949719905853271484e-01
9.932619333267211914e-01
9.935481548309326172e-01
9.969632029533386230e-01
9.985380768775939941e-01
9.993335604667663574e-01
9.993137121200561523e-01
9.993581175804138184e-01
9.995231628417968750e-01
9.996786117553710938e-01
9.998292922973632812e-01
9.994060397148132324e-01
9.953662157058715820e-01
9.830943346023559570e-01
7.899678349494934082e-01
4.867758750915527344e-01
2.612982690334320068e-01
2.057934254407882690e-01
6.284485459327697754e-01
8.469042181968688965e-01
9.136980175971984863e-01
9.308217763900756836e-01
9.208648204803466797e-01
8.313938379287719727e-01
5.713533759117126465e-01
1.575877070426940918e-01
4.677182435989379883e-02
5.251587927341461182e-02
3.716107010841369629e-01
6.675879955291748047e-01
9.381443262100219727e-01
9.951875805854797363e-01
9.956766366958618164e-01
9.947629570960998535e-01
9.621838331222534180e-01
8.862200379371643066e-01
5.762240886688232422e-01
1.965402960777282715e-01
7.623651623725891113e-02
1.200755577883683145e-04
2.898121056205127388e-05
2.887190930778160691e-08
1.709135333261002643e-10
6.143533681779445033e-09
4.218747781123965979e-04
1.771575654856860638e-03
2.591562569141387939e-01
6.702008843421936035e-01
8.648874163627624512e-01
9.949140548706054688e-01
9.748286604881286621e-01
9.500962495803833008e-01
9.217711687088012695e-01
9.187660813331604004e-01
9.250118732452392578e-01
9.554851055145263672e-01
9.791566133499145508e-01
9.962354898452758789e-01
9.996033310890197754e-01
9.999153614044189453e-01
9.997208118438720703e-01
9.830515980720520020e-01
9.458433985710144043e-01
5.202289223670959473e-01
9.574905969202518463e-03
2.725217118859291077e-02
2.545212805271148682e-01
8.246567845344543457e-01
1.000000000000000000e+00
1.000000000000000000e+00
1.000000000000000000e+00
8.342635035514831543e-01
3.059213757514953613e-01
3.687078952789306641e-01
7.838329672813415527e-01
9.105616211891174316e-01
9.924219250679016113e-01
9.964860081672668457e-01
9.987711310386657715e-01
9.996496438980102539e-01
9.998639822006225586e-01
9.999346137046813965e-01
9.998093247413635254e-01
9.993482232093811035e-01
9.985325336456298828e-01
9.990291595458984375e-01
9.997888803482055664e-01
9.999168515205383301e-01
9.999936223030090332e-01
9.999985694885253906e-01
1.000000000000000000e+00
1.000000000000000000e+00
1.000000000000000000e+00
9.999999403953552246e-01
9.999998211860656738e-01
9.999990463256835938e-01
9.999978542327880859e-01
9.999883174896240234e-01
9.999742507934570312e-01
9.999486804008483887e-01
9.999062418937683105e-01
9.998511672019958496e-01
9.998747706413269043e-01
9.998924732208251953e-01
9.998374581336975098e-01
9.906943440437316895e-01
9.722571969032287598e-01
5.755393505096435547e-01
1.815093904733657837e-01
5.699037909507751465e-01
8.084495663642883301e-01
8.350434899330139160e-01
8.596468567848205566e-01
8.845877647399902344e-01
9.527506232261657715e-01
9.983400702476501465e-01
9.983689785003662109e-01
9.939992427825927734e-01
9.871318936347961426e-01
9.284663796424865723e-01
8.853599429130554199e-01
8.987683653831481934e-01
9.317537546157836914e-01
9.804084897041320801e-01
9.936057329177856445e-01
9.998341202735900879e-01
9.999250173568725586e-01
9.999783635139465332e-01
9.999887943267822266e-01
9.999939799308776855e-01
9.999974370002746582e-01
9.999976158142089844e-01
9.999967813491821289e-01
9.999943971633911133e-01
9.999903440475463867e-01
9.999855160713195801e-01
9.999869465827941895e-01
9.999690651893615723e-01
9.999036192893981934e-01
9.972643852233886719e-01
9.928534030914306641e-01
9.933433532714843750e-01
9.947413206100463867e-01
9.974731802940368652e-01
9.991733431816101074e-01
9.998342394828796387e-01
9.998574852943420410e-01
9.995610117912292480e-01
9.978598952293395996e-01
9.944273829460144043e-01
9.884340763092041016e-01
9.761877655982971191e-01
9.615396261215209961e-01
9.791970849037170410e-01
9.928110241889953613e-01
9.973660707473754883e-01
9.987202286720275879e-01
9.980228543281555176e-01
9.656584262847900391e-01
8.996558189392089844e-01
7.184876799583435059e-01
7.197648286819458008e-01
8.974050879478454590e-01
9.445042014122009277e-01
9.252403974533081055e-01
6.135384440422058105e-01
4.433303773403167725e-01
4.784321188926696777e-01
6.407824754714965820e-01
8.544356226921081543e-01
9.383960366249084473e-01
9.969590902328491211e-01
9.982759952545166016e-01
9.987318515777587891e-01
9.986299276351928711e-01
9.989374279975891113e-01
9.983359575271606445e-01
9.939549565315246582e-01
9.762358665466308594e-01
9.451850652694702148e-01
9.404469728469848633e-01
9.439696073532104492e-01
9.626083970069885254e-01
9.783985614776611328e-01
9.898416996002197266e-01
9.718223810195922852e-01
9.406568408012390137e-01
4.991122186183929443e-01
1.511658132076263428e-01
4.563620686531066895e-02
1.087831985205411911e-02
2.682280540466308594e-02
4.305302500724792480e-01
8.235558867454528809e-01
9.152013063430786133e-01
9.716394543647766113e-01
9.884348511695861816e-01
9.952540397644042969e-01
9.988105297088623047e-01
9.992657899856567383e-01
9.989305138587951660e-01
9.971783757209777832e-01
9.937647581100463867e-01
9.894788265228271484e-01
9.622339010238647461e-01
9.443581104278564453e-01
9.592387080192565918e-01
9.748914837837219238e-01
9.911727309226989746e-01
9.964621067047119141e-01
9.991878271102905273e-01
9.995514750480651855e-01
9.996416568756103516e-01
9.993517994880676270e-01
9.982491135597229004e-01
9.968052506446838379e-01
9.930442571640014648e-01
9.849281311035156250e-01
9.666618108749389648e-01
9.688620567321777344e-01
9.851025342941284180e-01
9.937195777893066406e-01
9.939368367195129395e-01
9.599503278732299805e-01
7.394452691078186035e-01
3.085497617721557617e-01
1.140551939606666565e-01
5.901915575989952863e-19
2.334222521527037333e-19
3.376270449731922576e-32
1.314180467376086893e-31
3.176490068435668945e-01
8.167170882225036621e-01
9.323108196258544922e-01
9.998426437377929688e-01
9.997364878654479980e-01
9.995481967926025391e-01
9.992815852165222168e-01
9.992666840553283691e-01
9.993191361427307129e-01
9.994302392005920410e-01
9.996110200881958008e-01
9.999043941497802734e-01
1.000000000000000000e+00
1.000000000000000000e+00
9.980772733688354492e-01
9.118880629539489746e-01
5.764887332916259766e-01
2.915272116661071777e-01
4.857047274708747864e-02
4.760076291859149933e-03
7.248559594154357910e-02
6.533733010292053223e-01
9.956058263778686523e-01
9.989787340164184570e-01
9.999885559082031250e-01
9.999866485595703125e-01
9.999756813049316406e-01
9.999719858169555664e-01
9.999875426292419434e-01
9.999960660934448242e-01
9.999991655349731445e-01
9.999998211860656738e-01
1.000000000000000000e+00
9.999998211860656738e-01
9.999935626983642578e-01
9.999790191650390625e-01
9.996204972267150879e-01
9.990957975387573242e-01
9.928542375564575195e-01
9.795964360237121582e-01
9.492381811141967773e-01
9.218865633010864258e-01
8.967970013618469238e-01
8.694307208061218262e-01
8.200635313987731934e-01
6.469017267227172852e-01
5.831615924835205078e-01
6.617015600204467773e-01
7.950671911239624023e-01
9.487543702125549316e-01
9.710481762886047363e-01
9.882994890213012695e-01
9.933161139488220215e-01
9.893792271614074707e-01
9.789315462112426758e-01
9.665682911872863770e-01
9.564222097396850586e-01
9.609335064888000488e-01
9.716516137123107910e-01
9.905683398246765137e-01
9.959842562675476074e-01
9.959947466850280762e-01
9.887938499450683594e-01
9.817634224891662598e-01
9.751945734024047852e-01
9.761580824851989746e-01
9.829294085502624512e-01
9.893757700920104980e-01
9.953102469444274902e-01
9.982655644416809082e-01
9.999942183494567871e-01
9.999986290931701660e-01
1.000000000000000000e+00
1.000000000000000000e+00
9.999997019767761230e-01
9.999900460243225098e-01
9.999542236328125000e-01
9.985997676849365234e-01
9.961417317390441895e-01
9.474999904632568359e-01
8.777724504470825195e-01
7.135917544364929199e-01
6.858625411987304688e-01
8.709850907325744629e-01
9.583976268768310547e-01
9.980864524841308594e-01
9.906047582626342773e-01
9.286986589431762695e-01
6.970597505569458008e-01
4.156156182289123535e-01
8.721037954092025757e-02
3.283050656318664551e-01
7.004268765449523926e-01
8.792825937271118164e-01
9.933683276176452637e-01
9.898179173469543457e-01
9.519894123077392578e-01
8.945521712303161621e-01
8.659641146659851074e-01
8.543661832809448242e-01
9.017706513404846191e-01
9.401505589485168457e-01
9.684912562370300293e-01
9.580481648445129395e-01
9.287160634994506836e-01
7.158415317535400391e-01
4.696085751056671143e-01
1.507867723703384399e-01
1.416724827140569687e-02
4.091686103492975235e-03
1.584224998950958252e-01
3.642445206642150879e-01
7.223392724990844727e-01
9.455773234367370605e-01
9.860244989395141602e-01
9.985546469688415527e-01
9.992505908012390137e-01
9.974446892738342285e-01
9.938547611236572266e-01
9.852963089942932129e-01
9.863215088844299316e-01
9.956895112991333008e-01
9.985587596893310547e-01
9.998117089271545410e-01
9.999067783355712891e-01
9.999327063560485840e-01
9.998369216918945312e-01
9.971702694892883301e-01
9.930519461631774902e-01
9.906682372093200684e-01
9.898003339767456055e-01
9.947106242179870605e-01
9.971299171447753906e-01
9.967087507247924805e-01
9.962602853775024414e-01
9.958210587501525879e-01
9.964657425880432129e-01
9.974085092544555664e-01
9.990766644477844238e-01
9.998531341552734375e-01
9.999439120292663574e-01
9.999186992645263672e-01
9.998716711997985840e-01
9.998276829719543457e-01
9.998050332069396973e-01
9.998160600662231445e-01
9.997447729110717773e-01
9.996315836906433105e-01
9.950273036956787109e-01
9.431157112121582031e-01
7.136783599853515625e-01
6.233652234077453613e-01
6.818711161613464355e-01
8.290222287178039551e-01
9.934737086296081543e-01
7.545070648193359375e-01
6.186341643333435059e-01
7.243422865867614746e-01
8.405618667602539062e-01
9.646667838096618652e-01
8.625810146331787109e-01
7.392386794090270996e-01
7.778598070144653320e-01
8.374362587928771973e-01
9.302263259887695312e-01
9.760849475860595703e-01
9.976060390472412109e-01
9.995193481445312500e-01
9.998478293418884277e-01
9.996554255485534668e-01
9.996224641799926758e-01
9.997685551643371582e-01
9.998893141746520996e-01
1.000000000000000000e+00
1.000000000000000000e+00
9.989457130432128906e-01
9.951927065849304199e-01
9.910413622856140137e-01
9.865630865097045898e-01
9.719801545143127441e-01
9.580204486846923828e-01
9.721076488494873047e-01
9.845187067985534668e-01
9.940077066421508789e-01
9.979089498519897461e-01
9.985526800155639648e-01
9.985741376876831055e-01
9.986269474029541016e-01
9.991778731346130371e-01
9.993468523025512695e-01
9.990215301513671875e-01
9.985395669937133789e-01
9.979925155639648438e-01
9.990196228027343750e-01
9.998573064804077148e-01
9.999529123306274414e-01
9.995766282081604004e-01
9.987445473670959473e-01
9.978805780410766602e-01
9.970303177833557129e-01
9.966770410537719727e-01
9.917914867401123047e-01
9.769012928009033203e-01
9.224888682365417480e-01
8.391094207763671875e-01
7.904037237167358398e-01
7.531239390373229980e-01
7.567177414894104004e-01
7.637748122215270996e-01
7.766233086585998535e-01
8.177639842033386230e-01
8.749213814735412598e-01
9.264886975288391113e-01
9.697757959365844727e-01
9.757941365242004395e-01
9.754969477653503418e-01
9.670424461364746094e-01
9.597213268280029297e-01
9.528743028640747070e-01
4.234637320041656494e-01
1.730127492919564247e-03
5.802303785458207130e-04
6.954116429369605612e-07
2.060464339592726901e-06
2.629010975360870361e-01
6.049761772155761719e-01
7.390640974044799805e-01
8.434523940086364746e-01
8.742647171020507812e-01
9.201714992523193359e-01
9.784322381019592285e-01
9.942561388015747070e-01
9.998270273208618164e-01
9.994001984596252441e-01
9.948350191116333008e-01
9.822508096694946289e-01
9.326705932617187500e-01
8.587664961814880371e-01
7.813397049903869629e-01
7.241001725196838379e-01
8.107390999794006348e-01
8.619574308395385742e-01
8.571887612342834473e-01
7.735766768455505371e-01
6.475314497947692871e-01
7.502072453498840332e-01
8.681405186653137207e-01
9.523485302925109863e-01
9.998455643653869629e-01
9.997949004173278809e-01
9.996586441993713379e-01
9.994849562644958496e-01
9.970446228981018066e-01
9.840874075889587402e-01
9.335681200027465820e-01
8.929764032363891602e-01
8.632510900497436523e-01
8.857612609863281250e-01
9.268696904182434082e-01
9.162247180938720703e-01
8.853911757469177246e-01
7.963449954986572266e-01
8.094283938407897949e-01
9.178296327590942383e-01
9.675058126449584961e-01
9.991132616996765137e-01
9.995395541191101074e-01
9.977701902389526367e-01
9.907634854316711426e-01
9.583798646926879883e-01
9.054700136184692383e-01
8.295012712478637695e-01
7.397757172584533691e-01
5.356869697570800781e-01
3.236123919486999512e-01
9.506763517856597900e-02
3.277310725025017746e-07
4.577188406074128579e-08
3.442693501710891724e-03
6.057739257812500000e-02
5.938830375671386719e-01
8.670745491981506348e-01
6.739247441291809082e-01
3.974667191505432129e-01
6.907692551612854004e-02
2.552900090813636780e-02
8.029999583959579468e-02
5.186614990234375000e-01
8.348463773727416992e-01
9.544300436973571777e-01
9.984818100929260254e-01
9.997920989990234375e-01
9.999561905860900879e-01
9.999818205833435059e-01
9.999827146530151367e-01
9.999830722808837891e-01
9.999826550483703613e-01
9.999855756759643555e-01
9.999902844429016113e-01
9.999916553497314453e-01
9.999849200248718262e-01
9.999403357505798340e-01
9.990463852882385254e-01
9.970088005065917969e-01
9.797365069389343262e-01
9.552806615829467773e-01
9.585508704185485840e-01
9.659054279327392578e-01
9.823504090309143066e-01
9.907082915306091309e-01
9.888089895248413086e-01
9.918197989463806152e-01
9.969843029975891113e-01
9.975634217262268066e-01
9.978554248809814453e-01
9.979912638664245605e-01
9.984177947044372559e-01
9.991905689239501953e-01
9.996289014816284180e-01
9.999289512634277344e-01
9.998726248741149902e-01
9.895755648612976074e-01
9.411396384239196777e-01
6.729293465614318848e-01
1.495970785617828369e-01
1.019444632796304419e-41
3.279038406520071946e-43
7.123942152411469897e-39
2.335537411272525787e-02
1.304465234279632568e-01
3.823043406009674072e-01
7.982777953147888184e-01
9.187192320823669434e-01
9.255822300910949707e-01
9.289188385009765625e-01
9.356427192687988281e-01
9.547109007835388184e-01
9.635226130485534668e-01
9.608480930328369141e-01
9.428076744079589844e-01
9.188019037246704102e-01
8.597075343132019043e-01
8.222124576568603516e-01
8.649653196334838867e-01
9.146705865859985352e-01
9.722434282302856445e-01
9.885178208351135254e-01
9.885970950126647949e-01
9.690683484077453613e-01
9.510055780410766602e-01
9.405125975608825684e-01
9.285893440246582031e-01
9.150505661964416504e-01
9.214543104171752930e-01
9.359071850776672363e-01
9.656587243080139160e-01
8.724412918090820312e-01
3.078006803989410400e-01
3.663211955995393510e-08
8.411406682284905401e-09
5.325838881020672488e-09
1.292239382166826545e-08
1.323411613702774048e-02
2.458816953003406525e-02
2.547343820333480835e-02
2.692348062992095947e-01
8.173525333404541016e-01
9.899547696113586426e-01
9.947749972343444824e-01
9.941139221191406250e-01
9.828792810440063477e-01
9.254146814346313477e-01
8.083240985870361328e-01
6.112065911293029785e-01
6.215384006500244141e-01
7.329775691032409668e-01
8.585777282714843750e-01
9.678390622138977051e-01
9.879731535911560059e-01
9.998877048492431641e-01
9.999136328697204590e-01
9.996250867843627930e-01
9.991709589958190918e-01
9.992927908897399902e-01
9.994704723358154297e-01
9.995957016944885254e-01
9.988775849342346191e-01
9.968231320381164551e-01
9.972288012504577637e-01
9.990781545639038086e-01
9.869233369827270508e-01
9.710683822631835938e-01
9.428579211235046387e-01
9.128533601760864258e-01
8.796748518943786621e-01
8.692845702171325684e-01
8.738182187080383301e-01
9.136006236076354980e-01
9.573796987533569336e-01
9.786289930343627930e-01
9.932188391685485840e-01
9.944766759872436523e-01
9.953053593635559082e-01
9.958184361457824707e-01
9.955406785011291504e-01
9.952160120010375977e-01
9.970363974571228027e-01
9.985975623130798340e-01
9.995587468147277832e-01
9.996489882469177246e-01
9.990001320838928223e-01
9.988718032836914062e-01
9.989030957221984863e-01
9.995144009590148926e-01
9.999679327011108398e-01
9.999846816062927246e-01
9.999821186065673828e-01
9.999607205390930176e-01
9.996851086616516113e-01
9.993227124214172363e-01
9.990974664688110352e-01
9.989956617355346680e-01
9.993135929107666016e-01
9.995795488357543945e-01
9.997853636741638184e-01
9.989838600158691406e-01
9.977540373802185059e-01
9.978074431419372559e-01
9.397163391113281250e-01
6.188610196113586426e-01
3.295755684375762939e-01
8.353270590305328369e-02
1.785144326277077198e-03
4.446564242243766785e-03
7.382792234420776367e-02
1.342103481292724609e-01
8.666482567787170410e-02
1.272678822278976440e-01
3.167059719562530518e-01
5.835171341896057129e-01
9.000873565673828125e-01
9.732374548912048340e-01
9.993880987167358398e-01
9.986885786056518555e-01
9.983153939247131348e-01
9.986351132392883301e-01
9.991310834884643555e-01
9.997658729553222656e-01
9.983721971511840820e-01
9.961531162261962891e-01
9.843250513076782227e-01
9.685962200164794922e-01
9.421875476837158203e-01
9.157130122184753418e-01
8.891728520393371582e-01
8.856747150421142578e-01
8.904412388801574707e-01
9.415152668952941895e-01
9.845082759857177734e-01
9.914597272872924805e-01
9.925772547721862793e-01
9.863156676292419434e-01
8.427038192749023438e-01
6.337987780570983887e-01
2.988119125366210938e-01
2.904164372012019157e-03
3.808258567005395889e-03
5.514530465006828308e-02
1.884080022573471069e-01
4.217769205570220947e-01
7.181192636489868164e-01
8.427998423576354980e-01
9.318160414695739746e-01
9.702522158622741699e-01
9.962567090988159180e-01
9.950385093688964844e-01
9.523187279701232910e-01
8.753060698509216309e-01
6.960566639900207520e-01
4.879702031612396240e-01
2.754520177841186523e-01
1.000235900282859802e-01
3.860159590840339661e-02
1.150690019130706787e-02
2.182331308722496033e-02
2.015407234430313110e-01
4.509814977645874023e-01
7.165384292602539062e-01
8.519577383995056152e-01
3.567803502082824707e-01
4.781284555792808533e-02
1.465516723692417145e-02
2.373299002647399902e-02
5.706067010760307312e-02
4.684209227561950684e-01
8.971149921417236328e-01
9.405766129493713379e-01
9.722415804862976074e-01
9.799239635467529297e-01
9.860702753067016602e-01
9.910042285919189453e-01
9.947631359100341797e-01
9.981518387794494629e-01
9.988433718681335449e-01
9.993250966072082520e-01
9.991640448570251465e-01
9.991077184677124023e-01
9.991669654846191406e-01
9.992958903312683105e-01
9.994540214538574219e-01
9.995525479316711426e-01
9.996622204780578613e-01
9.998504519462585449e-01
9.998295903205871582e-01
9.994843006134033203e-01
9.964724779129028320e-01
9.918248057365417480e-01
9.495844841003417969e-01
9.012799859046936035e-01
8.610784411430358887e-01
8.519865274429321289e-01
9.152871370315551758e-01
9.596259593963623047e-01
9.870970845222473145e-01
9.945447444915771484e-01
9.954733848571777344e-01
9.763202667236328125e-01
9.460056424140930176e-01
8.746110200881958008e-01
8.113942742347717285e-01
7.588347196578979492e-01
6.563975811004638672e-01
5.285446047782897949e-01
5.131524801254272461e-01
5.218209624290466309e-01
6.080781817436218262e-01
7.062855958938598633e-01
8.276464343070983887e-01
9.171286225318908691e-01
9.817616939544677734e-01
9.973810315132141113e-01
9.996606707572937012e-01
9.989622831344604492e-01
9.983929991722106934e-01
9.982399344444274902e-01
9.983821511268615723e-01
9.988696575164794922e-01
9.986400008201599121e-01
9.980838894844055176e-01
9.981079697608947754e-01
9.982354044914245605e-01
9.986672997474670410e-01
9.990936517715454102e-01
9.995108246803283691e-01
9.997617006301879883e-01
9.998921751976013184e-01
9.997969269752502441e-01
9.994993209838867188e-01
9.937214851379394531e-01
9.879717230796813965e-01
9.823070168495178223e-01
9.820515513420104980e-01
9.878590106964111328e-01
9.907957315444946289e-01
9.924695491790771484e-01
9.943206310272216797e-01
9.962044358253479004e-01
9.981741309165954590e-01
9.995442032814025879e-01
9.998480081558227539e-01
9.999817013740539551e-01
9.999924302101135254e-01
9.999579787254333496e-01
9.984023571014404297e-01
9.307567477226257324e-01
8.460103869438171387e-01
7.077445983886718750e-01
5.361002683639526367e-01
3.257567286491394043e-01
2.639856040477752686e-01
2.706194519996643066e-01
4.825815856456756592e-01
7.070004343986511230e-01
8.711078166961669922e-01
8.080545067787170410e-01
3.133280575275421143e-01
6.634413450956344604e-02
1.186546869575977325e-02
1.355291758531793045e-16
1.291827993554761633e-05
4.409889131784439087e-02
1.631983369588851929e-01
5.486192107200622559e-01
7.408699393272399902e-01
6.849614977836608887e-01
6.877008080482482910e-01
7.212634682655334473e-01
6.659803986549377441e-01
5.764651894569396973e-01
2.771996557712554932e-01
6.076920405030250549e-02
2.861756086349487305e-02
1.761397868394851685e-01
4.847588539123535156e-01
7.289943099021911621e-01
9.509736299514770508e-01
9.380145072937011719e-01
9.190510511398315430e-01
9.188008904457092285e-01
9.339233636856079102e-01
9.728801846504211426e-01
9.914376735687255859e-01
9.968322515487670898e-01
9.966765642166137695e-01
9.952803850173950195e-01
9.923835396766662598e-01
9.906667470932006836e-01
9.923579692840576172e-01
9.943784475326538086e-01
9.967672824859619141e-01
9.852317571640014648e-01
9.672973752021789551e-01
7.229437828063964844e-01
4.857337772846221924e-01
4.948076903820037842e-01
5.507996082305908203e-01
7.026801705360412598e-01
7.713340520858764648e-01
7.704199552536010742e-01
6.777328848838806152e-01
5.557618737220764160e-01
4.962058663368225098e-01
4.370743334293365479e-01
3.716805577278137207e-01
2.682366669178009033e-01
1.076877117156982422e-01
2.981577999889850616e-02
4.446928389370441437e-03
4.213957708998350427e-06
1.988716348932939582e-06
5.576735566137358546e-05
1.112159788608551025e-01
5.554101467132568359e-01
8.469892740249633789e-01
9.609346389770507812e-01
9.986285567283630371e-01
9.994559884071350098e-01
9.996855258941650391e-01
9.998328089714050293e-01
9.999213814735412598e-01
9.999850392341613770e-01
9.999933838844299316e-01
9.998447299003601074e-01
9.995523095130920410e-01
9.926860928535461426e-01
9.834082722663879395e-01
9.826894998550415039e-01
9.836631417274475098e-01
9.910832643508911133e-01
9.962677359580993652e-01
9.975166320800781250e-01
9.958007931709289551e-01
9.918757081031799316e-01
9.405171275138854980e-01
8.760222792625427246e-01
5.860304832458496094e-01
3.180569112300872803e-01
1.440176069736480713e-01
3.470021486282348633e-02
1.772489771246910095e-02
7.388578262180089951e-03
1.120787113904953003e-03
6.310127675533294678e-03
1.337999198585748672e-02
7.201853673905134201e-03
2.184092532843351364e-03
7.724880706518888474e-04
0.000000000000000000e+00
0.000000000000000000e+00
0.000000000000000000e+00
0.000000000000000000e+00
8.144989609718322754e-02
2.032265365123748779e-01
6.658433675765991211e-01
9.980062246322631836e-01
9.993188381195068359e-01
9.999929666519165039e-01
9.999981522560119629e-01
9.999998211860656738e-01
9.999999403953552246e-01
9.999998807907104492e-01
9.999997615814208984e-01
9.999995827674865723e-01
9.999995231628417969e-01
9.999995827674865723e-01
9.999996423721313477e-01
9.999997615814208984e-01
9.999989271163940430e-01
9.999977946281433105e-01
9.999907612800598145e-01
9.999842643737792969e-01
9.999834895133972168e-01
9.999853372573852539e-01
9.999920129776000977e-01
9.999758601188659668e-01
9.999405741691589355e-01
9.948400259017944336e-01
9.880419373512268066e-01
9.176514148712158203e-01
8.445799350738525391e-01
7.742326259613037109e-01
7.533982396125793457e-01
8.207343220710754395e-01
8.810515999794006348e-01
9.359337091445922852e-01
9.576492309570312500e-01
9.692993164062500000e-01
9.830613732337951660e-01
9.949795603752136230e-01
9.978538155555725098e-01
9.996784925460815430e-01
9.997574687004089355e-01
9.998055100440979004e-01
9.998311400413513184e-01
9.995254874229431152e-01
9.991260766983032227e-01
9.703166484832763672e-01
9.378117322921752930e-01
8.911653757095336914e-01
8.834097385406494141e-01
9.378244280815124512e-01
9.711185097694396973e-01
9.894657731056213379e-01
9.564535617828369141e-01
9.096907973289489746e-01
7.949206233024597168e-01
7.132790088653564453e-01
7.758573293685913086e-01
8.527701497077941895e-01
9.521272182464599609e-01
9.951817393302917480e-01
9.989264011383056641e-01
9.998041391372680664e-01
9.999169707298278809e-01
9.998294711112976074e-01
9.993249177932739258e-01
9.970183968544006348e-01
9.820678830146789551e-01
9.471362829208374023e-01
9.091564416885375977e-01
8.690292835235595703e-01
9.213742613792419434e-01
9.988097548484802246e-01
9.999586939811706543e-01
9.999024868011474609e-01
9.996271729469299316e-01
9.992303848266601562e-01
9.986363649368286133e-01
9.987419843673706055e-01
9.993602037429809570e-01
9.995893836021423340e-01
9.997051358222961426e-01
9.947847127914428711e-01
9.895587563514709473e-01
9.835389852523803711e-01
9.837391376495361328e-01
9.947240352630615234e-01
9.996206760406494141e-01
9.998254179954528809e-01
9.990687370300292969e-01
9.980102777481079102e-01
9.930621385574340820e-01
9.894908070564270020e-01
9.945455789566040039e-01
9.982227683067321777e-01
9.993095993995666504e-01
9.997805953025817871e-01
9.997315406799316406e-01
9.995609521865844727e-01
9.993472695350646973e-01
9.993138909339904785e-01
9.993465542793273926e-01
9.997364878654479980e-01
9.998222589492797852e-01
9.992741942405700684e-01
9.987389445304870605e-01
9.982150197029113770e-01
9.984901547431945801e-01
9.990849494934082031e-01
9.994497895240783691e-01
9.997525811195373535e-01
9.997070431709289551e-01
9.992368221282958984e-01
9.977428913116455078e-01
9.968470931053161621e-01
9.965844154357910156e-01
9.976445436477661133e-01
9.993286132812500000e-01
9.997416138648986816e-01
9.999553561210632324e-01
9.999792575836181641e-01
9.999967217445373535e-01
9.999957084655761719e-01
9.999774694442749023e-01
9.999382495880126953e-01
9.999325871467590332e-01
9.999454617500305176e-01
9.999613761901855469e-01
9.999765753746032715e-01
9.999397993087768555e-01
9.998916387557983398e-01
9.998016357421875000e-01
9.995570182800292969e-01
9.990846514701843262e-01
9.927040338516235352e-01
9.823757410049438477e-01
9.318246841430664062e-01
8.706314563751220703e-01
9.259028434753417969e-01
9.759805798530578613e-01
9.887512922286987305e-01
9.975469112396240234e-01
9.992361664772033691e-01
9.999105334281921387e-01
9.997475743293762207e-01
9.997252821922302246e-01
9.997525811195373535e-01
9.998546838760375977e-01
9.999440908432006836e-01
9.998905062675476074e-01
9.998360872268676758e-01
9.997794032096862793e-01
9.997431039810180664e-01
9.997275471687316895e-01
9.996240735054016113e-01
9.994801282882690430e-01
9.993986487388610840e-01
9.993404746055603027e-01
9.995020031929016113e-01
9.996516704559326172e-01
9.997653365135192871e-01
9.995385408401489258e-01
9.988688826560974121e-01
9.877638816833496094e-01
9.702619314193725586e-01
5.601302385330200195e-01
5.538261309266090393e-02
2.376206777989864349e-02
1.572757012176391987e-15
6.086357889473735256e-16
8.786236285232007504e-04
3.277429379522800446e-03
8.358709514141082764e-02
2.270745635032653809e-01
1.805414110422134399e-01
6.775248050689697266e-02
1.957911103963851929e-01
3.662326633930206299e-01
7.268759608268737793e-01
9.839692115783691406e-01
9.942672252655029297e-01
9.997201561927795410e-01
9.998875260353088379e-01
9.999495744705200195e-01
9.999579787254333496e-01
9.999482631683349609e-01
9.999325275421142578e-01
9.998388290405273438e-01
9.996873140335083008e-01
9.993292689323425293e-01
9.990438222885131836e-01
9.988642334938049316e-01
9.988018870353698730e-01
9.988219738006591797e-01
9.991806745529174805e-01
9.996395707130432129e-01
9.996337890625000000e-01
9.996354579925537109e-01
9.998379349708557129e-01
9.999747872352600098e-01
9.999712705612182617e-01
9.998530149459838867e-01
9.996207952499389648e-01
9.980361461639404297e-01
9.958217740058898926e-01
9.566323757171630859e-01
9.075577855110168457e-01
7.792285084724426270e-01
7.054714560508728027e-01
8.147831559181213379e-01
8.945225477218627930e-01
9.324374198913574219e-01
9.647989869117736816e-01
9.934554100036621094e-01
1.000000000000000000e+00
1.000000000000000000e+00
1.000000000000000000e+00
9.995620846748352051e-01
9.962024092674255371e-01
9.948059916496276855e-01
9.977290630340576172e-01
9.994199275970458984e-01
9.998276233673095703e-01
9.999744892120361328e-01
9.999929070472717285e-01
9.999972581863403320e-01
9.999991059303283691e-01
9.999989271163940430e-01
9.999926090240478516e-01
9.999632239341735840e-01
9.998732209205627441e-01
9.996865987777709961e-01
9.994943737983703613e-01
9.992969632148742676e-01
9.974075555801391602e-01
9.949399828910827637e-01
9.971722364425659180e-01
9.995689392089843750e-01
9.998192787170410156e-01
1.000000000000000000e+00
1.000000000000000000e+00
1.000000000000000000e+00
1.000000000000000000e+00
9.961872696876525879e-01
9.901618957519531250e-01
9.823702573776245117e-01
9.741412401199340820e-01
9.216325283050537109e-01
8.785756826400756836e-01
8.886945247650146484e-01
9.082891941070556641e-01
9.466475248336791992e-01
9.669000506401062012e-01
9.700565338134765625e-01
8.825411200523376465e-01
7.544847130775451660e-01
4.062822461128234863e-01
3.899352997541427612e-02
1.711655221879482269e-02
9.397816611453890800e-04
5.247905850410461426e-03
2.210227400064468384e-01
7.635380029678344727e-01
6.901832818984985352e-01
1.420297324657440186e-01
4.676623120758449659e-06
3.696362966820743168e-07
5.771654192358255386e-03
4.814641922712326050e-02
4.666648805141448975e-01
8.023564815521240234e-01
9.070994853973388672e-01
9.704768061637878418e-01
9.804924130439758301e-01
9.856522083282470703e-01
9.876984357833862305e-01
9.861369729042053223e-01
9.835802912712097168e-01
9.814143776893615723e-01
9.806236624717712402e-01
9.889129996299743652e-01
9.955326318740844727e-01
9.982190132141113281e-01
9.991336464881896973e-01
9.980591535568237305e-01
9.939368367195129395e-01
9.881193637847900391e-01
9.896374940872192383e-01
9.928114414215087891e-01
9.954388737678527832e-01
9.976538419723510742e-01
9.977619647979736328e-01
9.979236125946044922e-01
9.981944561004638672e-01
9.981358647346496582e-01
9.977535009384155273e-01
9.973604083061218262e-01
9.969636201858520508e-01
9.974845647811889648e-01
9.981731772422790527e-01
9.984755516052246094e-01
9.986993670463562012e-01
9.985650181770324707e-01
9.972604513168334961e-01
9.937802553176879883e-01
9.875147342681884766e-01
9.786428809165954590e-01
9.802416563034057617e-01
9.865868091583251953e-01
9.715842008590698242e-01
9.537239670753479004e-01
9.598056674003601074e-01
9.679450392723083496e-01
9.846899509429931641e-01
9.955809712409973145e-01
9.962127208709716797e-01
9.519385099411010742e-01
8.680236935615539551e-01
5.298855900764465332e-01
8.100346475839614868e-02
1.689195819199085236e-02
1.254570018500089645e-02
5.600096657872200012e-03
1.701364453765563667e-05
6.592458703380543739e-06
1.870493759881242113e-09
6.995666712583670233e-09
4.612306132912635803e-02
1.329035609960556030e-01
4.691856503486633301e-01
9.110817313194274902e-01
9.825095534324645996e-01
9.956015944480895996e-01
9.888306260108947754e-01
9.818965792655944824e-01
9.743157029151916504e-01
9.696767926216125488e-01
9.702720046043395996e-01
9.377214312553405762e-01
8.752520680427551270e-01
5.674408674240112305e-01
1.491743177175521851e-01
4.767158627510070801e-02
1.575211247789413960e-14
6.120603833871876565e-14
8.818277054747913901e-14
3.467282952179968902e-14
4.311077854342186468e-27
1.409114058641207003e-27
1.440694894112859448e-12
4.234443524986364338e-12
3.473539618426002562e-05
8.593132224632427096e-05
1.990399509668350220e-01
4.363665878772735596e-01
7.384518384933471680e-01
9.898099303245544434e-01
9.834632873535156250e-01
9.135093092918395996e-01
7.137724161148071289e-01
4.547770321369171143e-01
1.334205120801925659e-01
1.852062903344631195e-02
1.181817892938852310e-02
9.066599607467651367e-02
1.882478147745132446e-01
5.320611000061035156e-01
8.236885070800781250e-01
7.666428685188293457e-01
7.091193199157714844e-01
6.506332755088806152e-01
6.699988245964050293e-01
7.799467444419860840e-01
8.809123039245605469e-01
9.762564301490783691e-01
9.979435801506042480e-01
9.994099736213684082e-01
9.997274875640869141e-01
9.999517202377319336e-01
9.999484419822692871e-01
9.998565912246704102e-01
9.995187520980834961e-01
9.989240169525146484e-01
9.979786872863769531e-01
9.973830580711364746e-01
9.970368146896362305e-01
9.963459372520446777e-01
9.955377578735351562e-01
9.952717423439025879e-01
9.951864480972290039e-01
9.969687461853027344e-01
9.985077381134033203e-01
9.991577267646789551e-01
9.990845322608947754e-01
9.978086948394775391e-01
9.963332414627075195e-01
9.946776032447814941e-01
9.925170540809631348e-01
9.901254773139953613e-01
9.800994396209716797e-01
9.687792062759399414e-01
9.581481218338012695e-01
9.385681748390197754e-01
8.729493021965026855e-01
8.457273840904235840e-01
8.995478153228759766e-01
8.060827851295471191e-01
5.513430237770080566e-01
5.438354611396789551e-01
6.806099414825439453e-01
8.259168267250061035e-01
9.739493727684020996e-01
9.908695816993713379e-01
9.993127584457397461e-01
9.994253516197204590e-01
9.992487430572509766e-01
9.982341527938842773e-01
9.433215260505676270e-01
8.112006783485412598e-01
5.221486687660217285e-01
1.142876669764518738e-01
3.019662290171254426e-05
3.383761622899328358e-06
1.793192438981350278e-07
5.519627848116215318e-07
6.314435722742928192e-06
1.152192853624001145e-04
6.813734653405845165e-04
8.707263623364269733e-04
3.163733927067369223e-04
5.553865776164457202e-05
9.669874270912259817e-05
2.899230457842350006e-02
7.382970303297042847e-02
3.914293944835662842e-01
7.762429714202880859e-01
6.237105727195739746e-01
4.369672238826751709e-01
1.862952709197998047e-01
2.176478344666317083e-22
1.042847762437055983e-21
5.305397280608303845e-06
1.827110099839046597e-05
2.848970293998718262e-01
7.939975261688232422e-01
9.626103639602661133e-01
9.945275187492370605e-01
9.993780255317687988e-01
9.999862313270568848e-01
9.999448060989379883e-01
9.919040799140930176e-01
9.441025853157043457e-01
8.711076378822326660e-01
7.436469793319702148e-01
6.742886304855346680e-01
6.706982254981994629e-01
7.731505632400512695e-01
9.407423138618469238e-01
9.867692589759826660e-01
9.957294464111328125e-01
9.978086948394775391e-01
9.992061257362365723e-01
9.995827078819274902e-01
9.998760223388671875e-01
9.998640418052673340e-01
9.998263716697692871e-01
9.997438788414001465e-01
9.996409416198730469e-01
9.995183944702148438e-01
9.995679259300231934e-01
9.997037649154663086e-01
9.998075962066650391e-01
9.999036788940429688e-01
9.997974038124084473e-01
9.996799826622009277e-01
9.995427727699279785e-01
9.993586540222167969e-01
9.990392923355102539e-01
9.984144568443298340e-01
9.973356723785400391e-01
9.973531961441040039e-01
9.982686638832092285e-01
9.990918636322021484e-01
9.998777508735656738e-01
9.981441497802734375e-01
9.959518313407897949e-01
9.860494136810302734e-01
9.750613570213317871e-01
9.574706554412841797e-01
9.514545202255249023e-01
9.746211767196655273e-01
9.905232787132263184e-01
9.966275095939636230e-01
9.994719028472900391e-01
9.998707175254821777e-01
9.999603033065795898e-01
9.999290704727172852e-01
9.989024996757507324e-01
9.977278113365173340e-01
9.980216622352600098e-01
9.983969926834106445e-01
9.992291331291198730e-01
9.998421072959899902e-01
9.999435544013977051e-01
9.999983906745910645e-01
9.999948143959045410e-01
9.999843239784240723e-01
9.999690055847167969e-01
9.999732375144958496e-01
9.999846816062927246e-01
9.999502301216125488e-01
9.999015927314758301e-01
9.994047284126281738e-01
9.987605810165405273e-01
9.973421692848205566e-01
9.968501329421997070e-01
9.984956979751586914e-01
9.995468258857727051e-01
9.998618960380554199e-01
9.999846220016479492e-01
9.999730587005615234e-01
9.991478323936462402e-01
9.980261921882629395e-01
9.940805435180664062e-01
9.898669123649597168e-01
9.953528642654418945e-01
1.000000000000000000e+00
1.000000000000000000e+00
9.469031095504760742e-01
7.670141458511352539e-01
5.792716145515441895e-01
3.803355097770690918e-01
2.278521656990051270e-01
1.087826862931251526e-01
5.477005615830421448e-02
2.635480277240276337e-02
2.921890914440155029e-01
6.058139204978942871e-01
8.125578165054321289e-01
9.908165931701660156e-01
9.961427450180053711e-01
9.999949336051940918e-01
9.999980330467224121e-01
9.996867775917053223e-01
9.989351034164428711e-01
9.971048831939697266e-01
9.944046139717102051e-01
9.899334907531738281e-01
9.846659898757934570e-01
9.665995240211486816e-01
9.460120797157287598e-01
8.516687750816345215e-01
7.223290801048278809e-01
3.216129541397094727e-01
1.785249263048171997e-02
6.796697154641151428e-03
6.195144806042662822e-07
2.217509745605639182e-06
7.203030586242675781e-02
2.097631543874740601e-01
2.251805961132049561e-01
1.776892542839050293e-01
9.642622619867324829e-02
6.263525690883398056e-03
1.992424279451370239e-01
4.188464879989624023e-01
7.290406823158264160e-01
9.780611395835876465e-01
9.912091493606567383e-01
9.998676776885986328e-01
9.998669028282165527e-01
9.997576475143432617e-01
9.995301365852355957e-01
9.994003772735595703e-01
9.993327260017395020e-01
9.995629787445068359e-01
9.998935461044311523e-01
9.999063611030578613e-01
9.998772144317626953e-01
9.998423457145690918e-01
9.998106956481933594e-01
9.997966885566711426e-01
9.997822046279907227e-01
9.997664093971252441e-01
9.997676014900207520e-01
9.997920393943786621e-01
9.998304247856140137e-01
9.998798370361328125e-01
9.998881816864013672e-01
9.998778104782104492e-01
9.997831583023071289e-01
9.996700882911682129e-01
9.995567202568054199e-01
9.993491768836975098e-01
9.981812238693237305e-01
9.928136467933654785e-01
9.725583791732788086e-01
8.835173845291137695e-01
6.673157215118408203e-01
4.116334915161132812e-01
1.147302538156509399e-01
2.921642444562166929e-04
6.313193443929776549e-05
9.860500693321228027e-03
2.305213920772075653e-02
8.675996959209442139e-02
1.601855754852294922e-01
4.574234485626220703e-01
7.298017144203186035e-01
8.487134575843811035e-01
9.429675936698913574e-01
9.727002382278442383e-01
9.729369878768920898e-01
9.295243620872497559e-01
8.347746133804321289e-01
6.955142617225646973e-01
6.677215099334716797e-01
6.967574357986450195e-01
7.751315832138061523e-01
8.664643168449401855e-01
8.877656459808349609e-01
9.021450281143188477e-01
8.958956599235534668e-01
8.976764678955078125e-01
9.358033537864685059e-01
9.679331779479980469e-01
9.870303869247436523e-01
9.947340488433837891e-01
9.879997968673706055e-01
9.771137237548828125e-01
9.631102681159973145e-01
9.649515151977539062e-01
9.737378954887390137e-01
9.612493515014648438e-01
9.441372156143188477e-01
8.916813731193542480e-01
8.451965451240539551e-01
8.935854434967041016e-01
9.394373297691345215e-01
9.749128222465515137e-01
9.975057840347290039e-01
9.942439794540405273e-01
9.343497753143310547e-01
8.071198463439941406e-01
5.577295422554016113e-01
2.228182256221771240e-01
1.567201465368270874e-01
1.998189687728881836e-01
4.434335231781005859e-01
7.263258099555969238e-01
8.696398138999938965e-01
9.960151910781860352e-01
9.981300830841064453e-01
9.998192787170410156e-01
9.999098181724548340e-01
9.998622536659240723e-01
9.995433688163757324e-01
9.994456768035888672e-01
9.996045231819152832e-01
9.773101210594177246e-01
9.394059777259826660e-01
9.191434383392333984e-01
9.060499668121337891e-01
9.370784759521484375e-01
9.766673445701599121e-01
9.837206006050109863e-01
9.886265993118286133e-01
9.839330315589904785e-01
9.771211743354797363e-01
9.622325301170349121e-01
9.386709332466125488e-01
8.973237276077270508e-01
8.899219632148742676e-01
9.235444068908691406e-01
9.518519043922424316e-01
9.761902093887329102e-01
9.873946905136108398e-01
9.928894042968750000e-01
9.963272809982299805e-01
9.993129372596740723e-01
9.983546137809753418e-01
9.971139430999755859e-01
9.951530694961547852e-01
9.937765598297119141e-01
9.949718713760375977e-01
9.963601231575012207e-01
9.981949925422668457e-01
9.994012713432312012e-01
9.997718930244445801e-01
9.999368786811828613e-01
9.999325871467590332e-01
9.999240636825561523e-01
9.999134540557861328e-01
9.999005198478698730e-01
9.998868703842163086e-01
9.997482299804687500e-01
9.995681643486022949e-01
9.984869956970214844e-01
9.973939657211303711e-01
9.962487220764160156e-01
9.956588745117187500e-01
9.965736865997314453e-01
9.962430000305175781e-01
9.939365983009338379e-01
9.881108403205871582e-01
9.788727760314941406e-01
9.631547927856445312e-01
9.435896873474121094e-01
9.245612025260925293e-01
9.057365059852600098e-01
9.391444325447082520e-01
9.810633659362792969e-01
9.811980128288269043e-01
9.766649007797241211e-01
9.369120597839355469e-01
9.032375216484069824e-01
8.913533091545104980e-01
8.982555270195007324e-01
9.430670738220214844e-01
9.711518883705139160e-01
9.786645174026489258e-01
9.814078211784362793e-01
9.804531931877136230e-01
9.848264455795288086e-01
9.917143583297729492e-01
9.958924055099487305e-01
9.993920922279357910e-01
9.997179508209228516e-01
9.997117519378662109e-01
9.987201094627380371e-01
9.975684881210327148e-01
9.954445958137512207e-01
9.889460206031799316e-01
9.699006676673889160e-01
8.996481299400329590e-01
7.448879480361938477e-01
6.045743823051452637e-01
4.800257384777069092e-01
5.203207731246948242e-01
6.694561839103698730e-01
8.052628040313720703e-01
9.362905621528625488e-01
9.742424488067626953e-01
9.934140443801879883e-01
9.941620826721191406e-01
9.939764142036437988e-01
9.960438013076782227e-01
9.979406595230102539e-01
9.990431070327758789e-01
9.998375773429870605e-01
9.998673796653747559e-01
9.984359741210937500e-01
9.948247075080871582e-01
9.895387291908264160e-01
9.826645255088806152e-01
9.818065166473388672e-01
9.845642447471618652e-01
9.897478222846984863e-01
9.958205819129943848e-01
9.980984926223754883e-01
9.996880292892456055e-01
9.997568726539611816e-01
9.997676610946655273e-01
9.998942613601684570e-01
9.999940395355224609e-01
9.999737143516540527e-01
9.998109936714172363e-01
9.993067383766174316e-01
9.989623427391052246e-01
9.988551139831542969e-01
9.990599155426025391e-01
9.995584487915039062e-01
9.998222589492797852e-01
9.999461770057678223e-01
9.998524188995361328e-01
9.996803402900695801e-01
9.996566772460937500e-01
9.996606707572937012e-01
9.998317360877990723e-01
1.000000000000000000e+00
1.000000000000000000e+00
9.999203085899353027e-01
9.994565844535827637e-01
9.991012811660766602e-01
9.990271925926208496e-01
9.990760684013366699e-01
9.993176460266113281e-01
9.991209506988525391e-01
9.984827041625976562e-01
9.977977871894836426e-01
9.970843791961669922e-01
9.972966313362121582e-01
9.978814721107482910e-01
9.985713362693786621e-01
9.992840886116027832e-01
9.995035529136657715e-01
9.996825456619262695e-01
9.997960925102233887e-01
9.998911023139953613e-01
9.998707771301269531e-01
9.998610019683837891e-01
9.998834133148193359e-01
9.999168515205383301e-01
9.999708533287048340e-01
1.000000000000000000e+00
1.000000000000000000e+00
1.000000000000000000e+00
1.000000000000000000e+00
9.984925985336303711e-01
9.962431192398071289e-01
9.888169765472412109e-01
9.798735380172729492e-01
9.676969051361083984e-01
9.550471305847167969e-01
6.885618567466735840e-01
4.281149804592132568e-01
2.626841962337493896e-01
1.577726602554321289e-01
3.041041493415832520e-01
4.976729154586791992e-01
8.010765910148620605e-01
9.861483573913574219e-01
9.950825572013854980e-01
9.995788335800170898e-01
9.997461438179016113e-01
9.998497366905212402e-01
9.999132752418518066e-01
9.999571442604064941e-01
9.999933242797851562e-01
1.000000000000000000e+00
1.000000000000000000e+00
1.000000000000000000e+00
9.999970793724060059e-01
9.998421072959899902e-01
9.997158050537109375e-01
9.997940063476562500e-01
9.998707771301269531e-01
9.999418258666992188e-01
9.999907612800598145e-01
9.999936819076538086e-01
9.998427033424377441e-01
9.994863867759704590e-01
9.746163487434387207e-01
9.279324412345886230e-01
6.153963208198547363e-01
1.486778855323791504e-01
1.398670114576816559e-02
2.031900919973850250e-03
2.262613452330697328e-05
4.987129796063527465e-05
2.554149925708770752e-01
5.291448831558227539e-01
7.771216630935668945e-01
9.934452176094055176e-01
9.971564412117004395e-01
9.988666176795959473e-01
9.939677715301513672e-01
9.869094491004943848e-01
9.754498004913330078e-01
9.646458625793457031e-01
9.547245502471923828e-01
9.485474228858947754e-01
9.457163214683532715e-01
9.527802467346191406e-01
9.657256007194519043e-01
9.787165522575378418e-01
9.917684197425842285e-01
9.962186813354492188e-01
9.988413453102111816e-01
9.992849826812744141e-01
9.995383620262145996e-01
9.996086359024047852e-01
9.996238350868225098e-01
9.992198348045349121e-01
9.985661506652832031e-01
9.970058798789978027e-01
9.950283765792846680e-01
9.921481013298034668e-01
9.824779629707336426e-01
9.629752039909362793e-01
9.018762111663818359e-01
7.995661497116088867e-01
6.488019824028015137e-01
4.649896025657653809e-01
3.524229526519775391e-01
2.713668048381805420e-01
3.313891887664794922e-01
4.288726150989532471e-01
6.618939042091369629e-01
9.126634001731872559e-01
8.977367281913757324e-01
8.451718688011169434e-01
3.977712988853454590e-01
4.862467199563980103e-02
1.828286796808242798e-01
3.617932498455047607e-01
6.661534905433654785e-01
8.801159262657165527e-01
9.337289929389953613e-01
9.639854431152343750e-01
9.659842848777770996e-01
9.719700813293457031e-01
9.812558293342590332e-01
9.857397079467773438e-01
9.874827265739440918e-01
9.709421992301940918e-01
9.476549625396728516e-01
5.360034108161926270e-01
4.067901149392127991e-02
0.000000000000000000e+00
1.197104637640222791e-08
1.157767883341875859e-06
8.206835947930812836e-03
8.784697204828262329e-02
1.638142615556716919e-01
2.246306836605072021e-01
2.948128879070281982e-01
3.876550197601318359e-01
4.788246452808380127e-01
5.668624043464660645e-01
6.355469822883605957e-01
6.826871633529663086e-01
7.754301428794860840e-01
