9.769238829612731934e-01
9.993188977241516113e-01
9.989981055259704590e-01
9.940456151962280273e-01
9.650464653968811035e-01
9.014562964439392090e-01
6.832375526428222656e-01
5.235958099365234375e-01
4.533943831920623779e-01
8.067321777343750000e-01
9.987982511520385742e-01
9.998943209648132324e-01
9.990956783294677734e-01
9.982597231864929199e-01
9.974495172500610352e-01
9.981006383895874023e-01
9.988416433334350586e-01
9.996046423912048340e-01
9.997608661651611328e-01
9.998722672462463379e-01
9.999472498893737793e-01
9.999752640724182129e-01
9.999904036521911621e-01
9.999970197677612305e-01
9.999979138374328613e-01
9.999425411224365234e-01
9.997297525405883789e-01
9.989377260208129883e-01
9.980621933937072754e-01
9.976513981819152832e-01
9.990415573120117188e-01
9.996514916419982910e-01
9.998501539230346680e-01
9.996654391288757324e-01
9.976083040237426758e-01
9.923135638236999512e-01
9.803044199943542480e-01
9.655506610870361328e-01
9.582241177558898926e-01
9.685003757476806641e-01
9.845244884490966797e-01
9.963256716728210449e-01
9.979636073112487793e-01
9.858657121658325195e-01
9.519862532615661621e-01
8.858585357666015625e-01
8.358462452888488770e-01
8.603457212448120117e-01
9.902176260948181152e-01
9.844219088554382324e-01
9.798700213432312012e-01
9.910655021667480469e-01
9.966844916343688965e-01
9.995576143264770508e-01
9.996020197868347168e-01
9.994940161705017090e-01
9.993676543235778809e-01
9.992277622222900391e-01
9.993789792060852051e-01
9.995514750480651855e-01
9.997372627258300781e-01
9.997549057006835938e-01
9.998280405998229980e-01
9.999418258666992188e-01
9.999826550483703613e-01
1.000000000000000000e+00
9.999917149543762207e-01
9.998975992202758789e-01
9.998844265937805176e-01
9.999197125434875488e-01
9.999122619628906250e-01
9.999276995658874512e-01
9.999549984931945801e-01
9.999700784683227539e-01
9.998001456260681152e-01
9.929633140563964844e-01
9.523808956146240234e-01
8.568117022514343262e-01
7.844356298446655273e-01
9.293513298034667969e-01
9.850667119026184082e-01
9.986791014671325684e-01
9.996676445007324219e-01
9.999726414680480957e-01
9.999583363533020020e-01
9.997763037681579590e-01
9.995900392532348633e-01
9.994550943374633789e-01
9.994795322418212891e-01
9.986231327056884766e-01
9.966013431549072266e-01
9.921882152557373047e-01
9.898046255111694336e-01
9.899660348892211914e-01
9.949629306793212891e-01
9.977452754974365234e-01
9.993715882301330566e-01
9.996500015258789062e-01
9.997677803039550781e-01
9.995357990264892578e-01
9.986553192138671875e-01
9.895108342170715332e-01
9.747968912124633789e-01
9.525307416915893555e-01
9.276146292686462402e-01
7.357303500175476074e-01
2.498001009225845337e-01
7.776460796594619751e-02
6.871476165848378059e-10
7.143354657790368378e-11
1.576417684555053711e-02
2.741786241531372070e-01
9.071499705314636230e-01
9.883005023002624512e-01
9.991157650947570801e-01
9.986067414283752441e-01
9.981648325920104980e-01
9.981469511985778809e-01
9.987051486968994141e-01
9.992258548736572266e-01
9.996291995048522949e-01
9.998838901519775391e-01
9.994860887527465820e-01
9.972640275955200195e-01
9.928402900695800781e-01
9.914767742156982422e-01
9.934464097023010254e-01
9.991768002510070801e-01
9.997560977935791016e-01
9.999501109123229980e-01
9.999291896820068359e-01
9.997425079345703125e-01
9.988931417465209961e-01
9.973322153091430664e-01
9.920476675033569336e-01
9.917449951171875000e-01
9.966370463371276855e-01
9.982091784477233887e-01
9.985399246215820312e-01
9.976506829261779785e-01
9.982796907424926758e-01
9.989271759986877441e-01
9.995862245559692383e-01
9.997452497482299805e-01
9.998807907104492188e-01
9.999915957450866699e-01
9.999663233757019043e-01
9.998539090156555176e-01
9.996519684791564941e-01
9.990963339805603027e-01
9.989147186279296875e-01
9.990760684013366699e-01
9.996117949485778809e-01
9.985550642013549805e-01
9.808338880538940430e-01
5.764267444610595703e-01
2.496734410524368286e-01
2.664275599247879482e-19
8.323656132770573329e-20
7.248978306506614899e-09
3.138117119669914246e-02
6.988111138343811035e-01
9.842199683189392090e-01
9.572221040725708008e-01
9.639838337898254395e-01
9.791021943092346191e-01
9.998984932899475098e-01
9.999551773071289062e-01
9.999669194221496582e-01
9.999358057975769043e-01
9.997935295104980469e-01
9.994685649871826172e-01
9.990207552909851074e-01
9.989821910858154297e-01
9.987535476684570312e-01
9.981815218925476074e-01
9.944594502449035645e-01
9.937006235122680664e-01
9.953925609588623047e-01
9.985828995704650879e-01
9.998281002044677734e-01
9.995174407958984375e-01
9.991820454597473145e-01
9.993769526481628418e-01
9.999656677246093750e-01
9.999822378158569336e-01
9.999837875366210938e-01
9.999672174453735352e-01
9.998422861099243164e-01
9.994783997535705566e-01
9.989308118820190430e-01
9.985858201980590820e-01
9.988670349121093750e-01
9.996387362480163574e-01
9.998190402984619141e-01
9.999370574951171875e-01
9.999886155128479004e-01
9.997082352638244629e-01
9.976747632026672363e-01
9.934838414192199707e-01
9.718929529190063477e-01
9.010158777236938477e-01
7.760661244392395020e-01
3.079516291618347168e-01
6.802979111671447754e-02
4.160947352647781372e-02
4.488135874271392822e-01
7.413045763969421387e-01
9.233776926994323730e-01
8.176235556602478027e-01
7.032675743103027344e-01
5.839865207672119141e-01
7.943370342254638672e-01
9.315042495727539062e-01
9.967274069786071777e-01
9.988071918487548828e-01
9.998179078102111816e-01
9.997503757476806641e-01
9.991933107376098633e-01
9.987850189208984375e-01
9.985343217849731445e-01
9.993944168090820312e-01
9.998505711555480957e-01
9.998445510864257812e-01
9.993628263473510742e-01
9.989870786666870117e-01
9.987478256225585938e-01
9.993582963943481445e-01
9.997895956039428711e-01
9.999634027481079102e-01
9.999669194221496582e-01
9.996252655982971191e-01
9.988615512847900391e-01
9.957197904586791992e-01
9.933794140815734863e-01
9.923023581504821777e-01
9.961872696876525879e-01
9.984059929847717285e-01
9.976920485496520996e-01
9.971761107444763184e-01
9.973695874214172363e-01
9.985950589179992676e-01
9.987263083457946777e-01
9.928226470947265625e-01
9.775303602218627930e-01
9.728615283966064453e-01
9.761943221092224121e-01
9.906278848648071289e-01
9.966999888420104980e-01
9.993171095848083496e-01
9.980821013450622559e-01
9.987012147903442383e-01
9.961686730384826660e-01
9.866822957992553711e-01
9.888142347335815430e-01
9.915557503700256348e-01
9.903682470321655273e-01
8.945751190185546875e-01
7.401707172393798828e-01
5.018587708473205566e-01
5.845542550086975098e-01
7.508267164230346680e-01
9.128989577293395996e-01
9.742560982704162598e-01
9.977259635925292969e-01
9.991896152496337891e-01
9.997405409812927246e-01
9.988012909889221191e-01
9.940704703330993652e-01
9.953727722167968750e-01
9.983973503112792969e-01
9.995442032814025879e-01
9.999337792396545410e-01
9.999606609344482422e-01
9.997894167900085449e-01
9.993577003479003906e-01
9.989746212959289551e-01
9.993861913681030273e-01
9.996987581253051758e-01
9.999274015426635742e-01
9.999703168869018555e-01
9.999889135360717773e-01
9.999930858612060547e-01
9.999924302101135254e-01
9.999883770942687988e-01
9.999511241912841797e-01
9.996379017829895020e-01
9.542773962020874023e-01
8.518029451370239258e-01
4.436400234699249268e-01
2.868028581142425537e-01
3.410277366638183594e-01
7.186402678489685059e-01
9.180855154991149902e-01
9.622142910957336426e-01
9.774219989776611328e-01
9.890372753143310547e-01
9.971724152565002441e-01
9.975965023040771484e-01
9.968577027320861816e-01
9.949157834053039551e-01
9.603486061096191406e-01
7.645056843757629395e-01
3.737576007843017578e-01
1.916915178298950195e-01
1.275244057178497314e-01
2.055594176054000854e-01
5.734463930130004883e-01
8.465154767036437988e-01
9.250357747077941895e-01
9.585732221603393555e-01
9.811469912528991699e-01
9.955601096153259277e-01
9.986024498939514160e-01
9.993689060211181641e-01
9.997994899749755859e-01
9.998869299888610840e-01
9.981684684753417969e-01
9.923408031463623047e-01
9.661868214607238770e-01
9.403566718101501465e-01
9.313621520996093750e-01
9.627259969711303711e-01
9.979079365730285645e-01
9.995033144950866699e-01
9.999709725379943848e-01
9.999682307243347168e-01
9.999078512191772461e-01
9.998272657394409180e-01
9.997581839561462402e-01
9.997987747192382812e-01
9.998785257339477539e-01
9.999696612358093262e-01
9.999871253967285156e-01
9.999942183494567871e-01
9.999944567680358887e-01
9.999939203262329102e-01
9.999701380729675293e-01
9.998853802680969238e-01
9.989976286888122559e-01
9.980806708335876465e-01
9.971587061882019043e-01
9.978355169296264648e-01
9.985632896423339844e-01
9.993414282798767090e-01
9.995359778404235840e-01
9.997178316116333008e-01
9.999019503593444824e-01
9.962645769119262695e-01
9.899681210517883301e-01
9.803045988082885742e-01
9.872221350669860840e-01
9.943581819534301758e-01
9.986355900764465332e-01
9.996129274368286133e-01
9.999073743820190430e-01
9.999576807022094727e-01
9.999537467956542969e-01
9.998754858970642090e-01
9.996476769447326660e-01
9.996187686920166016e-01
9.996886849403381348e-01
9.998777508735656738e-01
9.999610185623168945e-01
9.999857544898986816e-01
9.999378323554992676e-01
9.987613558769226074e-01
9.955247044563293457e-01
9.842464327812194824e-01
9.791911840438842773e-01
9.791712164878845215e-01
9.907620549201965332e-01
9.970591664314270020e-01
9.995656013488769531e-01
9.998610615730285645e-01
9.999956488609313965e-01
9.999947547912597656e-01
9.998599290847778320e-01
9.993751049041748047e-01
9.985448122024536133e-01
9.994727969169616699e-01
1.000000000000000000e+00
1.000000000000000000e+00
1.000000000000000000e+00
9.985405206680297852e-01
9.949536323547363281e-01
9.953179955482482910e-01
9.945805072784423828e-01
9.909222126007080078e-01
9.898772835731506348e-01
9.912179112434387207e-01
9.967073798179626465e-01
9.988608956336975098e-01
9.997413158416748047e-01
9.995952248573303223e-01
9.994204640388488770e-01
9.993024468421936035e-01
9.994404315948486328e-01
9.996819496154785156e-01
9.999334812164306641e-01
9.999820590019226074e-01
1.000000000000000000e+00
1.000000000000000000e+00
1.000000000000000000e+00
9.999550580978393555e-01
9.998804926872253418e-01
9.998601078987121582e-01
9.996051788330078125e-01
9.991375207901000977e-01
9.993842840194702148e-01
9.996331930160522461e-01
9.998834133148193359e-01
9.999172687530517578e-01
9.998226761817932129e-01
9.995666742324829102e-01
9.971984028816223145e-01
9.961380958557128906e-01
9.978497028350830078e-01
9.990060329437255859e-01
9.997808933258056641e-01
9.999491572380065918e-01
9.999933838844299316e-01
9.999993443489074707e-01
9.999966025352478027e-01
9.999386072158813477e-01
9.998824596405029297e-01
9.999249577522277832e-01
9.999573826789855957e-01
9.998464584350585938e-01
9.988364577293395996e-01
9.753989577293395996e-01
9.198094010353088379e-01
6.468968987464904785e-01
5.796120762825012207e-01
6.846618056297302246e-01
8.361620306968688965e-01
9.371706843376159668e-01
9.844734668731689453e-01
9.949833154678344727e-01
9.997434616088867188e-01
9.991379380226135254e-01
9.987796545028686523e-01
9.987386465072631836e-01
9.992061853408813477e-01
9.962077736854553223e-01
9.912034273147583008e-01
9.831632971763610840e-01
9.824628829956054688e-01
9.855762720108032227e-01
9.938088655471801758e-01
9.951659440994262695e-01
9.936771988868713379e-01
9.922263026237487793e-01
9.923896789550781250e-01
9.935353994369506836e-01
9.953411817550659180e-01
9.975714087486267090e-01
9.997908473014831543e-01
9.950731992721557617e-01
9.946336150169372559e-01
9.982514977455139160e-01
9.987064599990844727e-01
9.983079433441162109e-01
9.969328641891479492e-01
9.730155467987060547e-01
7.836222648620605469e-01
3.280422985553741455e-01
1.167300492525100708e-01
5.263829231262207031e-02
2.151433378458023071e-01
5.978510975837707520e-01
9.452413916587829590e-01
9.873672723770141602e-01
9.848790168762207031e-01
9.079572558403015137e-01
5.672578215599060059e-01
4.668006896972656250e-01
5.230710506439208984e-01
7.661489844322204590e-01
9.183101654052734375e-01
9.994867444038391113e-01
9.998112916946411133e-01
9.999711513519287109e-01
9.999651908874511719e-01
9.991438388824462891e-01
9.967458248138427734e-01
9.922736883163452148e-01
9.544321298599243164e-01
9.284113049507141113e-01
9.313701391220092773e-01
9.630773067474365234e-01
9.921159148216247559e-01
9.983344078063964844e-01
9.990772008895874023e-01
9.941464066505432129e-01
9.748068451881408691e-01
9.484518766403198242e-01
9.017006158828735352e-01
7.445296049118041992e-01
5.665364265441894531e-01
3.884077072143554688e-01
4.350898861885070801e-01
4.839804172515869141e-01
5.349630713462829590e-01
7.602645158767700195e-01
9.190916419029235840e-01
9.921248555183410645e-01
9.956378936767578125e-01
9.892387986183166504e-01
9.779218435287475586e-01
9.808619022369384766e-01
9.877777099609375000e-01
9.972797632217407227e-01
9.987485408782958984e-01
9.973084926605224609e-01
9.949616193771362305e-01
9.954088926315307617e-01
9.109044671058654785e-01
2.628767490386962891e-01
1.050127111375331879e-02
4.569800943136215210e-02
3.957372307777404785e-01
6.158241033554077148e-01
7.131329178810119629e-01
3.374668061733245850e-01
2.333559989929199219e-01
5.017732381820678711e-01
6.123071908950805664e-01
5.184418559074401855e-01
8.265898376703262329e-02
2.338318852707743645e-03
9.866259247064590454e-02
4.487657845020294189e-01
7.532378435134887695e-01
9.878351092338562012e-01
9.962621331214904785e-01
9.989885687828063965e-01
9.940887689590454102e-01
9.500113129615783691e-01
8.883125782012939453e-01
8.145077824592590332e-01
8.297502994537353516e-01
8.766945004463195801e-01
9.586700201034545898e-01
9.852794408798217773e-01
9.992826581001281738e-01
9.997359514236450195e-01
9.993048310279846191e-01
9.816519618034362793e-01
9.254134893417358398e-01
7.091284394264221191e-01
5.286268591880798340e-01
6.522279381752014160e-01
7.570341229438781738e-01
7.989249229431152344e-01
4.832355380058288574e-01
2.500418424606323242e-01
9.798196703195571899e-02
4.828633666038513184e-01
7.772022485733032227e-01
9.803830385208129883e-01
9.944460391998291016e-01
9.648389220237731934e-01
8.854107260704040527e-01
3.859428465366363525e-01
1.232906470249872655e-05
2.293009629283915274e-06
5.931786745350109413e-06
1.388107830280205235e-05
2.268340722366701812e-05
1.560365308250766248e-05
5.179519939702004194e-05
4.173518682364374399e-04
1.887820288538932800e-02
6.459550559520721436e-02
4.442039132118225098e-01
7.515258789062500000e-01
9.852349162101745605e-01
9.989001154899597168e-01
9.999997019767761230e-01
9.999992251396179199e-01
9.999822378158569336e-01
9.998561143875122070e-01
9.994904398918151855e-01
9.977597594261169434e-01
9.959656000137329102e-01
9.955264329910278320e-01
9.942953586578369141e-01
9.890726804733276367e-01
9.569286108016967773e-01
9.069180488586425781e-01
8.465578556060791016e-01
9.302469491958618164e-01
9.821031093597412109e-01
9.984945058822631836e-01
9.998754262924194336e-01
9.836212396621704102e-01
9.400755763053894043e-01
9.204087257385253906e-01
9.194419980049133301e-01
9.540274739265441895e-01
9.767144918441772461e-01
9.899477362632751465e-01
9.800509810447692871e-01
7.845314145088195801e-01
4.780838191509246826e-01
1.538458168506622314e-01
9.254515753127634525e-04
1.619416143512353301e-04
3.754848381504416466e-03
4.264635965228080750e-03
5.658474983647465706e-04
4.969320434611290693e-05
2.153267866203574521e-15
3.941926959190187240e-16
5.165277627838804619e-08
9.507217258214950562e-02
5.181108117103576660e-01
5.570074915885925293e-01
4.000598490238189697e-01
1.741087883710861206e-01
3.434701859951019287e-01
8.024478554725646973e-01
9.300053715705871582e-01
9.983572363853454590e-01
9.997054338455200195e-01
9.999021887779235840e-01
9.999659061431884766e-01
9.999840855598449707e-01
9.997339248657226562e-01
9.981950521469116211e-01
9.930790066719055176e-01
9.871433973312377930e-01
9.820057153701782227e-01
9.834654927253723145e-01
9.865284562110900879e-01
9.906654953956604004e-01
9.944524168968200684e-01
9.974027276039123535e-01
9.994699358940124512e-01
9.998275637626647949e-01
9.999803900718688965e-01
9.999949932098388672e-01
9.999977350234985352e-01
9.999901056289672852e-01
9.999610185623168945e-01
9.998254179954528809e-01
9.996955990791320801e-01
9.998176693916320801e-01
9.999105930328369141e-01
9.999689459800720215e-01
9.997400045394897461e-01
9.988536834716796875e-01
9.972988963127136230e-01
9.976853728294372559e-01
9.983670711517333984e-01
9.993283748626708984e-01
9.997372031211853027e-01
9.999558329582214355e-01
9.999717473983764648e-01
9.997565150260925293e-01
9.992302656173706055e-01
9.975466728210449219e-01
9.958307743072509766e-01
9.943455457687377930e-01
9.978840351104736328e-01
9.997758865356445312e-01
9.999567270278930664e-01
9.965152740478515625e-01
8.502751588821411133e-01
4.676325619220733643e-01
2.055724263191223145e-01
8.292049914598464966e-02
2.818252742290496826e-01
6.237476468086242676e-01
9.712772965431213379e-01
9.906367063522338867e-01
9.788922667503356934e-01
9.401848316192626953e-01
7.333428859710693359e-01
6.849263906478881836e-01
8.152149319648742676e-01
9.180747866630554199e-01
9.858672618865966797e-01
9.938995838165283203e-01
9.957445263862609863e-01
9.933945536613464355e-01
9.825371503829956055e-01
9.369793534278869629e-01
8.734289407730102539e-01
8.005713820457458496e-01
7.177314758300781250e-01
6.268239021301269531e-01
2.278062701225280762e-01
6.534791318699717522e-04
7.333466055570170283e-05
2.826569666538945114e-26
2.028842649437478940e-09
8.523715955277566536e-09
2.533168494701385498e-01
5.798109173774719238e-01
8.619223237037658691e-01
9.791776537895202637e-01
9.975147843360900879e-01
9.990825653076171875e-01
9.999001026153564453e-01
9.999818801879882812e-01
9.999921321868896484e-01
9.999692440032958984e-01
9.998997449874877930e-01
9.984378814697265625e-01
9.906640648841857910e-01
9.656043648719787598e-01
7.860029339790344238e-01
5.250516533851623535e-01
1.735475659370422363e-01
1.382072921842336655e-02
1.407524086971534416e-05
3.318607574328780174e-03
2.618781924247741699e-01
8.430440425872802734e-01
9.594082236289978027e-01
9.957848191261291504e-01
9.985866546630859375e-01
9.994770884513854980e-01
9.981622099876403809e-01
9.900412559509277344e-01
8.493247032165527344e-01
6.311928629875183105e-01
4.599825441837310791e-01
4.516037702560424805e-01
6.101417541503906250e-01
8.335337042808532715e-01
9.839037656784057617e-01
9.972697496414184570e-01
9.999803304672241211e-01
9.999996423721313477e-01
9.999987483024597168e-01
9.997604489326477051e-01
9.992811083793640137e-01
9.977325201034545898e-01
9.960203170776367188e-01
9.941677451133728027e-01
9.520793557167053223e-01
7.566699981689453125e-01
3.379062116146087646e-01
1.433869004249572754e-01
3.336995840072631836e-02
3.415621444582939148e-02
1.580403447151184082e-01
3.592670261859893799e-01
7.220391035079956055e-01
9.222643375396728516e-01
9.999501705169677734e-01
9.898809790611267090e-01
9.793601632118225098e-01
9.682596325874328613e-01
7.105710506439208984e-01
4.074479639530181885e-01
8.584814518690109253e-02
3.222399129754194291e-07
3.347038271539481968e-11
2.373984342440849105e-10
2.692199684679508209e-02
7.544683665037155151e-02
2.439880073070526123e-01
2.564793229103088379e-01
8.462598919868469238e-02
9.893129020929336548e-02
2.868868112564086914e-01
7.922632694244384766e-01
9.569052457809448242e-01
1.000000000000000000e+00
1.000000000000000000e+00
9.984494447708129883e-01
9.960659146308898926e-01
9.971204996109008789e-01
9.982474446296691895e-01
9.994572401046752930e-01
9.997501373291015625e-01
9.998804926872253418e-01
9.998849630355834961e-01
9.997078776359558105e-01
9.852880835533142090e-01
9.103668332099914551e-01
5.344867110252380371e-01
9.926741373345038255e-11
3.418809679800460799e-11
1.888527003757189959e-05
5.855797644471749663e-05
5.746102333068847656e-01
1.000000000000000000e+00
1.000000000000000000e+00
5.172230601310729980e-01
1.486557256430387497e-02
9.007056057453155518e-02
4.532763361930847168e-01
9.746684432029724121e-01
9.911862015724182129e-01
9.994285702705383301e-01
9.983989596366882324e-01
9.828440546989440918e-01
9.176098108291625977e-01
7.519893050193786621e-01
5.176442861557006836e-01
3.216677606105804443e-01
4.103828370571136475e-01
5.339697599411010742e-01
6.811274886131286621e-01
8.414960503578186035e-01
9.494038224220275879e-01
9.946386218070983887e-01
9.857122302055358887e-01
9.671572446823120117e-01
9.434083700180053711e-01
9.651783108711242676e-01
9.975707530975341797e-01
9.990303516387939453e-01
9.997490048408508301e-01
9.999347925186157227e-01
9.998497962951660156e-01
9.985011219978332520e-01
9.954915046691894531e-01
9.872480034828186035e-01
9.804615974426269531e-01
9.796137809753417969e-01
9.881825447082519531e-01
9.991466403007507324e-01
9.997372031211853027e-01
9.999845623970031738e-01
9.999567866325378418e-01
9.999763965606689453e-01
9.999886751174926758e-01
9.999883770942687988e-01
9.999868869781494141e-01
9.999592900276184082e-01
9.998524785041809082e-01
9.836612343788146973e-01
9.303446412086486816e-01
5.896206498146057129e-01
5.803592801094055176e-01
8.841453194618225098e-01
9.589642286300659180e-01
9.976295828819274902e-01
9.993982911109924316e-01
9.955798983573913574e-01
9.903158545494079590e-01
9.854755997657775879e-01
9.858906269073486328e-01
9.893897771835327148e-01
9.912269115447998047e-01
9.911828637123107910e-01
9.889819025993347168e-01
9.738073945045471191e-01
9.575735330581665039e-01
9.426454901695251465e-01
9.468904733657836914e-01
9.543062448501586914e-01
9.389848709106445312e-01
9.265217185020446777e-01
9.161953926086425781e-01
9.553835391998291016e-01
9.840285181999206543e-01
9.968061447143554688e-01
9.989592432975769043e-01
9.983168244361877441e-01
9.958087205886840820e-01
9.919382333755493164e-01
9.873723387718200684e-01
9.826956391334533691e-01
9.831237792968750000e-01
9.885241985321044922e-01
9.939278364181518555e-01
9.979704022407531738e-01
9.994167089462280273e-01
9.998397231101989746e-01
9.999336600303649902e-01
9.999648928642272949e-01
9.999397993087768555e-01
9.998593926429748535e-01
9.987460970878601074e-01
9.906600117683410645e-01
9.734713435173034668e-01
9.208772778511047363e-01
8.590071797370910645e-01
7.885811328887939453e-01
7.213330864906311035e-01
6.627585291862487793e-01
6.672650575637817383e-01
7.497670054435729980e-01
9.040338993072509766e-01
9.627007246017456055e-01
9.885638356208801270e-01
9.658635258674621582e-01
9.529770016670227051e-01
9.476589560508728027e-01
9.628944993019104004e-01
9.735784530639648438e-01
9.811180830001831055e-01
9.819544553756713867e-01
9.864115118980407715e-01
9.956682920455932617e-01
9.985973834991455078e-01
9.999210834503173828e-01
9.999780058860778809e-01
9.999942779541015625e-01
9.999918937683105469e-01
9.999973177909851074e-01
9.963504076004028320e-01
9.891133308410644531e-01
4.807012081146240234e-01
9.612151235342025757e-02
5.316284298896789551e-02
3.728159368038177490e-01
7.675328850746154785e-01
9.024731516838073730e-01
8.334652185440063477e-01
6.117196679115295410e-01
3.202203512191772461e-01
2.438116371631622314e-01
4.917349219322204590e-01
5.548542141914367676e-01
5.523944497108459473e-01
4.707550108432769775e-01
5.930109620094299316e-01
8.230118751525878906e-01
8.845975995063781738e-01
9.402503371238708496e-01
9.890005588531494141e-01
9.969195127487182617e-01
9.982188940048217773e-01
9.977835416793823242e-01
9.981624484062194824e-01
9.988860487937927246e-01
9.995192289352416992e-01
9.998753666877746582e-01
9.999768137931823730e-01
9.992811083793640137e-01
9.872808456420898438e-01
9.536511898040771484e-01
8.186558485031127930e-01
6.659829616546630859e-01
5.949797630310058594e-01
6.158852577209472656e-01
7.054582834243774414e-01
6.438577175140380859e-01
6.079291701316833496e-01
6.158004403114318848e-01
7.757874131202697754e-01
9.399784803390502930e-01
9.830142259597778320e-01
9.995301365852355957e-01
9.999467730522155762e-01
9.999741315841674805e-01
9.999890327453613281e-01
9.999879598617553711e-01
9.997696280479431152e-01
9.995108246803283691e-01
9.992477297782897949e-01
9.995068907737731934e-01
9.999911189079284668e-01
9.999955296516418457e-01
9.999834299087524414e-01
9.999533891677856445e-01
9.991896748542785645e-01
9.973315000534057617e-01
9.931093454360961914e-01
9.819185733795166016e-01
9.449831843376159668e-01
7.268068790435791016e-01
7.445930242538452148e-01
9.819924235343933105e-01
7.888801693916320801e-01
6.947007775306701660e-01
8.720420002937316895e-01
9.558678865432739258e-01
9.992309212684631348e-01
9.996386170387268066e-01
9.998116493225097656e-01
9.997928738594055176e-01
9.998196363449096680e-01
9.998515844345092773e-01
9.998889565467834473e-01
9.998956322669982910e-01
9.998760223388671875e-01
9.997752904891967773e-01
9.996643066406250000e-01
9.995459318161010742e-01
9.997792840003967285e-01
9.999442100524902344e-01
9.999903440475463867e-01
9.991353750228881836e-01
9.863624572753906250e-01
9.254579544067382812e-01
7.480852007865905762e-01
4.954183101654052734e-01
6.406610608100891113e-01
7.804821133613586426e-01
9.125956296920776367e-01
9.625224471092224121e-01
9.882547259330749512e-01
9.949728846549987793e-01
9.984134435653686523e-01
9.997985959053039551e-01
9.999080300331115723e-01
9.999780654907226562e-01
9.999947547912597656e-01
9.999988675117492676e-01
9.998155236244201660e-01
9.990184307098388672e-01
9.711362719535827637e-01
9.286882877349853516e-01
9.147477746009826660e-01
9.236243963241577148e-01
9.618344902992248535e-01
9.838238954544067383e-01
9.984192252159118652e-01
9.994558095932006836e-01
9.991453886032104492e-01
9.980922937393188477e-01
9.972690343856811523e-01
9.973709583282470703e-01
9.986314177513122559e-01
9.994160532951354980e-01
9.999482631683349609e-01
9.999806880950927734e-01
9.999830722808837891e-01
9.999690651893615723e-01
9.999542832374572754e-01
9.999312758445739746e-01
9.998981952667236328e-01
9.999296069145202637e-01
9.999668598175048828e-01
9.999859929084777832e-01
9.999586343765258789e-01
9.998806715011596680e-01
9.992564320564270020e-01
9.959843158721923828e-01
9.893746972084045410e-01
9.554415941238403320e-01
9.157602787017822266e-01
8.739951848983764648e-01
6.754230856895446777e-01
3.913544118404388428e-01
1.890394687652587891e-01
2.292286306619644165e-01
5.842553973197937012e-01
8.275432586669921875e-01
9.980009794235229492e-01
9.994544386863708496e-01
9.999967813491821289e-01
9.999985694885253906e-01
9.999923706054687500e-01
9.999856948852539062e-01
9.999783635139465332e-01
9.999639987945556641e-01
9.999424815177917480e-01
9.999006390571594238e-01
9.990057945251464844e-01
9.971231222152709961e-01
9.458113908767700195e-01
7.632943391799926758e-01
3.876253366470336914e-01
1.602846831083297729e-01
6.739853415638208389e-03
1.952556427568197250e-03
6.882747402414679527e-05
1.850144326454028487e-04
5.709448456764221191e-01
9.438824057579040527e-01
9.895718097686767578e-01
9.997612833976745605e-01
9.998514056205749512e-01
9.995908141136169434e-01
9.991103410720825195e-01
9.984628558158874512e-01
9.986333250999450684e-01
9.989860653877258301e-01
9.996112585067749023e-01
9.997596740722656250e-01
9.996828436851501465e-01
9.992068409919738770e-01
9.987380504608154297e-01
9.982748627662658691e-01
9.982786178588867188e-01
9.977766275405883789e-01
9.961686730384826660e-01
9.959778785705566406e-01
9.962773919105529785e-01
9.961073398590087891e-01
9.951041936874389648e-01
9.932861924171447754e-01
9.956714510917663574e-01
9.980384111404418945e-01
9.991770386695861816e-01
9.995592236518859863e-01
9.995135068893432617e-01
9.985238909721374512e-01
9.976629614830017090e-01
9.969511032104492188e-01
9.976932406425476074e-01
9.986091256141662598e-01
9.993357658386230469e-01
9.996784329414367676e-01
9.998002648353576660e-01
9.997479319572448730e-01
9.967639446258544922e-01
9.897740483283996582e-01
7.459114789962768555e-01
4.442183375358581543e-01
1.283518671989440918e-01
4.950228458255878650e-07
7.984371386271504889e-09
2.882380618907109948e-11
1.840641349554061890e-01
6.751904487609863281e-01
8.864368200302124023e-01
9.924615025520324707e-01
9.930526018142700195e-01
9.371638298034667969e-01
8.336750268936157227e-01
8.293917179107666016e-01
8.507232666015625000e-01
9.110984802246093750e-01
9.579687714576721191e-01
9.955944418907165527e-01
9.982657432556152344e-01
9.991508126258850098e-01
9.981272816658020020e-01
9.851800203323364258e-01
9.773770570755004883e-01
9.890899062156677246e-01
9.954521059989929199e-01
9.987832307815551758e-01
9.985177516937255859e-01
9.986557960510253906e-01
9.993453621864318848e-01
9.995607733726501465e-01
9.995948076248168945e-01
9.993444681167602539e-01
9.991880655288696289e-01
9.990988969802856445e-01
9.977371692657470703e-01
9.820278286933898926e-01
9.405649304389953613e-01
9.066589474678039551e-01
8.874614238739013672e-01
9.492874741554260254e-01
9.858128428459167480e-01
9.985023140907287598e-01
9.998716711997985840e-01
9.999681115150451660e-01
9.999853968620300293e-01
9.999896883964538574e-01
9.999492764472961426e-01
9.992688894271850586e-01
7.333766818046569824e-01
1.318007409572601318e-01
1.326281577348709106e-02
2.257163636386394501e-02
1.290044784545898438e-01
4.513895809650421143e-01
9.196718335151672363e-01
9.703536033630371094e-01
9.978394508361816406e-01
9.990788102149963379e-01
9.995977282524108887e-01
9.998380541801452637e-01
9.998413324356079102e-01
9.996454119682312012e-01
9.992614984512329102e-01
9.987661838531494141e-01
9.974319338798522949e-01
9.939689636230468750e-01
9.907463788986206055e-01
9.879121780395507812e-01
9.905650615692138672e-01
9.629210829734802246e-01
8.949455022811889648e-01
4.504881203174591064e-01
1.885681226849555969e-02
5.634950473904609680e-03
4.178285598754882812e-03
1.146866288036108017e-02
1.977772116661071777e-01
2.831002473831176758e-01
1.533763706684112549e-01
1.827068030834197998e-01
2.800731360912322998e-01
4.258076250553131104e-01
5.251203179359436035e-01
5.743028521537780762e-01
6.667516231536865234e-01
7.645784020423889160e-01
8.570346236228942871e-01
9.108269214630126953e-01
9.409477710723876953e-01
8.218648433685302734e-01
7.254307866096496582e-01
6.660712957382202148e-01
7.477911114692687988e-01
8.686536550521850586e-01
9.573332071304321289e-01
9.999209046363830566e-01
9.997687339782714844e-01
9.980851411819458008e-01
9.972046613693237305e-01
9.988535642623901367e-01
9.993283152580261230e-01
9.992019534111022949e-01
9.993629455566406250e-01
9.995494484901428223e-01
9.997720718383789062e-01
9.997791051864624023e-01
9.996573328971862793e-01
9.991825819015502930e-01
9.979094266891479492e-01
9.959725737571716309e-01
9.890245795249938965e-01
9.868839383125305176e-01
9.968121051788330078e-01
1.000000000000000000e+00
1.000000000000000000e+00
1.000000000000000000e+00
9.851092696189880371e-01
9.507883191108703613e-01
9.001498222351074219e-01
8.660978078842163086e-01
9.221418499946594238e-01
9.639542698860168457e-01
9.947155117988586426e-01
9.983664751052856445e-01
9.993863105773925781e-01
9.986121654510498047e-01
9.938656091690063477e-01
9.850869178771972656e-01
9.440909028053283691e-01
9.303078651428222656e-01
9.510951042175292969e-01
9.735360741615295410e-01
9.928835630416870117e-01
9.975429773330688477e-01
9.997203946113586426e-01
9.999840259552001953e-01
9.998100399971008301e-01
9.995679855346679688e-01
9.992385506629943848e-01
9.993294477462768555e-01
9.996028542518615723e-01
9.997245669364929199e-01
9.998276233673095703e-01
9.999063014984130859e-01
9.998149275779724121e-01
9.996229410171508789e-01
9.991628527641296387e-01
9.985791444778442383e-01
9.978966116905212402e-01
9.958900213241577148e-01
9.941083788871765137e-01
9.931004643440246582e-01
9.950394630432128906e-01
9.982679486274719238e-01
9.982503056526184082e-01
9.986593127250671387e-01
9.996655583381652832e-01
9.997153282165527344e-01
9.982503056526184082e-01
9.901863336563110352e-01
9.751827120780944824e-01
9.541181921958923340e-01
9.377861022949218750e-01
9.287193417549133301e-01
9.375337958335876465e-01
9.559012651443481445e-01
9.793194532394409180e-01
9.915453791618347168e-01
9.992589950561523438e-01
9.997757077217102051e-01
9.999127388000488281e-01
9.997242093086242676e-01
9.981350302696228027e-01
9.908356666564941406e-01
9.777384996414184570e-01
9.552391171455383301e-01
9.453339576721191406e-01
9.805112481117248535e-01
9.964386820793151855e-01
9.998415112495422363e-01
9.999696016311645508e-01
9.999961256980895996e-01
9.999977350234985352e-01
9.999954700469970703e-01
9.999907612800598145e-01
9.999756217002868652e-01
9.999762773513793945e-01
9.999963045120239258e-01
1.000000000000000000e+00
9.999932646751403809e-01
9.999564886093139648e-01
9.998167157173156738e-01
9.995934367179870605e-01
9.983553886413574219e-01
9.973232150077819824e-01
9.970237016677856445e-01
9.975415468215942383e-01
9.984636306762695312e-01
9.980242848396301270e-01
9.951124191284179688e-01
9.882695078849792480e-01
9.682286381721496582e-01
9.311488866806030273e-01
8.011454343795776367e-01
6.884854435920715332e-01
5.939893126487731934e-01
6.829162836074829102e-01
8.067163825035095215e-01
9.433755874633789062e-01
1.000000000000000000e+00
1.000000000000000000e+00
9.800188541412353516e-01
9.703795909881591797e-01
9.854348897933959961e-01
9.935818314552307129e-01
9.982111454010009766e-01
9.972037672996520996e-01
9.949672818183898926e-01
9.909553527832031250e-01
9.607239961624145508e-01
8.859546780586242676e-01
5.826683640480041504e-01
3.489089012145996094e-01
1.838779598474502563e-01
3.925917446613311768e-01
6.494953036308288574e-01
8.739529848098754883e-01
9.737684130668640137e-01
9.880160093307495117e-01
9.597636461257934570e-01
9.308469295501708984e-01
9.048557877540588379e-01
8.908762335777282715e-01
8.837274312973022461e-01
9.030019640922546387e-01
9.174353480339050293e-01
9.247846603393554688e-01
9.469929933547973633e-01
9.685004353523254395e-01
9.565644264221191406e-01
9.271550774574279785e-01
8.799591660499572754e-01
8.612208962440490723e-01
8.458745479583740234e-01
8.254213929176330566e-01
8.138931393623352051e-01
8.089263439178466797e-01
9.076946377754211426e-01
9.849746227264404297e-01
9.959051012992858887e-01
9.997423887252807617e-01
9.999130964279174805e-01
9.999209046363830566e-01
9.999367594718933105e-01
9.999657869338989258e-01
9.999548196792602539e-01
9.727575778961181641e-01
7.062304615974426270e-01
4.045411050319671631e-01
6.173080205917358398e-02
2.901838325186645307e-09
4.774714322417165447e-40
1.506339797210605359e-40
2.218432564404793084e-05
6.333375495159998536e-05
3.330995605210773647e-05
4.289079242880688980e-06
1.187144221148628276e-06
1.689375771435699947e-13
4.425076299309493866e-13
1.285586208105087280e-01
3.430689275264739990e-01
7.227084040641784668e-01
8.490513563156127930e-01
8.614347577095031738e-01
8.584833741188049316e-01
8.762158751487731934e-01
9.242418408393859863e-01
9.541914463043212891e-01
9.770498871803283691e-01
9.891418218612670898e-01
9.967310428619384766e-01
9.993982315063476562e-01
9.998285174369812012e-01
9.989669919013977051e-01
9.945023655891418457e-01
9.917177557945251465e-01
9.903172850608825684e-01
9.955202937126159668e-01
9.999238848686218262e-01
9.999639987945556641e-01
9.999797940254211426e-01
9.999803304672241211e-01
9.998627901077270508e-01
9.995872378349304199e-01
9.989886879920959473e-01
9.982984662055969238e-01
9.975738525390625000e-01
9.970994591712951660e-01
9.952447414398193359e-01
9.912253022193908691e-01
9.936411976814270020e-01
9.979085922241210938e-01
9.991199970245361328e-01
9.998273849487304688e-01
9.999244213104248047e-01
9.998512864112854004e-01
9.993717074394226074e-01
9.969647526741027832e-01
9.951230883598327637e-01
9.938176870346069336e-01
9.959055185317993164e-01
9.982015490531921387e-01
9.993840456008911133e-01
9.998812079429626465e-01
9.998670816421508789e-01
9.971743226051330566e-01
9.860904216766357422e-01
9.538766145706176758e-01
9.515197277069091797e-01
9.666860699653625488e-01
9.822391271591186523e-01
9.937170147895812988e-01
9.970643520355224609e-01
9.988121986389160156e-01
9.997937679290771484e-01
9.999174475669860840e-01
9.999945163726806641e-01
9.999985098838806152e-01
9.999986290931701660e-01
9.999974370002746582e-01
9.999963641166687012e-01
9.999916553497314453e-01
9.999822974205017090e-01
9.975053668022155762e-01
9.939600229263305664e-01
9.879095554351806641e-01
9.892600178718566895e-01
9.981853365898132324e-01
9.997904896736145020e-01
9.999920725822448730e-01
9.999969601631164551e-01
9.999990463256835938e-01
9.999988675117492676e-01
9.999055266380310059e-01
9.991310238838195801e-01
9.962814450263977051e-01
9.967265129089355469e-01
9.994279742240905762e-01
9.992669820785522461e-01
9.955933690071105957e-01
9.837651252746582031e-01
8.812410831451416016e-01
7.271596193313598633e-01
5.077345967292785645e-01
4.824825525283813477e-01
8.482424020767211914e-01
9.772952198982238770e-01
9.932204484939575195e-01
9.360101222991943359e-01
9.018027782440185547e-01
9.058613181114196777e-01
9.352123141288757324e-01
9.725341796875000000e-01
9.879186153411865234e-01
9.976401925086975098e-01
9.994218945503234863e-01
9.995940327644348145e-01
9.992840290069580078e-01
9.991155862808227539e-01
9.992264509201049805e-01
9.996717572212219238e-01
9.998654723167419434e-01
9.999790191650390625e-01
9.999904036521911621e-01
9.997223615646362305e-01
9.991672039031982422e-01
8.860852122306823730e-01
7.223711013793945312e-01
4.302354454994201660e-01
3.509415686130523682e-01
4.613423347473144531e-01
5.226535201072692871e-01
5.681705474853515625e-01
5.824085474014282227e-01
6.735430359840393066e-01
8.245090246200561523e-01
9.175698757171630859e-01
9.848012924194335938e-01
9.925154447555541992e-01
9.964499473571777344e-01
9.977951049804687500e-01
9.848114252090454102e-01
9.576523303985595703e-01
8.968709111213684082e-01
9.149738550186157227e-01
9.801005125045776367e-01
9.922845363616943359e-01
9.996030926704406738e-01
9.998954534530639648e-01
9.999940991401672363e-01
9.999896883964538574e-01
9.995183944702148438e-01
9.950898885726928711e-01
9.828939437866210938e-01
9.868252873420715332e-01
9.977126121520996094e-01
9.804759621620178223e-01
9.657010436058044434e-01
9.552263021469116211e-01
9.705296754837036133e-01
9.954218268394470215e-01
9.981037974357604980e-01
9.997999668121337891e-01
9.999378919601440430e-01
9.999719858169555664e-01
9.998982548713684082e-01
9.988890886306762695e-01
9.962963461875915527e-01
9.914116859436035156e-01
9.880533218383789062e-01
9.858372807502746582e-01
9.899583458900451660e-01
9.936137795448303223e-01
9.966513514518737793e-01
9.984394907951354980e-01
9.996782541275024414e-01
9.995185732841491699e-01
9.990145564079284668e-01
9.980868101119995117e-01
9.962664842605590820e-01
9.931449890136718750e-01
9.826223850250244141e-01
9.652580618858337402e-01
9.399725198745727539e-01
8.969528675079345703e-01
8.436982631683349609e-01
7.543085813522338867e-01
7.027270793914794922e-01
6.923341155052185059e-01
7.974774241447448730e-01
9.161103963851928711e-01
9.682765007019042969e-01
9.889383316040039062e-01
9.770767092704772949e-01
9.062060713768005371e-01
7.983507513999938965e-01
5.649214982986450195e-01
3.807314932346343994e-01
2.455509155988693237e-01
5.036573410034179688e-01
8.024604916572570801e-01
9.339393377304077148e-01
9.987999796867370605e-01
9.997310042381286621e-01
9.998526573181152344e-01
9.998348951339721680e-01
9.998505115509033203e-01
9.998674392700195312e-01
9.998854994773864746e-01
9.998731017112731934e-01
9.998457431793212891e-01
9.997766613960266113e-01
9.996970891952514648e-01
9.996078014373779297e-01
9.942259788513183594e-01
9.600335955619812012e-01
8.081934452056884766e-01
5.787788033485412598e-01
2.794640958309173584e-01
2.447022199630737305e-01
2.657957673072814941e-01
3.397983312606811523e-01
4.284785687923431396e-01
5.301913619041442871e-01
5.791702866554260254e-01
6.348886489868164062e-01
7.530847787857055664e-01
8.424559831619262695e-01
9.060982465744018555e-01
9.289573431015014648e-01
9.467351436614990234e-01
9.708682894706726074e-01
9.864509701728820801e-01
9.943586587905883789e-01
9.972247481346130371e-01
9.990006089210510254e-01
9.996784329414367676e-01
9.998074769973754883e-01
9.994412064552307129e-01
9.987456798553466797e-01
9.980438947677612305e-01
9.975471496582031250e-01
9.974947571754455566e-01
9.978545308113098145e-01
9.985491037368774414e-01
9.992397427558898926e-01
9.996474385261535645e-01
9.998896718025207520e-01
9.999735355377197266e-01
9.999913573265075684e-01
9.999914169311523438e-01
9.999660849571228027e-01
9.994881153106689453e-01
9.985633492469787598e-01
9.987542033195495605e-01
9.991878271102905273e-01
9.997262358665466309e-01
9.986225962638854980e-01
9.958207011222839355e-01
9.811532497406005859e-01
9.624936580657958984e-01
9.358040094375610352e-01
9.230851531028747559e-01
9.256086349487304688e-01
9.447395205497741699e-01
9.663816690444946289e-01
9.789519309997558594e-01
9.881937503814697266e-01
9.936043024063110352e-01
9.961225986480712891e-01
9.977362155914306641e-01
9.982792139053344727e-01
9.988505840301513672e-01
9.994567632675170898e-01
9.997819066047668457e-01
9.999998211860656738e-01
9.999982118606567383e-01
9.999921917915344238e-01
9.999803900718688965e-01
9.999795556068420410e-01
9.996417164802551270e-01
9.955458641052246094e-01
9.175812602043151855e-01
7.331261038780212402e-01
4.187001287937164307e-01
1.106082275509834290e-01
5.748959183692932129e-01
8.912895321846008301e-01
9.745227098464965820e-01
9.988458156585693359e-01
9.994136691093444824e-01
9.996410012245178223e-01
9.998295903205871582e-01
9.999502897262573242e-01
9.999855160713195801e-01
9.999781847000122070e-01
9.996953010559082031e-01
9.990429878234863281e-01
9.976684451103210449e-01
9.973642230033874512e-01
9.976034164428710938e-01
9.983024597167968750e-01
9.987564682960510254e-01
9.986595511436462402e-01
9.974284768104553223e-01
9.955494999885559082e-01
9.811307191848754883e-01
9.699889421463012695e-01
9.685524702072143555e-01
9.764516949653625488e-01
9.904240369796752930e-01
9.961058497428894043e-01
9.998369812965393066e-01
9.996561408042907715e-01
9.990985393524169922e-01
9.982635378837585449e-01
9.979179501533508301e-01
9.977418780326843262e-01
9.979688525199890137e-01
9.964593648910522461e-01
9.934869408607482910e-01
9.932011365890502930e-01
9.939463138580322266e-01
9.973742961883544922e-01
9.993404746055603027e-01
9.998737573623657227e-01
9.998110532760620117e-01
9.993022084236145020e-01
9.969429373741149902e-01
9.920193552970886230e-01
9.842115044593811035e-01
9.891036152839660645e-01
9.966543316841125488e-01
9.986511468887329102e-01
9.998356699943542480e-01
9.999476671218872070e-01
9.999566674232482910e-01
9.999085068702697754e-01
9.995539784431457520e-01
9.994211792945861816e-01
9.996364116668701172e-01
9.998158216476440430e-01
9.999761581420898438e-01
9.999843239784240723e-01
9.999826550483703613e-01
9.999625682830810547e-01
9.999322891235351562e-01
9.998969435691833496e-01
9.999032020568847656e-01
9.998325705528259277e-01
9.995851516723632812e-01
9.834591150283813477e-01
9.576696157455444336e-01
4.905720949172973633e-01
1.146440058946609497e-01
8.834052830934524536e-02
1.857685893774032593e-01
3.750938177108764648e-01
6.698806881904602051e-01
9.239808320999145508e-01
9.733569622039794922e-01
9.973355531692504883e-01
9.984247088432312012e-01
8.980150222778320312e-01
7.225100994110107422e-01
2.554382383823394775e-01
1.025438085198402405e-01
2.951312065124511719e-01
6.132876276969909668e-01
9.311774969100952148e-01
9.664106965065002441e-01
9.738796353340148926e-01
9.433089494705200195e-01
5.548191070556640625e-01
6.301213055849075317e-02
2.443886548280715942e-02
2.340243943035602570e-02
8.694902807474136353e-02
4.194460213184356689e-01
8.776834011077880859e-01
9.413298964500427246e-01
9.830130934715270996e-01
9.777641892433166504e-01
9.790043830871582031e-01
9.841325879096984863e-01
9.654549956321716309e-01
8.964898586273193359e-01
6.836915016174316406e-01
4.120113551616668701e-01
9.486111253499984741e-02
2.762082032859325409e-02
9.352413006126880646e-03
5.420336127281188965e-02
3.084645867347717285e-01
7.668992877006530762e-01
5.077854394912719727e-01
1.623777002096176147e-01
2.648870348930358887e-01
4.926949441432952881e-01
8.768366575241088867e-01
9.818352460861206055e-01
9.960727691650390625e-01
9.869984388351440430e-01
9.717507958412170410e-01
9.463939666748046875e-01
9.457759857177734375e-01
9.557182192802429199e-01
8.253285884857177734e-01
5.990509390830993652e-01
1.628261357545852661e-01
3.245841071475297213e-06
2.487042252141691279e-07
2.730513593007799500e-08
2.155790753022301942e-05
1.088043063646182418e-04
2.097203284502029419e-01
5.854550004005432129e-01
8.119525909423828125e-01
9.815130233764648438e-01
9.918611049652099609e-01
9.943944811820983887e-01
9.886915683746337891e-01
9.636159539222717285e-01
9.397617578506469727e-01
9.688948392868041992e-01
9.875696897506713867e-01
9.915621876716613770e-01
9.898669123649597168e-01
9.862770438194274902e-01
9.905086159706115723e-01
9.931212067604064941e-01
9.926261901855468750e-01
9.735459685325622559e-01
9.444127082824707031e-01
8.208389878273010254e-01
7.300119996070861816e-01
7.418333292007446289e-01
7.662984132766723633e-01
8.002365827560424805e-01
7.140719294548034668e-01
6.366934180259704590e-01
6.687091588973999023e-01
7.732514142990112305e-01
9.519638419151306152e-01
9.922562837600708008e-01
9.970083236694335938e-01
9.914164543151855469e-01
9.846091270446777344e-01
9.760825634002685547e-01
9.739228487014770508e-01
9.743907451629638672e-01
9.803186058998107910e-01
9.759305119514465332e-01
9.507213830947875977e-01
8.639495968818664551e-01
7.422703504562377930e-01
8.226394057273864746e-01
9.068189263343811035e-01
9.656751155853271484e-01
9.900655150413513184e-01
9.866880178451538086e-01
9.124544262886047363e-01
8.431969881057739258e-01
8.586068153381347656e-01
8.972962498664855957e-01
9.624528288841247559e-01
9.806845784187316895e-01
9.699641466140747070e-01
7.714352607727050781e-01
6.754856705665588379e-01
7.487245798110961914e-01
8.232105970382690430e-01
8.982794284820556641e-01
9.176685214042663574e-01
9.326416850090026855e-01
9.388048648834228516e-01
9.533439874649047852e-01
9.736489057540893555e-01
9.826721549034118652e-01
9.892325997352600098e-01
9.911397695541381836e-01
9.915013909339904785e-01
9.903060197830200195e-01
9.221411347389221191e-01
8.063938617706298828e-01
4.207291007041931152e-01
2.746030092239379883e-01
4.827809631824493408e-01
7.088714838027954102e-01
9.412574172019958496e-01
9.691705107688903809e-01
9.793675541877746582e-01
9.498751759529113770e-01
9.417158365249633789e-01
9.472298026084899902e-01
9.745926260948181152e-01
9.980712532997131348e-01
9.987378120422363281e-01
9.948441386222839355e-01
9.865376353263854980e-01
9.295225143432617188e-01
8.399218320846557617e-01
5.772276520729064941e-01
3.524861335754394531e-01
1.825958490371704102e-01
4.219800233840942383e-01
8.270664811134338379e-01
9.193536043167114258e-01
9.818950295448303223e-01
9.773815274238586426e-01
9.796749949455261230e-01
9.863817691802978516e-01
9.912285208702087402e-01
9.812894463539123535e-01
9.134532213211059570e-01
8.808959722518920898e-01
8.835042715072631836e-01
9.152461886405944824e-01
9.526428580284118652e-01
9.736041426658630371e-01
9.785442352294921875e-01
9.588776826858520508e-01
8.019024729728698730e-01
5.836600661277770996e-01
6.804928779602050781e-01
7.901594638824462891e-01
9.232794046401977539e-01
9.858748316764831543e-01
9.979450702667236328e-01
9.959400892257690430e-01
9.930747747421264648e-01
9.953421354293823242e-01
9.960784316062927246e-01
9.950907826423645020e-01
9.967197179794311523e-01
9.990279078483581543e-01
9.995874762535095215e-01
9.999265074729919434e-01
9.998701810836791992e-01
9.997966885566711426e-01
9.997141957283020020e-01
9.996757507324218750e-01
9.995071887969970703e-01
9.989284276962280273e-01
9.964436888694763184e-01
9.923257231712341309e-01
9.860740303993225098e-01
9.814012646675109863e-01
9.908437728881835938e-01
9.965705871582031250e-01
9.971202015876770020e-01
9.906292557716369629e-01
9.813758134841918945e-01
9.867296814918518066e-01
9.917045235633850098e-01
9.957730174064636230e-01
9.979392290115356445e-01
9.988005161285400391e-01
9.988937377929687500e-01
9.987891316413879395e-01
9.982300996780395508e-01
9.976793527603149414e-01
9.971380233764648438e-01
9.976628422737121582e-01
9.985131621360778809e-01
9.991939067840576172e-01
9.996856451034545898e-01
9.998196959495544434e-01
9.999174475669860840e-01
9.999946355819702148e-01
9.999901056289672852e-01
9.999742507934570312e-01
9.999402165412902832e-01
9.999343156814575195e-01
9.999549984931945801e-01
9.999755024909973145e-01
9.999942779541015625e-01
9.999961256980895996e-01
9.997286796569824219e-01
9.990264177322387695e-01
9.955851435661315918e-01
9.908171892166137695e-01
9.854514002799987793e-01
9.841443896293640137e-01
9.949118494987487793e-01
9.998661875724792480e-01
9.999507665634155273e-01
9.999819993972778320e-01
9.999231696128845215e-01
9.992961883544921875e-01
9.906423091888427734e-01
9.705562591552734375e-01
8.752127885818481445e-01
7.476499080657958984e-01
3.153412342071533203e-01
3.377425891812890768e-04
1.024593802867457271e-04
1.037257356617404965e-16
2.874647975595231693e-16
2.516694068908691406e-01
5.435808897018432617e-01
8.173864483833312988e-01
9.793142676353454590e-01
9.922320246696472168e-01
9.974699020385742188e-01
9.996545314788818359e-01
9.997711777687072754e-01
9.983462095260620117e-01
9.931640625000000000e-01
9.843556880950927734e-01
9.729075431823730469e-01
9.825726151466369629e-01
9.940947890281677246e-01
9.971070885658264160e-01
9.990400075912475586e-01
9.995657205581665039e-01
9.997835755348205566e-01
9.998813271522521973e-01
9.998179078102111816e-01
9.996360540390014648e-01
9.991694092750549316e-01
9.948545694351196289e-01
9.877415299415588379e-01
8.625905513763427734e-01
6.799701452255249023e-01
2.747607827186584473e-01
3.494686260819435120e-02
1.360397879034280777e-02
1.247038170695304871e-01
2.890312969684600830e-01
4.520453512668609619e-01
4.824366271495819092e-01
1.747682690620422363e-01
2.750781551003456116e-02
3.723238827660679817e-03
4.285557661205530167e-04
6.602044217288494110e-03
5.096670612692832947e-02
1.862753480672836304e-01
4.497425258159637451e-01
6.226112246513366699e-01
7.565069198608398438e-01
6.757710576057434082e-01
5.921535491943359375e-01
5.126492977142333984e-01
5.590813755989074707e-01
7.108355164527893066e-01
8.621718287467956543e-01
9.973371624946594238e-01
9.989863038063049316e-01
9.999912977218627930e-01
9.999930858612060547e-01
9.982355833053588867e-01
9.956188201904296875e-01
8.668369054794311523e-01
7.926716804504394531e-01
9.158367514610290527e-01
9.825246930122375488e-01
9.959607720375061035e-01
9.989209771156311035e-01
9.991061687469482422e-01
9.985091686248779297e-01
9.982131123542785645e-01
9.984636902809143066e-01
9.990091919898986816e-01
9.997229576110839844e-01
9.998022317886352539e-01
9.997614622116088867e-01
9.994668960571289062e-01
9.994122385978698730e-01
9.996219277381896973e-01
9.995752573013305664e-01
9.994471073150634766e-01
9.993616342544555664e-01
9.994120001792907715e-01
9.997616410255432129e-01
9.999226331710815430e-01
9.999526143074035645e-01
9.928872585296630859e-01
9.808063507080078125e-01
9.459241032600402832e-01
9.216794967651367188e-01
9.118534922599792480e-01
9.456602334976196289e-01
9.980283379554748535e-01
9.995706677436828613e-01
9.999948143959045410e-01
9.999980330467224121e-01
9.999982118606567383e-01
9.999956488609313965e-01
9.998521804809570312e-01
9.979012608528137207e-01
9.773347973823547363e-01
8.291101455688476562e-01
4.558928608894348145e-01
2.550560235977172852e-01
1.512990146875381470e-01
2.946299314498901367e-01
4.913220703601837158e-01
8.174928426742553711e-01
9.936091899871826172e-01
9.986632466316223145e-01
9.999784827232360840e-01
9.999930858612060547e-01
9.999490976333618164e-01
9.998079538345336914e-01
9.994307160377502441e-01
9.987656474113464355e-01
9.978793263435363770e-01
9.921952486038208008e-01
9.724394083023071289e-01
8.501403331756591797e-01
6.012873649597167969e-01
1.522560417652130127e-01
1.814441652481235678e-10
1.095633739983670196e-11
0.000000000000000000e+00
0.000000000000000000e+00
0.000000000000000000e+00
1.049581564238968867e-14
3.217518347023093361e-14
1.316960901021957397e-01
3.004962503910064697e-01
2.760375738143920898e-01
2.174156010150909424e-01
7.916021347045898438e-02
3.584326803684234619e-02
6.374705582857131958e-02
4.087837636470794678e-01
7.404193878173828125e-01
5.117545723915100098e-01
3.030515611171722412e-01
1.259875893592834473e-01
7.335568964481353760e-02
8.533541113138198853e-02
3.545232415199279785e-01
6.276366114616394043e-01
8.406986594200134277e-01
9.644478559494018555e-01
9.880042672157287598e-01
9.863035082817077637e-01
9.740615487098693848e-01
8.115921616554260254e-01
6.366813778877258301e-01
4.297248423099517822e-01
4.413283765316009521e-01
6.300486922264099121e-01
7.730485796928405762e-01
8.989377617835998535e-01
9.533356428146362305e-01
9.903722405433654785e-01
9.969436526298522949e-01
9.995794892311096191e-01
9.999209642410278320e-01
9.999747872352600098e-01
9.999880790710449219e-01
9.999600648880004883e-01
9.989425539970397949e-01
9.966446161270141602e-01
9.953193068504333496e-01
9.944055080413818359e-01
9.967102408409118652e-01
9.987312555313110352e-01
9.995639920234680176e-01
9.999788999557495117e-01
9.999884963035583496e-01
9.994173645973205566e-01
9.986656308174133301e-01
9.976232647895812988e-01
9.971650838851928711e-01
9.980008006095886230e-01
9.984264373779296875e-01
9.985515475273132324e-01
9.853669404983520508e-01
9.619567394256591797e-01
8.754302263259887695e-01
8.005993366241455078e-01
7.453266382217407227e-01
8.173479437828063965e-01
9.612945318222045898e-01
9.873641133308410645e-01
9.988395571708679199e-01
9.987535476684570312e-01
9.970060586929321289e-01
9.931105375289916992e-01
9.939765334129333496e-01
9.968505501747131348e-01
9.982157349586486816e-01
9.590353965759277344e-01
7.841643095016479492e-01
6.666261553764343262e-01
6.074062585830688477e-01
5.397533178329467773e-01
4.764671921730041504e-01
7.307568192481994629e-01
9.264256954193115234e-01
9.768401980400085449e-01
9.993473887443542480e-01
9.990138411521911621e-01
9.980027675628662109e-01
9.968465566635131836e-01
9.957913160324096680e-01
9.953226447105407715e-01
9.959905147552490234e-01
9.966964721679687500e-01
9.974260926246643066e-01
9.949070215225219727e-01
9.919927120208740234e-01
9.898682236671447754e-01
9.892819523811340332e-01
9.911220073699951172e-01
9.798150658607482910e-01
9.614324569702148438e-01
9.256551861763000488e-01
8.975997567176818848e-01
9.143999218940734863e-01
9.294207692146301270e-01
9.421372413635253906e-01
9.479643106460571289e-01
9.507988095283508301e-01
9.572317600250244141e-01
9.660224318504333496e-01
9.827400445938110352e-01
9.938203692436218262e-01
9.987155795097351074e-01
9.978690147399902344e-01
9.949787259101867676e-01
9.643320441246032715e-01
8.946964144706726074e-01
7.119501829147338867e-01
4.747706353664398193e-01
1.865261197090148926e-01
1.143992468714714050e-01
1.193812936544418335e-01
5.241562724113464355e-01
8.401018977165222168e-01
9.452883601188659668e-01
9.943226575851440430e-01
9.979382157325744629e-01
9.985358119010925293e-01
9.984658956527709961e-01
9.989193081855773926e-01
9.993699193000793457e-01
9.998149275779724121e-01
1.000000000000000000e+00
1.000000000000000000e+00
1.000000000000000000e+00
9.999864101409912109e-01
9.998506307601928711e-01
9.990692138671875000e-01
9.971351623535156250e-01
9.655383825302124023e-01
9.154506921768188477e-01
8.466657996177673340e-01
7.873957157135009766e-01
8.124952316284179688e-01
8.261478543281555176e-01
8.213807940483093262e-01
5.238105058670043945e-01
5.997927114367485046e-02
5.560619290918111801e-03
2.447829672248477695e-14
9.123249573340930230e-15
5.224319174885749817e-03
1.811174303293228149e-02
3.793114721775054932e-01
9.180054068565368652e-01
9.821109175682067871e-01
1.000000000000000000e+00
1.000000000000000000e+00
1.000000000000000000e+00
1.000000000000000000e+00
9.982109665870666504e-01
9.955782890319824219e-01
9.963005185127258301e-01
9.973126649856567383e-01
9.985410571098327637e-01
9.993387460708618164e-01
9.995900392532348633e-01
9.988248944282531738e-01
9.976140856742858887e-01
9.851807355880737305e-01
9.743750095367431641e-01
9.723850488662719727e-01
9.754530787467956543e-01
9.845576286315917969e-01
9.823163747787475586e-01
9.753839373588562012e-01
9.857149720191955566e-01
9.951295852661132812e-01
9.982979297637939453e-01
1.000000000000000000e+00
1.000000000000000000e+00
9.569354653358459473e-01
8.965595364570617676e-01
9.247894883155822754e-01
9.535198807716369629e-01
9.731200337409973145e-01
9.861598014831542969e-01
9.917923808097839355e-01
9.950265884399414062e-01
9.973400831222534180e-01
9.980392456054687500e-01
9.986060857772827148e-01
9.988726377487182617e-01
9.981057047843933105e-01
9.961791038513183594e-01
9.090728759765625000e-01
7.888978719711303711e-01
3.531298637390136719e-01
5.677171424031257629e-02
2.880413234233856201e-01
5.686870813369750977e-01
9.052075147628784180e-01
6.755794882774353027e-01
2.247053831815719604e-01
1.709235608577728271e-01
2.143177837133407593e-01
5.619344711303710938e-01
7.848054170608520508e-01
8.634575009346008301e-01
8.906424641609191895e-01
8.970545530319213867e-01
9.146820902824401855e-01
9.343727231025695801e-01
9.600179791450500488e-01
9.793522953987121582e-01
9.911235570907592773e-01
9.965465664863586426e-01
9.992772936820983887e-01
9.996072053909301758e-01
9.997574090957641602e-01
9.996875524520874023e-01
9.928216338157653809e-01
9.774393439292907715e-01
8.188599348068237305e-01
5.961769819259643555e-01
3.102992177009582520e-01
6.869227439165115356e-02
4.704685136675834656e-02
1.210367679595947266e-01
3.231973648071289062e-01
6.143630146980285645e-01
9.489082098007202148e-01
9.884249567985534668e-01
9.987362623214721680e-01
9.956425428390502930e-01
9.544191956520080566e-01
8.580465912818908691e-01
7.580436468124389648e-01
6.563087701797485352e-01
6.874636411666870117e-01
7.086613774299621582e-01
5.803566575050354004e-01
4.682509303092956543e-01
3.822139799594879150e-01
4.604107439517974854e-01
6.349835395812988281e-01
7.303953766822814941e-01
8.135249614715576172e-01
8.897202610969543457e-01
9.506525993347167969e-01
9.845821857452392578e-01
9.986773133277893066e-01
9.997889995574951172e-01
9.999725818634033203e-01
9.999890923500061035e-01
9.999862909317016602e-01
9.998459815979003906e-01
9.994298219680786133e-01
9.965470433235168457e-01
9.918436408042907715e-01
9.880695939064025879e-01
9.844291210174560547e-01
9.795489907264709473e-01
9.789863824844360352e-01
9.884895682334899902e-01
9.949420094490051270e-01
9.988058805465698242e-01
9.998037815093994141e-01
9.999964237213134766e-01
9.999348521232604980e-01
9.980082511901855469e-01
9.909212589263916016e-01
9.579802155494689941e-01
8.998699784278869629e-01
8.424867391586303711e-01
7.853516936302185059e-01
8.989993333816528320e-01
9.905490875244140625e-01
9.957695007324218750e-01
9.905667901039123535e-01
9.732955694198608398e-01
8.240056037902832031e-01
6.185129284858703613e-01
6.262001991271972656e-01
6.700134277343750000e-01
8.182095885276794434e-01
9.242057800292968750e-01
9.720562100410461426e-01
9.888644814491271973e-01
9.897252321243286133e-01
9.924082159996032715e-01
9.952286481857299805e-01
9.975872635841369629e-01
9.992340207099914551e-01
9.996830224990844727e-01
9.999027252197265625e-01
9.999749064445495605e-01
9.999917745590209961e-01
9.999979138374328613e-01
9.999982714653015137e-01
9.999939799308776855e-01
9.999796152114868164e-01
9.994673728942871094e-01
9.985610842704772949e-01
9.963012933731079102e-01
9.937651753425598145e-01
9.935338497161865234e-01
9.942001104354858398e-01
9.973374009132385254e-01
9.991817474365234375e-01
9.997400641441345215e-01
9.999139308929443359e-01
9.999500513076782227e-01
9.999780058860778809e-01
9.999831914901733398e-01
9.999020695686340332e-01
9.998497962951660156e-01
9.998338818550109863e-01
9.998371005058288574e-01
9.998494386672973633e-01
9.991139769554138184e-01
9.978496432304382324e-01
9.939270615577697754e-01
9.922249913215637207e-01
9.941221475601196289e-01
9.961801171302795410e-01
9.983392357826232910e-01
9.991390705108642578e-01
9.996548891067504883e-01
9.997491836547851562e-01
9.998402595520019531e-01
9.999241828918457031e-01
9.999739527702331543e-01
9.999952912330627441e-01
9.999591112136840820e-01
9.999078512191772461e-01
9.999454617500305176e-01
9.999769330024719238e-01
9.999896287918090820e-01
9.999962449073791504e-01
9.999961256980895996e-01
9.999629855155944824e-01
9.999161958694458008e-01
9.985743761062622070e-01
9.965853095054626465e-01
9.918724298477172852e-01
9.890246391296386719e-01
9.889396429061889648e-01
9.912129044532775879e-01
9.948413968086242676e-01
9.970031976699829102e-01
9.988139271736145020e-01
9.994682073593139648e-01
9.998983740806579590e-01
9.998725652694702148e-01
9.988088607788085938e-01
9.969260692596435547e-01
9.792426228523254395e-01
9.523231983184814453e-01
6.436503529548645020e-01
3.538513481616973877e-01
1.218592971563339233e-01
1.375382453261408955e-05
3.135569386358838528e-06
6.339081210171571001e-06
1.533451177238021046e-05
4.665151610970497131e-02
1.392382234334945679e-01
4.498909115791320801e-01
7.019467353820800781e-01
8.630933165550231934e-01
9.507465362548828125e-01
9.935236573219299316e-01
9.973577857017517090e-01
9.942114353179931641e-01
9.906665682792663574e-01
9.900749921798706055e-01
9.963560104370117188e-01
9.993989467620849609e-01
9.995564818382263184e-01
9.987956881523132324e-01
9.977358579635620117e-01
9.923445582389831543e-01
9.857707023620605469e-01
9.749942421913146973e-01
9.675168395042419434e-01
9.643385410308837891e-01
9.644278883934020996e-01
9.661945700645446777e-01
8.724159598350524902e-01
7.693821787834167480e-01
6.894140839576721191e-01
7.054468989372253418e-01
9.102764725685119629e-01
8.901279568672180176e-01
6.946122050285339355e-01
7.395767569541931152e-01
8.496320247650146484e-01
9.332043528556823730e-01
9.971081018447875977e-01
9.976128339767456055e-01
9.946458339691162109e-01
9.876160621643066406e-01
9.854328036308288574e-01
9.854530692100524902e-01
9.885779619216918945e-01
9.914197325706481934e-01
9.904890656471252441e-01
9.762998223304748535e-01
9.383049607276916504e-01
9.384369254112243652e-01
9.661637544631958008e-01
8.149997591972351074e-01
6.161594986915588379e-01
2.700405120849609375e-01
8.548242971301078796e-03
2.973602386191487312e-03
1.111745461821556091e-01
3.466075062751770020e-01
6.267004013061523438e-01
9.264387488365173340e-01
9.368796348571777344e-01
9.130831360816955566e-01
8.400207161903381348e-01
8.227297067642211914e-01
9.046151041984558105e-01
9.580935239791870117e-01
9.910693764686584473e-01
9.930850267410278320e-01
9.869363903999328613e-01
9.576779007911682129e-01
9.443159699440002441e-01
9.805921316146850586e-01
9.042884111404418945e-01
6.981661319732666016e-01
6.321077346801757812e-01
6.305368542671203613e-01
6.514266133308410645e-01
6.338403224945068359e-01
3.350380063056945801e-01
1.313119232654571533e-01
1.082589998841285706e-01
1.873562335968017578e-01
3.454363346099853516e-01
5.826465487480163574e-01
8.418362140655517578e-01
9.170528650283813477e-01
9.782358407974243164e-01
9.891310334205627441e-01
9.960169792175292969e-01
9.977524280548095703e-01
9.905613064765930176e-01
9.786702990531921387e-01
9.678055644035339355e-01
9.591380357742309570e-01
9.704427719116210938e-01
9.812439084053039551e-01
9.909362792968750000e-01
9.965224266052246094e-01
9.984366297721862793e-01
9.984593391418457031e-01
9.978282451629638672e-01
9.873645305633544922e-01
9.655937552452087402e-01
8.928477168083190918e-01
6.635296344757080078e-01
1.914550065994262695e-01
4.216982051730155945e-03
6.276298663578927517e-04
1.837266339066445653e-08
1.240319572389125824e-02
3.144975900650024414e-01
6.024356484413146973e-01
8.482261300086975098e-01
9.809995889663696289e-01
9.873127341270446777e-01
9.902887344360351562e-01
9.917382001876831055e-01
9.882199168205261230e-01
9.845543503761291504e-01
9.839518070220947266e-01
9.835615754127502441e-01
9.836046695709228516e-01
8.881224393844604492e-01
7.126138806343078613e-01
4.274573922157287598e-01
1.073132008314132690e-01
7.380879670381546021e-02
9.890245646238327026e-02
3.424626886844635010e-01
5.930395126342773438e-01
8.541466593742370605e-01
9.513217806816101074e-01
9.445076584815979004e-01
9.113062620162963867e-01
8.746443986892700195e-01
8.936163187026977539e-01
9.201101660728454590e-01
9.690582156181335449e-01
9.963688850402832031e-01
9.984951019287109375e-01
9.988566040992736816e-01
9.983642101287841797e-01
9.930908679962158203e-01
9.828847050666809082e-01
9.334136843681335449e-01
9.053589701652526855e-01
9.248284697532653809e-01
9.509796500205993652e-01
9.832761287689208984e-01
9.950426816940307617e-01
9.992776513099670410e-01
9.982442855834960938e-01
9.936470985412597656e-01
9.710506796836853027e-01
9.476689100265502930e-01
9.229045510292053223e-01
9.288194179534912109e-01
9.576205015182495117e-01
9.540949463844299316e-01
9.416168332099914551e-01
9.526442289352416992e-01
9.627117514610290527e-01
9.683138132095336914e-01
9.727243185043334961e-01
9.754347801208496094e-01
9.827946424484252930e-01
9.930215477943420410e-01
9.968819618225097656e-01
9.993216395378112793e-01
9.989684820175170898e-01
9.978793859481811523e-01
9.944980144500732422e-01
9.937276840209960938e-01
9.961166977882385254e-01
9.977407455444335938e-01
9.989700913429260254e-01
9.987258911132812500e-01
9.983104467391967773e-01
9.985514879226684570e-01
9.987839460372924805e-01
9.989945888519287109e-01
9.985545277595520020e-01
9.974353313446044922e-01
9.965369105339050293e-01
9.957353472709655762e-01
9.967963695526123047e-01
9.980399012565612793e-01
9.990766048431396484e-01
9.997991919517517090e-01
9.998317360877990723e-01
9.995610117912292480e-01
9.990077614784240723e-01
9.952687025070190430e-01
9.903216361999511719e-01
9.903958439826965332e-01
9.914588332176208496e-01
9.964270591735839844e-01
9.997327923774719238e-01
9.998386502265930176e-01
9.992079734802246094e-01
9.979609847068786621e-01
9.895173311233520508e-01
9.786638617515563965e-01
9.745144248008728027e-01
9.733595848083496094e-01
9.866262674331665039e-01
9.940305352210998535e-01
9.909785389900207520e-01
9.888225793838500977e-01
9.873604774475097656e-01
9.899909496307373047e-01
9.938699007034301758e-01
9.955720901489257812e-01
9.969363212585449219e-01
9.969998002052307129e-01
9.964472651481628418e-01
9.948682785034179688e-01
9.905837774276733398e-01
9.843232035636901855e-01
9.610791206359863281e-01
9.330296516418457031e-01
9.098228812217712402e-01
8.964161276817321777e-01
9.260838031768798828e-01
9.559189081192016602e-01
9.860216379165649414e-01
9.979336857795715332e-01
9.970070123672485352e-01
9.948569536209106445e-01
9.923793673515319824e-01
9.830459952354431152e-01
9.668516516685485840e-01
9.218826889991760254e-01
8.587719798088073730e-01
7.672558426856994629e-01
5.786406397819519043e-01
3.219107687473297119e-01
1.508057266473770142e-01
2.496493281796574593e-03
1.921860575675964355e-01
3.698451220989227295e-01
4.779556691646575928e-01
4.638851583003997803e-01
2.569856643676757812e-01
1.237244382500648499e-01
4.233954846858978271e-02
4.183387383818626404e-02
6.334494054317474365e-02
6.786563992500305176e-02
6.435244530439376831e-02
2.588948793709278107e-02
3.896204009652137756e-02
1.361845880746841431e-01
4.066275954246520996e-01
8.040075302124023438e-01
9.259603619575500488e-01
9.675583243370056152e-01
9.756677746772766113e-01
9.826953411102294922e-01
9.891065359115600586e-01
9.940012097358703613e-01
9.962724447250366211e-01
9.970532655715942383e-01
9.966850876808166504e-01
9.956771731376647949e-01
9.944684505462646484e-01
9.958059191703796387e-01
9.972559213638305664e-01
9.986916184425354004e-01
9.995298385620117188e-01
9.992446899414062500e-01
9.711764454841613770e-01
9.197587370872497559e-01
7.145170569419860840e-01
4.547477066516876221e-01
3.355418443679809570e-01
2.797912657260894775e-01
5.843413472175598145e-01
8.265557885169982910e-01
9.389151334762573242e-01
9.947098493576049805e-01
9.981457591056823730e-01
9.991645216941833496e-01
9.992174506187438965e-01
9.981058835983276367e-01
9.968433380126953125e-01
9.952954053878784180e-01
9.948463439941406250e-01
9.970415234565734863e-01
9.985055923461914062e-01
9.991957545280456543e-01
9.994347095489501953e-01
9.994598031044006348e-01
9.994891285896301270e-01
9.995208978652954102e-01
9.995779395103454590e-01
9.994547963142395020e-01
9.988148212432861328e-01
9.924731850624084473e-01
9.791773557662963867e-01
8.911753296852111816e-01
7.612757682800292969e-01
7.284854650497436523e-01
7.152637839317321777e-01
7.122756838798522949e-01
7.409230470657348633e-01
8.852773308753967285e-01
9.756574034690856934e-01
9.876360297203063965e-01
9.916068911552429199e-01
9.901965856552124023e-01
9.930610060691833496e-01
9.970642328262329102e-01
9.982354640960693359e-01
9.988525509834289551e-01
9.970969557762145996e-01
9.921860694885253906e-01
9.817148447036743164e-01
9.796392917633056641e-01
9.844837784767150879e-01
9.837110042572021484e-01
9.809518456459045410e-01
9.021613001823425293e-01
8.168326020240783691e-01
7.283976674079895020e-01
6.921453475952148438e-01
7.743942737579345703e-01
8.641839027404785156e-01
9.621437191963195801e-01
9.898598194122314453e-01
9.850535988807678223e-01
8.807162046432495117e-01
7.441231608390808105e-01
3.245295584201812744e-01
7.752390578389167786e-03
2.806490520015358925e-03
5.883815106428490942e-18
1.623283739299708393e-18
2.202342041374150128e-13
5.754940252643281351e-13
2.575510414317250252e-03
5.771320313215255737e-03
2.713376656174659729e-03
1.542066893307492137e-04
5.967591278022155166e-05
6.240474581314589542e-15
2.326157455133544272e-14
2.080355443467851728e-05
5.847385546076111495e-05
1.358366161584854126e-01
3.186942040920257568e-01
6.120626926422119141e-01
8.792135119438171387e-01
8.665143251419067383e-01
8.467271327972412109e-01
8.101379871368408203e-01
8.004919886589050293e-01
8.201332688331604004e-01
8.278501629829406738e-01
8.294969201087951660e-01
8.701459169387817383e-01
9.163248538970947266e-01
9.201238751411437988e-01
9.257665872573852539e-01
9.379909634590148926e-01
9.524579048156738281e-01
9.703356623649597168e-01
9.796941280364990234e-01
9.830926656723022461e-01
9.836828112602233887e-01
9.834337830543518066e-01
9.660902023315429688e-01
8.827497959136962891e-01
3.774224221706390381e-01
2.713942900300025940e-02
9.058420546352863312e-03
1.148103733775811091e-30
2.773710576132479471e-31
1.697382714382911217e-07
4.185382351806765655e-07
3.375079035758972168e-01
7.115408182144165039e-01
7.628825306892395020e-01
8.036584854125976562e-01
8.087745308876037598e-01
8.404564857482910156e-01
9.103248715400695801e-01
9.578924775123596191e-01
9.902404546737670898e-01
9.983063936233520508e-01
9.991833567619323730e-01
9.992677569389343262e-01
9.993245601654052734e-01
9.994714260101318359e-01
9.995578527450561523e-01
9.995110034942626953e-01
9.996048212051391602e-01
9.998436570167541504e-01
9.999186992645263672e-01
9.999130964279174805e-01
9.947511553764343262e-01
9.841914176940917969e-01
8.349348306655883789e-01
6.999372839927673340e-01
6.203950643539428711e-01
6.064682006835937500e-01
6.963760256767272949e-01
7.861612439155578613e-01
8.762406706809997559e-01
9.275450110435485840e-01
9.653676152229309082e-01
9.821153879165649414e-01
9.957801699638366699e-01
9.982306957244873047e-01
9.999558925628662109e-01
9.997975230216979980e-01
9.995107054710388184e-01
9.990717172622680664e-01
9.990419149398803711e-01
9.992501735687255859e-01
9.994893670082092285e-01
9.997365474700927734e-01
9.998447299003601074e-01
9.999316930770874023e-01
9.999173283576965332e-01
9.998204708099365234e-01
9.995608329772949219e-01
9.989924430847167969e-01
9.981281757354736328e-01
9.970006346702575684e-01
9.957574605941772461e-01
9.953931570053100586e-01
9.952821135520935059e-01
9.979290366172790527e-01
9.995471239089965820e-01
9.974710941314697266e-01
9.944684505462646484e-01
9.900469779968261719e-01
9.791410565376281738e-01
9.632551670074462891e-01
9.412697553634643555e-01
9.170718193054199219e-01
9.250168204307556152e-01
9.376721978187561035e-01
9.676868915557861328e-01
9.909116029739379883e-01
9.951632618904113770e-01
9.975997209548950195e-01
9.976925849914550781e-01
9.975526332855224609e-01
9.972643852233886719e-01
9.746574163436889648e-01
9.459341168403625488e-01
9.385231733322143555e-01
8.674318194389343262e-01
3.639637529850006104e-01
2.190960384905338287e-02
5.766123533248901367e-02
2.605569958686828613e-01
6.503149867057800293e-01
8.610543012619018555e-01
9.739415049552917480e-01
9.966015219688415527e-01
9.990195035934448242e-01
9.988829493522644043e-01
9.970317482948303223e-01
9.862726330757141113e-01
8.973802328109741211e-01
6.498349308967590332e-01
5.699093341827392578e-01
6.549667119979858398e-01
7.611697316169738770e-01
8.772481083869934082e-01
8.426821827888488770e-01
7.804760336875915527e-01
7.746049165725708008e-01
7.799774408340454102e-01
8.360835909843444824e-01
8.900865912437438965e-01
9.399233460426330566e-01
9.717796444892883301e-01
9.871515035629272461e-01
9.930732846260070801e-01
9.947373867034912109e-01
9.959747195243835449e-01
9.970718026161193848e-01
9.956850409507751465e-01
9.803951382637023926e-01
9.074581265449523926e-01
8.785566091537475586e-01
9.267012476921081543e-01
6.990014910697937012e-01
2.275979369878768921e-01
5.313253775238990784e-02
8.625322021543979645e-03
7.829036563634872437e-03
1.661721803247928619e-02
1.091577038168907166e-01
1.887848824262619019e-01
2.153332382440567017e-01
2.364733517169952393e-01
2.483803629875183105e-01
2.979087829589843750e-01
3.806551098823547363e-01
4.529098868370056152e-01
5.205128788948059082e-01
6.397500038146972656e-01
7.664671540260314941e-01
8.870018124580383301e-01
9.855507612228393555e-01
9.943593740463256836e-01
9.999470710754394531e-01
9.998008608818054199e-01
9.997364878654479980e-01
9.997463226318359375e-01
9.998404979705810547e-01
9.999725818634033203e-01
9.992476701736450195e-01
9.980246424674987793e-01
9.805279970169067383e-01
9.624764323234558105e-01
9.417596459388732910e-01
9.175608754158020020e-01
8.867395520210266113e-01
8.832460045814514160e-01
9.054930806159973145e-01
9.432393312454223633e-01
9.882502555847167969e-01
9.973356723785400391e-01
9.995089173316955566e-01
9.996030330657958984e-01
9.997105598449707031e-01
9.998835921287536621e-01
9.998222589492797852e-01
9.992817044258117676e-01
9.975244402885437012e-01
9.945044517517089844e-01
9.934518337249755859e-01
9.934303760528564453e-01
9.830529689788818359e-01
9.704098105430603027e-01
9.035500884056091309e-01
8.388109803199768066e-01
7.931014299392700195e-01
7.940986752510070801e-01
9.028695821762084961e-01
9.619492888450622559e-01
9.628346562385559082e-01
8.987860083580017090e-01
7.952793836593627930e-01
6.686721444129943848e-01
5.353072285652160645e-01
7.700012326240539551e-01
1.000000000000000000e+00
1.000000000000000000e+00
9.826697707176208496e-01
9.172404408454895020e-01
8.783082962036132812e-01
8.749489188194274902e-01
8.798418641090393066e-01
8.905733227729797363e-01
9.063632488250732422e-01
9.238567948341369629e-01
9.345613718032836914e-01
9.452117681503295898e-01
9.667502045631408691e-01
9.855011701583862305e-01
9.940559864044189453e-01
9.995215535163879395e-01
9.998260140419006348e-01
9.999268651008605957e-01
9.998512864112854004e-01
9.998703598976135254e-01
9.999314546585083008e-01
9.999680519104003906e-01
9.999970793724060059e-01
9.996167421340942383e-01
9.990833997726440430e-01
9.977596402168273926e-01
9.967882633209228516e-01
9.965623617172241211e-01
9.967871904373168945e-01
9.975058436393737793e-01
9.943293929100036621e-01
9.888845086097717285e-01
9.824826717376708984e-01
9.758058190345764160e-01
9.865447282791137695e-01
9.972828626632690430e-01
9.987888336181640625e-01
9.999163150787353516e-01
9.999601840972900391e-01
9.999849796295166016e-01
9.999825954437255859e-01
9.999779462814331055e-01
9.999715685844421387e-01
9.999815821647644043e-01
9.999979138374328613e-01
9.999845027923583984e-01
9.999581575393676758e-01
9.996556043624877930e-01
9.988098144531250000e-01
9.955594539642333984e-01
9.829028844833374023e-01
9.517643451690673828e-01
8.789714574813842773e-01
7.627754211425781250e-01
6.520160436630249023e-01
5.438203811645507812e-01
5.220301747322082520e-01
5.218304395675659180e-01
5.154098272323608398e-01
4.975124001502990723e-01
3.822655677795410156e-01
3.086727857589721680e-01
3.555053174495697021e-01
5.196427702903747559e-01
8.528735041618347168e-01
9.698248505592346191e-01
9.158985018730163574e-01
9.361435770988464355e-01
9.863618016242980957e-01
9.950453639030456543e-01
9.971629381179809570e-01
9.946503043174743652e-01
9.912935495376586914e-01
9.837043881416320801e-01
9.801424741744995117e-01
9.851700067520141602e-01
9.900943040847778320e-01
9.948899149894714355e-01
9.940648674964904785e-01
9.897690415382385254e-01
7.025889158248901367e-01
3.294463455677032471e-01
1.508485972881317139e-01
9.927331348080770113e-07
4.368211250493914122e-07
1.072373286050356761e-31
4.154813582592970343e-32
0.000000000000000000e+00
0.000000000000000000e+00
1.075418754048484971e-09
3.167722750774260021e-09
3.112259209156036377e-01
7.778599262237548828e-01
8.571187853813171387e-01
8.465173244476318359e-01
6.141989827156066895e-01
3.754861652851104736e-01
1.629497855901718140e-01
3.625990822911262512e-03
1.383324968628585339e-03
4.507511912379413843e-04
1.477898331359028816e-03
2.725336514413356781e-02
7.340960949659347534e-02
1.376020163297653198e-01
2.098631560802459717e-01
1.841673851013183594e-01
1.405332386493682861e-01
1.666774898767471313e-01
2.222324162721633911e-01
4.600791931152343750e-01
6.272990107536315918e-01
6.161283850669860840e-01
4.689673483371734619e-01
1.409267634153366089e-01
2.347670815652236342e-04
5.151452205609530210e-05
7.809209637343883514e-04
1.870067557319998741e-03
1.162844821810722351e-01
2.500223815441131592e-01
5.137382149696350098e-01
7.556099891662597656e-01
8.804799318313598633e-01
9.643359780311584473e-01
9.522005319595336914e-01
8.853302001953125000e-01
7.502005100250244141e-01
6.100441813468933105e-01
4.669243395328521729e-01
6.313356161117553711e-01
9.103092551231384277e-01
9.707670211791992188e-01
9.988735318183898926e-01
9.751805067062377930e-01
9.152716398239135742e-01
6.637166142463684082e-01
4.298455715179443359e-01
2.349624931812286377e-01
9.796606004238128662e-02
3.247329965233802795e-02
9.439601562917232513e-03
1.606180332601070404e-02
1.692072153091430664e-01
3.757254481315612793e-01
6.495180130004882812e-01
9.294338226318359375e-01
9.648613929748535156e-01
9.951157569885253906e-01
9.966847896575927734e-01
9.980518221855163574e-01
9.989269971847534180e-01
9.995483160018920898e-01
9.998452067375183105e-01
9.999701976776123047e-01
9.999697208404541016e-01
9.997900128364562988e-01
9.995405673980712891e-01
9.941264390945434570e-01
9.878756403923034668e-01
7.718246579170227051e-01
5.679994225502014160e-01
4.409278035163879395e-01
3.996566236019134521e-01
5.808327198028564453e-01
7.569285035133361816e-01
9.252889156341552734e-01
9.999123811721801758e-01
9.999569654464721680e-01
9.999250173568725586e-01
9.998592734336853027e-01
9.998474717140197754e-01
9.998464584350585938e-01
9.993894100189208984e-01
9.989083409309387207e-01
9.983324408531188965e-01
9.976587891578674316e-01
9.966923594474792480e-01
9.814816713333129883e-01
9.437791705131530762e-01
9.074162244796752930e-01
8.723593354225158691e-01
8.961997032165527344e-01
9.504476785659790039e-01
9.765992760658264160e-01
9.956347346305847168e-01
9.982151389122009277e-01
9.994909763336181641e-01
9.993377923965454102e-01
9.992023706436157227e-01
9.991348981857299805e-01
9.992484450340270996e-01
9.997099041938781738e-01
9.999637603759765625e-01
9.999886155128479004e-01
9.999829530715942383e-01
9.999578595161437988e-01
9.982202053070068359e-01
9.959045648574829102e-01
9.430719017982482910e-01
8.793306350708007812e-01
5.834014415740966797e-01
3.059081435203552246e-01
1.273276209831237793e-01
6.282642317501085927e-08
2.304744306513839547e-08
1.108461394906044006e-01
3.737384378910064697e-01
6.318818330764770508e-01
8.850696086883544922e-01
9.492516517639160156e-01
9.273743033409118652e-01
6.592445373535156250e-01
3.375222086906433105e-01
1.746090799570083618e-01
3.333943709731101990e-02
4.541847482323646545e-02
1.329426318407058716e-01
4.878155887126922607e-01
7.677934765815734863e-01
9.119335412979125977e-01
9.758483767509460449e-01
9.545782208442687988e-01
9.275426864624023438e-01
8.970198631286621094e-01
9.187749028205871582e-01
9.582520127296447754e-01
9.802339076995849609e-01
9.996634125709533691e-01
9.992906451225280762e-01
9.971475005149841309e-01
9.843910336494445801e-01
9.667733907699584961e-01
9.361125826835632324e-01
9.250072836875915527e-01
9.427747726440429688e-01
9.590300321578979492e-01
9.739276766777038574e-01
9.646006226539611816e-01
9.429798722267150879e-01
9.492286443710327148e-01
9.628217220306396484e-01
9.205611944198608398e-01
8.515046834945678711e-01
3.838412463665008545e-01
3.196680333633628024e-12
1.302133748048994732e-12
0.000000000000000000e+00
0.000000000000000000e+00
8.286139369010925293e-02
2.714950740337371826e-01
5.467475056648254395e-01
8.869163393974304199e-01
9.940458536148071289e-01
9.985566735267639160e-01
9.994171261787414551e-01
9.994826912879943848e-01
9.996419548988342285e-01
9.998018741607666016e-01
9.999052882194519043e-01
9.999875426292419434e-01
9.999863505363464355e-01
9.999837279319763184e-01
9.999780058860778809e-01
9.999740123748779297e-01
9.999720454216003418e-01
9.999745488166809082e-01
9.999803304672241211e-01
9.999812841415405273e-01
9.999802708625793457e-01
9.999622106552124023e-01
9.999407529830932617e-01
9.997551441192626953e-01
9.995242953300476074e-01
9.988945126533508301e-01
9.982308745384216309e-01
9.974474310874938965e-01
9.967511296272277832e-01
9.962205886840820312e-01
9.957439899444580078e-01
9.953274130821228027e-01
9.953819513320922852e-01
9.957649707794189453e-01
9.957624077796936035e-01
9.956046938896179199e-01
9.930197000503540039e-01
9.899641871452331543e-01
9.879096150398254395e-01
9.859058856964111328e-01
9.840874075889587402e-01
9.825147390365600586e-01
9.819017052650451660e-01
9.822825789451599121e-01
9.846844077110290527e-01
9.869721531867980957e-01
9.891341328620910645e-01
9.866017103195190430e-01
9.806305766105651855e-01
9.487546086311340332e-01
9.058053493499755859e-01
8.311251997947692871e-01
7.495366930961608887e-01
8.235042095184326172e-01
9.044090509414672852e-01
9.535194039344787598e-01
9.917622208595275879e-01
9.820391535758972168e-01
9.425129294395446777e-01
8.354181647300720215e-01
7.029424309730529785e-01
5.356918573379516602e-01
4.635888338088989258e-01
4.697466790676116943e-01
5.763024091720581055e-01
7.322364449501037598e-01
6.950125694274902344e-01
6.058837771415710449e-01
3.617809414863586426e-01
1.092829033732414246e-01
9.113962203264236450e-02
1.207171976566314697e-01
4.197441041469573975e-01
6.895073056221008301e-01
8.821669816970825195e-01
9.989191889762878418e-01
9.961186647415161133e-01
9.947198033332824707e-01
9.946888685226440430e-01
9.963483214378356934e-01
9.990208148956298828e-01
9.998052716255187988e-01
9.999290108680725098e-01
9.999435544013977051e-01
9.999405145645141602e-01
9.999512434005737305e-01
9.999630451202392578e-01
9.999810457229614258e-01
9.999953508377075195e-01
9.999959468841552734e-01
9.999960064888000488e-01
9.999950528144836426e-01
9.999928474426269531e-01
9.999891519546508789e-01
9.999884963035583496e-01
9.999902248382568359e-01
9.999940991401672363e-01
9.999989867210388184e-01
1.000000000000000000e+00
1.000000000000000000e+00
9.999098181724548340e-01
9.997714757919311523e-01
9.982714653015136719e-01
9.961339235305786133e-01
9.901638627052307129e-01
9.820078015327453613e-01
9.675359129905700684e-01
9.588156342506408691e-01
9.596277475357055664e-01
9.663536548614501953e-01
9.792132973670959473e-01
9.847924709320068359e-01
9.855527877807617188e-01
9.863532185554504395e-01
9.871721267700195312e-01
9.882845878601074219e-01
9.894598722457885742e-01
9.915812015533447266e-01
9.938225150108337402e-01
9.972053170204162598e-01
1.000000000000000000e+00
1.000000000000000000e+00
9.928442239761352539e-01
9.679809808731079102e-01
8.866770863533020020e-01
7.213310003280639648e-01
5.598620176315307617e-01
4.024749994277954102e-01
4.649700522422790527e-01
6.599820852279663086e-01
8.203256726264953613e-01
9.687418937683105469e-01
9.951578378677368164e-01
9.995599389076232910e-01
9.998077750205993652e-01
9.998089075088500977e-01
9.989393949508666992e-01
9.971428513526916504e-01
9.912082552909851074e-01
9.845617413520812988e-01
9.762563109397888184e-01
9.774475693702697754e-01
9.926563501358032227e-01
1.000000000000000000e+00
1.000000000000000000e+00
9.981838464736938477e-01
9.952704310417175293e-01
9.961549043655395508e-01
9.984071254730224609e-01
9.991933703422546387e-01
9.997045993804931641e-01
9.993765354156494141e-01
9.988479614257812500e-01
9.959718585014343262e-01
9.920985698699951172e-01
9.834622740745544434e-01
9.758793115615844727e-01
9.710570573806762695e-01
9.708334207534790039e-01
9.778087139129638672e-01
9.844968318939208984e-01
9.909290671348571777e-01
9.945508241653442383e-01
9.963446855545043945e-01
9.978328943252563477e-01
9.991927146911621094e-01
9.980902671813964844e-01
9.964421987533569336e-01
9.966784715652465820e-01
9.969489574432373047e-01
9.939366579055786133e-01
9.910624027252197266e-01
9.890834093093872070e-01
9.891303777694702148e-01
9.953711032867431641e-01
9.995052814483642578e-01
9.998055100440979004e-01
9.999690651893615723e-01
9.999724626541137695e-01
9.999338388442993164e-01
9.998630881309509277e-01
9.996894001960754395e-01
9.994650483131408691e-01
9.996085166931152344e-01
9.998584985733032227e-01
9.999362230300903320e-01
9.999907016754150391e-01
9.999939203262329102e-01
9.999949932098388672e-01
9.999828934669494629e-01
9.999472498893737793e-01
9.998127818107604980e-01
9.996417760848999023e-01
9.993859529495239258e-01
9.987895488739013672e-01
9.976928830146789551e-01
9.924320578575134277e-01
9.831318259239196777e-01
9.772944450378417969e-01
9.736393094062805176e-01
9.798826575279235840e-01
9.901335239410400391e-01
9.937671422958374023e-01
9.958971142768859863e-01
9.968353509902954102e-01
9.976507425308227539e-01
9.978119134902954102e-01
9.980252981185913086e-01
9.986091852188110352e-01
9.990774989128112793e-01
9.991421103477478027e-01
9.990453720092773438e-01
9.986158609390258789e-01
9.984450936317443848e-01
9.986173510551452637e-01
9.987826943397521973e-01
9.989427328109741211e-01
9.835265278816223145e-01
9.590697288513183594e-01
7.838175296783447266e-01
5.536116361618041992e-01
3.240903615951538086e-01
9.482376277446746826e-02
2.541782855987548828e-01
4.444701671600341797e-01
7.039532661437988281e-01
9.335733652114868164e-01
9.621944427490234375e-01
9.831095337867736816e-01
9.787248373031616211e-01
9.727138876914978027e-01
9.633834362030029297e-01
9.625223875045776367e-01
9.727253317832946777e-01
9.816721677780151367e-01
9.894648790359497070e-01
9.919021725654602051e-01
9.911472201347351074e-01
9.482600688934326172e-01
8.893517255783081055e-01
8.185657262802124023e-01
7.450275421142578125e-01
7.404751181602478027e-01
7.435486316680908203e-01
8.389005064964294434e-01
9.262108206748962402e-01
9.540356993675231934e-01
9.775042533874511719e-01
9.850721359252929688e-01
9.914220571517944336e-01
9.950419068336486816e-01
9.963864088058471680e-01
9.944197535514831543e-01
9.891535639762878418e-01
9.806162714958190918e-01
9.781712293624877930e-01
9.797940850257873535e-01
9.857915043830871582e-01
9.936921000480651855e-01
9.972432851791381836e-01
9.996228814125061035e-01
9.996637105941772461e-01
9.993969798088073730e-01
9.940222501754760742e-01
9.869149327278137207e-01
9.601165056228637695e-01
9.366710782051086426e-01
9.298571348190307617e-01
9.279403090476989746e-01
9.395447373390197754e-01
9.497696161270141602e-01
9.575948119163513184e-01
9.578006267547607422e-01
9.488118886947631836e-01
8.757970929145812988e-01
7.496861815452575684e-01
5.142426490783691406e-01
2.168622761964797974e-01
8.513088524341583252e-02
1.358443219214677811e-02
1.257700566202402115e-02
2.654257230460643768e-02
2.947050333023071289e-01
5.840638875961303711e-01
7.947506904602050781e-01
9.838538169860839844e-01
9.900220632553100586e-01
9.949627518653869629e-01
9.948893785476684570e-01
9.945214390754699707e-01
9.934253096580505371e-01
9.937762618064880371e-01
9.965174794197082520e-01
9.949411749839782715e-01
9.884704351425170898e-01
9.586818814277648926e-01
