9.044149518013000488e-01
8.616917133331298828e-01
9.003238081932067871e-01
9.534224271774291992e-01
9.879008531570434570e-01
9.921785593032836914e-01
9.413658976554870605e-01
7.482985258102416992e-01
3.819493055343627930e-01
7.281139492988586426e-01
9.469417929649353027e-01
9.994323253631591797e-01
9.994318485260009766e-01
9.994718432426452637e-01
9.995156526565551758e-01
9.987180829048156738e-01
9.981049299240112305e-01
9.976993799209594727e-01
9.980410933494567871e-01
9.957056045532226562e-01
9.651784896850585938e-01
7.289380431175231934e-01
3.820200264453887939e-01
2.994892559945583344e-02
2.215399593114852905e-02
4.309265315532684326e-01
9.441437125205993652e-01
9.869764447212219238e-01
9.996147155761718750e-01
9.897368550300598145e-01
9.455183148384094238e-01
8.394934535026550293e-01
7.529047131538391113e-01
7.916347980499267578e-01
8.712049126625061035e-01
9.411461949348449707e-01
9.559562802314758301e-01
9.789829254150390625e-01
9.969800710678100586e-01
9.995614290237426758e-01
9.999977946281433105e-01
9.999912977218627930e-01
9.999700784683227539e-01
9.995521903038024902e-01
9.993343949317932129e-01
9.995495080947875977e-01
9.997961521148681641e-01
9.998507499694824219e-01
9.996213316917419434e-01
9.997743964195251465e-01
9.999106526374816895e-01
9.999853372573852539e-01
9.999944567680358887e-01
9.999778866767883301e-01
9.999356865882873535e-01
9.616860151290893555e-01
6.842646002769470215e-01
1.684715002775192261e-01
3.954421877861022949e-01
6.537655591964721680e-01
9.322543144226074219e-01
9.773306250572204590e-01
9.968330860137939453e-01
9.931262135505676270e-01
9.563939571380615234e-01
8.133598566055297852e-01
5.944992303848266602e-01
4.006074965000152588e-01
3.517409563064575195e-01
4.126143753528594971e-01
5.767849683761596680e-01
7.787012457847595215e-01
9.748770594596862793e-01
9.934172034263610840e-01
9.999093413352966309e-01
9.999404549598693848e-01
9.999198317527770996e-01
9.999524950981140137e-01
9.999582767486572266e-01
9.997348189353942871e-01
9.970732927322387695e-01
9.764329195022583008e-01
8.910051584243774414e-01
8.815907835960388184e-01
9.035447835922241211e-01
9.303640127182006836e-01
8.208290338516235352e-01
7.196360230445861816e-01
7.888128161430358887e-01
8.857645392417907715e-01
9.690477252006530762e-01
9.919269084930419922e-01
9.983516931533813477e-01
9.996866583824157715e-01
9.998927116394042969e-01
9.999679923057556152e-01
9.999952316284179688e-01
9.999881982803344727e-01
9.998140931129455566e-01
9.991207718849182129e-01
9.974306225776672363e-01
9.844393134117126465e-01
8.729184269905090332e-01
5.766742825508117676e-01
2.540345489978790283e-01
3.793596848845481873e-02
1.813420653343200684e-02
4.701961874961853027e-01
8.448421955108642578e-01
9.718811511993408203e-01
9.833963513374328613e-01
9.848315119743347168e-01
9.941691756248474121e-01
9.966087937355041504e-01
9.616397023200988770e-01
8.731942772865295410e-01
6.472986936569213867e-01
5.577994585037231445e-01
6.742135882377624512e-01
7.184974551200866699e-01
5.248124003410339355e-01
2.940567210316658020e-02
6.825500167906284332e-05
7.278604805469512939e-02
2.352540791034698486e-01
4.626662731170654297e-01
6.712244749069213867e-01
8.536928892135620117e-01
9.166244268417358398e-01
9.418674111366271973e-01
9.298303127288818359e-01
9.654721021652221680e-01
9.893073439598083496e-01
9.991664886474609375e-01
9.994190335273742676e-01
9.878290295600891113e-01
9.641229510307312012e-01
9.792959094047546387e-01
9.909397959709167480e-01
9.988263249397277832e-01
9.996116757392883301e-01
9.999937415122985840e-01
9.999859929084777832e-01
9.999692440032958984e-01
9.999521970748901367e-01
9.999344348907470703e-01
9.998941421508789062e-01
9.998877048492431641e-01
9.999121427536010742e-01
9.999466538429260254e-01
9.999727010726928711e-01
9.999908208847045898e-01
9.999964833259582520e-01
9.999994039535522461e-01
1.000000000000000000e+00
9.999998211860656738e-01
9.999995231628417969e-01
9.999988675117492676e-01
9.999917149543762207e-01
9.999876618385314941e-01
9.999864697456359863e-01
9.999912381172180176e-01
9.999904036521911621e-01
9.999837279319763184e-01
9.999541640281677246e-01
9.998832941055297852e-01
9.996647834777832031e-01
9.973526000976562500e-01
9.973171353340148926e-01
9.990614652633666992e-01
9.997107982635498047e-01
1.000000000000000000e+00
9.918360710144042969e-01
8.435629010200500488e-01
8.250592947006225586e-01
9.080652594566345215e-01
9.649481773376464844e-01
9.937999248504638672e-01
9.999638795852661133e-01
9.996991157531738281e-01
9.985159039497375488e-01
9.967535138130187988e-01
9.976654052734375000e-01
9.984287619590759277e-01
9.990211129188537598e-01
9.987362027168273926e-01
9.985549449920654297e-01
9.985059499740600586e-01
9.993485212326049805e-01
9.994323849678039551e-01
9.989252090454101562e-01
9.988948106765747070e-01
9.990010857582092285e-01
9.992107748985290527e-01
9.992151856422424316e-01
9.993135929107666016e-01
9.994916319847106934e-01
9.996854066848754883e-01
9.998332262039184570e-01
9.999386072158813477e-01
9.999710917472839355e-01
9.999309778213500977e-01
9.998142719268798828e-01
9.992880821228027344e-01
9.991593956947326660e-01
9.993877410888671875e-01
9.997970461845397949e-01
9.999939799308776855e-01
9.999947547912597656e-01
9.999318122863769531e-01
9.997730255126953125e-01
9.995285868644714355e-01
9.997934103012084961e-01
9.999414086341857910e-01
9.999546408653259277e-01
9.906688332557678223e-01
9.190669655799865723e-01
7.846075892448425293e-01
8.038946390151977539e-01
8.730107545852661133e-01
9.930152297019958496e-01
9.974861145019531250e-01
9.956140518188476562e-01
9.888939261436462402e-01
8.588885068893432617e-01
7.215846180915832520e-01
5.798963308334350586e-01
6.607367396354675293e-01
7.843373417854309082e-01
9.478493332862854004e-01
9.767110943794250488e-01
9.770759344100952148e-01
9.506595134735107422e-01
9.458211660385131836e-01
9.537047743797302246e-01
9.764825105667114258e-01
9.845207333564758301e-01
9.844958186149597168e-01
9.748308658599853516e-01
9.800688624382019043e-01
9.877157211303710938e-01
9.967211484909057617e-01
9.977429509162902832e-01
9.597107172012329102e-01
8.610928654670715332e-01
3.546159267425537109e-01
4.277698826626874506e-05
5.195191988605074584e-06
1.732950657606124878e-01
3.940306901931762695e-01
6.511957049369812012e-01
7.095901966094970703e-01
7.599772810935974121e-01
8.674854040145874023e-01
8.604969382286071777e-01
6.803494095802307129e-01
1.791077256202697754e-01
4.013301432132720947e-02
1.415060311555862427e-01
6.034356355667114258e-01
8.405204415321350098e-01
9.733225107192993164e-01
9.919206500053405762e-01
9.980711340904235840e-01
9.998891353607177734e-01
9.999762773513793945e-01
9.999989271163940430e-01
9.999996423721313477e-01
9.999992847442626953e-01
9.999900460243225098e-01
9.998872280120849609e-01
9.994600415229797363e-01
9.991814494132995605e-01
9.989808797836303711e-01
9.988483190536499023e-01
9.984529018402099609e-01
9.980341792106628418e-01
9.980752468109130859e-01
9.978680014610290527e-01
9.958217144012451172e-01
9.840910434722900391e-01
9.606872200965881348e-01
9.388946294784545898e-01
9.748406410217285156e-01
9.879091382026672363e-01
9.839602112770080566e-01
9.565115571022033691e-01
5.990384221076965332e-01
6.711636483669281006e-02
2.208376824855804443e-01
4.870460629463195801e-01
8.272474408149719238e-01
9.221181869506835938e-01
9.772025346755981445e-01
9.973075389862060547e-01
9.990530014038085938e-01
9.998586773872375488e-01
9.997540712356567383e-01
9.956395626068115234e-01
9.639824032783508301e-01
9.025571942329406738e-01
9.179158806800842285e-01
9.318823814392089844e-01
9.408891797065734863e-01
9.679985046386718750e-01
9.781665205955505371e-01
9.636051058769226074e-01
9.265114665031433105e-01
9.134225249290466309e-01
9.412920475006103516e-01
9.763741493225097656e-01
9.996145963668823242e-01
9.999467134475708008e-01
9.999334812164306641e-01
9.984736442565917969e-01
9.941882491111755371e-01
9.935676455497741699e-01
9.718797802925109863e-01
8.980438709259033203e-01
7.685847282409667969e-01
6.634833812713623047e-01
6.701211333274841309e-01
6.625118851661682129e-01
6.562068462371826172e-01
6.706435084342956543e-01
7.839390635490417480e-01
9.087637662887573242e-01
9.154846072196960449e-01
7.666085958480834961e-01
6.132076978683471680e-01
8.234102129936218262e-01
9.411352276802062988e-01
9.990103244781494141e-01
9.978646636009216309e-01
9.887159466743469238e-01
9.737427830696105957e-01
9.520165920257568359e-01
9.538855552673339844e-01
9.735327363014221191e-01
9.911721944808959961e-01
9.995121955871582031e-01
9.996630549430847168e-01
9.992818832397460938e-01
9.990300536155700684e-01
9.989113211631774902e-01
9.994210004806518555e-01
9.997845888137817383e-01
9.999555349349975586e-01
9.999797344207763672e-01
9.999159574508666992e-01
9.997431039810180664e-01
9.915921092033386230e-01
9.740505814552307129e-01
9.423374533653259277e-01
9.393395185470581055e-01
9.529747962951660156e-01
9.901050329208374023e-01
9.982352256774902344e-01
9.981049895286560059e-01
9.941945075988769531e-01
9.868185520172119141e-01
9.835395812988281250e-01
9.956235885620117188e-01
9.994243979454040527e-01
9.991332888603210449e-01
9.950248599052429199e-01
5.985650420188903809e-01
1.013688072562217712e-01
2.685172110795974731e-02
8.904958714861521685e-11
3.563471604138612747e-03
3.415684774518013000e-02
3.920491635799407959e-01
9.339308142662048340e-01
9.526317715644836426e-01
9.179031848907470703e-01
8.415054082870483398e-01
8.445441722869873047e-01
8.852452039718627930e-01
9.631413817405700684e-01
9.811329245567321777e-01
9.772449731826782227e-01
9.486474394798278809e-01
7.538920640945434570e-01
5.658849477767944336e-01
4.055403769016265869e-01
6.731841564178466797e-01
9.087724089622497559e-01
9.849693775177001953e-01
9.988723397254943848e-01
9.999887943267822266e-01
9.999916553497314453e-01
9.999935030937194824e-01
9.999907016754150391e-01
9.999754428863525391e-01
9.997373223304748535e-01
9.986308217048645020e-01
9.945198893547058105e-01
9.785420298576354980e-01
9.303964376449584961e-01
7.387421727180480957e-01
3.924584984779357910e-01
1.175720593892037868e-03
8.403862593695521355e-04
8.694068528711795807e-03
2.611212804913520813e-02
1.085681989789009094e-01
3.682218194007873535e-01
7.886240482330322266e-01
9.145845174789428711e-01
9.854333996772766113e-01
9.948266148567199707e-01
9.959030747413635254e-01
9.930370450019836426e-01
9.853547811508178711e-01
9.655984044075012207e-01
9.586493968963623047e-01
9.769517779350280762e-01
9.897171854972839355e-01
9.962140917778015137e-01
9.911209344863891602e-01
9.594663977622985840e-01
9.142228960990905762e-01
8.507219552993774414e-01
8.485559821128845215e-01
8.724785447120666504e-01
9.062286019325256348e-01
8.438838720321655273e-01
7.276045083999633789e-01
5.813887119293212891e-01
6.255643367767333984e-01
7.887453436851501465e-01
8.776636719703674316e-01
9.181390404701232910e-01
9.180965423583984375e-01
9.157035946846008301e-01
9.274672865867614746e-01
9.542888402938842773e-01
9.674932956695556641e-01
9.690171480178833008e-01
9.555733203887939453e-01
9.456313848495483398e-01
8.361597061157226562e-01
5.497393608093261719e-01
2.291687577962875366e-01
2.122919067915063351e-05
3.978636868851026520e-06
5.621478703687898815e-05
8.165116421878337860e-03
4.180686920881271362e-02
5.307869985699653625e-02
1.115078926086425781e-01
4.379225671291351318e-01
7.254632115364074707e-01
9.623443484306335449e-01
9.688816070556640625e-01
9.610282182693481445e-01
9.436632990837097168e-01
9.485798478126525879e-01
9.629651308059692383e-01
9.863484501838684082e-01
9.945499300956726074e-01
9.991815686225891113e-01
9.997850656509399414e-01
9.998446106910705566e-01
9.998664855957031250e-01
9.999092817306518555e-01
9.999274015426635742e-01
9.999381303787231445e-01
9.999423623085021973e-01
9.997885823249816895e-01
9.977468848228454590e-01
9.899756908416748047e-01
9.151430130004882812e-01
8.369058370590209961e-01
8.712845444679260254e-01
9.314785599708557129e-01
9.983341693878173828e-01
9.994807839393615723e-01
9.999796152114868164e-01
9.999915957450866699e-01
9.999672174453735352e-01
9.939210414886474609e-01
9.818001389503479004e-01
9.850486516952514648e-01
8.869188427925109863e-01
6.519767642021179199e-01
7.272537350654602051e-01
8.389164805412292480e-01
9.471555948257446289e-01
9.686741828918457031e-01
7.917497158050537109e-01
1.605524569749832153e-01
3.762847238658606486e-12
0.000000000000000000e+00
0.000000000000000000e+00
0.000000000000000000e+00
2.588280476629734039e-02
2.202291339635848999e-01
3.478603065013885498e-01
4.403949081897735596e-01
6.900485754013061523e-01
8.685370087623596191e-01
9.817469120025634766e-01
9.923474788665771484e-01
9.800673127174377441e-01
9.414420127868652344e-01
8.569746613502502441e-01
8.294945359230041504e-01
9.072960615158081055e-01
9.572942256927490234e-01
9.854999184608459473e-01
9.743694663047790527e-01
4.985468089580535889e-01
2.654041396453976631e-03
6.545205833390355110e-04
0.000000000000000000e+00
1.454968195508457565e-41
1.240989920006057998e-40
1.010023755952715874e-03
4.505963064730167389e-03
3.897086158394813538e-02
1.021907106041908264e-01
1.927146911621093750e-01
2.353250682353973389e-01
2.029243111610412598e-01
7.387356460094451904e-02
2.523997798562049866e-02
9.344979480374604464e-05
3.592751454561948776e-04
1.942859671544283628e-04
2.471002189755738820e-13
1.152467335972795492e-12
4.266884028911590576e-01
9.138518571853637695e-01
9.773482084274291992e-01
9.982311725616455078e-01
9.914516806602478027e-01
9.470505118370056152e-01
8.305890560150146484e-01
6.602743864059448242e-01
6.187703609466552734e-01
6.666100025177001953e-01
8.130737543106079102e-01
9.229226112365722656e-01
9.905501604080200195e-01
9.964700341224670410e-01
9.988151192665100098e-01
9.976260066032409668e-01
9.898833632469177246e-01
9.622825980186462402e-01
9.389778375625610352e-01
9.528918862342834473e-01
9.748470187187194824e-01
9.972946047782897949e-01
9.974353313446044922e-01
9.971368908882141113e-01
9.966376423835754395e-01
9.987348914146423340e-01
9.998524188995361328e-01
9.999811053276062012e-01
9.976601004600524902e-01
9.927092194557189941e-01
9.840987920761108398e-01
9.924653172492980957e-01
1.000000000000000000e+00
1.000000000000000000e+00
9.407077431678771973e-01
8.943400979042053223e-01
9.525613188743591309e-01
9.808900952339172363e-01
9.935461282730102539e-01
9.958097338676452637e-01
9.976871609687805176e-01
9.992395639419555664e-01
9.996488690376281738e-01
9.995254874229431152e-01
9.988597035408020020e-01
8.709006309509277344e-01
7.250097990036010742e-01
5.624834299087524414e-01
7.356693744659423828e-01
9.147827625274658203e-01
9.799745678901672363e-01
9.964241981506347656e-01
9.972494244575500488e-01
9.968857169151306152e-01
9.979918599128723145e-01
9.996502995491027832e-01
9.998664855957031250e-01
9.998077154159545898e-01
9.990085363388061523e-01
9.738888144493103027e-01
9.324277043342590332e-01
8.729360103607177734e-01
8.870443701744079590e-01
9.236856698989868164e-01
9.879261255264282227e-01
9.995740056037902832e-01
9.999160766601562500e-01
9.996773600578308105e-01
9.815503954887390137e-01
9.584248661994934082e-01
9.431378245353698730e-01
9.532506465911865234e-01
9.775286912918090820e-01
9.926275610923767090e-01
9.998220205307006836e-01
9.999963045120239258e-01
9.999973177909851074e-01
9.999648928642272949e-01
9.998926520347595215e-01
9.998820424079895020e-01
9.998877644538879395e-01
9.999094605445861816e-01
9.999338388442993164e-01
9.996753931045532227e-01
9.984387159347534180e-01
9.850783944129943848e-01
9.695227146148681641e-01
9.800211787223815918e-01
9.896618127822875977e-01
9.984670877456665039e-01
9.978598952293395996e-01
9.899439811706542969e-01
9.737340807914733887e-01
8.558830022811889648e-01
7.963233590126037598e-01
8.566794991493225098e-01
9.319951534271240234e-01
9.921856522560119629e-01
9.978371262550354004e-01
9.996708631515502930e-01
9.998609423637390137e-01
9.999401569366455078e-01
9.998267292976379395e-01
9.995393753051757812e-01
9.982661604881286621e-01
9.926031827926635742e-01
9.823592305183410645e-01
9.488252997398376465e-01
9.227451682090759277e-01
9.115583896636962891e-01
7.918812036514282227e-01
5.696052908897399902e-01
1.323359757661819458e-01
2.640736401081085205e-01
6.055359244346618652e-01
8.598303794860839844e-01
9.581720232963562012e-01
9.569628834724426270e-01
9.817638397216796875e-01
9.892138242721557617e-01
9.790573120117187500e-01
9.541568756103515625e-01
9.522582888603210449e-01
9.885888695716857910e-01
9.946286082267761230e-01
9.872836470603942871e-01
9.610036015510559082e-01
9.003713726997375488e-01
8.254427909851074219e-01
7.469773888587951660e-01
7.266127467155456543e-01
7.496924996376037598e-01
8.772044777870178223e-01
9.383538961410522461e-01
9.305502176284790039e-01
6.099599599838256836e-01
4.455625414848327637e-01
5.765191912651062012e-01
7.738926410675048828e-01
9.421924948692321777e-01
9.852814674377441406e-01
9.976894259452819824e-01
9.960917830467224121e-01
9.884343743324279785e-01
8.870013952255249023e-01
7.216089963912963867e-01
6.471164822578430176e-01
6.862028837203979492e-01
8.534069657325744629e-01
9.438587427139282227e-01
9.978979825973510742e-01
9.985461235046386719e-01
9.980408549308776855e-01
9.972344636917114258e-01
9.964296817779541016e-01
9.969456195831298828e-01
9.980967640876770020e-01
9.991969466209411621e-01
9.992138147354125977e-01
9.983552098274230957e-01
9.978972673416137695e-01
9.980378150939941406e-01
9.989549517631530762e-01
9.995713829994201660e-01
9.999302625656127930e-01
9.998185634613037109e-01
9.997813105583190918e-01
9.997209906578063965e-01
9.994575977325439453e-01
9.995840191841125488e-01
9.998973608016967773e-01
9.995888471603393555e-01
9.972251057624816895e-01
9.928458929061889648e-01
9.909576177597045898e-01
9.919936060905456543e-01
9.975219964981079102e-01
9.945159554481506348e-01
9.754077196121215820e-01
9.153511524200439453e-01
8.975958824157714844e-01
9.068629741668701172e-01
9.714727997779846191e-01
9.991659522056579590e-01
9.987886548042297363e-01
9.995005726814270020e-01
9.998893141746520996e-01
9.998708963394165039e-01
9.998183846473693848e-01
9.997296929359436035e-01
9.995722174644470215e-01
9.994645118713378906e-01
9.994380474090576172e-01
9.996919631958007812e-01
9.998438358306884766e-01
9.999074935913085938e-01
9.995464682579040527e-01
9.992274045944213867e-01
9.989514946937561035e-01
9.976910352706909180e-01
9.972159266471862793e-01
9.982492327690124512e-01
9.990812540054321289e-01
9.997083544731140137e-01
9.998286962509155273e-01
9.996067881584167480e-01
9.986392259597778320e-01
9.926890730857849121e-01
9.911260604858398438e-01
9.933272600173950195e-01
9.968035221099853516e-01
9.991738796234130859e-01
9.998718500137329102e-01
9.999927282333374023e-01
9.999988079071044922e-01
9.999956488609313965e-01
9.999147653579711914e-01
9.997503161430358887e-01
9.992672801017761230e-01
9.990187883377075195e-01
9.989476203918457031e-01
9.991202354431152344e-01
9.990269541740417480e-01
9.985923767089843750e-01
9.979253411293029785e-01
9.967778325080871582e-01
9.946030974388122559e-01
9.816639423370361328e-01
9.618086218833923340e-01
9.266904592514038086e-01
9.046487212181091309e-01
8.918157815933227539e-01
8.891404867172241211e-01
9.140205383300781250e-01
9.714521169662475586e-01
9.894869923591613770e-01
9.986310601234436035e-01
9.993898272514343262e-01
9.996277689933776855e-01
9.997029304504394531e-01
9.998155832290649414e-01
9.999029636383056641e-01
9.999713897705078125e-01
9.999722242355346680e-01
9.999653697013854980e-01
9.999498128890991211e-01
9.998542666435241699e-01
9.997801184654235840e-01
9.997673034667968750e-01
9.997776150703430176e-01
9.997972249984741211e-01
9.998245835304260254e-01
9.989492297172546387e-01
9.970964193344116211e-01
9.867423176765441895e-01
9.745437502861022949e-01
9.603414535522460938e-01
9.809253811836242676e-01
9.977689385414123535e-01
9.995484352111816406e-01
9.999879598617553711e-01
9.999976754188537598e-01
9.999933242797851562e-01
9.997948408126831055e-01
9.991919994354248047e-01
9.921762347221374512e-01
9.901943206787109375e-01
9.938566684722900391e-01
9.971243739128112793e-01
9.994456171989440918e-01
9.998868107795715332e-01
9.999975562095642090e-01
9.999923110008239746e-01
9.999554753303527832e-01
9.995259046554565430e-01
9.987987279891967773e-01
9.968400001525878906e-01
9.784184098243713379e-01
9.403291344642639160e-01
8.230182528495788574e-01
7.485360503196716309e-01
7.944233417510986328e-01
8.859356641769409180e-01
9.788416624069213867e-01
9.917607903480529785e-01
9.928876161575317383e-01
9.853723049163818359e-01
9.510354995727539062e-01
9.393645524978637695e-01
9.574849009513854980e-01
9.807093143463134766e-01
9.983358979225158691e-01
9.995536208152770996e-01
9.999445080757141113e-01
9.999736547470092773e-01
9.998939037322998047e-01
9.993450641632080078e-01
9.984191060066223145e-01
9.946282505989074707e-01
9.871317148208618164e-01
9.741650223731994629e-01
9.417700171470642090e-01
8.964986205101013184e-01
8.245254755020141602e-01
7.465530633926391602e-01
6.762817502021789551e-01
7.124757170677185059e-01
8.017461895942687988e-01
9.411442875862121582e-01
9.382830262184143066e-01
9.173107743263244629e-01
8.813140988349914551e-01
8.600963950157165527e-01
8.522759675979614258e-01
8.808577656745910645e-01
9.213845729827880859e-01
9.677066802978515625e-01
9.863302707672119141e-01
9.945899844169616699e-01
9.909671545028686523e-01
9.104332327842712402e-01
8.629167079925537109e-01
9.114583730697631836e-01
9.471575617790222168e-01
9.623614549636840820e-01
8.877096772193908691e-01
8.530565500259399414e-01
8.484336733818054199e-01
8.966906070709228516e-01
9.344005584716796875e-01
9.562026262283325195e-01
9.552128314971923828e-01
8.988014459609985352e-01
6.889857053756713867e-01
4.528745710849761963e-01
2.532451450824737549e-01
5.731508731842041016e-01
8.163779973983764648e-01
9.849184155464172363e-01
9.944728016853332520e-01
9.797662496566772461e-01
9.433684349060058594e-01
8.784725666046142578e-01
8.364281058311462402e-01
9.367554187774658203e-01
9.720599055290222168e-01
9.631586074829101562e-01
9.170966744422912598e-01
8.966948986053466797e-01
9.097909927368164062e-01
9.532375335693359375e-01
9.906502366065979004e-01
9.973518848419189453e-01
9.996740818023681641e-01
9.999572634696960449e-01
9.999601244926452637e-01
9.999088644981384277e-01
9.998078346252441406e-01
9.990038275718688965e-01
9.980047345161437988e-01
9.967322349548339844e-01
9.965816140174865723e-01
9.964746832847595215e-01
9.950599074363708496e-01
9.904332160949707031e-01
9.836758375167846680e-01
9.790160059928894043e-01
9.796712398529052734e-01
9.873723983764648438e-01
9.940654039382934570e-01
9.990552663803100586e-01
9.997245073318481445e-01
9.999534487724304199e-01
9.999458789825439453e-01
9.996747374534606934e-01
9.993922710418701172e-01
9.990993142127990723e-01
9.964170455932617188e-01
9.911762475967407227e-01
9.811940789222717285e-01
9.767853617668151855e-01
9.762782454490661621e-01
9.862823486328125000e-01
9.935773015022277832e-01
9.988433718681335449e-01
9.995049238204956055e-01
9.998775720596313477e-01
9.999222755432128906e-01
9.998913407325744629e-01
9.998285770416259766e-01
9.997159838676452637e-01
9.995956420898437500e-01
9.994788765907287598e-01
9.995207786560058594e-01
9.996525049209594727e-01
9.998899102210998535e-01
9.995704293251037598e-01
9.993839859962463379e-01
9.997350573539733887e-01
9.999023675918579102e-01
9.999811649322509766e-01
9.999902248382568359e-01
9.999958872795104980e-01
9.999983906745910645e-01
9.999992251396179199e-01
9.999995231628417969e-01
9.999989867210388184e-01
9.999930262565612793e-01
9.999816417694091797e-01
9.999517202377319336e-01
9.999364018440246582e-01
9.999321103096008301e-01
9.986647963523864746e-01
9.893057942390441895e-01
9.674661159515380859e-01
9.062932729721069336e-01
8.598622679710388184e-01
9.029038548469543457e-01
9.437455534934997559e-01
9.819504618644714355e-01
9.787064194679260254e-01
9.745138287544250488e-01
9.691074490547180176e-01
9.804556369781494141e-01
9.924491643905639648e-01
9.975713491439819336e-01
9.995673894882202148e-01
9.999625682830810547e-01
9.999849796295166016e-01
9.999745488166809082e-01
9.999287128448486328e-01
9.997007846832275391e-01
9.994740486145019531e-01
9.993028640747070312e-01
9.994340538978576660e-01
9.996756911277770996e-01
9.997832775115966797e-01
9.998505115509033203e-01
9.998802542686462402e-01
9.991095066070556641e-01
9.966204762458801270e-01
9.908031225204467773e-01
9.846683144569396973e-01
9.811883568763732910e-01
9.941635131835937500e-01
9.984210729598999023e-01
9.955576062202453613e-01
9.942083358764648438e-01
9.735910296440124512e-01
9.189763069152832031e-01
9.160574078559875488e-01
9.336935281753540039e-01
9.746574163436889648e-01
9.947968125343322754e-01
9.996602535247802734e-01
9.998632073402404785e-01
9.999390244483947754e-01
9.999551177024841309e-01
9.999417066574096680e-01
9.999210238456726074e-01
9.999019503593444824e-01
9.999304413795471191e-01
9.999899864196777344e-01
9.999700784683227539e-01
9.999091625213623047e-01
9.997884631156921387e-01
9.985624551773071289e-01
9.915359020233154297e-01
9.642434120178222656e-01
8.429227471351623535e-01
6.669968962669372559e-01
6.635280251502990723e-01
7.149819731712341309e-01
8.408855795860290527e-01
8.832778334617614746e-01
9.027771949768066406e-01
9.039858579635620117e-01
9.272500872611999512e-01
9.626363515853881836e-01
9.818680286407470703e-01
9.850127100944519043e-01
9.674499630928039551e-01
9.819217920303344727e-01
9.979581236839294434e-01
9.994459748268127441e-01
9.999878406524658203e-01
9.999988675117492676e-01
9.999974966049194336e-01
9.999871850013732910e-01
9.999657273292541504e-01
9.995750784873962402e-01
9.971626996994018555e-01
9.887983202934265137e-01
9.709911942481994629e-01
9.505935311317443848e-01
9.824165105819702148e-01
9.975717067718505859e-01
9.921366572380065918e-01
9.925436377525329590e-01
9.911970496177673340e-01
9.811412692070007324e-01
9.630855917930603027e-01
9.423528313636779785e-01
9.592705368995666504e-01
9.762853384017944336e-01
9.934430122375488281e-01
9.980745315551757812e-01
9.998477101325988770e-01
9.999527931213378906e-01
9.999916553497314453e-01
9.999926686286926270e-01
9.999804496765136719e-01
9.999775290489196777e-01
9.999868273735046387e-01
9.999637603759765625e-01
9.997847676277160645e-01
9.991073012351989746e-01
9.976900815963745117e-01
9.959045648574829102e-01
9.968736767768859863e-01
9.980943202972412109e-01
9.996549487113952637e-01
9.999441504478454590e-01
9.999025464057922363e-01
9.996713995933532715e-01
9.991006255149841309e-01
9.982755184173583984e-01
9.929770827293395996e-01
9.853971004486083984e-01
9.744583368301391602e-01
9.500560760498046875e-01
8.700843453407287598e-01
5.767109394073486328e-01
5.269154906272888184e-01
6.448914408683776855e-01
8.578563332557678223e-01
9.919802546501159668e-01
9.983098506927490234e-01
9.998145103454589844e-01
9.999182820320129395e-01
9.998400807380676270e-01
9.993724226951599121e-01
9.986092448234558105e-01
9.966149330139160156e-01
9.945278763771057129e-01
9.923574924468994141e-01
9.788644313812255859e-01
9.302281737327575684e-01
6.964807510375976562e-01
7.001917362213134766e-01
9.074284434318542480e-01
9.659034013748168945e-01
9.985206723213195801e-01
9.996744990348815918e-01
9.999865293502807617e-01
9.999491572380065918e-01
9.997339248657226562e-01
9.996464252471923828e-01
9.996839761734008789e-01
9.998221993446350098e-01
9.999341368675231934e-01
9.999533295631408691e-01
9.998944401741027832e-01
9.997780323028564453e-01
9.993983507156372070e-01
9.981665015220642090e-01
9.959656596183776855e-01
9.626308083534240723e-01
8.249368667602539062e-01
3.917797803878784180e-01
1.420807987451553345e-01
4.565711072131366872e-18
1.671301677255988218e-18
0.000000000000000000e+00
0.000000000000000000e+00
1.764391809701919556e-01
4.302543997764587402e-01
8.286792039871215820e-01
9.765375256538391113e-01
9.528872966766357422e-01
9.637554287910461426e-01
9.775752425193786621e-01
9.953830242156982422e-01
9.997658133506774902e-01
9.999786615371704102e-01
9.999722838401794434e-01
9.999280571937561035e-01
9.998518824577331543e-01
9.995751380920410156e-01
9.992734789848327637e-01
9.989501237869262695e-01
9.961242079734802246e-01
9.912954568862915039e-01
9.773044586181640625e-01
9.769576787948608398e-01
9.911972880363464355e-01
9.964507818222045898e-01
9.994381070137023926e-01
9.997066259384155273e-01
9.997739791870117188e-01
9.997242093086242676e-01
9.994604587554931641e-01
9.992836117744445801e-01
9.992255568504333496e-01
9.995182156562805176e-01
9.998401403427124023e-01
9.999409914016723633e-01
9.999570250511169434e-01
9.999125003814697266e-01
9.968758225440979004e-01
9.842480421066284180e-01
9.545334577560424805e-01
8.443210721015930176e-01
7.230340242385864258e-01
7.135071754455566406e-01
7.779108881950378418e-01
9.115606546401977539e-01
4.648980200290679932e-01
8.271466195583343506e-02
2.049229666590690613e-02
1.634389512616962747e-08
2.459596469998359680e-02
4.589908123016357422e-01
7.831589579582214355e-01
9.678111672401428223e-01
9.999375939369201660e-01
9.999055266380310059e-01
9.996844530105590820e-01
9.996204972267150879e-01
9.996626377105712891e-01
9.997550845146179199e-01
9.997496008872985840e-01
9.995722174644470215e-01
9.990506172180175781e-01
9.984758496284484863e-01
9.983200430870056152e-01
9.987629652023315430e-01
9.997707009315490723e-01
9.999423623085021973e-01
9.999966621398925781e-01
9.999954700469970703e-01
9.999371767044067383e-01
9.996142387390136719e-01
9.944827556610107422e-01
9.773663878440856934e-01
9.442878961563110352e-01
9.043562412261962891e-01
8.744550943374633789e-01
8.931962251663208008e-01
9.010905027389526367e-01
9.009285569190979004e-01
9.231014847755432129e-01
9.495615959167480469e-01
9.824352860450744629e-01
9.949606657028198242e-01
9.989716410636901855e-01
9.983054995536804199e-01
9.974702000617980957e-01
9.964522719383239746e-01
9.876663684844970703e-01
9.612236618995666504e-01
8.837767839431762695e-01
8.295328617095947266e-01
7.895953059196472168e-01
9.122365713119506836e-01
9.909656047821044922e-01
9.981596469879150391e-01
9.999366402626037598e-01
9.999996423721313477e-01
9.999995231628417969e-01
9.999965429306030273e-01
9.999908804893493652e-01
9.978959560394287109e-01
9.883942604064941406e-01
9.602854847908020020e-01
9.489902257919311523e-01
9.331621527671813965e-01
5.607845187187194824e-01
3.333038985729217529e-01
3.116094768047332764e-01
4.774950146675109863e-01
6.857577562332153320e-01
8.593937158584594727e-01
9.584397673606872559e-01
9.954755306243896484e-01
9.991803169250488281e-01
9.997881054878234863e-01
9.996429681777954102e-01
9.845275282859802246e-01
9.584410786628723145e-01
8.668053150177001953e-01
8.293958902359008789e-01
8.625983595848083496e-01
9.282528758049011230e-01
9.886608719825744629e-01
9.922770261764526367e-01
9.912075400352478027e-01
9.864853620529174805e-01
9.742553830146789551e-01
9.444078207015991211e-01
8.768765330314636230e-01
8.131504654884338379e-01
7.642984986305236816e-01
9.049929976463317871e-01
9.879309535026550293e-01
9.975625276565551758e-01
9.924763441085815430e-01
9.685878157615661621e-01
8.789896368980407715e-01
6.086431741714477539e-01
1.983999609947204590e-01
7.331747561693191528e-02
1.050529476742667612e-06
2.507664476070203818e-07
2.348333225654641865e-07
2.468912303447723389e-02
4.279760718345642090e-01
7.361372709274291992e-01
9.206270575523376465e-01
8.885678648948669434e-01
7.708750963211059570e-01
5.007790923118591309e-01
2.671736776828765869e-01
6.274253875017166138e-02
3.981318473815917969e-01
7.243934869766235352e-01
9.294418692588806152e-01
9.979655146598815918e-01
9.997876286506652832e-01
9.998316764831542969e-01
9.998768568038940430e-01
9.999235272407531738e-01
9.999609589576721191e-01
9.999529123306274414e-01
9.997195005416870117e-01
9.455156326293945312e-01
8.440326452255249023e-01
4.337007999420166016e-01
1.163971498608589172e-01
1.309350878000259399e-01
1.769132316112518311e-01
2.395875304937362671e-01
2.683453559875488281e-01
3.738075792789459229e-01
6.016114950180053711e-01
8.094525933265686035e-01
9.859354496002197266e-01
9.925269484519958496e-01
9.964590668678283691e-01
9.976909160614013672e-01
9.988735914230346680e-01
9.997810125350952148e-01
9.998326897621154785e-01
9.987608790397644043e-01
9.969579577445983887e-01
9.853094220161437988e-01
9.758757352828979492e-01
9.711704850196838379e-01
9.705832600593566895e-01
9.726732373237609863e-01
9.865231513977050781e-01
9.955908656120300293e-01
9.987768530845642090e-01
9.977403879165649414e-01
9.919126629829406738e-01
9.689669609069824219e-01
8.200979232788085938e-01
5.691623091697692871e-01
2.410437315702438354e-01
1.751891104504466057e-03
5.334549350664019585e-04
8.035022765398025513e-03
2.512212470173835754e-02
2.824366390705108643e-01
5.727337002754211426e-01
9.157767891883850098e-01
6.657626032829284668e-01
2.670714855194091797e-01
1.930048763751983643e-01
2.650041580200195312e-01
4.912246167659759521e-01
7.649491429328918457e-01
9.864879250526428223e-01
9.951061010360717773e-01
9.874131083488464355e-01
9.681564569473266602e-01
8.780737519264221191e-01
8.196581602096557617e-01
8.379377126693725586e-01
9.063414931297302246e-01
9.945033788681030273e-01
9.974179863929748535e-01
9.993553161621093750e-01
9.998808503150939941e-01
9.936414957046508789e-01
9.829872250556945801e-01
9.573053717613220215e-01
9.471555948257446289e-01
9.523596167564392090e-01
9.226346611976623535e-01
8.650457262992858887e-01
7.325267791748046875e-01
7.346799373626708984e-01
8.292865753173828125e-01
9.211517572402954102e-01
9.868108034133911133e-01
9.964936971664428711e-01
9.997383356094360352e-01
9.999670386314392090e-01
9.999858736991882324e-01
9.999977350234985352e-01
9.999995231628417969e-01
9.999996423721313477e-01
9.999993443489074707e-01
9.999993443489074707e-01
9.999979734420776367e-01
9.999952316284179688e-01
9.999824762344360352e-01
9.999629259109497070e-01
9.999248385429382324e-01
9.998824000358581543e-01
9.998369216918945312e-01
9.998647570610046387e-01
9.998918771743774414e-01
9.999062418937683105e-01
9.999220967292785645e-01
9.999384880065917969e-01
9.999439120292663574e-01
9.999595284461975098e-01
9.999917149543762207e-01
1.000000000000000000e+00
9.999986886978149414e-01
9.999859333038330078e-01
9.999813437461853027e-01
9.999864101409912109e-01
9.999914169311523438e-01
9.999957084655761719e-01
9.999967813491821289e-01
9.999971389770507812e-01
9.999969005584716797e-01
9.999963641166687012e-01
9.999958872795104980e-01
9.999954700469970703e-01
9.999948740005493164e-01
9.999941587448120117e-01
9.999931454658508301e-01
9.999936223030090332e-01
9.999969005584716797e-01
9.999988079071044922e-01
1.000000000000000000e+00
1.000000000000000000e+00
9.999949932098388672e-01
9.999827742576599121e-01
9.999610781669616699e-01
9.999405145645141602e-01
9.999501705169677734e-01
9.999670386314392090e-01
9.999916553497314453e-01
9.999931454658508301e-01
9.999883174896240234e-01
9.999766945838928223e-01
9.999425411224365234e-01
9.998897910118103027e-01
9.998669028282165527e-01
9.998674988746643066e-01
9.999267458915710449e-01
9.999681115150451660e-01
9.999982714653015137e-01
9.999996423721313477e-01
9.999999403953552246e-01
1.000000000000000000e+00
9.999996423721313477e-01
9.999939203262329102e-01
9.998465180397033691e-01
9.988886117935180664e-01
9.966595768928527832e-01
9.942119121551513672e-01
9.922998547554016113e-01
9.959343671798706055e-01
9.984101653099060059e-01
9.994835853576660156e-01
9.998184442520141602e-01
9.999523758888244629e-01
9.999596476554870605e-01
9.999461174011230469e-01
9.999126195907592773e-01
9.998641014099121094e-01
9.997565150260925293e-01
9.994477033615112305e-01
9.966619014739990234e-01
9.920223355293273926e-01
9.709614515304565430e-01
9.245086908340454102e-01
8.158104419708251953e-01
6.319643855094909668e-01
4.037818908691406250e-01
3.941844105720520020e-01
4.665095508098602295e-01
6.944527029991149902e-01
8.294461369514465332e-01
9.193481802940368652e-01
9.441465735435485840e-01
9.669413566589355469e-01
9.865947365760803223e-01
9.942407608032226562e-01
9.972577095031738281e-01
9.960812330245971680e-01
9.960875511169433594e-01
9.975718259811401367e-01
9.984272718429565430e-01
9.989253878593444824e-01
9.982703924179077148e-01
9.964163303375244141e-01
9.933350682258605957e-01
9.796523451805114746e-01
9.489182829856872559e-01
8.557504415512084961e-01
8.107069730758666992e-01
8.060274124145507812e-01
8.893781304359436035e-01
9.661694169044494629e-01
9.896073937416076660e-01
9.987955689430236816e-01
9.982240200042724609e-01
9.950510263442993164e-01
9.932277798652648926e-01
9.951131343841552734e-01
9.972861409187316895e-01
9.996226429939270020e-01
9.996438622474670410e-01
9.995034337043762207e-01
9.991109967231750488e-01
9.991161227226257324e-01
9.993126988410949707e-01
9.996811747550964355e-01
9.999188184738159180e-01
9.999387264251708984e-01
9.998738765716552734e-01
9.997835159301757812e-01
9.997835755348205566e-01
9.998310804367065430e-01
9.999446272850036621e-01
9.999805092811584473e-01
9.999912381172180176e-01
9.999937415122985840e-01
9.999756217002868652e-01
9.999328851699829102e-01
9.992223381996154785e-01
9.980102777481079102e-01
9.948419332504272461e-01
9.910741448402404785e-01
9.866978526115417480e-01
9.810295701026916504e-01
9.782707691192626953e-01
9.895119071006774902e-01
9.963103532791137695e-01
9.991373419761657715e-01
9.997034668922424316e-01
9.998486042022705078e-01
9.996570944786071777e-01
9.986329078674316406e-01
9.969609379768371582e-01
9.951182603836059570e-01
9.870682358741760254e-01
9.604383707046508789e-01
6.389883160591125488e-01
1.168489381670951843e-01
4.036945849657058716e-02
9.111212193965911865e-02
3.910535871982574463e-01
6.828154921531677246e-01
9.691298007965087891e-01
9.891633391380310059e-01
9.975338578224182129e-01
9.989765286445617676e-01
9.996144771575927734e-01
9.998235702514648438e-01
9.903566241264343262e-01
7.840704917907714844e-01
1.913486421108245850e-01
7.146310526877641678e-04
0.000000000000000000e+00
0.000000000000000000e+00
9.597156349627766758e-07
3.595846692405757494e-06
4.146452844142913818e-01
9.716463685035705566e-01
9.390851259231567383e-01
9.022808074951171875e-01
8.587687611579895020e-01
8.550832867622375488e-01
8.683504462242126465e-01
9.094255566596984863e-01
9.441012144088745117e-01
9.695148468017578125e-01
9.717028141021728516e-01
9.617422819137573242e-01
9.076062440872192383e-01
7.171837687492370605e-01
3.459210395812988281e-01
1.648448258638381958e-01
6.268023699522018433e-02
1.365128308534622192e-01
3.925828337669372559e-01
8.729427456855773926e-01
9.869682192802429199e-01
9.995967149734497070e-01
9.997604489326477051e-01
9.996581673622131348e-01
9.992479085922241211e-01
9.981892108917236328e-01
9.970104098320007324e-01
9.960680007934570312e-01
8.552797436714172363e-01
5.621422529220581055e-01
2.582297027111053467e-01
5.220548700890503824e-06
2.434633415759890340e-06
7.180435659392969683e-07
1.053731608635644079e-07
4.885981070401612669e-06
7.730601727962493896e-02
5.452003479003906250e-01
8.451819419860839844e-01
9.780344367027282715e-01
9.976609945297241211e-01
9.946011304855346680e-01
9.884040951728820801e-01
9.824059009552001953e-01
9.765985012054443359e-01
9.673127532005310059e-01
9.590342044830322266e-01
9.579873681068420410e-01
9.689638018608093262e-01
9.910970330238342285e-01
9.971818327903747559e-01
9.998723864555358887e-01
9.998874664306640625e-01
9.998833537101745605e-01
9.998616576194763184e-01
9.998093843460083008e-01
9.996618032455444336e-01
9.991344213485717773e-01
9.907151460647583008e-01
9.751846194267272949e-01
6.344655752182006836e-01
2.812404334545135498e-01
9.175788611173629761e-02
2.818231238052248955e-03
3.152231452986598015e-03
8.842765539884567261e-02
2.209661900997161865e-01
4.923557341098785400e-01
7.078222036361694336e-01
8.733721971511840820e-01
8.365353345870971680e-01
7.979286313056945801e-01
8.870646357536315918e-01
9.498742818832397461e-01
9.890533089637756348e-01
9.939474463462829590e-01
9.931073784828186035e-01
9.917320609092712402e-01
9.929639697074890137e-01
9.965493679046630859e-01
9.983631968498229980e-01
9.996353983879089355e-01
9.998580217361450195e-01
9.998813271522521973e-01
9.997197985649108887e-01
9.980579614639282227e-01
9.927681684494018555e-01
9.722244739532470703e-01
8.804295063018798828e-01
7.204526662826538086e-01
6.148928403854370117e-01
5.690573453903198242e-01
7.592361569404602051e-01
8.965235948562622070e-01
9.815866947174072266e-01
9.842516779899597168e-01
9.058975577354431152e-01
4.962560236454010010e-01
2.038683742284774780e-01
3.274691104888916016e-02
1.340987393632531166e-03
1.447068899869918823e-02
1.063937470316886902e-01
2.948106825351715088e-01
5.885038375854492188e-01
4.854204356670379639e-01
2.893123328685760498e-01
1.042404249310493469e-01
6.795394700020551682e-03
1.021523680537939072e-02
1.155983433127403259e-01
2.700989842414855957e-01
5.885986089706420898e-01
8.072894811630249023e-01
9.031727910041809082e-01
9.209081530570983887e-01
9.154743552207946777e-01
9.059796929359436035e-01
9.118503332138061523e-01
9.381758570671081543e-01
9.583286643028259277e-01
9.752132892608642578e-01
9.784139990806579590e-01
9.736397862434387207e-01
9.573687911033630371e-01
9.571682810783386230e-01
9.636208415031433105e-01
9.833333492279052734e-01
9.956815838813781738e-01
9.964196085929870605e-01
9.266231656074523926e-01
8.216236233711242676e-01
5.437376499176025391e-01
3.682086467742919922e-01
3.720903694629669189e-01
5.627417564392089844e-01
8.352180719375610352e-01
9.343864321708679199e-01
9.999818205833435059e-01
9.999441504478454590e-01
9.997556209564208984e-01
9.994909167289733887e-01
9.990627169609069824e-01
9.987440705299377441e-01
9.986706376075744629e-01
9.837121963500976562e-01
9.602476954460144043e-01
8.524469137191772461e-01
7.757997512817382812e-01
7.876369357109069824e-01
8.445049524307250977e-01
9.306291341781616211e-01
9.677801132202148438e-01
9.893122315406799316e-01
9.755524992942810059e-01
9.721670150756835938e-01
9.764595627784729004e-01
9.867749214172363281e-01
9.959490299224853516e-01
9.986917376518249512e-01
9.999632239341735840e-01
9.999893903732299805e-01
9.999930262565612793e-01
9.999936819076538086e-01
9.999964833259582520e-01
9.999953508377075195e-01
9.999904632568359375e-01
9.999490976333618164e-01
9.998869895935058594e-01
9.997486472129821777e-01
9.996805191040039062e-01
9.996918439865112305e-01
9.994635581970214844e-01
9.988719224929809570e-01
9.958952665328979492e-01
9.934631586074829102e-01
9.917547702789306641e-01
9.949008226394653320e-01
9.993517398834228516e-01
9.997540712356567383e-01
9.991626143455505371e-01
9.970149993896484375e-01
9.934234023094177246e-01
9.892786741256713867e-01
9.865580201148986816e-01
9.871249794960021973e-01
9.938723444938659668e-01
9.973714947700500488e-01
9.992446899414062500e-01
9.996355175971984863e-01
9.999011158943176270e-01
9.999302625656127930e-01
9.998002052307128906e-01
9.995732307434082031e-01
9.977132081985473633e-01
9.936670660972595215e-01
9.836136698722839355e-01
9.861016869544982910e-01
9.979044198989868164e-01
9.996203184127807617e-01
9.999846816062927246e-01
9.999114871025085449e-01
9.857457280158996582e-01
9.588792324066162109e-01
9.482259750366210938e-01
9.375210404396057129e-01
9.108805656433105469e-01
8.975945711135864258e-01
8.989937305450439453e-01
9.306123852729797363e-01
9.677465558052062988e-01
9.838797450065612793e-01
9.945222735404968262e-01
9.976421594619750977e-01
9.982086420059204102e-01
9.973667860031127930e-01
9.876323938369750977e-01
9.854680895805358887e-01
9.963284134864807129e-01
9.998677968978881836e-01
9.999998211860656738e-01
9.625604748725891113e-01
9.325582981109619141e-01
9.190441370010375977e-01
9.332159757614135742e-01
9.639870524406433105e-01
9.832690954208374023e-01
9.974963068962097168e-01
9.989688396453857422e-01
9.994453787803649902e-01
9.991590976715087891e-01
9.940933585166931152e-01
9.841968417167663574e-01
9.569056630134582520e-01
9.042608141899108887e-01
8.268697857856750488e-01
6.629274487495422363e-01
5.201591253280639648e-01
6.348327398300170898e-01
7.779791951179504395e-01
9.567624926567077637e-01
9.778646230697631836e-01
9.508774876594543457e-01
9.539166092872619629e-01
9.620717167854309082e-01
9.785990118980407715e-01
9.300852417945861816e-01
8.524354696273803711e-01
7.078361511230468750e-01
6.293448805809020996e-01
6.953112483024597168e-01
8.176178336143493652e-01
9.735901951789855957e-01
9.924032688140869141e-01
9.996955394744873047e-01
9.998557567596435547e-01
9.999430775642395020e-01
9.999727010726928711e-01
9.999886155128479004e-01
1.000000000000000000e+00
1.000000000000000000e+00
9.999982118606567383e-01
9.999944567680358887e-01
9.999948740005493164e-01
9.999959468841552734e-01
9.999938011169433594e-01
9.999571442604064941e-01
9.998717904090881348e-01
9.977873563766479492e-01
9.940220117568969727e-01
9.636021852493286133e-01
9.376641511917114258e-01
9.202854633331298828e-01
9.280509948730468750e-01
9.494177103042602539e-01
9.714908003807067871e-01
9.893777966499328613e-01
9.956135749816894531e-01
9.987952709197998047e-01
9.996887445449829102e-01
9.999025464057922363e-01
1.000000000000000000e+00
1.000000000000000000e+00
9.992694258689880371e-01
9.977917671203613281e-01
9.816113710403442383e-01
9.339135885238647461e-01
6.577849388122558594e-01
3.747967183589935303e-01
8.210591226816177368e-02
3.068162818445204882e-20
0.000000000000000000e+00
0.000000000000000000e+00
0.000000000000000000e+00
0.000000000000000000e+00
7.991368882358074188e-03
2.052029222249984741e-02
5.464700460433959961e-01
9.698787927627563477e-01
9.894530177116394043e-01
9.987813830375671387e-01
9.998503327369689941e-01
9.998837709426879883e-01
9.997617602348327637e-01
9.997071623802185059e-01
9.994564056396484375e-01
9.989824891090393066e-01
9.971528649330139160e-01
9.948124289512634277e-01
9.911249279975891113e-01
9.866662621498107910e-01
9.809525012969970703e-01
9.243293404579162598e-01
8.439162373542785645e-01
8.105880022048950195e-01
8.086000680923461914e-01
8.820160031318664551e-01
9.412802457809448242e-01
9.908027052879333496e-01
9.976802468299865723e-01
9.991572499275207520e-01
9.991680979728698730e-01
9.993197321891784668e-01
9.996131658554077148e-01
9.967458844184875488e-01
9.910728931427001953e-01
9.677288532257080078e-01
9.402675032615661621e-01
9.067161679267883301e-01
9.167845249176025391e-01
9.451687932014465332e-01
9.740235209465026855e-01
9.949249029159545898e-01
9.980082511901855469e-01
9.987820386886596680e-01
9.980753660202026367e-01
9.961442947387695312e-01
9.944053292274475098e-01
9.938484430313110352e-01
9.944659471511840820e-01
9.962193369865417480e-01
9.871475696563720703e-01
9.749352931976318359e-01
9.578763842582702637e-01
9.523531198501586914e-01
9.635782837867736816e-01
9.782947301864624023e-01
9.943323135375976562e-01
9.953910708427429199e-01
9.960236549377441406e-01
9.956951737403869629e-01
9.952634572982788086e-01
9.947645664215087891e-01
9.937497973442077637e-01
9.937000870704650879e-01
9.976969361305236816e-01
9.997819662094116211e-01
9.999617338180541992e-01
9.999988079071044922e-01
9.999976158142089844e-01
9.999765157699584961e-01
9.998903870582580566e-01
9.997041821479797363e-01
9.993777275085449219e-01
9.989887475967407227e-01
9.981772303581237793e-01
9.972944855690002441e-01
9.962441325187683105e-01
9.962967038154602051e-01
9.971393942832946777e-01
9.986649155616760254e-01
9.997718334197998047e-01
9.984669685363769531e-01
9.947155714035034180e-01
9.882095456123352051e-01
9.841271042823791504e-01
9.813823103904724121e-01
9.874913096427917480e-01
9.767390489578247070e-01
9.357673525810241699e-01
8.692966699600219727e-01
7.894638180732727051e-01
8.051840066909790039e-01
8.447886109352111816e-01
9.429642558097839355e-01
9.918467402458190918e-01
9.982337951660156250e-01
9.995697736740112305e-01
9.998548030853271484e-01
9.999465942382812500e-01
9.999392032623291016e-01
9.997941255569458008e-01
9.939649105072021484e-01
9.851750135421752930e-01
8.564255237579345703e-01
6.617940664291381836e-01
3.139087259769439697e-01
1.357679516077041626e-01
7.407265901565551758e-02
3.287222683429718018e-01
6.119299530982971191e-01
8.365317583084106445e-01
9.673734903335571289e-01
9.924552440643310547e-01
9.990663528442382812e-01
9.998513460159301758e-01
9.999229311943054199e-01
9.999743103981018066e-01
9.999873638153076172e-01
9.999950528144836426e-01
9.999997019767761230e-01
9.999965429306030273e-01
9.999798536300659180e-01
9.999179840087890625e-01
9.985872507095336914e-01
9.960492849349975586e-01
8.945574760437011719e-01
7.482609748840332031e-01
4.014895558357238770e-01
1.914587169885635376e-01
2.017153054475784302e-01
4.687224328517913818e-01
8.600526452064514160e-01
9.295478463172912598e-01
9.725584387779235840e-01
9.735371470451354980e-01
9.639680385589599609e-01
9.455438256263732910e-01
9.704911708831787109e-01
9.896112680435180664e-01
9.048148393630981445e-01
8.664509057998657227e-01
8.940640687942504883e-01
9.391344785690307617e-01
9.916787147521972656e-01
9.966502785682678223e-01
9.998409152030944824e-01
9.999134540557861328e-01
9.995420575141906738e-01
9.988281130790710449e-01
9.854500293731689453e-01
9.716855883598327637e-01
9.687972664833068848e-01
9.724794030189514160e-01
9.849125742912292480e-01
9.923182725906372070e-01
9.977014064788818359e-01
9.985808730125427246e-01
9.992600679397583008e-01
9.994509220123291016e-01
9.992849230766296387e-01
9.988577365875244141e-01
9.993754029273986816e-01
9.999350905418395996e-01
9.998792409896850586e-01
9.997314214706420898e-01
9.994646310806274414e-01
9.992187619209289551e-01
9.989591836929321289e-01
9.954639673233032227e-01
9.846533536911010742e-01
9.562423229217529297e-01
9.194833040237426758e-01
8.766539096832275391e-01
8.941060304641723633e-01
9.235865473747253418e-01
9.671292304992675781e-01
9.872722625732421875e-01
9.765065312385559082e-01
9.828730821609497070e-01
9.961152076721191406e-01
9.926689863204956055e-01
9.886640310287475586e-01
9.832967519760131836e-01
9.846436977386474609e-01
9.911680817604064941e-01
9.954969286918640137e-01
9.989891648292541504e-01
9.995467066764831543e-01
9.972768425941467285e-01
9.910249114036560059e-01
6.772813200950622559e-01
2.307893782854080200e-01
1.015364751219749451e-01
9.292318485677242279e-03
3.260303288698196411e-03
1.686924882233142853e-02
4.691064730286598206e-02
4.464929401874542236e-01
8.804339170455932617e-01
9.531843066215515137e-01
9.978169202804565430e-01
9.986623525619506836e-01
9.984926581382751465e-01
9.978271722793579102e-01
9.986065626144409180e-01
9.993470311164855957e-01
9.997344613075256348e-01
9.998701810836791992e-01
9.997685551643371582e-01
9.979354739189147949e-01
9.936254620552062988e-01
9.643804430961608887e-01
9.095746874809265137e-01
8.083454370498657227e-01
8.337678909301757812e-01
9.318610429763793945e-01
9.697737693786621094e-01
9.961673021316528320e-01
9.979373812675476074e-01
9.975834488868713379e-01
9.948907494544982910e-01
9.803726673126220703e-01
9.620094299316406250e-01
9.429879188537597656e-01
9.368518590927124023e-01
9.591506123542785645e-01
9.780195355415344238e-01
9.945064783096313477e-01
9.563664197921752930e-01
8.617346286773681641e-01
4.875376224517822266e-01
2.077251076698303223e-01
5.584561452269554138e-02
7.589465007185935974e-03
3.257735166698694229e-03
2.148802392184734344e-03
1.244648708961904049e-03
7.503643864765763283e-04
4.884898662567138672e-04
4.285836475901305676e-04
2.209197555202990770e-04
5.228265445835912795e-29
2.035502568844332627e-29
5.075052380561828613e-03
1.909369975328445435e-02
3.680569231510162354e-01
9.061605334281921387e-01
9.727845788002014160e-01
9.918878674507141113e-01
9.962163567543029785e-01
9.983243942260742188e-01
9.979004859924316406e-01
9.956685304641723633e-01
9.928568005561828613e-01
9.928666949272155762e-01
9.933028221130371094e-01
9.947737455368041992e-01
9.968593120574951172e-01
9.994174242019653320e-01
9.999091029167175293e-01
9.999929666519165039e-01
9.999911785125732422e-01
9.999819993972778320e-01
9.999611377716064453e-01
9.991749525070190430e-01
9.979984164237976074e-01
9.951157569885253906e-01
9.935989975929260254e-01
9.976841211318969727e-01
9.998041987419128418e-01
9.998201131820678711e-01
9.998202323913574219e-01
9.998027086257934570e-01
9.993380904197692871e-01
9.990461468696594238e-01
9.991589784622192383e-01
9.994181990623474121e-01
9.997871518135070801e-01
9.999147057533264160e-01
9.998466968536376953e-01
9.986239671707153320e-01
8.748489022254943848e-01
5.568307638168334961e-01
3.304938673973083496e-01
1.515336632728576660e-01
2.452208250761032104e-01
4.120708405971527100e-01
7.885727286338806152e-01
9.907788634300231934e-01
9.974086284637451172e-01
9.988889098167419434e-01
9.985628724098205566e-01
9.966197609901428223e-01
9.940539598464965820e-01
9.898915886878967285e-01
9.861749410629272461e-01
9.828158617019653320e-01
9.736815094947814941e-01
9.340218305587768555e-01
6.025960445404052734e-01
3.095331192016601562e-01
8.333493024110794067e-02
2.274429053068161011e-01
5.874268412590026855e-01
8.179252147674560547e-01
9.975585341453552246e-01
9.987931251525878906e-01
9.880455136299133301e-01
9.617921113967895508e-01
9.455094933509826660e-01
9.334498047828674316e-01
9.627122282981872559e-01
9.872345924377441406e-01
9.930223226547241211e-01
9.969196319580078125e-01
9.989780783653259277e-01
9.996783137321472168e-01
9.999744296073913574e-01
9.999884963035583496e-01
9.999978542327880859e-01
9.999969005584716797e-01
9.986395835876464844e-01
9.962881803512573242e-01
9.904093742370605469e-01
9.787887930870056152e-01
9.256601929664611816e-01
8.112748861312866211e-01
5.944525599479675293e-01
4.860230982303619385e-01
4.386319220066070557e-01
6.215783953666687012e-01
8.107671141624450684e-01
9.146971106529235840e-01
9.795660972595214844e-01
9.940648674964904785e-01
9.987446069717407227e-01
9.992868900299072266e-01
9.968131184577941895e-01
9.939802885055541992e-01
9.902896881103515625e-01
9.916230440139770508e-01
9.980812668800354004e-01
9.997723102569580078e-01
9.999228119850158691e-01
9.991279840469360352e-01
9.957964420318603516e-01
9.861434698104858398e-01
9.671691656112670898e-01
9.405658245086669922e-01
9.396593570709228516e-01
9.458464384078979492e-01
9.662693738937377930e-01
9.816543459892272949e-01
9.872773885726928711e-01
9.891082048416137695e-01
9.884317517280578613e-01
9.888054132461547852e-01
9.897922277450561523e-01
9.938914775848388672e-01
9.971876740455627441e-01
9.992077350616455078e-01
9.999392032623291016e-01
9.999772310256958008e-01
9.999354481697082520e-01
9.998748302459716797e-01
9.997619986534118652e-01
9.997090697288513184e-01
9.997336864471435547e-01
9.998008012771606445e-01
9.998865127563476562e-01
9.995059370994567871e-01
9.957239627838134766e-01
9.797509908676147461e-01
9.596160650253295898e-01
9.348801970481872559e-01
9.422793984413146973e-01
9.611173868179321289e-01
9.806753396987915039e-01
9.957985281944274902e-01
9.980475902557373047e-01
9.993405938148498535e-01
9.997428059577941895e-01
9.998891353607177734e-01
9.999548196792602539e-01
9.998322129249572754e-01
9.837289452552795410e-01
9.294974207878112793e-01
7.360594868659973145e-01
4.300244450569152832e-01
6.085829138755798340e-01
8.844696879386901855e-01
9.492337703704833984e-01
9.941188693046569824e-01
9.980052709579467773e-01
9.997329711914062500e-01
9.999227523803710938e-01
9.998391866683959961e-01
9.992105364799499512e-01
9.941470623016357422e-01
9.919023513793945312e-01
9.947087764739990234e-01
9.971721172332763672e-01
9.994214773178100586e-01
9.989315271377563477e-01
9.927225112915039062e-01
9.502901434898376465e-01
9.044264554977416992e-01
8.530413508415222168e-01
8.560502529144287109e-01
8.898816704750061035e-01
9.230673313140869141e-01
9.534651041030883789e-01
9.685298204421997070e-01
9.818687438964843750e-01
9.926946163177490234e-01
9.962115287780761719e-01
9.960108399391174316e-01
9.922263026237487793e-01
9.870157241821289062e-01
9.764590859413146973e-01
9.648494124412536621e-01
9.518047571182250977e-01
9.557290077209472656e-01
9.676545262336730957e-01
9.834119081497192383e-01
9.966402053833007812e-01
9.978056550025939941e-01
9.941555857658386230e-01
9.843978881835937500e-01
9.594008922576904297e-01
9.277467727661132812e-01
9.429912567138671875e-01
9.615144729614257812e-01
9.829857945442199707e-01
9.953789710998535156e-01
9.968896508216857910e-01
9.936093688011169434e-01
9.883481264114379883e-01
9.708588123321533203e-01
9.460011720657348633e-01
8.957223296165466309e-01
7.981198430061340332e-01
6.455822587013244629e-01
6.779279708862304688e-01
7.844077944755554199e-01
3.574769496917724609e-01
9.793099015951156616e-03
1.203813124448060989e-02
1.374634951353073120e-01
4.024245142936706543e-01
6.133555769920349121e-01
8.036106824874877930e-01
8.465580940246582031e-01
8.875734806060791016e-01
9.370497465133666992e-01
9.708474874496459961e-01
9.871149063110351562e-01
9.864994287490844727e-01
9.793295264244079590e-01
8.531139492988586426e-01
7.555115222930908203e-01
7.720794677734375000e-01
8.335949182510375977e-01
9.459736347198486328e-01
9.863798022270202637e-01
9.985416531562805176e-01
9.969631433486938477e-01
9.959462881088256836e-01
9.985545873641967773e-01
9.999624490737915039e-01
9.999843835830688477e-01
9.999529719352722168e-01
9.998999834060668945e-01
9.992699027061462402e-01
9.976902604103088379e-01
9.925875067710876465e-01
9.826182126998901367e-01
9.668167829513549805e-01
9.577445387840270996e-01
9.515219926834106445e-01
9.734187126159667969e-01
9.930576086044311523e-01
9.975203275680541992e-01
1.000000000000000000e+00
1.000000000000000000e+00
9.999165534973144531e-01
9.997957944869995117e-01
9.997892975807189941e-01
9.997518658638000488e-01
9.995381832122802734e-01
9.992223978042602539e-01
9.987693428993225098e-01
9.988489747047424316e-01
9.991882443428039551e-01
9.993640184402465820e-01
9.928211569786071777e-01
9.520292878150939941e-01
7.125704288482666016e-01
1.857662647962570190e-01
2.191675361245870590e-03
3.311487671453505754e-04
1.666202396154403687e-02
1.078390032052993774e-01
6.371520757675170898e-01
9.705973863601684570e-01
9.920621514320373535e-01
1.000000000000000000e+00
1.000000000000000000e+00
9.981200098991394043e-01
9.956660270690917969e-01
9.909782409667968750e-01
9.855964779853820801e-01
9.789870381355285645e-01
9.806041121482849121e-01
9.876152873039245605e-01
9.924641847610473633e-01
9.965394139289855957e-01
9.967647194862365723e-01
9.958702325820922852e-01
9.927300810813903809e-01
9.902248978614807129e-01
9.881854653358459473e-01
9.910800457000732422e-01
9.950001239776611328e-01
9.975566864013671875e-01
9.994392395019531250e-01
9.997553825378417969e-01
9.994718432426452637e-01
9.986795783042907715e-01
9.959138631820678711e-01
9.923527836799621582e-01
9.787631630897521973e-01
9.725178480148315430e-01
9.865941405296325684e-01
9.948601126670837402e-01
9.974319338798522949e-01
9.895288348197937012e-01
9.780490398406982422e-01
8.439885973930358887e-01
6.552016139030456543e-01
2.848401069641113281e-01
6.345901638269424438e-02
1.457681600004434586e-02
6.399923586286604404e-05
1.176650621346198022e-04
8.020724356174468994e-02
2.096017152070999146e-01
5.394653677940368652e-01
7.750293612480163574e-01
8.806598782539367676e-01
9.157778620719909668e-01
9.146690964698791504e-01
8.952004909515380859e-01
8.653120994567871094e-01
7.815101146697998047e-01
6.206282973289489746e-01
3.293423950672149658e-01
1.667647361755371094e-01
8.695995062589645386e-02
5.163423418998718262e-01
9.947846531867980957e-01
9.974382519721984863e-01
9.991119503974914551e-01
9.987053275108337402e-01
9.988812804222106934e-01
9.995191693305969238e-01
9.997923374176025391e-01
9.999665617942810059e-01
9.999823570251464844e-01
9.999921917915344238e-01
9.999855756759643555e-01
9.997739195823669434e-01
9.993582963943481445e-01
9.984691739082336426e-01
9.974091053009033203e-01
9.975848197937011719e-01
9.980145692825317383e-01
9.992824196815490723e-01
9.999704360961914062e-01
9.999256730079650879e-01
9.997351169586181641e-01
9.994751214981079102e-01
9.991186261177062988e-01
9.976688027381896973e-01
9.899190068244934082e-01
8.848109841346740723e-01
6.215378046035766602e-01
3.877787292003631592e-01
1.725859791040420532e-01
2.152400463819503784e-01
3.265859782695770264e-01
6.899572610855102539e-01
8.868587017059326172e-01
7.192301154136657715e-01
5.371337532997131348e-01
3.434555530548095703e-01
3.329348862171173096e-01
3.771948814392089844e-01
6.633448004722595215e-01
8.955140709877014160e-01
9.618721008300781250e-01
9.972474575042724609e-01
9.988569617271423340e-01
9.994229674339294434e-01
9.995615482330322266e-01
9.996555447578430176e-01
9.994519352912902832e-01
9.978308081626892090e-01
9.773681163787841797e-01
9.289344549179077148e-01
8.702114224433898926e-01
8.055409789085388184e-01
8.621119260787963867e-01
9.329032301902770996e-01
9.610911607742309570e-01
9.799727797508239746e-01
9.799195528030395508e-01
9.803861975669860840e-01
9.812632203102111816e-01
9.740270376205444336e-01
9.646392464637756348e-01
9.564931392669677734e-01
9.572509527206420898e-01
9.852795600891113281e-01
9.736328125000000000e-01
9.182428717613220215e-01
9.311243295669555664e-01
9.726144075393676758e-01
9.861933588981628418e-01
9.949850440025329590e-01
9.893662333488464355e-01
9.504662156105041504e-01
8.599325418472290039e-01
8.685748577117919922e-01
9.379304051399230957e-01
9.699266552925109863e-01
9.932519197463989258e-01
9.916301965713500977e-01
9.761194586753845215e-01
9.282650947570800781e-01
9.317148923873901367e-01
9.809377193450927734e-01
9.589427709579467773e-01
9.137615561485290527e-01
8.834230303764343262e-01
8.698967099189758301e-01
9.191279411315917969e-01
9.554084539413452148e-01
9.748117923736572266e-01
9.836371541023254395e-01
9.870159626007080078e-01
9.909068942070007324e-01
9.937256574630737305e-01
9.874965548515319824e-01
9.731833934783935547e-01
9.430189132690429688e-01
9.304216504096984863e-01
9.315178990364074707e-01
9.602321982383728027e-01
9.960712790489196777e-01
9.982371926307678223e-01
9.998793601989746094e-01
9.998336434364318848e-01
9.980083107948303223e-01
9.941000938415527344e-01
9.842165708541870117e-01
9.716094136238098145e-01
9.731494784355163574e-01
9.771091938018798828e-01
9.878453016281127930e-01
9.922028183937072754e-01
9.851319789886474609e-01
9.753246307373046875e-01
9.635367989540100098e-01
9.670187830924987793e-01
9.743796586990356445e-01
9.866670370101928711e-01
9.963580965995788574e-01
9.981979727745056152e-01
9.991357922554016113e-01
9.990601539611816406e-01
9.987578392028808594e-01
9.983558654785156250e-01
9.981065988540649414e-01
9.980135560035705566e-01
9.988002181053161621e-01
9.994397759437561035e-01
9.998176693916320801e-01
9.999819397926330566e-01
9.999917149543762207e-01
9.999834895133972168e-01
9.999690055847167969e-01
9.998723864555358887e-01
9.997709393501281738e-01
9.996544122695922852e-01
9.996508359909057617e-01
9.997773170471191406e-01
9.998767375946044922e-01
9.999637007713317871e-01
9.999767541885375977e-01
9.999808669090270996e-01
9.999769926071166992e-01
9.998282790184020996e-01
9.994043707847595215e-01
9.907063245773315430e-01
9.756156206130981445e-01
9.560002684593200684e-01
9.351323843002319336e-01
9.394685029983520508e-01
9.446672797203063965e-01
9.529074430465698242e-01
9.513896107673645020e-01
9.373359680175781250e-01
9.505973458290100098e-01
9.782291054725646973e-01
9.904149174690246582e-01
9.994965791702270508e-01
9.997777938842773438e-01
9.999743700027465820e-01
9.999825954437255859e-01
9.999505281448364258e-01
9.998822808265686035e-01
9.989576339721679688e-01
9.977370500564575195e-01
9.954239726066589355e-01
9.940568804740905762e-01
9.973171949386596680e-01
9.994402527809143066e-01
9.998001456260681152e-01
9.998119473457336426e-01
9.995997548103332520e-01
9.800112843513488770e-01
9.405972361564636230e-01
5.340362787246704102e-01
2.189007997512817383e-01
1.686571985483169556e-01
2.593138515949249268e-01
5.076309442520141602e-01
7.061539292335510254e-01
8.820872306823730469e-01
9.390484690666198730e-01
9.791538715362548828e-01
9.898974299430847168e-01
9.965043067932128906e-01
9.946708083152770996e-01
9.838591814041137695e-01
9.655243158340454102e-01
6.979458332061767578e-01
3.508358597755432129e-01
1.553334891796112061e-01
1.544328843010589480e-04
5.982543007121421397e-05
9.750975668430328369e-02
3.413529694080352783e-01
6.262407302856445312e-01
9.365490078926086426e-01
9.949223399162292480e-01
9.996795654296875000e-01
9.996989965438842773e-01
9.997032284736633301e-01
9.996617436408996582e-01
9.997326135635375977e-01
9.999342560768127441e-01
9.996397495269775391e-01
9.991047382354736328e-01
9.930455684661865234e-01
9.728194475173950195e-01
8.303577303886413574e-01
6.990988254547119141e-01
5.925573110580444336e-01
6.169403195381164551e-01
7.611929178237915039e-01
8.808984756469726562e-01
9.915987849235534668e-01
9.988134503364562988e-01
9.983340501785278320e-01
9.908844232559204102e-01
9.519765377044677734e-01
8.576910495758056641e-01
7.952112555503845215e-01
7.566041350364685059e-01
8.583681583404541016e-01
9.990066289901733398e-01
8.973933458328247070e-01
7.988295555114746094e-01
7.195106744766235352e-01
7.339296340942382812e-01
8.820890784263610840e-01
9.588742852210998535e-01
9.918777942657470703e-01
9.986476898193359375e-01
9.999412298202514648e-01
9.999519586563110352e-01
9.997677803039550781e-01
9.989764094352722168e-01
9.929706454277038574e-01
9.806441068649291992e-01
9.121741056442260742e-01
8.147309422492980957e-01
7.661454677581787109e-01
7.273446321487426758e-01
7.158308625221252441e-01
6.229369044303894043e-01
3.236510157585144043e-01
3.120238780975341797e-01
6.010987758636474609e-01
7.412718534469604492e-01
8.161176443099975586e-01
8.638135194778442383e-01
9.091001749038696289e-01
9.587690234184265137e-01
9.940534830093383789e-01
9.977433085441589355e-01
9.996182322502136230e-01
9.998070001602172852e-01
9.998691082000732422e-01
9.998833537101745605e-01
9.998577237129211426e-01
9.998356699943542480e-01
9.998554587364196777e-01
9.998867511749267578e-01
9.999405145645141602e-01
9.999421834945678711e-01
9.999003410339355469e-01
9.989720582962036133e-01
9.977468252182006836e-01
9.977918267250061035e-01
9.979186654090881348e-01
9.981446266174316406e-01
9.956313371658325195e-01
9.882525801658630371e-01
9.645283222198486328e-01
9.281466007232666016e-01
9.518799185752868652e-01
9.939339756965637207e-01
9.975984692573547363e-01
9.899896383285522461e-01
9.342347383499145508e-01
7.935079932212829590e-01
5.110999941825866699e-01
3.901026248931884766e-01
3.866655826568603516e-01
5.485178232192993164e-01
7.571384310722351074e-01
8.707915544509887695e-01
9.657385945320129395e-01
9.862956404685974121e-01
9.991627931594848633e-01
9.997369050979614258e-01
9.999690055847167969e-01
9.999597072601318359e-01
9.993729591369628906e-01
9.986316561698913574e-01
9.973516464233398438e-01
9.962300658226013184e-01
9.958118796348571777e-01
9.953988790512084961e-01
9.949939846992492676e-01
9.935461282730102539e-01
9.913673400878906250e-01
9.889965057373046875e-01
9.865736961364746094e-01
9.862126708030700684e-01
9.858303070068359375e-01
9.852480888366699219e-01
9.812268018722534180e-01
9.717709422111511230e-01
9.199439287185668945e-01
8.382673859596252441e-01
6.037228107452392578e-01
3.279302716255187988e-01
2.861512005329132080e-01
3.089983165264129639e-01
6.063567399978637695e-01
8.292226791381835938e-01
9.296767711639404297e-01
9.797984361648559570e-01
9.930362105369567871e-01
9.974764585494995117e-01
9.993506669998168945e-01
9.995290637016296387e-01
9.996078610420227051e-01
9.994349479675292969e-01
9.988308548927307129e-01
9.974783658981323242e-01
9.968415498733520508e-01
9.967562556266784668e-01
9.946689009666442871e-01
9.919532537460327148e-01
9.906200170516967773e-01
9.890382885932922363e-01
9.857100248336791992e-01
9.614245295524597168e-01
8.977324366569519043e-01
8.334470987319946289e-01
7.688063979148864746e-01
7.992936968803405762e-01
8.635020852088928223e-01
9.296731352806091309e-01
9.878161549568176270e-01
9.903757572174072266e-01
9.740364551544189453e-01
9.183276891708374023e-01
9.042999148368835449e-01
9.288870096206665039e-01
9.457967877388000488e-01
9.596455097198486328e-01
9.704667329788208008e-01
9.803686738014221191e-01
9.847657680511474609e-01
9.886274933815002441e-01
9.912113547325134277e-01
9.768769145011901855e-01
9.446355700492858887e-01
9.389308691024780273e-01
9.457926750183105469e-01
9.704232811927795410e-01
9.960244894027709961e-01
9.980985522270202637e-01
9.996550679206848145e-01
9.997187256813049316e-01
9.996529221534729004e-01
9.994293451309204102e-01
9.949986338615417480e-01
9.882104992866516113e-01
6.771277189254760742e-01
3.091543018817901611e-01
1.362511962652206421e-01
1.303758192807435989e-02
6.965297460556030273e-02
2.884936630725860596e-01
7.459313869476318359e-01
9.520816206932067871e-01
9.891685247421264648e-01
9.947056174278259277e-01
9.917553663253784180e-01
9.901230335235595703e-01
9.890197515487670898e-01
9.903278946876525879e-01
9.925581812858581543e-01
9.964082241058349609e-01
9.986607432365417480e-01
9.995929002761840820e-01
9.998881220817565918e-01
9.999594092369079590e-01
9.999065399169921875e-01
9.997825026512145996e-01
9.991921782493591309e-01
9.984542131423950195e-01
9.973741769790649414e-01
9.915025234222412109e-01
9.806926250457763672e-01
7.949702739715576172e-01
5.288861393928527832e-01
2.564416825771331787e-01
8.321085013449192047e-03
1.464049518108367920e-01
3.474841415882110596e-01
7.386574745178222656e-01
9.700497388839721680e-01
9.917176365852355957e-01
9.999824166297912598e-01
9.999971389770507812e-01
9.999992847442626953e-01
9.999983906745910645e-01
9.999975562095642090e-01
9.999965429306030273e-01
9.999948740005493164e-01
9.998812079429626465e-01
9.995738267898559570e-01
9.856059551239013672e-01
9.605613350868225098e-01
8.351757526397705078e-01
6.750496029853820801e-01
3.262072503566741943e-01
2.597564132884144783e-03
1.073544612154364586e-03
2.005767640866906731e-08
6.897004567463227431e-08
1.059038192033767700e-01
3.261937201023101807e-01
6.198418140411376953e-01
9.504108428955078125e-01
1.000000000000000000e+00
9.944034218788146973e-01
8.300838470458984375e-01
6.531243324279785156e-01
4.322554469108581543e-01
3.173709213733673096e-01
3.588368296623229980e-01
5.058458447456359863e-01
7.277864813804626465e-01
8.663497567176818848e-01
9.797034859657287598e-01
9.863162040710449219e-01
9.875569343566894531e-01
9.891261458396911621e-01
9.888558387756347656e-01
9.846549034118652344e-01
7.266561985015869141e-01
2.163521498441696167e-01
1.437445580959320068e-01
2.755909264087677002e-01
1.536188870668411255e-01
1.944793406719914908e-14
8.467990814575634267e-15
1.957758061056932052e-34
1.044548412738011789e-33
2.168677991391364144e-30
7.448420460143571196e-30
1.872123443208005729e-15
5.046175066344971150e-15
7.244454696774482727e-03
1.661019027233123779e-02
2.301048040390014648e-01
4.214102029800415039e-01
3.986509740352630615e-01
4.250016212463378906e-01
5.592489838600158691e-01
7.257258296012878418e-01
9.247213006019592285e-01
9.934456348419189453e-01
9.980153441429138184e-01
9.965357780456542969e-01
9.938850998878479004e-01
9.875799417495727539e-01
9.834650754928588867e-01
9.877143502235412598e-01
9.921556115150451660e-01
9.969290494918823242e-01
9.992411136627197266e-01
9.996670484542846680e-01
9.993547201156616211e-01
9.987888932228088379e-01
9.952718019485473633e-01
9.913153648376464844e-01
9.855616688728332520e-01
9.832476377487182617e-01
9.898517131805419922e-01
9.950565099716186523e-01
9.985598921775817871e-01
9.998998045921325684e-01
9.999792575836181641e-01
9.999896287918090820e-01
9.999838471412658691e-01
9.998959302902221680e-01
9.998123645782470703e-01
9.997590780258178711e-01
9.997172355651855469e-01
9.996975660324096680e-01
9.970743060111999512e-01
9.919661283493041992e-01
6.979197859764099121e-01
2.747210562229156494e-01
1.142919808626174927e-01
2.257468149764463305e-04
7.521219085901975632e-04
9.110269695520401001e-02
5.034133791923522949e-01
7.910493016242980957e-01
8.834667205810546875e-01
8.303450345993041992e-01
6.650887131690979004e-01
3.816635906696319580e-01
5.584294348955154419e-02
1.423685997724533081e-02
1.967168878763914108e-03
1.781519316136837006e-02
1.190279796719551086e-01
4.624493718147277832e-01
7.090347409248352051e-01
8.312535285949707031e-01
8.808304667472839355e-01
8.838967084884643555e-01
8.941118717193603516e-01
9.062770009040832520e-01
9.545713663101196289e-01
9.981452226638793945e-01
9.989739656448364258e-01
9.992907047271728516e-01
9.984153509140014648e-01
9.979112148284912109e-01
9.978246688842773438e-01
9.984633922576904297e-01
9.995041489601135254e-01
9.995708465576171875e-01
9.994184970855712891e-01
9.937186837196350098e-01
9.863784909248352051e-01
9.706324338912963867e-01
9.031266570091247559e-01
7.304567694664001465e-01
4.680656194686889648e-01
1.181088984012603760e-01
2.211867598816752434e-03
3.027918864972889423e-04
4.371156450361013412e-03
1.317931711673736572e-02
3.019666373729705811e-01
5.713302493095397949e-01
7.492989301681518555e-01
8.778253197669982910e-01
9.135957956314086914e-01
9.391946792602539062e-01
9.555038809776306152e-01
7.336279153823852539e-01
4.031214118003845215e-01
1.891127675771713257e-01
3.947571940443594940e-07
1.760191139510425273e-07
7.209296454675495625e-04
4.430171102285385132e-03
1.456021964550018311e-01
5.267201066017150879e-01
7.802590727806091309e-01
9.194325208663940430e-01
9.381873607635498047e-01
9.042951464653015137e-01
9.020234346389770508e-01
9.060373902320861816e-01
9.511749148368835449e-01
9.888049364089965820e-01
9.956620335578918457e-01
9.999989867210388184e-01
9.999967217445373535e-01
9.999060034751892090e-01
9.997372031211853027e-01
9.923219084739685059e-01
9.818333983421325684e-01
9.644792079925537109e-01
9.470352530479431152e-01
9.595386385917663574e-01
9.725295901298522949e-01
9.874740242958068848e-01
9.953522086143493652e-01
9.906806349754333496e-01
9.790070056915283203e-01
9.610235095024108887e-01
9.328808188438415527e-01
9.001098871231079102e-01
8.814238309860229492e-01
8.654764890670776367e-01
8.694527745246887207e-01
8.785386681556701660e-01
9.100992679595947266e-01
9.408173561096191406e-01
9.701883792877197266e-01
9.882199764251708984e-01
9.955303668975830078e-01
9.986417889595031738e-01
9.997371435165405273e-01
9.998047351837158203e-01
9.996739029884338379e-01
9.992821216583251953e-01
9.986545443534851074e-01
9.968556165695190430e-01
9.952753782272338867e-01
9.941503405570983887e-01
9.946564435958862305e-01
9.968461394309997559e-01
9.980450272560119629e-01
9.987270236015319824e-01
9.991176724433898926e-01
9.994429945945739746e-01
9.996979236602783203e-01
9.999206662178039551e-01
9.999580383300781250e-01
9.999867677688598633e-01
9.999953508377075195e-01
9.999120831489562988e-01
9.997223019599914551e-01
9.385125041007995605e-01
8.402246236801147461e-01
4.704153239727020264e-01
2.466414310038089752e-02
1.943991985172033310e-03
2.308616228401660919e-02
2.072550654411315918e-01
3.198100626468658447e-01
2.353004813194274902e-01
3.028879463672637939e-01
5.763401985168457031e-01
7.808475494384765625e-01
9.359781742095947266e-01
9.833848476409912109e-01
9.932512044906616211e-01
9.961575865745544434e-01
9.978330731391906738e-01
9.924237132072448730e-01
9.891994595527648926e-01
9.938396215438842773e-01
9.970524311065673828e-01
9.978777766227722168e-01
9.983212947845458984e-01
9.984351396560668945e-01
9.988768100738525391e-01
9.994650483131408691e-01
9.995486736297607422e-01
9.995222091674804688e-01
9.966201782226562500e-01
9.914920926094055176e-01
9.749073982238769531e-01
9.584087133407592773e-01
9.421315193176269531e-01
9.368816018104553223e-01
9.437689185142517090e-01
9.438824057579040527e-01
9.400429129600524902e-01
9.403067231178283691e-01
9.416657090187072754e-01
9.321525096893310547e-01
9.185640215873718262e-01
8.744897246360778809e-01
8.111619949340820312e-01
6.915713548660278320e-01
6.324183344841003418e-01
6.591252088546752930e-01
7.391463518142700195e-01
8.595748543739318848e-01
9.285718798637390137e-01
9.773929119110107422e-01
9.798152446746826172e-01
9.755877256393432617e-01
9.729727506637573242e-01
9.704673290252685547e-01
9.684820175170898438e-01
9.667885303497314453e-01
9.656785130500793457e-01
9.736766815185546875e-01
9.911261796951293945e-01
9.979375004768371582e-01
9.989374876022338867e-01
9.978459477424621582e-01
9.962356686592102051e-01
9.945408701896667480e-01
9.931036233901977539e-01
9.939045310020446777e-01
9.947385787963867188e-01
9.956663250923156738e-01
9.969379901885986328e-01
9.987007975578308105e-01
9.985042214393615723e-01
9.967619776725769043e-01
9.935512542724609375e-01
9.897374510765075684e-01
9.932180047035217285e-01
9.977954030036926270e-01
9.988871216773986816e-01
9.997998476028442383e-01
9.998386502265930176e-01
9.997860193252563477e-01
9.995374083518981934e-01
9.988026618957519531e-01
9.975208640098571777e-01
9.899213314056396484e-01
9.784469604492187500e-01
9.659685492515563965e-01
9.531935453414916992e-01
9.744043946266174316e-01
9.971692562103271484e-01
9.986399412155151367e-01
9.998055696487426758e-01
9.998520016670227051e-01
9.996050596237182617e-01
9.988481998443603516e-01
9.937061667442321777e-01
9.844140410423278809e-01
9.838101267814636230e-01
9.875673055648803711e-01
9.852810502052307129e-01
9.816033840179443359e-01
9.187834858894348145e-01
8.656393289566040039e-01
9.131195545196533203e-01
8.678903579711914062e-01
5.520762801170349121e-01
3.733907938003540039e-01
4.001264572143554688e-01
5.607789158821105957e-01
8.318088650703430176e-01
9.197005033493041992e-01
9.282577633857727051e-01
9.022520184516906738e-01
8.699582219123840332e-01
9.343466758728027344e-01
9.911970496177673340e-01
9.961979985237121582e-01
9.998062849044799805e-01
9.998961091041564941e-01
9.999516010284423828e-01
9.999608993530273438e-01
9.999744892120361328e-01
9.999911785125732422e-01
9.999563694000244141e-01
9.999011754989624023e-01
9.988914728164672852e-01
9.976208806037902832e-01
9.834709763526916504e-01
9.684253334999084473e-01
9.481834769248962402e-01
9.438539147377014160e-01
9.769980311393737793e-01
9.964830875396728516e-01
9.988457560539245605e-01
9.998722672462463379e-01
9.999517798423767090e-01
9.999750256538391113e-01
9.999772906303405762e-01
9.999716877937316895e-01
9.999651312828063965e-01
9.999698400497436523e-01
9.999749064445495605e-01
9.999814033508300781e-01
9.999864697456359863e-01
9.999880790710449219e-01
9.999888539314270020e-01
9.999886155128479004e-01
9.999632239341735840e-01
9.999203681945800781e-01
9.997919201850891113e-01
9.996324181556701660e-01
9.996681809425354004e-01
9.997327923774719238e-01
9.998086094856262207e-01
9.998676180839538574e-01
9.998342394828796387e-01
9.997502565383911133e-01
9.995456337928771973e-01
9.993124008178710938e-01
9.990409612655639648e-01
9.990549683570861816e-01
9.992783665657043457e-01
9.995080828666687012e-01
9.997397661209106445e-01
9.996995329856872559e-01
9.996145963668823242e-01
9.995446205139160156e-01
9.994656443595886230e-01
9.993317127227783203e-01
9.988746643066406250e-01
9.975853562355041504e-01
9.969904422760009766e-01
9.973725080490112305e-01
9.980782866477966309e-01
9.990459084510803223e-01
9.994899630546569824e-01
9.997047781944274902e-01
9.998229742050170898e-01
9.999215006828308105e-01
9.975666403770446777e-01
9.949150681495666504e-01
9.903810620307922363e-01
9.884103536605834961e-01
9.941636323928833008e-01
9.981653094291687012e-01
9.993642568588256836e-01
9.999539256095886230e-01
9.999850988388061523e-01
9.999932050704956055e-01
9.999895095825195312e-01
9.999135136604309082e-01
9.998187422752380371e-01
9.997379779815673828e-01
9.996737241744995117e-01
9.998194575309753418e-01
9.999420046806335449e-01
9.999752640724182129e-01
9.999972581863403320e-01
9.999974966049194336e-01
9.999966621398925781e-01
9.999945163726806641e-01
9.999676942825317383e-01
9.999252557754516602e-01
9.996288418769836426e-01
9.992466568946838379e-01
9.992370605468750000e-01
9.992800951004028320e-01
9.995217323303222656e-01
9.993729591369628906e-01
9.970324635505676270e-01
9.576175808906555176e-01
8.249717950820922852e-01
7.531394958496093750e-01
7.650477290153503418e-01
8.133642673492431641e-01
8.907524943351745605e-01
9.154245853424072266e-01
9.160861372947692871e-01
9.303261041641235352e-01
9.475196003913879395e-01
9.699751138687133789e-01
9.891602396965026855e-01
9.719101786613464355e-01
9.442095160484313965e-01
8.793032169342041016e-01
8.327127695083618164e-01
8.194936513900756836e-01
8.545113801956176758e-01
9.405688643455505371e-01
9.767717719078063965e-01
9.817500114440917969e-01
9.832358360290527344e-01
9.835353493690490723e-01
9.892900586128234863e-01
9.957411289215087891e-01
9.970703721046447754e-01
9.961436986923217773e-01
9.816668033599853516e-01
9.366074800491333008e-01
8.100773692131042480e-01
5.892888903617858887e-01
2.276692986488342285e-01
1.012297943234443665e-01
1.800646334886550903e-01
4.050022065639495850e-01
7.034644484519958496e-01
8.507511615753173828e-01
9.580826163291931152e-01
9.683390259742736816e-01
9.710736274719238281e-01
9.837147593498229980e-01
9.945901632308959961e-01
9.973490834236145020e-01
9.991497397422790527e-01
9.988418221473693848e-01
9.988503456115722656e-01
9.992610812187194824e-01
9.995729923248291016e-01
9.998092055320739746e-01
9.999008774757385254e-01
9.999287724494934082e-01
9.987363219261169434e-01
9.972789287567138672e-01
7.406551241874694824e-01
4.804252982139587402e-01
3.441455066204071045e-01
2.979837357997894287e-01
6.052792072296142578e-01
8.375763893127441406e-01
9.200987815856933594e-01
9.702281951904296875e-01
9.822929501533508301e-01
9.869002103805541992e-01
9.862383008003234863e-01
9.885867238044738770e-01
9.921474456787109375e-01
9.953473210334777832e-01
9.984748363494873047e-01
9.986656904220581055e-01
9.986894726753234863e-01
9.981439113616943359e-01
9.971277117729187012e-01
9.943701624870300293e-01
9.904428124427795410e-01
9.841926693916320801e-01
9.189509153366088867e-01
7.848280668258666992e-01
5.004636049270629883e-01
1.119797378778457642e-01
1.647950033657252789e-03
3.633963875472545624e-03
4.041921813040971756e-03
4.142993129789829254e-03
2.024296903982758522e-03
1.762283261541597312e-07
1.402578817533139954e-07
5.630949162878096104e-04
3.284321166574954987e-03
1.595700085163116455e-01
6.288383007049560547e-01
9.126701951026916504e-01
9.737116098403930664e-01
9.900929331779479980e-01
9.736614823341369629e-01
9.405907988548278809e-01
9.004514813423156738e-01
8.691436648368835449e-01
8.397864699363708496e-01
6.862334609031677246e-01
5.384242534637451172e-01
5.777840018272399902e-01
6.249563097953796387e-01
7.058139443397521973e-01
7.563359141349792480e-01
7.388049364089965820e-01
6.546427011489868164e-01
4.806961119174957275e-01
2.979497611522674561e-01
1.084274202585220337e-01
6.208945065736770630e-02
8.689658343791961670e-02
4.720169603824615479e-01
9.537528753280639648e-01
9.981159567832946777e-01
9.996464848518371582e-01
9.993303418159484863e-01
9.990003108978271484e-01
9.985962510108947754e-01
9.983952641487121582e-01
9.987444877624511719e-01
9.989305734634399414e-01
9.988594055175781250e-01
9.988198876380920410e-01
9.988112449645996094e-01
9.990267753601074219e-01
9.993767142295837402e-01
9.974391460418701172e-01
9.947036504745483398e-01
9.071434140205383301e-01
8.056669235229492188e-01
4.331282079219818115e-01
8.635016530752182007e-02
4.183766990900039673e-02
6.710876245051622391e-03
5.422871559858322144e-03
4.553873091936111450e-02
1.693876385688781738e-01
3.950848877429962158e-01
7.450779676437377930e-01
9.227535128593444824e-01
9.664834141731262207e-01
9.861252903938293457e-01
9.943524003028869629e-01
9.198424816131591797e-01
8.240019083023071289e-01
5.836337208747863770e-01
3.384747803211212158e-01
4.300710558891296387e-01
5.359669327735900879e-01
7.288081645965576172e-01
8.871892690658569336e-01
9.487109780311584473e-01
9.885700941085815430e-01
9.925092458724975586e-01
9.925791621208190918e-01
9.886136054992675781e-01
9.729754328727722168e-01
9.496508240699768066e-01
8.534382581710815430e-01
7.282355427742004395e-01
8.009245991706848145e-01
9.139942526817321777e-01
9.602278470993041992e-01
9.919475317001342773e-01
8.535301089286804199e-01
7.501294612884521484e-01
8.140161037445068359e-01
8.757046461105346680e-01
9.317979812622070312e-01
9.685409069061279297e-01
9.760766029357910156e-01
9.681479334831237793e-01
9.454574584960937500e-01
8.918883204460144043e-01
8.195340633392333984e-01
8.132020831108093262e-01
8.305784463882446289e-01
8.823233842849731445e-01
9.401254057884216309e-01
9.461733698844909668e-01
9.510566592216491699e-01
9.709171652793884277e-01
9.883959889411926270e-01
9.951887726783752441e-01
8.743049502372741699e-01
4.469948410987854004e-01
1.579292267560958862e-01
7.402145117521286011e-02
1.367788165807723999e-01
3.374243378639221191e-01
5.745792388916015625e-01
8.345789313316345215e-01
9.260103702545166016e-01
9.564179182052612305e-01
9.746693968772888184e-01
9.906058311462402344e-01
9.953631758689880371e-01
9.993100166320800781e-01
9.996501207351684570e-01
9.999216198921203613e-01
9.998579621315002441e-01
9.997364878654479980e-01
9.994666576385498047e-01
9.994165301322937012e-01
9.997102022171020508e-01
9.991362690925598145e-01
9.976872205734252930e-01
9.911907911300659180e-01
9.814433455467224121e-01
9.802321791648864746e-01
9.824671149253845215e-01
9.895132780075073242e-01
9.976228475570678711e-01
9.990285038948059082e-01
9.998830556869506836e-01
9.999105334281921387e-01
9.999375343322753906e-01
9.999608993530273438e-01
9.999808073043823242e-01
9.999902844429016113e-01
9.999833703041076660e-01
9.999463558197021484e-01
9.999308586120605469e-01
9.999404549598693848e-01
9.913391470909118652e-01
9.761732220649719238e-01
8.013627529144287109e-01
5.479740500450134277e-01
5.963317751884460449e-01
7.319200038909912109e-01
8.373782038688659668e-01
9.390345811843872070e-01
8.033812642097473145e-01
6.450609564781188965e-01
2.880534827709197998e-01
6.889706710353493690e-04
3.364424337632954121e-04
1.056242659687995911e-01
4.573433101177215576e-01
7.374444007873535156e-01
9.099254608154296875e-01
9.963830113410949707e-01
9.989298582077026367e-01
9.996239542961120605e-01
9.991407394409179688e-01
9.840141534805297852e-01
9.629386067390441895e-01
8.651219606399536133e-01
7.502088546752929688e-01
7.298374176025390625e-01
7.178363800048828125e-01
6.940398216247558594e-01
6.782988905906677246e-01
7.198464870452880859e-01
7.764151692390441895e-01
8.841541409492492676e-01
9.641627669334411621e-01
9.864553809165954590e-01
9.993308186531066895e-01
9.997667670249938965e-01
9.999357461929321289e-01
9.998692274093627930e-01
9.959664344787597656e-01
9.898373484611511230e-01
6.699532270431518555e-01
2.355795055627822876e-01
1.331051141023635864e-01
9.861060231924057007e-02
2.850873768329620361e-01
4.903181791305541992e-01
7.620542049407958984e-01
9.986580014228820801e-01
9.993374347686767578e-01
9.998210072517395020e-01
9.996606111526489258e-01
9.995109438896179199e-01
9.993819594383239746e-01
9.987778663635253906e-01
9.975546598434448242e-01
9.585757255554199219e-01
8.863214254379272461e-01
7.445884943008422852e-01
5.616925954818725586e-01
4.890682995319366455e-01
4.577532410621643066e-01
6.110916733741760254e-01
8.044044971466064453e-01
8.854355216026306152e-01
9.556993842124938965e-01
9.728795289993286133e-01
9.854623079299926758e-01
9.632499814033508301e-01
8.660675287246704102e-01
4.964645802974700928e-01
2.153153121471405029e-01
1.310345828533172607e-01
1.244587078690528870e-01
2.308246046304702759e-01
4.194570779800415039e-01
6.899234056472778320e-01
8.519887328147888184e-01
9.421569705009460449e-01
9.121174216270446777e-01
8.294488191604614258e-01
5.004789829254150391e-01
1.068006157875061035e-01
1.489114910364151001e-01
2.483142018318176270e-01
5.803727507591247559e-01
8.963728547096252441e-01
9.517946839332580566e-01
9.980514645576477051e-01
9.990589022636413574e-01
9.997963905334472656e-01
9.997943639755249023e-01
9.998101592063903809e-01
9.998579025268554688e-01
9.998995065689086914e-01
9.999334216117858887e-01
9.999330043792724609e-01
9.999038577079772949e-01
9.995685815811157227e-01
9.990594387054443359e-01
9.969058036804199219e-01
9.941430091857910156e-01
9.954394102096557617e-01
9.976014494895935059e-01
9.987436532974243164e-01
9.997822642326354980e-01
9.998907446861267090e-01
9.999883174896240234e-01
9.999939799308776855e-01
9.999945163726806641e-01
9.999743103981018066e-01
9.999035596847534180e-01
9.997076392173767090e-01
9.994552135467529297e-01
9.991104602813720703e-01
9.989476203918457031e-01
9.989897608757019043e-01
9.982393980026245117e-01
