9.996445178985595703e-01
9.995816349983215332e-01
9.988358020782470703e-01
9.973187446594238281e-01
9.963670372962951660e-01
9.963973164558410645e-01
9.978751540184020996e-01
9.991117715835571289e-01
9.998967647552490234e-01
9.999724626541137695e-01
9.999976158142089844e-01
9.999975562095642090e-01
9.998771548271179199e-01
9.995312690734863281e-01
9.983047842979431152e-01
9.802339076995849609e-01
9.751382470130920410e-01
9.809208512306213379e-01
9.935169219970703125e-01
9.985523223876953125e-01
9.951700568199157715e-01
9.661652445793151855e-01
7.083593606948852539e-01
3.919201195240020752e-01
5.090176463127136230e-01
7.473953366279602051e-01
9.930416345596313477e-01
9.979513883590698242e-01
9.996213316917419434e-01
9.997988343238830566e-01
9.996253848075866699e-01
9.967559576034545898e-01
9.866899847984313965e-01
9.579821825027465820e-01
9.430648684501647949e-01
9.424199461936950684e-01
9.672119617462158203e-01
9.808393120765686035e-01
8.447673320770263672e-01
3.910202682018280029e-01
1.384156048297882080e-01
3.648257916211150587e-05
1.416636805515736341e-04
4.179324507713317871e-01
7.841577529907226562e-01
9.562648534774780273e-01
9.878342747688293457e-01
9.963776469230651855e-01
9.959254264831542969e-01
9.967227578163146973e-01
9.969492554664611816e-01
9.963144063949584961e-01
9.980666041374206543e-01
9.993336200714111328e-01
9.999045729637145996e-01
9.999226927757263184e-01
9.994396567344665527e-01
9.984695911407470703e-01
9.994307160377502441e-01
9.999280571937561035e-01
9.999347329139709473e-01
9.981267452239990234e-01
9.980682134628295898e-01
9.993752837181091309e-01
9.996663928031921387e-01
9.998427629470825195e-01
9.999265074729919434e-01
9.999250173568725586e-01
9.991438388824462891e-01
9.893130660057067871e-01
9.127987027168273926e-01
8.362891077995300293e-01
7.835100889205932617e-01
8.795985579490661621e-01
9.503688216209411621e-01
9.984798431396484375e-01
9.996271133422851562e-01
1.000000000000000000e+00
9.972403645515441895e-01
9.824525713920593262e-01
9.799661636352539062e-01
9.845120310783386230e-01
9.954940676689147949e-01
9.991575479507446289e-01
9.972886443138122559e-01
9.864955544471740723e-01
8.994441628456115723e-01
7.874031662940979004e-01
6.811091303825378418e-01
5.052144527435302734e-01
3.538045287132263184e-01
3.273960649967193604e-01
4.914696812629699707e-01
7.092410922050476074e-01
9.262992143630981445e-01
9.860547780990600586e-01
1.000000000000000000e+00
1.000000000000000000e+00
1.000000000000000000e+00
9.991856813430786133e-01
9.966867566108703613e-01
9.977923035621643066e-01
9.982858896255493164e-01
9.962362051010131836e-01
9.906859993934631348e-01
9.865843057632446289e-01
9.861074686050415039e-01
9.886893033981323242e-01
9.927763938903808594e-01
9.985771179199218750e-01
9.996762275695800781e-01
9.999750256538391113e-01
9.999881982803344727e-01
9.999956488609313965e-01
9.999994635581970215e-01
9.999990463256835938e-01
9.999515414237976074e-01
9.999026656150817871e-01
9.998580217361450195e-01
9.998246431350708008e-01
9.996634125709533691e-01
9.993351101875305176e-01
9.993880987167358398e-01
9.995874762535095215e-01
9.999376535415649414e-01
9.999765753746032715e-01
9.999512434005737305e-01
9.998680353164672852e-01
9.992006421089172363e-01
9.959588646888732910e-01
9.898429512977600098e-01
9.474959969520568848e-01
8.939226269721984863e-01
8.291388750076293945e-01
8.245029449462890625e-01
8.458428382873535156e-01
8.932664990425109863e-01
9.443251490592956543e-01
9.734659194946289062e-01
9.804850220680236816e-01
9.595922231674194336e-01
9.188873767852783203e-01
8.594357967376708984e-01
8.323761820793151855e-01
8.804997801780700684e-01
9.962477087974548340e-01
9.985452890396118164e-01
9.997407197952270508e-01
9.999352693557739258e-01
9.999774098396301270e-01
9.999981522560119629e-01
9.999999403953552246e-01
1.000000000000000000e+00
9.999998211860656738e-01
9.999960660934448242e-01
9.999058842658996582e-01
9.969699382781982422e-01
9.919024109840393066e-01
9.935353398323059082e-01
9.908193349838256836e-01
9.819319844245910645e-01
9.214960932731628418e-01
8.609529137611389160e-01
8.054453730583190918e-01
8.477056622505187988e-01
8.878937363624572754e-01
9.207623600959777832e-01
8.502303957939147949e-01
8.186183571815490723e-01
8.226428031921386719e-01
8.980797529220581055e-01
9.540359973907470703e-01
9.924073815345764160e-01
9.975768327713012695e-01
9.993773102760314941e-01
9.986066818237304688e-01
9.995457530021667480e-01
9.999758601188659668e-01
9.999992847442626953e-01
9.999950528144836426e-01
9.995281100273132324e-01
9.981331825256347656e-01
9.870898723602294922e-01
9.673255085945129395e-01
9.440217614173889160e-01
9.812696576118469238e-01
9.986813664436340332e-01
9.999611973762512207e-01
9.999670386314392090e-01
9.999808073043823242e-01
1.000000000000000000e+00
1.000000000000000000e+00
9.999236464500427246e-01
9.997760653495788574e-01
9.994656443595886230e-01
9.991183280944824219e-01
9.984431862831115723e-01
9.907599687576293945e-01
9.419285655021667480e-01
8.603803515434265137e-01
8.429904580116271973e-01
8.436947464942932129e-01
8.620365262031555176e-01
9.375537633895874023e-01
9.819252490997314453e-01
9.983302950859069824e-01
9.994372129440307617e-01
9.999784231185913086e-01
9.999997615814208984e-01
9.999867081642150879e-01
9.999839663505554199e-01
9.999902844429016113e-01
9.999308586120605469e-01
9.808147549629211426e-01
9.430531263351440430e-01
8.688149452209472656e-01
8.723089694976806641e-01
9.542105793952941895e-01
9.844150543212890625e-01
9.997469186782836914e-01
9.999754428863525391e-01
9.999712705612182617e-01
9.999750256538391113e-01
9.999917745590209961e-01
9.999972581863403320e-01
9.999907016754150391e-01
9.999707341194152832e-01
9.999816417694091797e-01
9.999914169311523438e-01
9.999983906745910645e-01
9.999926686286926270e-01
9.999420046806335449e-01
9.998358488082885742e-01
9.997850060462951660e-01
9.997559785842895508e-01
9.997506737709045410e-01
9.992555975914001465e-01
9.973112940788269043e-01
9.933776259422302246e-01
9.450635313987731934e-01
9.295309782028198242e-01
9.697520732879638672e-01
9.894203543663024902e-01
9.767353534698486328e-01
9.164703488349914551e-01
8.724257349967956543e-01
8.586481809616088867e-01
8.925136327743530273e-01
8.865520358085632324e-01
8.852415084838867188e-01
9.040817618370056152e-01
9.379428625106811523e-01
9.690329432487487793e-01
9.891325235366821289e-01
9.965738654136657715e-01
9.998772144317626953e-01
9.999778866767883301e-01
9.999983906745910645e-01
9.999994635581970215e-01
9.999998807907104492e-01
9.999995231628417969e-01
9.999980330467224121e-01
9.999943375587463379e-01
9.999068975448608398e-01
9.998021125793457031e-01
9.997186660766601562e-01
9.997719526290893555e-01
9.998487830162048340e-01
9.998545646667480469e-01
9.993028044700622559e-01
9.956812858581542969e-01
9.817745089530944824e-01
9.304956793785095215e-01
7.851834297180175781e-01
3.202883899211883545e-01
1.346345096826553345e-01
1.688415706157684326e-01
6.394255161285400391e-01
8.775626420974731445e-01
8.844254016876220703e-01
2.568512558937072754e-01
1.703622564673423767e-02
2.802596928649634142e-45
1.401298464324817071e-45
1.551726976078970921e-11
3.485461696982383728e-02
3.799013495445251465e-01
6.845512986183166504e-01
9.416049122810363770e-01
9.624658226966857910e-01
9.785816669464111328e-01
9.906930923461914062e-01
9.963254332542419434e-01
9.992324709892272949e-01
9.997634887695312500e-01
9.998276233673095703e-01
9.998386502265930176e-01
9.997982382774353027e-01
9.949164986610412598e-01
9.872687458992004395e-01
9.766567349433898926e-01
9.742496609687805176e-01
9.762020707130432129e-01
9.831055998802185059e-01
9.887601137161254883e-01
9.936807155609130859e-01
9.977112412452697754e-01
9.986317157745361328e-01
9.990761280059814453e-01
9.992757439613342285e-01
9.997045397758483887e-01
9.997300505638122559e-01
9.989795088768005371e-01
9.990838766098022461e-01
9.993706345558166504e-01
9.997067451477050781e-01
9.998657703399658203e-01
9.999243617057800293e-01
9.998412728309631348e-01
9.988679289817810059e-01
9.978222846984863281e-01
9.972724318504333496e-01
9.938660264015197754e-01
9.886488318443298340e-01
9.806432127952575684e-01
9.844543337821960449e-01
9.924414157867431641e-01
9.979137778282165527e-01
9.998246431350708008e-01
1.000000000000000000e+00
1.000000000000000000e+00
9.993923902511596680e-01
9.981841444969177246e-01
9.951344728469848633e-01
9.677384495735168457e-01
8.771095871925354004e-01
2.964064180850982666e-01
2.890587970614433289e-02
1.340023754892172292e-05
2.153189234377350658e-05
1.604893207550048828e-01
4.628169536590576172e-01
8.176516294479370117e-01
9.982223510742187500e-01
9.999557137489318848e-01
9.999992251396179199e-01
9.999998807907104492e-01
1.000000000000000000e+00
1.000000000000000000e+00
9.999998807907104492e-01
9.999997019767761230e-01
9.999921917915344238e-01
9.999421238899230957e-01
9.998223781585693359e-01
9.987314939498901367e-01
9.953616261482238770e-01
9.877660274505615234e-01
9.837410449981689453e-01
9.849252700805664062e-01
9.967328310012817383e-01
9.994968175888061523e-01
9.987879991531372070e-01
9.957085847854614258e-01
9.857220053672790527e-01
9.771803021430969238e-01
9.840672612190246582e-01
9.924200177192687988e-01
9.997942447662353516e-01
9.985127449035644531e-01
9.972007870674133301e-01
9.960178136825561523e-01
9.959501028060913086e-01
9.652091860771179199e-01
9.119412899017333984e-01
8.397760987281799316e-01
8.323256969451904297e-01
8.788213729858398438e-01
9.582974910736083984e-01
9.966612458229064941e-01
9.942215681076049805e-01
9.497939348220825195e-01
8.877412080764770508e-01
8.056199550628662109e-01
8.448591828346252441e-01
9.005460739135742188e-01
9.669901728630065918e-01
9.626290798187255859e-01
9.524092674255371094e-01
9.485702514648437500e-01
9.689091444015502930e-01
9.889625310897827148e-01
9.977923631668090820e-01
9.994639754295349121e-01
9.933115839958190918e-01
9.704715013504028320e-01
8.316418528556823730e-01
5.961155295372009277e-01
1.522189378738403320e-01
6.006984040141105652e-03
1.474951859563589096e-04
1.086476258933544159e-03
2.456388175487518311e-01
6.200430393218994141e-01
8.843559026718139648e-01
9.967269897460937500e-01
9.983561635017395020e-01
9.865792989730834961e-01
9.748770594596862793e-01
9.632281661033630371e-01
9.755253791809082031e-01
9.857629537582397461e-01
9.936532974243164062e-01
9.561911821365356445e-01
7.894958257675170898e-01
4.460408985614776611e-01
4.977847337722778320e-01
6.437358856201171875e-01
8.691667914390563965e-01
9.535914063453674316e-01
9.928373098373413086e-01
9.937260150909423828e-01
9.595206975936889648e-01
8.653362393379211426e-01
6.198911070823669434e-01
3.337440192699432373e-01
1.248555555939674377e-01
3.106632530689239502e-01
5.984426736831665039e-01
9.023711681365966797e-01
9.687367677688598633e-01
9.922644495964050293e-01
9.877531528472900391e-01
9.842054247856140137e-01
9.879677295684814453e-01
9.976821541786193848e-01
9.989602565765380859e-01
9.985411167144775391e-01
9.963168501853942871e-01
9.910297393798828125e-01
9.870498180389404297e-01
9.850424528121948242e-01
9.837008714675903320e-01
9.799818396568298340e-01
9.719105362892150879e-01
9.594127535820007324e-01
9.391100406646728516e-01
9.027277827262878418e-01
9.117282629013061523e-01
9.397579431533813477e-01
9.849081039428710938e-01
9.983238577842712402e-01
9.985902905464172363e-01
9.989642500877380371e-01
9.987633824348449707e-01
9.982767701148986816e-01
9.980721473693847656e-01
9.978419542312622070e-01
9.975120425224304199e-01
9.954361915588378906e-01
9.935908317565917969e-01
9.919619560241699219e-01
9.940993189811706543e-01
9.963071942329406738e-01
9.985109567642211914e-01
9.993917346000671387e-01
9.998930692672729492e-01
9.999762773513793945e-01
9.999673366546630859e-01
9.997310638427734375e-01
9.990315437316894531e-01
9.862093925476074219e-01
9.337095022201538086e-01
7.686082720756530762e-01
8.082046508789062500e-01
9.190106987953186035e-01
9.702925682067871094e-01
9.914618134498596191e-01
9.951509833335876465e-01
9.936951398849487305e-01
9.946067929267883301e-01
9.972611069679260254e-01
9.989594817161560059e-01
9.998646378517150879e-01
9.999717473983764648e-01
9.999881386756896973e-01
9.999963045120239258e-01
9.999979734420776367e-01
9.999988079071044922e-01
9.999968409538269043e-01
9.999898672103881836e-01
9.998717308044433594e-01
9.992458224296569824e-01
9.973955154418945312e-01
9.962027072906494141e-01
9.957141876220703125e-01
9.970362782478332520e-01
9.982700943946838379e-01
9.993492364883422852e-01
9.997051954269409180e-01
9.997973442077636719e-01
9.992374777793884277e-01
9.911018013954162598e-01
9.904491305351257324e-01
9.966825842857360840e-01
9.988410472869873047e-01
1.000000000000000000e+00
1.000000000000000000e+00
9.891145229339599609e-01
9.793148636817932129e-01
9.732775092124938965e-01
9.789888858795166016e-01
9.791168570518493652e-01
9.597353339195251465e-01
9.404422044754028320e-01
9.120087027549743652e-01
8.494448065757751465e-01
7.448419928550720215e-01
6.415445804595947266e-01
6.801839470863342285e-01
8.032217025756835938e-01
9.747581481933593750e-01
9.895686507225036621e-01
9.978452920913696289e-01
9.999454021453857422e-01
1.000000000000000000e+00
1.000000000000000000e+00
1.000000000000000000e+00
1.000000000000000000e+00
9.999790191650390625e-01
9.999193549156188965e-01
9.995667934417724609e-01
9.993823170661926270e-01
9.998405575752258301e-01
9.999797940254211426e-01
9.999963641166687012e-01
9.999986290931701660e-01
9.999996423721313477e-01
9.999998807907104492e-01
9.999990463256835938e-01
9.999549984931945801e-01
9.998688101768493652e-01
9.993436336517333984e-01
9.992158412933349609e-01
9.995262026786804199e-01
9.997954368591308594e-01
9.999683499336242676e-01
9.999958276748657227e-01
1.000000000000000000e+00
1.000000000000000000e+00
1.000000000000000000e+00
1.000000000000000000e+00
1.000000000000000000e+00
1.000000000000000000e+00
9.999909400939941406e-01
9.999797344207763672e-01
9.999832510948181152e-01
9.999884963035583496e-01
9.999942779541015625e-01
9.999809265136718750e-01
9.998623728752136230e-01
9.996373057365417480e-01
9.996544718742370605e-01
9.997372627258300781e-01
9.998980164527893066e-01
9.999629259109497070e-01
9.999974370002746582e-01
9.999992847442626953e-01
9.999998211860656738e-01
9.999999403953552246e-01
1.000000000000000000e+00
1.000000000000000000e+00
1.000000000000000000e+00
1.000000000000000000e+00
9.999998807907104492e-01
9.999988675117492676e-01
9.999805688858032227e-01
9.981779456138610840e-01
9.945582151412963867e-01
8.974837660789489746e-01
8.053242564201354980e-01
7.276370525360107422e-01
7.924476265907287598e-01
8.811703920364379883e-01
9.697630405426025391e-01
9.952059388160705566e-01
9.996165037155151367e-01
9.995569586753845215e-01
9.988468289375305176e-01
9.979961514472961426e-01
9.985649585723876953e-01
9.992476701736450195e-01
9.999501705169677734e-01
9.976257085800170898e-01
9.956489801406860352e-01
9.940633773803710938e-01
9.921583533287048340e-01
9.883336424827575684e-01
9.813621640205383301e-01
9.430516362190246582e-01
9.120230078697204590e-01
9.169955253601074219e-01
9.476339817047119141e-01
9.829248189926147461e-01
9.953049421310424805e-01
9.999336600303649902e-01
9.999979734420776367e-01
9.999989867210388184e-01
9.999995827674865723e-01
9.999998211860656738e-01
9.999997019767761230e-01
9.999991059303283691e-01
9.999979734420776367e-01
9.999693036079406738e-01
9.998022913932800293e-01
9.993594288825988770e-01
9.978778362274169922e-01
9.941922426223754883e-01
9.839364886283874512e-01
9.397287368774414062e-01
8.895956277847290039e-01
9.139255285263061523e-01
9.522164463996887207e-01
9.999985098838806152e-01
9.999975562095642090e-01
9.999703764915466309e-01
9.999135732650756836e-01
9.991571307182312012e-01
9.982995986938476562e-01
9.973772764205932617e-01
9.978296756744384766e-01
9.986566901206970215e-01
9.996287822723388672e-01
9.999516606330871582e-01
9.999913573265075684e-01
9.999912977218627930e-01
9.999924302101135254e-01
9.999772906303405762e-01
9.995688796043395996e-01
7.388792037963867188e-01
2.063830345869064331e-01
6.840213388204574585e-02
5.298958708684097831e-16
7.925079144272139287e-17
6.092449650168418884e-02
2.662685811519622803e-01
8.265952467918395996e-01
9.857092499732971191e-01
9.808626770973205566e-01
9.534438848495483398e-01
9.334090352058410645e-01
9.185870885848999023e-01
9.119520783424377441e-01
8.838769793510437012e-01
8.340006470680236816e-01
9.023821949958801270e-01
7.904255986213684082e-01
3.784988820552825928e-01
1.545433700084686279e-01
4.224622622132301331e-02
1.245648041367530823e-01
4.554229378700256348e-01
8.348298072814941406e-01
9.501538872718811035e-01
9.972184300422668457e-01
9.990490674972534180e-01
9.965507984161376953e-01
9.953534007072448730e-01
9.955077171325683594e-01
9.972965717315673828e-01
9.987034797668457031e-01
9.992874264717102051e-01
9.991629123687744141e-01
9.964525699615478516e-01
9.867981672286987305e-01
7.051360607147216797e-01
3.315363228321075439e-01
9.724473208189010620e-02
3.299668803811073303e-02
1.013178005814552307e-01
5.850647091865539551e-01
8.841361999511718750e-01
9.748926162719726562e-01
9.892975091934204102e-01
9.886065125465393066e-01
9.737987518310546875e-01
9.676692485809326172e-01
9.690351486206054688e-01
9.876537322998046875e-01
8.685165643692016602e-01
7.014454603195190430e-01
6.822383999824523926e-01
7.527052760124206543e-01
8.956459164619445801e-01
9.528265595436096191e-01
9.890092015266418457e-01
9.986871480941772461e-01
9.998221993446350098e-01
9.996870756149291992e-01
9.994771480560302734e-01
9.922565221786499023e-01
9.749829173088073730e-01
9.246817827224731445e-01
8.747528195381164551e-01
8.331405520439147949e-01
9.052627682685852051e-01
9.543705582618713379e-01
9.809095859527587891e-01
9.501110315322875977e-01
9.076042175292968750e-01
8.518896102905273438e-01
8.470823168754577637e-01
8.701653480529785156e-01
9.413400888442993164e-01
9.789268970489501953e-01
9.987911581993103027e-01
9.995838403701782227e-01
9.998937845230102539e-01
9.998338222503662109e-01
9.991525411605834961e-01
9.982321262359619141e-01
9.970084428787231445e-01
9.915131926536560059e-01
9.013117551803588867e-01
6.271970272064208984e-01
3.085076212882995605e-01
1.106784865260124207e-01
4.992409050464630127e-01
7.802564501762390137e-01
9.843792915344238281e-01
9.944709539413452148e-01
9.997119903564453125e-01
9.999807476997375488e-01
9.978290796279907227e-01
9.918913841247558594e-01
9.796770215034484863e-01
9.715602397918701172e-01
9.680265188217163086e-01
9.761617779731750488e-01
9.838437438011169434e-01
9.909378886222839355e-01
9.950148463249206543e-01
9.976695179939270020e-01
9.991038441658020020e-01
9.978614449501037598e-01
9.378752708435058594e-01
7.917848825454711914e-01
8.565412163734436035e-01
9.449487924575805664e-01
9.874742031097412109e-01
1.000000000000000000e+00
9.703779220581054688e-01
7.556797266006469727e-01
7.684075832366943359e-01
9.515767693519592285e-01
9.825173020362854004e-01
9.999358654022216797e-01
9.999921917915344238e-01
9.999987483024597168e-01
9.999861717224121094e-01
9.999464750289916992e-01
9.960563778877258301e-01
9.888478517532348633e-01
9.718781113624572754e-01
9.744248390197753906e-01
9.898629188537597656e-01
9.927703738212585449e-01
9.958289861679077148e-01
9.990661144256591797e-01
9.993262290954589844e-01
9.917678236961364746e-01
9.685065150260925293e-01
9.614647626876831055e-01
9.634180665016174316e-01
9.818816781044006348e-01
9.921220541000366211e-01
9.970218539237976074e-01
9.985068440437316895e-01
9.993816614151000977e-01
9.995704293251037598e-01
9.992452263832092285e-01
9.983258247375488281e-01
9.963161349296569824e-01
9.959745407104492188e-01
9.965535402297973633e-01
9.988046884536743164e-01
9.995979666709899902e-01
9.995064139366149902e-01
9.996589422225952148e-01
9.995739459991455078e-01
9.992271065711975098e-01
9.966689944267272949e-01
9.936849474906921387e-01
9.903171658515930176e-01
9.880961775779724121e-01
9.729073047637939453e-01
8.998399972915649414e-01
6.989677548408508301e-01
4.298817217350006104e-01
4.297975003719329834e-01
5.846482515335083008e-01
9.135157465934753418e-01
9.746757745742797852e-01
9.961153864860534668e-01
9.979614019393920898e-01
9.981768131256103516e-01
9.976097345352172852e-01
9.959124922752380371e-01
9.957360625267028809e-01
9.965565204620361328e-01
9.971665740013122559e-01
9.977569580078125000e-01
9.983237981796264648e-01
9.971578121185302734e-01
9.963439702987670898e-01
9.968470931053161621e-01
9.983014464378356934e-01
9.997615814208984375e-01
9.994303584098815918e-01
9.978354573249816895e-01
9.953524470329284668e-01
9.942112565040588379e-01
9.946514368057250977e-01
9.971702098846435547e-01
9.981601238250732422e-01
9.988881945610046387e-01
9.996067285537719727e-01
9.987740516662597656e-01
9.964436292648315430e-01
9.883801937103271484e-01
9.834767580032348633e-01
9.811046719551086426e-01
9.915525317192077637e-01
9.979266524314880371e-01
9.977673888206481934e-01
9.824045300483703613e-01
8.875579833984375000e-01
5.592602491378784180e-01
3.257805407047271729e-01
1.540310233831405640e-01
1.298990398645401001e-01
2.146002948284149170e-01
4.020882844924926758e-01
7.561634778976440430e-01
9.925769567489624023e-01
9.986312985420227051e-01
9.999442696571350098e-01
9.999372363090515137e-01
9.999246597290039062e-01
9.999268054962158203e-01
9.999344348907470703e-01
9.998700618743896484e-01
9.974842667579650879e-01
9.924370050430297852e-01
8.991605639457702637e-01
7.002300024032592773e-01
2.890319228172302246e-01
1.516626477241516113e-01
1.156447753310203552e-01
7.549791038036346436e-02
3.723884746432304382e-02
3.634948516264557838e-04
5.911145763093372807e-06
3.920117253415985829e-29
5.700022512335035386e-30
2.161872078163018445e-26
1.090631471015512943e-03
5.478151142597198486e-03
4.169312119483947754e-01
9.792708158493041992e-01
9.930418133735656738e-01
9.998494386672973633e-01
9.998747110366821289e-01
9.998822808265686035e-01
9.998975992202758789e-01
9.999300241470336914e-01
9.999521374702453613e-01
9.999678134918212891e-01
9.999688863754272461e-01
9.998953938484191895e-01
9.997551441192626953e-01
9.986184835433959961e-01
9.976605176925659180e-01
9.969359040260314941e-01
9.971449375152587891e-01
9.975743889808654785e-01
9.981591105461120605e-01
9.987931847572326660e-01
9.994173049926757812e-01
9.997570514678955078e-01
9.999365806579589844e-01
9.999690651893615723e-01
9.999571442604064941e-01
9.983086585998535156e-01
9.936481714248657227e-01
9.945564270019531250e-01
9.966735839843750000e-01
9.967082738876342773e-01
9.898330569267272949e-01
9.783496260643005371e-01
9.695147871971130371e-01
9.699825644493103027e-01
9.827823638916015625e-01
9.895209670066833496e-01
9.925296306610107422e-01
9.881126284599304199e-01
9.780241250991821289e-01
9.680973291397094727e-01
9.872950911521911621e-01
9.978392124176025391e-01
9.998303651809692383e-01
9.999918341636657715e-01
9.999762773513793945e-01
9.999353289604187012e-01
9.976466298103332520e-01
9.820671081542968750e-01
9.000183939933776855e-01
6.530479192733764648e-01
2.825669050216674805e-01
1.255483180284500122e-01
3.835637494921684265e-02
5.095681175589561462e-02
4.644786119461059570e-01
8.664253950119018555e-01
9.061396121978759766e-01
9.371010661125183105e-01
9.627780318260192871e-01
9.822211265563964844e-01
9.941373467445373535e-01
9.972250461578369141e-01
9.956619739532470703e-01
9.942823052406311035e-01
9.950606226921081543e-01
9.968545436859130859e-01
9.989225268363952637e-01
9.995940327644348145e-01
9.999348521232604980e-01
9.999716281890869141e-01
9.999378323554992676e-01
9.999147653579711914e-01
9.999225139617919922e-01
9.999473690986633301e-01
9.999736547470092773e-01
9.999777674674987793e-01
9.999772906303405762e-01
9.999734759330749512e-01
9.999848008155822754e-01
9.999918341636657715e-01
9.999918341636657715e-01
9.999597072601318359e-01
9.999190568923950195e-01
9.998759627342224121e-01
9.999058842658996582e-01
9.999781847000122070e-01
9.999921917915344238e-01
1.000000000000000000e+00
1.000000000000000000e+00
9.999641776084899902e-01
9.982448816299438477e-01
9.916381835937500000e-01
9.543243646621704102e-01
9.083846211433410645e-01
9.492847919464111328e-01
9.787958860397338867e-01
9.960437417030334473e-01
9.990804195404052734e-01
9.999879002571105957e-01
9.999970793724060059e-01
9.999983906745910645e-01
9.997134804725646973e-01
9.971796274185180664e-01
9.972685575485229492e-01
9.997985363006591797e-01
9.999960064888000488e-01
9.971739053726196289e-01
9.886504411697387695e-01
9.667651057243347168e-01
9.435819983482360840e-01
9.409196376800537109e-01
9.418247938156127930e-01
9.456383585929870605e-01
9.724711775779724121e-01
9.923723340034484863e-01
9.982932209968566895e-01
9.997264146804809570e-01
9.997473955154418945e-01
9.995375275611877441e-01
9.995018839836120605e-01
9.995940327644348145e-01
9.998158812522888184e-01
9.999620914459228516e-01
9.999848604202270508e-01
9.999947547912597656e-01
1.000000000000000000e+00
1.000000000000000000e+00
9.999864101409912109e-01
9.999607801437377930e-01
9.993569850921630859e-01
9.983882308006286621e-01
9.968878626823425293e-01
9.972736835479736328e-01
9.978286623954772949e-01
9.974072575569152832e-01
9.933164715766906738e-01
9.869688153266906738e-01
9.816327691078186035e-01
9.839964509010314941e-01
9.967973232269287109e-01
9.987875819206237793e-01
9.982246160507202148e-01
9.966750741004943848e-01
9.976523518562316895e-01
1.000000000000000000e+00
1.000000000000000000e+00
1.000000000000000000e+00
1.000000000000000000e+00
9.648953080177307129e-01
9.370798468589782715e-01
9.537447094917297363e-01
9.735692143440246582e-01
9.943472146987915039e-01
9.978606700897216797e-01
9.998648166656494141e-01
9.999791383743286133e-01
9.999964237213134766e-01
9.999622702598571777e-01
9.998255372047424316e-01
9.901983737945556641e-01
9.740679860115051270e-01
9.304883480072021484e-01
9.320081472396850586e-01
9.893049001693725586e-01
9.991230964660644531e-01
1.000000000000000000e+00
1.000000000000000000e+00
9.973347187042236328e-01
9.933521747589111328e-01
9.926210045814514160e-01
9.926123023033142090e-01
9.935131669044494629e-01
9.954380393028259277e-01
9.972153902053833008e-01
9.979345798492431641e-01
9.980685114860534668e-01
9.978206753730773926e-01
9.962614178657531738e-01
9.924243092536926270e-01
9.856299161911010742e-01
9.856216311454772949e-01
9.878707528114318848e-01
9.930805563926696777e-01
9.966835379600524902e-01
9.992790222167968750e-01
9.997359514236450195e-01
9.999563694000244141e-01
9.998533129692077637e-01
9.975704550743103027e-01
9.902295470237731934e-01
9.663472771644592285e-01
8.789427876472473145e-01
7.511363625526428223e-01
5.748652219772338867e-01
5.228632688522338867e-01
6.538024544715881348e-01
8.342594504356384277e-01
9.901978969573974609e-01
9.966169595718383789e-01
9.991406798362731934e-01
9.989812970161437988e-01
9.984261989593505859e-01
9.985412359237670898e-01
9.997367262840270996e-01
9.977212548255920410e-01
9.921837449073791504e-01
9.741774797439575195e-01
9.021564722061157227e-01
7.891435623168945312e-01
8.686665296554565430e-01
9.380636811256408691e-01
9.756183028221130371e-01
9.835773706436157227e-01
9.814446568489074707e-01
9.775109887123107910e-01
9.814257621765136719e-01
9.920720458030700684e-01
9.961137175559997559e-01
9.984043240547180176e-01
9.980599880218505859e-01
9.573935270309448242e-01
8.447310328483581543e-01
2.929719090461730957e-01
1.381453219801187515e-02
1.284515717998147011e-03
1.252544112503528595e-03
1.336270868778228760e-01
5.856561064720153809e-01
8.366446495056152344e-01
9.831562638282775879e-01
9.931702017784118652e-01
9.987942576408386230e-01
9.993960261344909668e-01
9.994765520095825195e-01
9.995334744453430176e-01
9.997735023498535156e-01
9.999067187309265137e-01
9.999771714210510254e-01
9.999617934226989746e-01
9.999342560768127441e-01
9.998900294303894043e-01
9.987344741821289062e-01
9.886910915374755859e-01
9.448981881141662598e-01
8.446547389030456543e-01
7.057719230651855469e-01
8.652096986770629883e-01
9.742504954338073730e-01
9.912625551223754883e-01
9.959895014762878418e-01
9.967668056488037109e-01
9.966049790382385254e-01
9.953236579895019531e-01
9.930986166000366211e-01
9.944335818290710449e-01
9.960709214210510254e-01
9.977893829345703125e-01
9.985269308090209961e-01
9.986715912818908691e-01
9.970324635505676270e-01
9.725559949874877930e-01
9.236344695091247559e-01
7.403612136840820312e-01
5.889515280723571777e-01
5.834481120109558105e-01
7.253777384757995605e-01
9.408305883407592773e-01
9.777536392211914062e-01
9.993067383766174316e-01
9.998532533645629883e-01
9.999037981033325195e-01
9.982441067695617676e-01
9.900745153427124023e-01
9.315345883369445801e-01
8.369702696800231934e-01
7.212389707565307617e-01
7.120795845985412598e-01
8.963850736618041992e-01
9.665291309356689453e-01
9.936287403106689453e-01
9.961906075477600098e-01
9.980436563491821289e-01
9.992270469665527344e-01
9.997035861015319824e-01
9.999899268150329590e-01
9.999948740005493164e-01
9.999964833259582520e-01
9.999964833259582520e-01
9.999966621398925781e-01
9.999975562095642090e-01
9.999992251396179199e-01
9.999995231628417969e-01
9.976950883865356445e-01
9.868283271789550781e-01
9.842566251754760742e-01
9.872890710830688477e-01
9.943380951881408691e-01
9.989417195320129395e-01
9.991726279258728027e-01
9.929360747337341309e-01
9.656648039817810059e-01
8.126351833343505859e-01
6.785237193107604980e-01
5.620874166488647461e-01
6.594683527946472168e-01
7.764056921005249023e-01
8.807993531227111816e-01
6.702394485473632812e-01
3.084564507007598877e-01
1.121061071753501892e-01
5.970164784230291843e-05
9.437863809580449015e-06
1.363353135275247041e-06
1.278547942638397217e-02
7.904789596796035767e-02
3.930752277374267578e-01
8.917286396026611328e-01
9.486611485481262207e-01
9.664546847343444824e-01
9.472162723541259766e-01
9.631991386413574219e-01
9.901859760284423828e-01
9.911636114120483398e-01
9.776017665863037109e-01
9.483389854431152344e-01
7.270600199699401855e-01
4.555464386940002441e-01
1.248874291777610779e-01
8.505723035623358186e-12
5.016441355110146105e-05
3.653511032462120056e-02
2.493070811033248901e-01
7.475666999816894531e-01
7.420059442520141602e-01
5.970757007598876953e-01
5.696398019790649414e-01
5.955325961112976074e-01
6.706992983818054199e-01
7.804752588272094727e-01
8.850661516189575195e-01
9.661356806755065918e-01
9.955716729164123535e-01
9.966148138046264648e-01
9.583573937416076660e-01
8.959383964538574219e-01
7.992045283317565918e-01
7.657834887504577637e-01
7.650926113128662109e-01
8.427516222000122070e-01
8.891087770462036133e-01
9.094432592391967773e-01
9.614098668098449707e-01
9.966546297073364258e-01
9.872758984565734863e-01
9.319566488265991211e-01
8.533896803855895996e-01
7.491338849067687988e-01
7.004452943801879883e-01
7.240982055664062500e-01
8.262901902198791504e-01
9.329365491867065430e-01
9.777672290802001953e-01
9.982208013534545898e-01
9.996961355209350586e-01
9.998271465301513672e-01
9.998739361763000488e-01
9.999334812164306641e-01
9.999698996543884277e-01
9.999943971633911133e-01
9.999970793724060059e-01
9.699994325637817383e-01
9.018350839614868164e-01
7.724483013153076172e-01
6.748108267784118652e-01
7.696140408515930176e-01
8.713561892509460449e-01
9.785804748535156250e-01
9.931697845458984375e-01
9.992028474807739258e-01
9.995619654655456543e-01
9.998050928115844727e-01
9.999843835830688477e-01
9.999920725822448730e-01
9.999916553497314453e-01
9.999806880950927734e-01
9.999614357948303223e-01
9.999142289161682129e-01
9.997511506080627441e-01
9.982275366783142090e-01
9.956160783767700195e-01
9.900527596473693848e-01
9.867453575134277344e-01
9.892548322677612305e-01
9.846641421318054199e-01
9.752279520034790039e-01
9.356212615966796875e-01
9.221863150596618652e-01
9.455037117004394531e-01
9.402753114700317383e-01
9.218787550926208496e-01
8.745953440666198730e-01
7.660334110260009766e-01
6.038981080055236816e-01
3.772476911544799805e-01
2.171147316694259644e-01
2.507244646549224854e-01
5.317575931549072266e-01
9.426214694976806641e-01
9.775785207748413086e-01
9.992505908012390137e-01
9.997334480285644531e-01
9.998999834060668945e-01
9.982324242591857910e-01
9.845887422561645508e-01
6.941444277763366699e-01
1.226458922028541565e-01
2.157223410904407501e-02
3.227418785005432997e-22
1.683681102360330575e-21
3.928973153233528137e-02
1.041428074240684509e-01
6.072586774826049805e-01
9.565953016281127930e-01
9.896011352539062500e-01
9.994493126869201660e-01
9.995170831680297852e-01
9.954651594161987305e-01
9.661787748336791992e-01
9.057399630546569824e-01
9.318937063217163086e-01
9.724646806716918945e-01
9.899652004241943359e-01
9.985255599021911621e-01
9.998584389686584473e-01
9.999802112579345703e-01
9.999646544456481934e-01
9.998691082000732422e-01
9.986748695373535156e-01
9.966912865638732910e-01
9.846650362014770508e-01
9.725473523139953613e-01
9.602695703506469727e-01
9.757342338562011719e-01
9.974824190139770508e-01
9.991342425346374512e-01
9.999861717224121094e-01
9.999949932098388672e-01
9.999663829803466797e-01
9.999223947525024414e-01
9.998468160629272461e-01
9.996964931488037109e-01
9.994930624961853027e-01
9.973006844520568848e-01
9.951944351196289062e-01
9.934976100921630859e-01
9.945443272590637207e-01
9.968691468238830566e-01
9.987872242927551270e-01
9.998168349266052246e-01
9.995628595352172852e-01
9.970266819000244141e-01
9.938803315162658691e-01
9.911292195320129395e-01
9.927015304565429688e-01
9.985475540161132812e-01
9.996212124824523926e-01
9.998837709426879883e-01
9.998871088027954102e-01
9.998320341110229492e-01
9.997367262840270996e-01
9.998431801795959473e-01
9.999302625656127930e-01
9.999553561210632324e-01
9.999254941940307617e-01
9.998459219932556152e-01
9.992464184761047363e-01
9.986208677291870117e-01
9.979591369628906250e-01
9.974946975708007812e-01
9.964563846588134766e-01
9.912924170494079590e-01
9.840790629386901855e-01
9.747887849807739258e-01
4.671404659748077393e-01
1.118457503616809845e-02
4.745886474847793579e-02
2.463464438915252686e-01
5.639221668243408203e-01
8.199278116226196289e-01
9.970715641975402832e-01
9.987545013427734375e-01
9.994531869888305664e-01
9.996422529220581055e-01
9.997850656509399414e-01
9.905145764350891113e-01
9.659975767135620117e-01
8.994383811950683594e-01
8.322920799255371094e-01
8.877221345901489258e-01
9.380404949188232422e-01
9.823809862136840820e-01
9.950888752937316895e-01
9.997619390487670898e-01
9.995235800743103027e-01
9.964649081230163574e-01
9.909951686859130859e-01
9.366568922996520996e-01
8.616855740547180176e-01
7.431560158729553223e-01
7.731177806854248047e-01
8.951421976089477539e-01
9.586969017982482910e-01
9.999968409538269043e-01
9.999982118606567383e-01
9.999947547912597656e-01
9.999368190765380859e-01
9.988351464271545410e-01
9.405613541603088379e-01
7.985374927520751953e-01
6.439524292945861816e-01
5.132219195365905762e-01
5.880908370018005371e-01
7.179365754127502441e-01
9.081779122352600098e-01
9.580312371253967285e-01
9.775178432464599609e-01
9.870456457138061523e-01
9.939767122268676758e-01
9.987710118293762207e-01
9.996486306190490723e-01
9.999807476997375488e-01
9.999604821205139160e-01
9.997881650924682617e-01
9.995200037956237793e-01
9.997118711471557617e-01
9.998776912689208984e-01
9.999583363533020020e-01
9.998883008956909180e-01
9.997563958168029785e-01
9.998725652694702148e-01
9.999567866325378418e-01
9.999912381172180176e-01
9.902803897857666016e-01
9.770066738128662109e-01
9.614921808242797852e-01
9.609609246253967285e-01
9.786006212234497070e-01
9.903950691223144531e-01
9.991577267646789551e-01
9.993064403533935547e-01
9.970636367797851562e-01
9.925399422645568848e-01
9.794743657112121582e-01
9.672644138336181641e-01
9.627634286880493164e-01
9.646064639091491699e-01
9.711910486221313477e-01
9.717267155647277832e-01
9.749974608421325684e-01
9.865636229515075684e-01
9.943415522575378418e-01
9.999052286148071289e-01
9.962912201881408691e-01
9.937485456466674805e-01
9.936565160751342773e-01
9.961127042770385742e-01
9.996041655540466309e-01
9.996123909950256348e-01
9.984902739524841309e-01
9.955959320068359375e-01
9.929819703102111816e-01
9.909510016441345215e-01
9.936659932136535645e-01
9.963837265968322754e-01
9.991049170494079590e-01
9.998072385787963867e-01
9.999624490737915039e-01
9.999778866767883301e-01
9.999899864196777344e-01
9.999986290931701660e-01
9.999977946281433105e-01
9.999932050704956055e-01
9.999800920486450195e-01
9.999409914016723633e-01
9.998800754547119141e-01
9.996941089630126953e-01
9.995567202568054199e-01
9.996170997619628906e-01
9.997096061706542969e-01
9.998241662979125977e-01
9.996442198753356934e-01
9.994964599609375000e-01
9.994729161262512207e-01
9.996661543846130371e-01
9.999826550483703613e-01
9.999716877937316895e-01
9.999396800994873047e-01
9.998757243156433105e-01
9.999148845672607422e-01
1.000000000000000000e+00
1.000000000000000000e+00
9.993353486061096191e-01
9.975703358650207520e-01
9.949702620506286621e-01
9.918847084045410156e-01
9.866124987602233887e-01
9.827801585197448730e-01
9.809705615043640137e-01
9.871323108673095703e-01
9.951386451721191406e-01
9.979857206344604492e-01
9.996383190155029297e-01
9.998548030853271484e-01
9.986848831176757812e-01
9.965147376060485840e-01
9.905213117599487305e-01
9.907667636871337891e-01
9.974409341812133789e-01
9.972720742225646973e-01
9.963349699974060059e-01
9.978311657905578613e-01
9.987868666648864746e-01
9.992590546607971191e-01
9.995371103286743164e-01
9.997622966766357422e-01
9.998983144760131836e-01
9.999677538871765137e-01
9.999850392341613770e-01
9.999042153358459473e-01
9.991371035575866699e-01
9.963404536247253418e-01
9.716033935546875000e-01
9.319326877593994141e-01
9.491778016090393066e-01
9.695547819137573242e-01
9.884507060050964355e-01
9.972131252288818359e-01
9.999133348464965820e-01
9.999928474426269531e-01
9.999841451644897461e-01
9.999663829803466797e-01
9.999526739120483398e-01
9.999411702156066895e-01
9.998219609260559082e-01
8.949576020240783691e-01
5.843920111656188965e-01
4.601587653160095215e-01
4.295118451118469238e-01
6.413832902908325195e-01
8.160631656646728516e-01
9.257776141166687012e-01
9.694935083389282227e-01
9.852612018585205078e-01
9.926087260246276855e-01
9.970574975013732910e-01
9.969239234924316406e-01
9.642118811607360840e-01
8.942261934280395508e-01
4.830788969993591309e-01
1.830575019121170044e-01
4.386978968977928162e-02
6.682032346725463867e-02
1.824178397655487061e-01
6.864996552467346191e-01
9.806507825851440430e-01
9.962422251701354980e-01
9.998788833618164062e-01
9.995440244674682617e-01
9.960228204727172852e-01
9.498313665390014648e-01
8.511232137680053711e-01
5.015131235122680664e-01
1.265192180871963501e-01
4.551010578870773315e-02
1.448304057121276855e-01
4.529306590557098389e-01
6.897125244140625000e-01
8.797213435173034668e-01
8.939221501350402832e-01
9.086489677429199219e-01
9.239488244056701660e-01
9.534637331962585449e-01
9.825356602668762207e-01
9.921691417694091797e-01
9.976439476013183594e-01
9.988255500793457031e-01
9.993830323219299316e-01
9.997625350952148438e-01
9.999011158943176270e-01
9.999781250953674316e-01
9.999939203262329102e-01
9.999949336051940918e-01
9.999658465385437012e-01
9.998078942298889160e-01
9.946021437644958496e-01
9.845523238182067871e-01
9.456959366798400879e-01
8.954283595085144043e-01
8.173800706863403320e-01
5.508696436882019043e-01
1.094786673784255981e-01
2.169656194746494293e-02
1.244775776285678148e-04
7.849792018532752991e-04
1.892770528793334961e-01
5.495238304138183594e-01
8.016312718391418457e-01
9.913137555122375488e-01
9.957842826843261719e-01
9.949346184730529785e-01
9.892911314964294434e-01
9.689787030220031738e-01
9.514235258102416992e-01
9.548904299736022949e-01
9.447717666625976562e-01
9.225902557373046875e-01
7.978807687759399414e-01
7.082889080047607422e-01
8.292464017868041992e-01
9.213523864746093750e-01
9.877056479454040527e-01
9.974635839462280273e-01
9.913772344589233398e-01
9.575710892677307129e-01
8.356747627258300781e-01
6.347088217735290527e-01
4.888274967670440674e-01
4.208926260471343994e-01
6.401662826538085938e-01
8.114676475524902344e-01
9.394676685333251953e-01
7.966566681861877441e-01
5.943524837493896484e-01
3.293402791023254395e-01
1.391110122203826904e-01
1.823371089994907379e-02
1.237353774996563516e-09
5.578405648520856630e-08
3.645094750481803203e-07
2.889021039009094238e-01
8.542597889900207520e-01
5.574951767921447754e-01
1.596485972404479980e-01
5.299054086208343506e-02
9.549153134891241734e-12
1.363578087248962234e-12
1.232969366577494310e-29
9.407968819141387939e-02
6.708540916442871094e-01
9.623108506202697754e-01
9.586866497993469238e-01
9.726544618606567383e-01
9.872195720672607422e-01
9.834120869636535645e-01
9.586504697799682617e-01
9.110274910926818848e-01
9.088299274444580078e-01
9.204060435295104980e-01
9.503597021102905273e-01
8.092921376228332520e-01
4.713666439056396484e-01
3.243982493877410889e-01
2.844864130020141602e-01
6.564687490463256836e-01
8.960111141204833984e-01
9.725955724716186523e-01
9.928221702575683594e-01
9.941540956497192383e-01
9.735188484191894531e-01
8.656583428382873535e-01
6.416791081428527832e-01
4.964828193187713623e-01
3.982474803924560547e-01
5.345866084098815918e-01
5.726962685585021973e-01
4.691964685916900635e-01
5.343797802925109863e-01
6.633110046386718750e-01
8.432711362838745117e-01
9.641242027282714844e-01
9.917927384376525879e-01
9.998506307601928711e-01
9.999993443489074707e-01
9.999996423721313477e-01
9.999983310699462891e-01
9.999942779541015625e-01
9.996867179870605469e-01
9.988916516304016113e-01
9.729972481727600098e-01
9.569873213768005371e-01
9.603008627891540527e-01
9.306715726852416992e-01
8.843872547149658203e-01
8.247089982032775879e-01
8.219283819198608398e-01
9.447547793388366699e-01
9.935061931610107422e-01
9.996907114982604980e-01
9.999676346778869629e-01
9.999704360961914062e-01
9.999157786369323730e-01
9.997994899749755859e-01
9.996433258056640625e-01
9.993445873260498047e-01
9.984342455863952637e-01
9.957370162010192871e-01
9.934506416320800781e-01
9.914728999137878418e-01
9.959460496902465820e-01
9.965956211090087891e-01
9.811757802963256836e-01
9.677624702453613281e-01
9.560739398002624512e-01
9.600375294685363770e-01
9.683107137680053711e-01
9.847109913825988770e-01
9.945153594017028809e-01
9.978525042533874512e-01
9.939351081848144531e-01
9.526330232620239258e-01
7.049682736396789551e-01
4.460146725177764893e-01
1.749800890684127808e-01
1.314701735973358154e-01
1.852870285511016846e-01
5.346940755844116211e-01
7.070811390876770020e-01
6.459597945213317871e-01
6.975591778755187988e-01
7.775980234146118164e-01
7.388625144958496094e-01
7.159841656684875488e-01
7.180384397506713867e-01
5.536108016967773438e-01
3.235668241977691650e-01
1.925102621316909790e-01
2.245339900255203247e-01
5.631200671195983887e-01
7.952792644500732422e-01
9.741614460945129395e-01
9.819568991661071777e-01
9.821234345436096191e-01
9.707173109054565430e-01
9.177362918853759766e-01
8.394533991813659668e-01
3.691654205322265625e-01
1.464670549466973171e-05
4.376837296149460599e-06
1.567515823808207642e-07
4.299247677863604622e-07
9.794401377439498901e-02
2.773497104644775391e-01
7.189890146255493164e-01
9.465624690055847168e-01
9.812098741531372070e-01
9.855582118034362793e-01
9.854986071586608887e-01
9.918887615203857422e-01
9.963631033897399902e-01
9.987307786941528320e-01
9.993471503257751465e-01
9.994159340858459473e-01
9.987742900848388672e-01
9.727617502212524414e-01
9.119887351989746094e-01
5.145761966705322266e-01
2.346426434814929962e-02
2.176811732351779938e-02
1.025193110108375549e-01
3.251231014728546143e-01
4.801163077354431152e-01
6.037913560867309570e-01
2.462875097990036011e-01
1.329572910435672384e-06
3.621139512688387185e-07
2.315204426594762753e-35
1.307506620985975840e-36
1.468208432197570801e-01
3.728831708431243896e-01
8.050403594970703125e-01
9.900948405265808105e-01
9.859482049942016602e-01
9.820711612701416016e-01
9.798117876052856445e-01
9.841293692588806152e-01
9.787107110023498535e-01
9.638069868087768555e-01
8.519595861434936523e-01
6.926379799842834473e-01
3.635450303554534912e-01
1.377034932374954224e-01
4.018282145261764526e-02
9.150486439466476440e-03
0.000000000000000000e+00
0.000000000000000000e+00
0.000000000000000000e+00
0.000000000000000000e+00
0.000000000000000000e+00
0.000000000000000000e+00
0.000000000000000000e+00
3.284558820269849678e-22
1.375521992957732548e-21
1.937914192676544189e-01
5.032170414924621582e-01
7.776883840560913086e-01
9.818510413169860840e-01
9.792304039001464844e-01
9.566284418106079102e-01
9.181815385818481445e-01
8.757672309875488281e-01
8.536935448646545410e-01
9.297366142272949219e-01
9.763979911804199219e-01
9.921406507492065430e-01
9.971214532852172852e-01
9.991486072540283203e-01
9.995597600936889648e-01
9.996649622917175293e-01
9.993398785591125488e-01
9.988142848014831543e-01
9.980057477951049805e-01
9.912135004997253418e-01
9.772937893867492676e-01
9.496327638626098633e-01
9.523823857307434082e-01
9.715817570686340332e-01
9.868764877319335938e-01
9.982325434684753418e-01
9.991887807846069336e-01
8.674435019493103027e-01
6.362741589546203613e-01
6.120331883430480957e-01
6.476961970329284668e-01
8.195938467979431152e-01
9.248237609863281250e-01
9.618751406669616699e-01
9.770079851150512695e-01
9.725391268730163574e-01
8.521616458892822266e-01
5.946877002716064453e-01
1.432991325855255127e-01
9.585216641426086426e-03
5.060363037046045065e-06
6.644328095717355609e-05
2.503220178186893463e-02
1.002633422613143921e-01
4.219439625740051270e-01
8.834162950515747070e-01
9.598881006240844727e-01
9.998167753219604492e-01
9.994169473648071289e-01
9.992457628250122070e-01
9.992586970329284668e-01
9.995372891426086426e-01
9.998230934143066406e-01
9.999241828918457031e-01
9.996023178100585938e-01
9.987986087799072266e-01
9.965392947196960449e-01
9.941595196723937988e-01
9.956932067871093750e-01
9.973931908607482910e-01
9.993614554405212402e-01
9.999721050262451172e-01
9.999483823776245117e-01
9.999485015869140625e-01
9.997143149375915527e-01
9.989028573036193848e-01
9.953473210334777832e-01
9.899027943611145020e-01
9.610207080841064453e-01
9.203763008117675781e-01
8.432347774505615234e-01
8.361238241195678711e-01
8.995693325996398926e-01
9.529775381088256836e-01
9.988077878952026367e-01
9.994940161705017090e-01
9.999263286590576172e-01
9.999831914901733398e-01
1.000000000000000000e+00
1.000000000000000000e+00
1.000000000000000000e+00
9.999963045120239258e-01
9.999843835830688477e-01
9.999841451644897461e-01
9.999914765357971191e-01
9.999957084655761719e-01
9.999988675117492676e-01
9.999995231628417969e-01
9.999997615814208984e-01
9.999995827674865723e-01
9.999824166297912598e-01
9.998381137847900391e-01
9.986842870712280273e-01
9.913148283958435059e-01
9.749081730842590332e-01
8.693278431892395020e-01
7.289308905601501465e-01
8.204374909400939941e-01
9.028965830802917480e-01
9.650375247001647949e-01
9.932157993316650391e-01
9.994056820869445801e-01
1.000000000000000000e+00
9.999232888221740723e-01
9.995421767234802246e-01
9.990909695625305176e-01
9.985691905021667480e-01
9.991359114646911621e-01
9.998994469642639160e-01
9.999106526374816895e-01
9.989748001098632812e-01
9.965820908546447754e-01
8.389642834663391113e-01
6.120850443840026855e-01
3.518633246421813965e-01
1.737869381904602051e-01
1.998180299997329712e-01
4.555444717407226562e-01
8.758295774459838867e-01
9.645413756370544434e-01
9.997477531433105469e-01
9.999126791954040527e-01
1.000000000000000000e+00
1.000000000000000000e+00
9.999949336051940918e-01
9.999866485595703125e-01
9.999544620513916016e-01
9.993467330932617188e-01
9.977074265480041504e-01
9.850234389305114746e-01
9.665216803550720215e-01
9.367026090621948242e-01
9.196819067001342773e-01
9.441633820533752441e-01
9.669367671012878418e-01
9.881898760795593262e-01
9.955095052719116211e-01
9.994840621948242188e-01
9.997952580451965332e-01
9.999539256095886230e-01
9.999003410339355469e-01
9.999225735664367676e-01
9.999753236770629883e-01
9.999898076057434082e-01
9.999535083770751953e-01
9.997985363006591797e-01
9.997990131378173828e-01
9.999062418937683105e-01
9.999532699584960938e-01
9.999858736991882324e-01
9.999872446060180664e-01
9.999706149101257324e-01
9.999335408210754395e-01
9.992377161979675293e-01
9.960926771163940430e-01
9.538348317146301270e-01
8.343307971954345703e-01
5.686458945274353027e-01
5.324094295501708984e-01
6.268935203552246094e-01
8.001884818077087402e-01
9.475328326225280762e-01
9.828183054924011230e-01
1.000000000000000000e+00
1.000000000000000000e+00
9.682593941688537598e-01
9.341680407524108887e-01
9.523479938507080078e-01
9.694005846977233887e-01
9.846556782722473145e-01
9.904456734657287598e-01
9.916616678237915039e-01
9.649641513824462891e-01
9.234403371810913086e-01
8.411452174186706543e-01
7.695263624191284180e-01
7.067872285842895508e-01
6.003682017326354980e-01
4.954859018325805664e-01
4.641321599483489990e-01
5.019423961639404297e-01
6.381945013999938965e-01
7.902821302413940430e-01
9.491493105888366699e-01
9.793347120285034180e-01
1.000000000000000000e+00
1.000000000000000000e+00
9.851289987564086914e-01
9.587866067886352539e-01
9.638105034828186035e-01
9.747814536094665527e-01
9.889348745346069336e-01
9.956728219985961914e-01
9.925341010093688965e-01
9.918587803840637207e-01
9.921720027923583984e-01
9.951705932617187500e-01
9.970479011535644531e-01
9.961920380592346191e-01
9.904135465621948242e-01
9.810383915901184082e-01
9.820871949195861816e-01
9.854670166969299316e-01
9.927355051040649414e-01
9.967761039733886719e-01
9.966135025024414062e-01
9.882782697677612305e-01
9.746451973915100098e-01
6.425170302391052246e-01
3.487016856670379639e-01
1.485219895839691162e-01
9.822481870651245117e-02
1.569163948297500610e-01
5.201238393783569336e-01
8.664770126342773438e-01
8.335025906562805176e-01
7.557474970817565918e-01
6.188416481018066406e-01
5.358709096908569336e-01
4.744197726249694824e-01
1.984423100948333740e-01
1.643766381675959565e-06
7.477595318050589412e-06
1.502265338785946369e-03
4.146687220782041550e-03
2.295870101079344749e-03
4.674153082034766394e-22
1.723886250364697080e-22
0.000000000000000000e+00
0.000000000000000000e+00
0.000000000000000000e+00
0.000000000000000000e+00
0.000000000000000000e+00
1.338496347734906884e-36
6.461418518404230673e-36
3.181555122137069702e-02
9.025929868221282959e-02
5.323830842971801758e-01
9.988239407539367676e-01
9.958809614181518555e-01
9.884899258613586426e-01
9.741445183753967285e-01
9.639132618904113770e-01
9.556914567947387695e-01
9.691133499145507812e-01
9.821738600730895996e-01
9.906747937202453613e-01
9.951862096786499023e-01
9.959359765052795410e-01
9.973821640014648438e-01
9.986519217491149902e-01
9.955764412879943848e-01
9.546729326248168945e-01
8.450658917427062988e-01
8.119277358055114746e-01
8.227593302726745605e-01
8.981402516365051270e-01
9.640050530433654785e-01
9.662649631500244141e-01
9.416888952255249023e-01
8.876148462295532227e-01
8.625708222389221191e-01
8.496283888816833496e-01
9.152157902717590332e-01
9.668523669242858887e-01
9.875273108482360840e-01
9.966488480567932129e-01
9.977462887763977051e-01
9.834285974502563477e-01
9.659247398376464844e-01
9.436830878257751465e-01
9.414553642272949219e-01
9.663555026054382324e-01
9.767155051231384277e-01
9.809165000915527344e-01
9.087672233581542969e-01
7.760733366012573242e-01
4.743044078350067139e-01
2.948252558708190918e-01
2.215671986341476440e-01
4.342233538627624512e-01
7.040145993232727051e-01
8.771544098854064941e-01
9.899836182594299316e-01
9.967409372329711914e-01
9.994491934776306152e-01
9.998757243156433105e-01
9.990254640579223633e-01
9.974328279495239258e-01
9.931783080101013184e-01
9.904778003692626953e-01
9.895477890968322754e-01
9.914438128471374512e-01
9.938687086105346680e-01
9.699416756629943848e-01
9.214453697204589844e-01
8.132333159446716309e-01
7.078990340232849121e-01
6.047774553298950195e-01
5.947200059890747070e-01
6.079327464103698730e-01
6.633278131484985352e-01
7.560095191001892090e-01
9.076699018478393555e-01
9.739264249801635742e-01
9.963263869285583496e-01
9.981446862220764160e-01
9.963065385818481445e-01
9.859963655471801758e-01
9.422330260276794434e-01
8.628504276275634766e-01
8.124235868453979492e-01
7.743486762046813965e-01
8.431536555290222168e-01
9.040278196334838867e-01
9.461123347282409668e-01
9.727440476417541504e-01
9.877833724021911621e-01
9.931344985961914062e-01
9.959742426872253418e-01
9.933807253837585449e-01
9.805119037628173828e-01
9.513568878173828125e-01
8.982036113739013672e-01
8.325118422508239746e-01
8.425773978233337402e-01
8.708159923553466797e-01
9.487764239311218262e-01
9.907823204994201660e-01
9.924441576004028320e-01
9.955399632453918457e-01
9.990981817245483398e-01
9.995462894439697266e-01
9.997298121452331543e-01
9.992367625236511230e-01
9.915857911109924316e-01
9.781270027160644531e-01
9.621530771255493164e-01
9.480156898498535156e-01
9.576022624969482422e-01
9.686933755874633789e-01
9.824553132057189941e-01
9.879561066627502441e-01
9.886408448219299316e-01
9.845938682556152344e-01
9.805611968040466309e-01
9.791825413703918457e-01
9.621611833572387695e-01
9.248971939086914062e-01
8.405141830444335938e-01
7.364546656608581543e-01
7.538014054298400879e-01
7.971626520156860352e-01
9.119858741760253906e-01
9.775170087814331055e-01
9.951850175857543945e-01
9.994041919708251953e-01
9.995459318161010742e-01
9.952506422996520996e-01
9.839010834693908691e-01
9.569943547248840332e-01
9.610909223556518555e-01
9.879107475280761719e-01
9.955072999000549316e-01
9.991204738616943359e-01
9.995285272598266602e-01
9.998005032539367676e-01
9.998452067375183105e-01
9.998527169227600098e-01
9.998392462730407715e-01
9.997628927230834961e-01
9.994936585426330566e-01
9.983233213424682617e-01
9.957777857780456543e-01
9.914528727531433105e-01
9.896572232246398926e-01
9.889269471168518066e-01
9.945803880691528320e-01
9.991840720176696777e-01
9.995388984680175781e-01
9.995493292808532715e-01
9.992085695266723633e-01
9.984665513038635254e-01
9.975925683975219727e-01
9.965340495109558105e-01
9.956592321395874023e-01
9.952386617660522461e-01
9.929885864257812500e-01
9.892411828041076660e-01
9.693663716316223145e-01
9.302496910095214844e-01
7.072210907936096191e-01
5.109112858772277832e-01
3.663743734359741211e-01
4.048521816730499268e-01
5.640758275985717773e-01
5.900843739509582520e-01
5.566146373748779297e-01
2.553308904170989990e-01
7.934637367725372314e-02
1.013978943228721619e-01
2.091827094554901123e-01
3.631088435649871826e-01
5.636934041976928711e-01
7.548801898956298828e-01
8.786398172378540039e-01
9.606583118438720703e-01
9.886140823364257812e-01
9.982255697250366211e-01
9.998611211776733398e-01
9.998859763145446777e-01
9.989436268806457520e-01
9.947701692581176758e-01
8.697492480278015137e-01
6.116970777511596680e-01
3.222929239273071289e-01
2.160615473985671997e-02
1.210298314690589905e-01
2.919539511203765869e-01
6.670929193496704102e-01
8.902311325073242188e-01
9.717831611633300781e-01
9.938327670097351074e-01
9.985948801040649414e-01
9.991213083267211914e-01
9.983564019203186035e-01
9.945120215415954590e-01
9.882029891014099121e-01
9.799004793167114258e-01
9.837803244590759277e-01
9.903327226638793945e-01
9.946091175079345703e-01
9.979026317596435547e-01
9.991690516471862793e-01
9.997790455818176270e-01
9.999212622642517090e-01
9.999686479568481445e-01
9.999955892562866211e-01
9.999982714653015137e-01
9.999785423278808594e-01
9.999187588691711426e-01
9.998570084571838379e-01
9.997940063476562500e-01
9.993240237236022949e-01
9.967945218086242676e-01
9.806391000747680664e-01
9.410663843154907227e-01
8.638115525245666504e-01
8.768633008003234863e-01
9.410972595214843750e-01
9.722666144371032715e-01
9.958447217941284180e-01
9.983798265457153320e-01
9.999096393585205078e-01
9.999678730964660645e-01
9.999918341636657715e-01
9.999983906745910645e-01
9.999796748161315918e-01
9.999515414237976074e-01
9.998888373374938965e-01
9.994813203811645508e-01
9.986093640327453613e-01
9.974117875099182129e-01
9.960606694221496582e-01
9.959194660186767578e-01
9.914126396179199219e-01
9.676106572151184082e-01
8.485636115074157715e-01
6.087140440940856934e-01
4.043751060962677002e-01
2.160096913576126099e-01
3.140654265880584717e-01
4.534111022949218750e-01
6.947039961814880371e-01
8.646832108497619629e-01
9.489808678627014160e-01
9.828338027000427246e-01
9.958292841911315918e-01
9.982644319534301758e-01
9.998500347137451172e-01
9.999467730522155762e-01
9.999989867210388184e-01
9.999994635581970215e-01
9.999890923500061035e-01
9.999743700027465820e-01
9.996271133422851562e-01
9.990339875221252441e-01
9.976004362106323242e-01
9.933999776840209961e-01
9.860635995864868164e-01
9.744162559509277344e-01
9.611058831214904785e-01
9.521148800849914551e-01
9.494425058364868164e-01
9.686522483825683594e-01
9.843020439147949219e-01
9.959822893142700195e-01
9.994992017745971680e-01
9.998468756675720215e-01
9.980593323707580566e-01
9.954654574394226074e-01
9.902416467666625977e-01
9.884326457977294922e-01
9.904879331588745117e-01
9.884828329086303711e-01
9.848915338516235352e-01
9.634908437728881836e-01
9.496730566024780273e-01
9.652758836746215820e-01
9.791465401649475098e-01
9.909863471984863281e-01
9.955167770385742188e-01
9.970970749855041504e-01
9.985271692276000977e-01
9.993430972099304199e-01
9.978337287902832031e-01
9.967370033264160156e-01
9.961348772048950195e-01
9.969800114631652832e-01
9.984413981437683105e-01
9.986709356307983398e-01
9.958416223526000977e-01
9.808298945426940918e-01
9.736355543136596680e-01
9.762191176414489746e-01
9.837962388992309570e-01
9.936097860336303711e-01
9.945499897003173828e-01
9.928482174873352051e-01
9.819265604019165039e-01
9.660727381706237793e-01
9.435892701148986816e-01
9.435107707977294922e-01
9.543521404266357422e-01
9.667503237724304199e-01
9.781997799873352051e-01
9.841715097427368164e-01
9.896999597549438477e-01
9.945870637893676758e-01
9.925983548164367676e-01
9.869799017906188965e-01
9.409854412078857422e-01
8.862845301628112793e-01
8.064092993736267090e-01
7.774446010589599609e-01
8.293887376785278320e-01
8.711102604866027832e-01
9.068328738212585449e-01
9.317609667778015137e-01
9.545292854309082031e-01
9.726002812385559082e-01
9.853521585464477539e-01
9.886937141418457031e-01
9.831624627113342285e-01
9.718087315559387207e-01
9.448552131652832031e-01
9.115275144577026367e-01
8.427361249923706055e-01
7.798560261726379395e-01
7.287495732307434082e-01
5.838117003440856934e-01
3.695870935916900635e-01
2.593258917331695557e-01
1.891888082027435303e-01
3.935873210430145264e-01
6.092640757560729980e-01
8.518527150154113770e-01
9.739841818809509277e-01
9.939070343971252441e-01
9.979496598243713379e-01
9.975862503051757812e-01
9.979690313339233398e-01
9.984280467033386230e-01
9.990979433059692383e-01
9.994823336601257324e-01
9.995869398117065430e-01
9.993864893913269043e-01
9.990818500518798828e-01
9.993993043899536133e-01
9.996129274368286133e-01
9.994319081306457520e-01
9.985118508338928223e-01
9.967360496520996094e-01
9.964941740036010742e-01
9.969028830528259277e-01
9.982889294624328613e-01
9.994080662727355957e-01
9.990534782409667969e-01
9.981588125228881836e-01
9.965173006057739258e-01
9.956105947494506836e-01
9.950811266899108887e-01
9.974637031555175781e-01
9.998307824134826660e-01
9.999326467514038086e-01
9.999970793724060059e-01
9.999986886978149414e-01
9.999995827674865723e-01
9.999999403953552246e-01
9.999999403953552246e-01
9.999998807907104492e-01
9.999998211860656738e-01
9.999994635581970215e-01
9.999984502792358398e-01
9.998871088027954102e-01
9.996885061264038086e-01
9.837738871574401855e-01
9.552548527717590332e-01
6.550037264823913574e-01
3.803178668022155762e-01
1.773579716682434082e-01
8.965113759040832520e-02
1.165798902511596680e-01
2.928686439990997314e-01
5.229723453521728516e-01
5.542144179344177246e-01
5.931677222251892090e-01
6.834458112716674805e-01
7.231667637825012207e-01
6.989757418632507324e-01
7.617290019989013672e-01
8.657972812652587891e-01
9.310240745544433594e-01
9.843639135360717773e-01
9.903196096420288086e-01
9.944328665733337402e-01
9.955649375915527344e-01
9.964543581008911133e-01
9.971910715103149414e-01
9.979040026664733887e-01
9.985616803169250488e-01
9.986505508422851562e-01
9.982243776321411133e-01
9.966701865196228027e-01
9.933584332466125488e-01
9.885978698730468750e-01
9.877651333808898926e-01
9.880673289299011230e-01
9.905679225921630859e-01
9.899910092353820801e-01
9.800291657447814941e-01
7.506838440895080566e-01
2.822465002536773682e-01
8.751355856657028198e-02
4.841683898121118546e-03
2.225594733668767913e-24
1.692725293267471898e-09
1.152378548141541614e-08
9.355254005640745163e-04
3.259723540395498276e-03
8.279789984226226807e-02
2.067132145166397095e-01
6.032593250274658203e-01
9.996432065963745117e-01
9.998421072959899902e-01
9.996206164360046387e-01
9.985410571098327637e-01
9.886355996131896973e-01
9.717645645141601562e-01
9.234789013862609863e-01
8.688344955444335938e-01
9.282163977622985840e-01
9.765809178352355957e-01
9.912014007568359375e-01
9.991217255592346191e-01
9.996296167373657227e-01
9.995276927947998047e-01
9.991702437400817871e-01
9.984918832778930664e-01
9.977685809135437012e-01
9.969378709793090820e-01
9.956702589988708496e-01
9.937248826026916504e-01
9.924244880676269531e-01
9.915172457695007324e-01
9.935293793678283691e-01
9.960014820098876953e-01
9.977110624313354492e-01
9.990639686584472656e-01
9.995886087417602539e-01
9.998740553855895996e-01
9.999463558197021484e-01
9.998080134391784668e-01
9.996010065078735352e-01
9.991537928581237793e-01
9.988492131233215332e-01
9.991040229797363281e-01
9.994193315505981445e-01
9.998134970664978027e-01
9.999063014984130859e-01
9.998442530632019043e-01
9.980907440185546875e-01
9.948928356170654297e-01
9.819165468215942383e-01
9.679007530212402344e-01
9.518908262252807617e-01
9.523353576660156250e-01
9.656059145927429199e-01
9.813989996910095215e-01
9.977099299430847168e-01
9.989062547683715820e-01
9.997468590736389160e-01
9.994406700134277344e-01
9.987215995788574219e-01
9.975188970565795898e-01
9.847525954246520996e-01
9.667186737060546875e-01
9.036042094230651855e-01
8.534534573554992676e-01
9.152844548225402832e-01
9.628130793571472168e-01
9.847998023033142090e-01
9.906104803085327148e-01
9.847134351730346680e-01
9.786894321441650391e-01
9.729213118553161621e-01
9.775192141532897949e-01
9.823004007339477539e-01
9.876360297203063965e-01
9.910787940025329590e-01
9.923912882804870605e-01
9.927002787590026855e-01
9.925678968429565430e-01
9.887483119964599609e-01
9.822860956192016602e-01
9.616259932518005371e-01
9.430999755859375000e-01
9.283690452575683594e-01
9.411212205886840820e-01
9.737879037857055664e-01
9.882143139839172363e-01
9.979041814804077148e-01
9.970191121101379395e-01
9.953471422195434570e-01
9.912149906158447266e-01
9.903639554977416992e-01
9.932922124862670898e-01
9.957459568977355957e-01
9.979813098907470703e-01
9.965397715568542480e-01
9.941547513008117676e-01
9.879055619239807129e-01
9.773476123809814453e-01
9.586016535758972168e-01
9.326606392860412598e-01
9.012004137039184570e-01
9.123095870018005371e-01
9.352747201919555664e-01
9.674780964851379395e-01
9.930874705314636230e-01
9.950854778289794922e-01
9.880403876304626465e-01
9.693780541419982910e-01
8.757785558700561523e-01
7.426844835281372070e-01
5.621969699859619141e-01
3.946448266506195068e-01
4.189797639846801758e-01
4.997183084487915039e-01
7.062134742736816406e-01
8.464310169219970703e-01
9.274364709854125977e-01
9.637556076049804688e-01
9.846276640892028809e-01
9.538251161575317383e-01
9.322978854179382324e-01
9.642696976661682129e-01
9.871509075164794922e-01
9.959377050399780273e-01
9.995666742324829102e-01
9.998697042465209961e-01
9.997982978820800781e-01
9.996296763420104980e-01
9.990431666374206543e-01
9.961563348770141602e-01
9.866560101509094238e-01
9.724423885345458984e-01
9.529548883438110352e-01
9.440524578094482422e-01
9.399927258491516113e-01
9.564135074615478516e-01
9.742656946182250977e-01
9.858322143554687500e-01
9.945536851882934570e-01
9.974753260612487793e-01
9.989880919456481934e-01
9.993235468864440918e-01
9.995621442794799805e-01
9.997698068618774414e-01
9.998757839202880859e-01
9.847592711448669434e-01
9.035733938217163086e-01
6.845622062683105469e-01
2.587050199508666992e-01
6.200394406914710999e-02
1.078771147876977921e-02
5.272471811622381210e-03
1.748969219624996185e-02
2.390772104263305664e-01
4.860103130340576172e-01
8.078334927558898926e-01
9.857053756713867188e-01
9.960274696350097656e-01
9.992283582687377930e-01
9.989858865737915039e-01
9.898584485054016113e-01
9.700589776039123535e-01
8.636274337768554688e-01
8.134342432022094727e-01
8.880658149719238281e-01
9.457424879074096680e-01
9.879639744758605957e-01
9.995687007904052734e-01
9.999415278434753418e-01
9.999050498008728027e-01
9.998140335083007812e-01
9.995611906051635742e-01
9.994186758995056152e-01
9.994705319404602051e-01
9.992621541023254395e-01
9.988600015640258789e-01
9.744601249694824219e-01
9.434142112731933594e-01
4.290364980697631836e-01
1.436359249055385590e-02
5.318680778145790100e-03
2.153818741135182790e-06
5.103512194182258099e-06
2.269460528623312712e-04
5.836181226186454296e-04
3.468256618361920118e-04
4.586419777297123801e-08
8.868412351148435846e-07
6.634747236967086792e-02
3.393110334873199463e-01
6.122837066650390625e-01
8.856707811355590820e-01
9.842730164527893066e-01
9.926762580871582031e-01
9.952737092971801758e-01
9.968140125274658203e-01
9.963434338569641113e-01
9.916748404502868652e-01
9.763594865798950195e-01
8.679358363151550293e-01
6.624618768692016602e-01
4.681001305580139160e-01
2.786135673522949219e-01
3.656598627567291260e-01
4.905376434326171875e-01
6.748272776603698730e-01
8.210396170616149902e-01
8.836166262626647949e-01
9.325129985809326172e-01
9.687424898147583008e-01
9.865041971206665039e-01
9.972814917564392090e-01
9.987977147102355957e-01
9.995208382606506348e-01
9.995915889739990234e-01
9.996410608291625977e-01
9.996496438980102539e-01
9.995886087417602539e-01
9.994693994522094727e-01
9.994689226150512695e-01
9.995083808898925781e-01
9.994127154350280762e-01
9.992023706436157227e-01
9.984068870544433594e-01
9.974566102027893066e-01
9.962341189384460449e-01
9.957437515258789062e-01
9.958203434944152832e-01
9.954747557640075684e-01
9.950002431869506836e-01
9.398794770240783691e-01
8.172605037689208984e-01
3.820185959339141846e-01
1.975809186697006226e-01
4.306001067161560059e-01
6.703401207923889160e-01
9.151930809020996094e-01
9.819163680076599121e-01
9.982382059097290039e-01
9.972577691078186035e-01
9.960161447525024414e-01
9.951093792915344238e-01
9.956034421920776367e-01
9.983367919921875000e-01
9.996361732482910156e-01
9.999226331710815430e-01
9.999846220016479492e-01
9.999864697456359863e-01
9.993939399719238281e-01
9.819440245628356934e-01
8.929677605628967285e-01
6.582323312759399414e-01
1.952753663063049316e-01
1.553183887153863907e-02
3.357050195336341858e-02
2.717505097389221191e-01
5.687595009803771973e-01
7.961972951889038086e-01
9.822515845298767090e-01
9.923567175865173340e-01
9.986861348152160645e-01
9.990697503089904785e-01
9.991855025291442871e-01
9.991125464439392090e-01
9.993354678153991699e-01
9.996385574340820312e-01
9.997150301933288574e-01
9.984360337257385254e-01
9.910804033279418945e-01
8.963160514831542969e-01
6.590590476989746094e-01
4.393415451049804688e-01
2.324769943952560425e-01
1.599073112010955811e-01
1.265016496181488037e-01
2.360726296901702881e-01
3.289094567298889160e-01
3.194538652896881104e-01
4.487354457378387451e-01
8.187254667282104492e-01
9.860451221466064453e-01
9.971820116043090820e-01
9.999031424522399902e-01
9.999831914901733398e-01
9.999880790710449219e-01
9.999867081642150879e-01
9.999696016311645508e-01
9.998781085014343262e-01
9.996465444564819336e-01
9.979201555252075195e-01
9.949378967285156250e-01
9.854437112808227539e-01
9.736411571502685547e-01
9.715597629547119141e-01
9.724769592285156250e-01
9.889021515846252441e-01
9.988288283348083496e-01
9.952179789543151855e-01
9.880427122116088867e-01
9.775549769401550293e-01
9.820542335510253906e-01
9.925473332405090332e-01
9.966565370559692383e-01
9.997688531875610352e-01
9.997957348823547363e-01
9.994358420372009277e-01
9.981436729431152344e-01
9.957972764968872070e-01
9.923351407051086426e-01
9.925861358642578125e-01
9.945936203002929688e-01
9.969133734703063965e-01
9.991407394409179688e-01
9.993769526481628418e-01
9.996164441108703613e-01
9.998640418052673340e-01
1.000000000000000000e+00
1.000000000000000000e+00
9.995224475860595703e-01
9.987773299217224121e-01
9.937152266502380371e-01
9.875583648681640625e-01
9.726653099060058594e-01
9.622085094451904297e-01
9.678130745887756348e-01
9.754389524459838867e-01
9.860672354698181152e-01
9.929748773574829102e-01
9.973699450492858887e-01
9.989894032478332520e-01
9.998586773872375488e-01
9.999205470085144043e-01
9.998049139976501465e-01
9.989199042320251465e-01
9.255709052085876465e-01
7.242561578750610352e-01
6.920380592346191406e-01
7.991782426834106445e-01
8.975329399108886719e-01
9.931101799011230469e-01
1.000000000000000000e+00
9.357832074165344238e-01
3.830892741680145264e-01
1.567799039185047150e-02
6.711094081401824951e-02
3.118633627891540527e-01
7.558878660202026367e-01
9.342656731605529785e-01
9.894716739654541016e-01
9.965209960937500000e-01
9.948974847793579102e-01
9.685284495353698730e-01
9.538818597793579102e-01
9.747356176376342773e-01
9.895738363265991211e-01
9.964817762374877930e-01
9.992859363555908203e-01
9.995637536048889160e-01
9.997823238372802734e-01
9.999875426292419434e-01
9.999948740005493164e-01
9.999567866325378418e-01
9.997171759605407715e-01
9.995209574699401855e-01
9.993982315063476562e-01
9.979902505874633789e-01
9.955397248268127441e-01
9.942375421524047852e-01
9.933395981788635254e-01
9.957947731018066406e-01
9.982861280441284180e-01
9.989190101623535156e-01
9.994121789932250977e-01
9.995722174644470215e-01
9.997184872627258301e-01
9.998490810394287109e-01
9.997531175613403320e-01
9.995421171188354492e-01
9.936529397964477539e-01
9.839371442794799805e-01
8.946955204010009766e-01
7.922000288963317871e-01
6.429336071014404297e-01
6.114467382431030273e-01
7.542945146560668945e-01
8.312480449676513672e-01
8.621222376823425293e-01
8.470646142959594727e-01
8.183422088623046875e-01
8.801218271255493164e-01
9.401357769966125488e-01
9.602354168891906738e-01
9.687930345535278320e-01
9.526631236076354980e-01
9.381905198097229004e-01
9.254443049430847168e-01
6.577690243721008301e-01
2.713659405708312988e-01
2.688722312450408936e-01
3.269654810428619385e-01
4.114965200424194336e-01
4.162013828754425049e-01
1.539621651172637939e-01
1.433709144293970894e-06
4.152614110353169963e-07
7.275526225566864014e-02
1.961065977811813354e-01
4.941727221012115479e-01
8.430970311164855957e-01
8.009777665138244629e-01
7.439568042755126953e-01
7.211325168609619141e-01
7.544476985931396484e-01
9.110963344573974609e-01
9.932793378829956055e-01
9.980117678642272949e-01
9.996009469032287598e-01
9.996423125267028809e-01
9.991480708122253418e-01
9.983907938003540039e-01
9.924172759056091309e-01
9.782509803771972656e-01
9.330722093582153320e-01
8.038781881332397461e-01
5.408033132553100586e-01
2.953199148178100586e-01
6.232533603906631470e-02
2.216932596638798714e-03
1.807901542633771896e-03
2.859022021293640137e-01
5.829303860664367676e-01
7.813825011253356934e-01
9.342730045318603516e-01
9.687352776527404785e-01
9.879674315452575684e-01
9.888815879821777344e-01
9.789377450942993164e-01
9.626913666725158691e-01
9.596259593963623047e-01
9.596394300460815430e-01
9.806659221649169922e-01
9.987198710441589355e-01
9.994635581970214844e-01
9.999342560768127441e-01
9.998719692230224609e-01
9.949098825454711914e-01
9.852714538574218750e-01
8.389399647712707520e-01
6.315256953239440918e-01
3.314498960971832275e-01
2.960566058754920959e-02
1.309955120086669922e-02
1.646460150368511677e-04
7.044663652777671814e-05
4.428589250892400742e-03
1.566726341843605042e-02
2.826175987720489502e-01
7.462615370750427246e-01
9.105166792869567871e-01
9.702740311622619629e-01
9.771713018417358398e-01
9.752047061920166016e-01
9.324712157249450684e-01
8.431659340858459473e-01
6.214018464088439941e-01
5.789417624473571777e-01
7.690891027450561523e-01
8.861313462257385254e-01
9.562025070190429688e-01
9.753385782241821289e-01
9.802956581115722656e-01
9.729362130165100098e-01
9.632384181022644043e-01
9.416994452476501465e-01
9.362769126892089844e-01
9.683438539505004883e-01
9.885750412940979004e-01
9.954795837402343750e-01
9.981229305267333984e-01
9.984281063079833984e-01
9.976245164871215820e-01
9.965688586235046387e-01
9.883757829666137695e-01
9.795886278152465820e-01
9.679964780807495117e-01
9.540482163429260254e-01
9.352326989173889160e-01
6.748147010803222656e-01
1.775110810995101929e-01
9.255542419850826263e-03
1.266950857825577259e-03
4.922992081265314956e-14
2.176413836423307657e-04
1.728985831141471863e-02
1.210085079073905945e-01
6.148564815521240234e-01
8.228864073753356934e-01
4.971419870853424072e-01
2.447202950716018677e-01
5.894413590431213379e-02
1.123343710787594318e-03
1.031165360473096371e-03
5.407262360677123070e-04
2.097760543051663262e-08
9.344065965422032605e-09
4.076614914083620533e-06
2.505113661754876375e-05
1.066777929663658142e-01
3.994667828083038330e-01
6.457602381706237793e-01
8.496653437614440918e-01
6.921669244766235352e-01
3.768905103206634521e-01
1.768271327018737793e-01
2.155003731019178304e-09
9.601240913426067891e-10
7.241347346515110417e-15
4.373495719766674894e-14
1.975754797458648682e-01
7.389383912086486816e-01
9.937680959701538086e-01
9.985032081604003906e-01
9.999458789825439453e-01
9.999805092811584473e-01
9.995371699333190918e-01
9.974452257156372070e-01
9.443947672843933105e-01
8.054144382476806641e-01
3.169672191143035889e-01
3.420096822082996368e-03
1.299173804000020027e-03
1.420162338763475418e-02
4.066889733076095581e-02
4.015884399414062500e-01
9.128742814064025879e-01
9.917669892311096191e-01
9.982922673225402832e-01
9.990395903587341309e-01
9.996103644371032715e-01
9.994164109230041504e-01
9.993259310722351074e-01
9.994267225265502930e-01
9.995660185813903809e-01
9.997411370277404785e-01
9.997653365135192871e-01
9.997174143791198730e-01
9.993351101875305176e-01
9.988914132118225098e-01
9.990994334220886230e-01
9.993131756782531738e-01
9.995524883270263672e-01
9.994234442710876465e-01
9.985412955284118652e-01
9.874703288078308105e-01
9.658432006835937500e-01
9.498760104179382324e-01
9.368272423744201660e-01
9.419113397598266602e-01
9.509946107864379883e-01
9.418837428092956543e-01
9.319934844970703125e-01
9.195134043693542480e-01
9.185684323310852051e-01
9.442430734634399414e-01
9.679474830627441406e-01
9.892317056655883789e-01
9.968902468681335449e-01
9.962375760078430176e-01
9.973194599151611328e-01
9.988825321197509766e-01
9.965974092483520508e-01
9.861714839935302734e-01
9.081652164459228516e-01
7.497962117195129395e-01
3.676661849021911621e-01
1.396661996841430664e-01
1.185784116387367249e-01
3.316950500011444092e-01
7.103293538093566895e-01
8.545173406600952148e-01
9.168691635131835938e-01
9.039557576179504395e-01
8.877744078636169434e-01
9.506919384002685547e-01
9.967296719551086426e-01
9.817796349525451660e-01
9.636076688766479492e-01
9.401499032974243164e-01
8.953412771224975586e-01
8.317804932594299316e-01
7.005363702774047852e-01
5.388906002044677734e-01
4.512132704257965088e-01
3.779430091381072998e-01
4.790661931037902832e-01
5.943946242332458496e-01
7.840631604194641113e-01
9.264778494834899902e-01
9.688906669616699219e-01
9.907844066619873047e-01
9.900313019752502441e-01
9.896605014801025391e-01
9.895132184028625488e-01
9.930150508880615234e-01
9.975008368492126465e-01
9.988996386528015137e-01
9.997966885566711426e-01
9.977820515632629395e-01
9.913078546524047852e-01
9.718795418739318848e-01
9.350426197052001953e-01
8.731549382209777832e-01
7.986357212066650391e-01
7.146784663200378418e-01
6.826180219650268555e-01
6.707889437675476074e-01
7.485671639442443848e-01
8.383895158767700195e-01
9.001393914222717285e-01
9.534450769424438477e-01
9.684892296791076660e-01
9.759349226951599121e-01
9.683657288551330566e-01
9.714368581771850586e-01
9.855179190635681152e-01
9.470641613006591797e-01
8.796390295028686523e-01
6.181509494781494141e-01
3.089285790920257568e-01
1.852174848318099976e-01
1.076303571462631226e-01
3.465552330017089844e-01
5.748632550239562988e-01
7.719660997390747070e-01
9.075664281845092773e-01
9.531873464584350586e-01
9.797396063804626465e-01
9.911949038505554199e-01
9.937136173248291016e-01
9.926379919052124023e-01
9.873473048210144043e-01
9.814504981040954590e-01
9.798267483711242676e-01
9.799662232398986816e-01
9.888466000556945801e-01
9.957630634307861328e-01
9.985306859016418457e-01
9.991914629936218262e-01
9.974719285964965820e-01
9.951260089874267578e-01
9.924020767211914062e-01
9.840791821479797363e-01
9.740567803382873535e-01
9.440293908119201660e-01
9.129385948181152344e-01
8.930138349533081055e-01
8.870289921760559082e-01
9.317748546600341797e-01
9.673928618431091309e-01
9.874343276023864746e-01
9.979044795036315918e-01
9.994192719459533691e-01
9.999496936798095703e-01
9.999849796295166016e-01
9.999945759773254395e-01
9.999982118606567383e-01
9.998691678047180176e-01
9.981872439384460449e-01
9.837762117385864258e-01
9.264191389083862305e-01
7.440665960311889648e-01
4.972826540470123291e-01
1.551838070154190063e-01
1.084916875697672367e-03
2.520038979128003120e-04
8.984424173831939697e-02
2.190746366977691650e-01
5.657669901847839355e-01
9.515756964683532715e-01
9.661564826965332031e-01
9.731122255325317383e-01
9.529345631599426270e-01
9.433332085609436035e-01
9.604080319404602051e-01
9.759179949760437012e-01
9.892485141754150391e-01
9.950520396232604980e-01
9.952101111412048340e-01
9.969236254692077637e-01
9.992517828941345215e-01
9.997035264968872070e-01
9.998536109924316406e-01
9.992447495460510254e-01
9.982171058654785156e-01
9.948559999465942383e-01
9.902971982955932617e-01
9.828777909278869629e-01
9.703802466392517090e-01
9.515651464462280273e-01
8.802846670150756836e-01
7.722834348678588867e-01
7.350280284881591797e-01
7.241953015327453613e-01
6.380700469017028809e-01
5.439467430114746094e-01
6.407122015953063965e-01
7.331284284591674805e-01
8.012383580207824707e-01
8.670222163200378418e-01
9.279614090919494629e-01
9.703702330589294434e-01
9.898816943168640137e-01
9.985435009002685547e-01
9.996204376220703125e-01
9.999098181724548340e-01
9.999086260795593262e-01
9.999162554740905762e-01
9.999253749847412109e-01
9.999508857727050781e-01
9.999722838401794434e-01
9.999705553054809570e-01
9.998700022697448730e-01
9.995335340499877930e-01
9.948840737342834473e-01
9.846389293670654297e-01
9.690427780151367188e-01
9.494571685791015625e-01
9.488943815231323242e-01
9.557792544364929199e-01
9.709036350250244141e-01
9.873443841934204102e-01
9.930533170700073242e-01
9.979666471481323242e-01
9.981179237365722656e-01
9.979516267776489258e-01
9.969648122787475586e-01
9.924477338790893555e-01
9.829897284507751465e-01
9.173092246055603027e-01
8.064111471176147461e-01
7.159912586212158203e-01
6.342794299125671387e-01
7.411098480224609375e-01
8.854662179946899414e-01
9.459702372550964355e-01
9.976393580436706543e-01
9.989742636680603027e-01
9.999706149101257324e-01
9.999452233314514160e-01
9.999324083328247070e-01
9.999396800994873047e-01
9.997365474700927734e-01
9.993415474891662598e-01
9.967225790023803711e-01
9.929490089416503906e-01
9.834839701652526855e-01
9.725320339202880859e-01
9.707674980163574219e-01
9.706935882568359375e-01
9.846386313438415527e-01
9.961256384849548340e-01
9.981530308723449707e-01
9.994755387306213379e-01
9.994387626647949219e-01
9.991695880889892578e-01
9.986471533775329590e-01
9.895606637001037598e-01
9.750600457191467285e-01
9.236769080162048340e-01
8.597998619079589844e-01
8.699529767036437988e-01
8.904010653495788574e-01
9.391903877258300781e-01
9.818452000617980957e-01
9.907840490341186523e-01
9.975718855857849121e-01
9.990282654762268066e-01
9.998810291290283203e-01
9.999023675918579102e-01
9.975119829177856445e-01
9.931923151016235352e-01
9.735231995582580566e-01
9.468927383422851562e-01
9.517811536788940430e-01
9.634417295455932617e-01
9.823949337005615234e-01
9.971652626991271973e-01
9.653332829475402832e-01
9.407314658164978027e-01
9.413850903511047363e-01
9.497588872909545898e-01
9.723933339118957520e-01
9.878222942352294922e-01
9.955766201019287109e-01
9.989449381828308105e-01
9.995654821395874023e-01
9.997296333312988281e-01
9.997388124465942383e-01
9.995190501213073730e-01
9.992687702178955078e-01
9.991180896759033203e-01
9.989978671073913574e-01
9.990624785423278809e-01
9.986066818237304688e-01
9.967675209045410156e-01
9.963303804397583008e-01
9.979655742645263672e-01
9.933912754058837891e-01
9.834164381027221680e-01
9.795069098472595215e-01
9.786983728408813477e-01
9.819252490997314453e-01
9.862141609191894531e-01
9.861867427825927734e-01
9.858400225639343262e-01
9.862321019172668457e-01
9.865610599517822266e-01
9.866005182266235352e-01
9.874474406242370605e-01
9.900898933410644531e-01
9.926275014877319336e-01
9.950459599494934082e-01
9.865173101425170898e-01
9.697203040122985840e-01
8.889731764793395996e-01
7.804521918296813965e-01
7.586605548858642578e-01
7.557559609413146973e-01
8.549724817276000977e-01
9.532268643379211426e-01
9.733114838600158691e-01
9.624059200286865234e-01
8.302077054977416992e-01
6.109989881515502930e-01
2.144180238246917725e-01
3.971994639448341712e-20
1.163144057309274597e-20
0.000000000000000000e+00
0.000000000000000000e+00
1.179754872282501310e-05
2.833709731930866838e-05
1.261698007583618164e-01
2.770300507545471191e-01
3.382996320724487305e-01
3.890750408172607422e-01
3.648982346057891846e-01
3.203173577785491943e-01
2.002491652965545654e-01
1.804788261651992798e-01
3.572726249694824219e-01
5.271353125572204590e-01
6.898431777954101562e-01
7.401002645492553711e-01
7.117856740951538086e-01
4.954208731651306152e-01
2.041166126728057861e-01
1.148302257061004639e-01
6.484811753034591675e-02
3.606328964233398438e-01
6.540483832359313965e-01
7.665985822677612305e-01
8.521862626075744629e-01
8.333559036254882812e-01
8.371803164482116699e-01
8.870353698730468750e-01
8.825953602790832520e-01
8.124501109123229980e-01
5.422363877296447754e-01
1.258664727210998535e-01
1.847610309714466277e-15
2.814625103370423835e-16
0.000000000000000000e+00
0.000000000000000000e+00
0.000000000000000000e+00
3.720401053897148813e-08
5.958294195806956850e-07
8.845237642526626587e-02
5.630313158035278320e-01
9.086246490478515625e-01
9.659016132354736328e-01
9.989362955093383789e-01
9.996691942214965820e-01
9.999075531959533691e-01
9.997394680976867676e-01
9.996967315673828125e-01
9.997162818908691406e-01
9.992898106575012207e-01
9.987437129020690918e-01
9.968449473381042480e-01
9.949268102645874023e-01
9.967218041419982910e-01
9.981698989868164062e-01
9.976364970207214355e-01
9.818128943443298340e-01
9.242778420448303223e-01
8.627015948295593262e-01
7.943322658538818359e-01
8.159900903701782227e-01
9.252471327781677246e-01
9.774647951126098633e-01
9.950730800628662109e-01
9.997801184654235840e-01
9.999732375144958496e-01
9.999986886978149414e-01
9.999971985816955566e-01
9.999952912330627441e-01
9.999938011169433594e-01
9.999963045120239258e-01
9.999982118606567383e-01
9.999979138374328613e-01
9.999979138374328613e-01
9.999985098838806152e-01
9.999987483024597168e-01
9.999985098838806152e-01
9.999964833259582520e-01
9.999929070472717285e-01
9.999848008155822754e-01
9.999744892120361328e-01
9.999628067016601562e-01
9.999507069587707520e-01
9.999333620071411133e-01
9.999158978462219238e-01
9.999125003814697266e-01
9.999164938926696777e-01
9.999645352363586426e-01
9.999865293502807617e-01
9.999344944953918457e-01
9.998921751976013184e-01
9.998660087585449219e-01
9.998661279678344727e-01
9.998937845230102539e-01
9.997405409812927246e-01
9.994680285453796387e-01
9.832069873809814453e-01
9.606032371520996094e-01
6.194835901260375977e-01
2.127103060483932495e-01
1.020852550864219666e-01
1.617913134396076202e-02
4.712589830160140991e-02
1.529795080423355103e-01
6.213431954383850098e-01
9.619364142417907715e-01
9.852125048637390137e-01
9.992712736129760742e-01
9.994385838508605957e-01
9.992309212684631348e-01
9.986652135848999023e-01
9.896035790443420410e-01
9.753956198692321777e-01
7.570006847381591797e-01
4.644920527935028076e-01
2.325566112995147705e-01
1.208477746695280075e-02
1.454369397833943367e-03
2.084430598188191652e-04
1.552915899083018303e-03
2.395843854174017906e-03
9.953732369467616081e-04
4.055636236444115639e-05
1.667613396421074867e-04
2.143270075321197510e-01
7.437354922294616699e-01
9.994444251060485840e-01
9.995996356010437012e-01
9.982417225837707520e-01
9.959701299667358398e-01
9.663949012756347656e-01
9.270436167716979980e-01
9.062746763229370117e-01
8.890240192413330078e-01
9.295740723609924316e-01
9.709013700485229492e-01
9.800639748573303223e-01
9.873077869415283203e-01
9.851782321929931641e-01
9.848698973655700684e-01
9.892547130584716797e-01
9.930866956710815430e-01
9.960772395133972168e-01
9.980925321578979492e-01
9.991372227668762207e-01
9.996885061264038086e-01
9.999191164970397949e-01
9.999907612800598145e-01
9.999980330467224121e-01
9.999975562095642090e-01
9.999953508377075195e-01
9.994872212409973145e-01
9.984883666038513184e-01
9.845799207687377930e-01
9.714401364326477051e-01
9.632422327995300293e-01
9.603421092033386230e-01
9.736082553863525391e-01
9.853046536445617676e-01
9.942038059234619141e-01
9.991993308067321777e-01
9.996231794357299805e-01
9.990887045860290527e-01
9.978218674659729004e-01
9.953516125679016113e-01
9.922903776168823242e-01
9.915832877159118652e-01
9.915533065795898438e-01
9.933067560195922852e-01
9.953074455261230469e-01
9.962579607963562012e-01
9.972067475318908691e-01
9.983301758766174316e-01
9.992080926895141602e-01
9.990726113319396973e-01
9.987480640411376953e-01
9.979827404022216797e-01
9.974336624145507812e-01
9.972078204154968262e-01
9.966923594474792480e-01
9.958961606025695801e-01
9.906201958656311035e-01
9.824696183204650879e-01
9.690599441528320312e-01
9.534864425659179688e-01
9.594119787216186523e-01
9.701794981956481934e-01
9.838776588439941406e-01
9.975619912147521973e-01
9.986998438835144043e-01
9.997116923332214355e-01
9.998250007629394531e-01
9.998884797096252441e-01
9.997795224189758301e-01
9.994220733642578125e-01
9.985526800155639648e-01
9.923775792121887207e-01
9.791173338890075684e-01
9.569668769836425781e-01
9.268448352813720703e-01
8.737098574638366699e-01
8.072921037673950195e-01
7.498244643211364746e-01
6.958450078964233398e-01
7.676516175270080566e-01
8.651666045188903809e-01
9.281710982322692871e-01
9.870600700378417969e-01
9.924152493476867676e-01
9.971371293067932129e-01
9.975985884666442871e-01
9.980286359786987305e-01
9.983589053153991699e-01
9.967252016067504883e-01
9.911239147186279297e-01
9.714340567588806152e-01
9.333910346031188965e-01
9.136397838592529297e-01
9.101873636245727539e-01
9.128629565238952637e-01
9.191833734512329102e-01
9.228138327598571777e-01
9.254428744316101074e-01
9.438222050666809082e-01
9.656269550323486328e-01
9.798607230186462402e-01
9.931602478027343750e-01
9.929751753807067871e-01
9.927999377250671387e-01
9.926961064338684082e-01
9.933996200561523438e-01
9.970379471778869629e-01
9.996069669723510742e-01
9.998025298118591309e-01
9.999287128448486328e-01
9.999536871910095215e-01
9.999337196350097656e-01
9.998694062232971191e-01
9.829396605491638184e-01
9.546517729759216309e-01
6.455683112144470215e-01
2.141306698322296143e-01
7.290758192539215088e-02
9.563980624079704285e-03
3.457273123785853386e-03
4.879052285104990005e-03
4.639287665486335754e-02
9.602729976177215576e-02
2.336316257715225220e-01
3.353075981140136719e-01
2.605468332767486572e-01
2.451076060533523560e-01
3.935309648513793945e-01
5.835186243057250977e-01
8.492007851600646973e-01
9.959055781364440918e-01
9.986857175827026367e-01
9.999431371688842773e-01
9.999244213104248047e-01
9.998573660850524902e-01
9.997630119323730469e-01
9.996753334999084473e-01
9.995898604393005371e-01
9.995416402816772461e-01
9.995012879371643066e-01
9.990255832672119141e-01
9.985108375549316406e-01
9.978740215301513672e-01
9.973976612091064453e-01
9.983039498329162598e-01
9.991288185119628906e-01
9.996200203895568848e-01
9.999636411666870117e-01
9.999380111694335938e-01
9.996109604835510254e-01
9.987869262695312500e-01
9.953490495681762695e-01
9.889351129531860352e-01
9.797944426536560059e-01
