9.999853372573852539e-01
9.998880028724670410e-01
9.995943307876586914e-01
9.978500604629516602e-01
9.970132112503051758e-01
9.977956414222717285e-01
9.984766244888305664e-01
9.942063093185424805e-01
9.837194085121154785e-01
9.227927923202514648e-01
8.944932818412780762e-01
9.033831357955932617e-01
9.308255910873413086e-01
9.594036936759948730e-01
9.881225228309631348e-01
9.957146048545837402e-01
9.985402226448059082e-01
9.976548552513122559e-01
9.977683424949645996e-01
9.986645579338073730e-01
9.999209046363830566e-01
9.998328685760498047e-01
9.993849992752075195e-01
9.987973570823669434e-01
9.986197948455810547e-01
9.991701245307922363e-01
9.999282956123352051e-01
9.999779462814331055e-01
9.999945163726806641e-01
9.999964237213134766e-01
9.999966025352478027e-01
9.941456317901611328e-01
9.815803766250610352e-01
9.552448987960815430e-01
9.433345794677734375e-01
9.447292685508728027e-01
9.686485528945922852e-01
9.768518209457397461e-01
9.826361536979675293e-01
9.916747808456420898e-01
9.969136118888854980e-01
9.795185923576354980e-01
9.208894371986389160e-01
8.925463557243347168e-01
8.466068506240844727e-01
7.636506557464599609e-01
6.942774057388305664e-01
7.183520197868347168e-01
8.757213354110717773e-01
9.520554542541503906e-01
9.937725663185119629e-01
9.996036887168884277e-01
9.482426047325134277e-01
9.053214192390441895e-01
8.754657506942749023e-01
9.463406205177307129e-01
9.864442944526672363e-01
9.928706884384155273e-01
9.841807484626770020e-01
9.829835891723632812e-01
9.884453415870666504e-01
9.891305565834045410e-01
9.891476631164550781e-01
9.889807701110839844e-01
9.941399693489074707e-01
9.944011569023132324e-01
9.910141825675964355e-01
9.871810674667358398e-01
9.880792498588562012e-01
9.911046028137207031e-01
9.861835837364196777e-01
9.813113808631896973e-01
9.786995053291320801e-01
9.900889396667480469e-01
9.963628649711608887e-01
9.993900060653686523e-01
9.997960329055786133e-01
9.998490810394287109e-01
9.994506239891052246e-01
9.978264570236206055e-01
9.963885545730590820e-01
9.958464503288269043e-01
9.984244108200073242e-01
9.995068907737731934e-01
9.997831583023071289e-01
9.993314146995544434e-01
9.967178702354431152e-01
9.943354129791259766e-01
9.949514269828796387e-01
9.957429170608520508e-01
9.969563484191894531e-01
9.991564154624938965e-01
9.991898536682128906e-01
9.987661242485046387e-01
9.987179040908813477e-01
9.965192675590515137e-01
9.918934702873229980e-01
9.830195903778076172e-01
9.856764078140258789e-01
9.911380410194396973e-01
9.970404505729675293e-01
9.990545511245727539e-01
9.998983740806579590e-01
9.999781847000122070e-01
9.999597072601318359e-01
9.999465942382812500e-01
9.999728202819824219e-01
9.999900460243225098e-01
9.996296763420104980e-01
9.986472129821777344e-01
9.915342330932617188e-01
9.826987981796264648e-01
9.724339246749877930e-01
9.853243827819824219e-01
9.959900379180908203e-01
9.996054172515869141e-01
9.999631047248840332e-01
9.998516440391540527e-01
9.995182156562805176e-01
9.964994788169860840e-01
9.926857948303222656e-01
9.881069064140319824e-01
9.946538805961608887e-01
9.990428686141967773e-01
9.998785257339477539e-01
9.999702572822570801e-01
1.000000000000000000e+00
1.000000000000000000e+00
9.999811053276062012e-01
9.999602437019348145e-01
9.999378919601440430e-01
9.998533129692077637e-01
9.998524785041809082e-01
9.999436736106872559e-01
9.999694228172302246e-01
9.999577403068542480e-01
9.999080896377563477e-01
9.998882412910461426e-01
9.999133348464965820e-01
9.999828338623046875e-01
9.999876022338867188e-01
9.999931454658508301e-01
9.999993443489074707e-01
9.999997615814208984e-01
9.999732375144958496e-01
9.999217391014099121e-01
9.998797178268432617e-01
9.998956918716430664e-01
9.999629259109497070e-01
9.999860525131225586e-01
9.999977946281433105e-01
9.999994635581970215e-01
9.999987483024597168e-01
9.999796748161315918e-01
9.998835325241088867e-01
9.982423782348632812e-01
9.935579299926757812e-01
9.868076443672180176e-01
9.921103119850158691e-01
9.964561462402343750e-01
9.998466968536376953e-01
9.999523162841796875e-01
9.999751448631286621e-01
9.999294877052307129e-01
9.998776912689208984e-01
9.998868703842163086e-01
9.999424219131469727e-01
9.999383091926574707e-01
9.999456405639648438e-01
9.999594092369079590e-01
9.999226927757263184e-01
9.998646378517150879e-01
9.997795224189758301e-01
9.995240569114685059e-01
9.979571700096130371e-01
9.954032301902770996e-01
9.937782883644104004e-01
9.956332445144653320e-01
1.000000000000000000e+00
1.000000000000000000e+00
9.959527254104614258e-01
9.888074994087219238e-01
9.840182065963745117e-01
9.878427386283874512e-01
9.980783462524414062e-01
9.992920160293579102e-01
9.996978044509887695e-01
9.992997646331787109e-01
9.961376786231994629e-01
9.923092126846313477e-01
9.882614612579345703e-01
9.903997182846069336e-01
9.938232898712158203e-01
9.981635212898254395e-01
9.993460178375244141e-01
9.999257326126098633e-01
9.999958276748657227e-01
9.999986886978149414e-01
9.999995231628417969e-01
9.999986886978149414e-01
9.999986886978149414e-01
9.999812841415405273e-01
9.998762607574462891e-01
9.975212812423706055e-01
9.894033670425415039e-01
9.762066006660461426e-01
9.644721746444702148e-01
9.682778120040893555e-01
9.861912727355957031e-01
9.946398138999938965e-01
9.991715550422668457e-01
9.999915957450866699e-01
9.999965429306030273e-01
9.999861717224121094e-01
9.999540448188781738e-01
9.968343973159790039e-01
9.325233101844787598e-01
8.064892888069152832e-01
8.108146190643310547e-01
8.591160178184509277e-01
9.523484706878662109e-01
9.832448959350585938e-01
9.991747140884399414e-01
9.998648166656494141e-01
9.996405243873596191e-01
9.995369911193847656e-01
9.996007084846496582e-01
9.993458390235900879e-01
9.993492960929870605e-01
9.996778368949890137e-01
9.998652338981628418e-01
9.999748468399047852e-01
9.999961256980895996e-01
9.999981522560119629e-01
9.999983310699462891e-01
9.999977350234985352e-01
9.999967217445373535e-01
9.999955296516418457e-01
9.999943375587463379e-01
9.999865293502807617e-01
9.999747872352600098e-01
9.999580383300781250e-01
9.999738931655883789e-01
9.999815821647644043e-01
9.999698996543884277e-01
9.999847412109375000e-01
9.999971389770507812e-01
9.999991059303283691e-01
9.999971389770507812e-01
9.999453425407409668e-01
9.998037815093994141e-01
9.961054921150207520e-01
9.825051426887512207e-01
9.504948854446411133e-01
9.029557704925537109e-01
8.677273392677307129e-01
8.660278320312500000e-01
9.323160648345947266e-01
9.920280575752258301e-01
9.982198476791381836e-01
9.996576905250549316e-01
9.997681379318237305e-01
9.997112154960632324e-01
9.996273517608642578e-01
9.995856285095214844e-01
9.996858835220336914e-01
9.998204112052917480e-01
9.999405145645141602e-01
9.999781250953674316e-01
9.999368190765380859e-01
9.998008012771606445e-01
9.994302988052368164e-01
9.938034415245056152e-01
9.813364148139953613e-01
9.499312639236450195e-01
9.529505968093872070e-01
9.712231755256652832e-01
9.871481060981750488e-01
9.946715831756591797e-01
9.971309304237365723e-01
9.952795505523681641e-01
9.789975881576538086e-01
9.588255882263183594e-01
9.688276052474975586e-01
9.799590110778808594e-01
9.911713600158691406e-01
9.967061281204223633e-01
9.991182088851928711e-01
9.991662502288818359e-01
9.970568418502807617e-01
9.967811703681945801e-01
9.979271888732910156e-01
9.991790056228637695e-01
9.997675418853759766e-01
9.997727870941162109e-01
9.994319677352905273e-01
9.993844032287597656e-01
9.996210336685180664e-01
9.998333454132080078e-01
9.998757243156433105e-01
9.997346997261047363e-01
9.981743693351745605e-01
9.958994388580322266e-01
9.928137660026550293e-01
9.905879497528076172e-01
9.890592694282531738e-01
9.884049296379089355e-01
9.856148362159729004e-01
9.264751672744750977e-01
7.802563309669494629e-01
3.232099115848541260e-01
1.747794565744698048e-03
2.365530817769467831e-04
2.138906121253967285e-01
5.163434743881225586e-01
9.194213747978210449e-01
9.971706867218017578e-01
9.918031692504882812e-01
9.674290418624877930e-01
7.509961128234863281e-01
6.121731400489807129e-01
8.407956957817077637e-01
9.480707645416259766e-01
9.987727403640747070e-01
9.979928135871887207e-01
9.741524457931518555e-01
9.457521438598632812e-01
9.371444582939147949e-01
9.509519934654235840e-01
9.738873839378356934e-01
9.887683987617492676e-01
9.963834285736083984e-01
9.994587898254394531e-01
9.990351796150207520e-01
9.930697679519653320e-01
9.750487208366394043e-01
8.695887923240661621e-01
8.416652679443359375e-01
8.747408390045166016e-01
9.498347640037536621e-01
9.733087420463562012e-01
9.519382119178771973e-01
9.750282168388366699e-01
9.907026886940002441e-01
9.987472891807556152e-01
9.649069905281066895e-01
9.574079513549804688e-01
9.825435876846313477e-01
9.790792465209960938e-01
9.825256466865539551e-01
9.983429908752441406e-01
9.999364614486694336e-01
9.978506565093994141e-01
9.923821687698364258e-01
9.746112227439880371e-01
9.587219953536987305e-01
9.507827162742614746e-01
9.279990792274475098e-01
7.354093194007873535e-01
1.402948349714279175e-01
2.083723666146397591e-03
6.566851399838924408e-03
3.260794281959533691e-02
4.189563095569610596e-01
8.521022200584411621e-01
9.498326182365417480e-01
9.857156276702880859e-01
9.919180274009704590e-01
9.927006959915161133e-01
9.938290119171142578e-01
9.951107501983642578e-01
9.960721731185913086e-01
9.969379901885986328e-01
9.976049661636352539e-01
9.965457320213317871e-01
9.951556324958801270e-01
9.935833215713500977e-01
9.953223466873168945e-01
9.963771104812622070e-01
9.967518448829650879e-01
9.918769001960754395e-01
9.911502003669738770e-01
9.955419898033142090e-01
9.887104034423828125e-01
9.798147082328796387e-01
9.691264033317565918e-01
9.625216126441955566e-01
9.670413136482238770e-01
9.905478358268737793e-01
9.972874522209167480e-01
9.996833801269531250e-01
9.997768998146057129e-01
9.980912804603576660e-01
9.900084137916564941e-01
9.651094079017639160e-01
9.341305494308471680e-01
9.203804135322570801e-01
9.807702302932739258e-01
9.958928227424621582e-01
9.853509068489074707e-01
9.504439234733581543e-01
9.607306718826293945e-01
9.940701723098754883e-01
9.980428218841552734e-01
9.995002150535583496e-01
9.982429742813110352e-01
9.809506535530090332e-01
8.623450994491577148e-01
6.518675088882446289e-01
2.800816893577575684e-01
6.051856651902198792e-02
1.211230363696813583e-02
7.500215619802474976e-02
2.007238715887069702e-01
4.047548770904541016e-01
7.607233524322509766e-01
1.000000000000000000e+00
1.000000000000000000e+00
9.895262718200683594e-01
9.842950701713562012e-01
9.955106377601623535e-01
9.990162849426269531e-01
9.999986886978149414e-01
9.999967813491821289e-01
9.944580793380737305e-01
9.071397781372070312e-01
4.824709296226501465e-01
2.591897547245025635e-01
1.753880232572555542e-01
3.296433687210083008e-01
4.980179667472839355e-01
6.772882938385009766e-01
8.768637180328369141e-01
9.792343974113464355e-01
9.995911121368408203e-01
9.734945297241210938e-01
9.533690214157104492e-01
9.395946264266967773e-01
9.760130643844604492e-01
9.988315105438232422e-01
9.998806118965148926e-01
9.999957084655761719e-01
9.999946355819702148e-01
9.999868273735046387e-01
9.999810457229614258e-01
9.999774098396301270e-01
9.999777078628540039e-01
9.998789429664611816e-01
9.997525215148925781e-01
9.996333718299865723e-01
9.997101426124572754e-01
9.998588562011718750e-01
9.999627470970153809e-01
9.999634623527526855e-01
9.998873472213745117e-01
9.996559023857116699e-01
9.994629621505737305e-01
9.993148446083068848e-01
9.995219707489013672e-01
9.997188448905944824e-01
9.999060630798339844e-01
9.998664259910583496e-01
9.995180368423461914e-01
9.987931847572326660e-01
9.972947239875793457e-01
9.960697889328002930e-01
9.954081177711486816e-01
9.958629012107849121e-01
9.970663785934448242e-01
9.994668960571289062e-01
9.991605281829833984e-01
9.984123706817626953e-01
9.986929893493652344e-01
9.992445707321166992e-01
9.998059868812561035e-01
9.998958706855773926e-01
9.999307394027709961e-01
9.999367594718933105e-01
9.999596476554870605e-01
9.999781250953674316e-01
9.999927282333374023e-01
9.999895095825195312e-01
9.999861121177673340e-01
9.999825358390808105e-01
9.999890327453613281e-01
9.999948740005493164e-01
9.999992251396179199e-01
9.999995231628417969e-01
9.999988675117492676e-01
9.999973177909851074e-01
9.999967217445373535e-01
9.999967813491821289e-01
9.999979734420776367e-01
9.999973177909851074e-01
9.998955726623535156e-01
9.994136691093444824e-01
9.608133435249328613e-01
9.134046435356140137e-01
9.301428794860839844e-01
9.568083286285400391e-01
9.886718392372131348e-01
9.961661696434020996e-01
9.998362064361572266e-01
9.999909996986389160e-01
9.999903440475463867e-01
9.999877810478210449e-01
9.999858736991882324e-01
9.999905228614807129e-01
9.999949336051940918e-01
9.999979734420776367e-01
9.999989867210388184e-01
9.999982118606567383e-01
9.999939799308776855e-01
9.999918937683105469e-01
9.999901652336120605e-01
9.999875426292419434e-01
9.996992945671081543e-01
9.991515874862670898e-01
9.978161454200744629e-01
9.976320266723632812e-01
9.982510805130004883e-01
9.991998076438903809e-01
9.997593164443969727e-01
9.999510049819946289e-01
9.998313784599304199e-01
9.994542598724365234e-01
9.987505078315734863e-01
9.987210035324096680e-01
9.989205002784729004e-01
9.993910789489746094e-01
9.995582103729248047e-01
9.996147751808166504e-01
9.995637536048889160e-01
9.995927810668945312e-01
9.996348023414611816e-01
9.996035695075988770e-01
9.992537498474121094e-01
9.987502098083496094e-01
9.984275102615356445e-01
9.971558451652526855e-01
9.948211312294006348e-01
9.755638837814331055e-01
9.408422112464904785e-01
8.890174627304077148e-01
7.565658688545227051e-01
6.838227510452270508e-01
7.128655314445495605e-01
8.288346529006958008e-01
9.356369376182556152e-01
9.860289692878723145e-01
9.989272952079772949e-01
9.999491572380065918e-01
9.999858736991882324e-01
9.999971389770507812e-01
9.997699856758117676e-01
9.980362653732299805e-01
9.924030900001525879e-01
9.844644665718078613e-01
9.872401356697082520e-01
9.907729029655456543e-01
9.950754046440124512e-01
9.024706482887268066e-01
8.460223078727722168e-01
8.493075966835021973e-01
9.162848591804504395e-01
9.742484092712402344e-01
9.912896156311035156e-01
9.960911273956298828e-01
9.297375679016113281e-01
6.325678229331970215e-01
3.011498749256134033e-01
8.154875104082748294e-06
2.383219680268666707e-06
0.000000000000000000e+00
3.191394370993805296e-10
7.939735091611055395e-09
1.094008609652519226e-01
3.302101492881774902e-01
6.143960356712341309e-01
8.298422694206237793e-01
9.393274188041687012e-01
9.783231019973754883e-01
9.975534677505493164e-01
9.990425705909729004e-01
9.996716380119323730e-01
9.999607801437377930e-01
9.999901652336120605e-01
9.981841444969177246e-01
9.957100152969360352e-01
9.952016472816467285e-01
9.959062933921813965e-01
9.973635077476501465e-01
9.913198947906494141e-01
7.855108380317687988e-01
3.585128784179687500e-01
1.605859696865081787e-01
9.355054795742034912e-02
2.133557200431823730e-01
5.266249179840087891e-01
8.150991201400756836e-01
9.341390132904052734e-01
9.814744591712951660e-01
9.985129833221435547e-01
9.995981454849243164e-01
1.000000000000000000e+00
9.999873042106628418e-01
9.998275041580200195e-01
9.995825290679931641e-01
9.992616176605224609e-01
9.983968734741210938e-01
9.968515038490295410e-01
9.944160580635070801e-01
9.946090579032897949e-01
9.960068464279174805e-01
9.991247653961181641e-01
9.983105659484863281e-01
9.494572281837463379e-01
7.387954592704772949e-01
4.219073057174682617e-01
9.438179433345794678e-02
5.387101694941520691e-02
2.493898123502731323e-01
6.193888187408447266e-01
8.680079579353332520e-01
1.000000000000000000e+00
1.000000000000000000e+00
9.782604575157165527e-01
9.640951752662658691e-01
9.669106006622314453e-01
9.529134631156921387e-01
9.425520300865173340e-01
9.544104337692260742e-01
9.722701311111450195e-01
9.905337691307067871e-01
9.963584542274475098e-01
9.988279938697814941e-01
9.986718893051147461e-01
9.905850887298583984e-01
9.604519009590148926e-01
9.073161482810974121e-01
9.224631786346435547e-01
9.327175021171569824e-01
9.270794987678527832e-01
9.225603938102722168e-01
9.222264289855957031e-01
9.325264096260070801e-01
9.615280032157897949e-01
9.913845062255859375e-01
9.867373108863830566e-01
9.705407619476318359e-01
9.482780098915100098e-01
9.523270130157470703e-01
9.685453176498413086e-01
9.971382617950439453e-01
9.995264410972595215e-01
9.999839067459106445e-01
9.999517798423767090e-01
9.847769141197204590e-01
9.446253180503845215e-01
8.463184237480163574e-01
7.743245959281921387e-01
7.484640479087829590e-01
9.109936952590942383e-01
9.752362966537475586e-01
9.747465252876281738e-01
9.759643077850341797e-01
9.777290821075439453e-01
9.800622463226318359e-01
9.814113974571228027e-01
9.720081686973571777e-01
9.448919892311096191e-01
9.271031618118286133e-01
9.240536689758300781e-01
9.571934342384338379e-01
9.795815348625183105e-01
9.947433471679687500e-01
9.939281940460205078e-01
9.940977692604064941e-01
9.949617385864257812e-01
9.956941008567810059e-01
9.958049654960632324e-01
9.952147603034973145e-01
9.968862533569335938e-01
9.981881380081176758e-01
9.984034895896911621e-01
9.983811378479003906e-01
9.980993270874023438e-01
9.971661567687988281e-01
9.660836458206176758e-01
9.281605482101440430e-01
9.511076211929321289e-01
9.745419025421142578e-01
9.983699321746826172e-01
9.979123473167419434e-01
9.961590170860290527e-01
9.929429888725280762e-01
9.877808690071105957e-01
9.797540903091430664e-01
9.660348892211914062e-01
9.453981518745422363e-01
9.224599599838256836e-01
8.994636535644531250e-01
9.347333312034606934e-01
9.999487400054931641e-01
9.997953176498413086e-01
9.982715249061584473e-01
9.954038858413696289e-01
9.078236818313598633e-01
8.321675062179565430e-01
7.844106554985046387e-01
8.840656876564025879e-01
9.849673509597778320e-01
9.962793588638305664e-01
9.998532533645629883e-01
9.999982118606567383e-01
9.999994039535522461e-01
9.999967217445373535e-01
9.999636411666870117e-01
9.934991598129272461e-01
9.846560955047607422e-01
9.727969169616699219e-01
9.822785854339599609e-01
9.926106929779052734e-01
9.983319640159606934e-01
9.933459162712097168e-01
9.868516325950622559e-01
9.891155958175659180e-01
9.935534596443176270e-01
9.990087151527404785e-01
9.996505975723266602e-01
9.999822378158569336e-01
9.999957084655761719e-01
9.999979138374328613e-01
9.999748468399047852e-01
9.999093413352966309e-01
9.948371648788452148e-01
9.815061688423156738e-01
9.451786875724792480e-01
7.513594031333923340e-01
4.742409288883209229e-01
1.498193293809890747e-01
1.702458234831283335e-06
5.120566370919732435e-08
1.826699823141098022e-03
1.276099532842636108e-01
4.352487325668334961e-01
6.470032334327697754e-01
8.228111267089843750e-01
9.518977999687194824e-01
9.943801760673522949e-01
9.998419284820556641e-01
9.999068379402160645e-01
9.998264908790588379e-01
9.996244311332702637e-01
9.969379901885986328e-01
9.950441718101501465e-01
9.941680431365966797e-01
9.962666630744934082e-01
9.984003901481628418e-01
9.995756149291992188e-01
9.998139739036560059e-01
9.996957182884216309e-01
9.994980692863464355e-01
9.991943240165710449e-01
9.987949132919311523e-01
9.975312352180480957e-01
9.878405928611755371e-01
9.681951403617858887e-01
9.532554149627685547e-01
9.496720433235168457e-01
9.687550663948059082e-01
9.843580126762390137e-01
9.963391423225402832e-01
9.971722960472106934e-01
9.946166872978210449e-01
9.892091155052185059e-01
9.674708843231201172e-01
9.568453431129455566e-01
9.587189555168151855e-01
9.767982363700866699e-01
9.903537631034851074e-01
9.911311864852905273e-01
9.952894449234008789e-01
9.988198876380920410e-01
9.950730800628662109e-01
9.904431104660034180e-01
9.857081770896911621e-01
9.898050427436828613e-01
9.943402409553527832e-01
9.993475079536437988e-01
9.987082481384277344e-01
9.694601297378540039e-01
8.836166858673095703e-01
8.718057274818420410e-01
8.746525049209594727e-01
8.389165401458740234e-01
8.893297910690307617e-01
9.895982742309570312e-01
9.963340163230895996e-01
9.999238252639770508e-01
9.999894499778747559e-01
9.999934434890747070e-01
9.999915957450866699e-01
9.999923110008239746e-01
9.999900460243225098e-01
9.999865889549255371e-01
9.999821186065673828e-01
9.999821186065673828e-01
9.999850988388061523e-01
9.999890923500061035e-01
9.999936819076538086e-01
9.999989271163940430e-01
9.999971985816955566e-01
9.999584555625915527e-01
9.998387098312377930e-01
9.942954778671264648e-01
9.541286826133728027e-01
7.410755157470703125e-01
4.104843437671661377e-01
8.590707693656440824e-06
1.064170850440859795e-03
1.482704877853393555e-01
4.875739216804504395e-01
7.868607044219970703e-01
9.973766803741455078e-01
9.993200302124023438e-01
9.999385476112365723e-01
9.999954104423522949e-01
9.999985694885253906e-01
9.999978542327880859e-01
9.999939203262329102e-01
9.999591112136840820e-01
9.997218251228332520e-01
9.991815686225891113e-01
9.989904761314392090e-01
9.990368485450744629e-01
9.995823502540588379e-01
9.998584985733032227e-01
9.999877214431762695e-01
9.999840855598449707e-01
9.992843866348266602e-01
9.979272484779357910e-01
9.763073325157165527e-01
9.684240818023681641e-01
9.874659180641174316e-01
9.838296771049499512e-01
9.704733490943908691e-01
9.437383413314819336e-01
9.519608616828918457e-01
9.797152876853942871e-01
9.759477376937866211e-01
9.691021442413330078e-01
9.587274789810180664e-01
9.688057899475097656e-01
9.797623157501220703e-01
9.868381023406982422e-01
9.917758703231811523e-01
9.956593513488769531e-01
9.980753660202026367e-01
9.973651170730590820e-01
9.943045973777770996e-01
9.900423288345336914e-01
9.848445057868957520e-01
9.783061742782592773e-01
9.860703945159912109e-01
9.948693513870239258e-01
9.979234337806701660e-01
9.991593956947326660e-01
9.994740486145019531e-01
9.996204376220703125e-01
9.993542432785034180e-01
9.986863136291503906e-01
9.959040880203247070e-01
9.930014014244079590e-01
9.902031421661376953e-01
9.931072592735290527e-01
9.972437024116516113e-01
9.990241527557373047e-01
9.997568130493164062e-01
9.997598528861999512e-01
9.981727600097656250e-01
9.949598908424377441e-01
9.896247386932373047e-01
9.598228931427001953e-01
9.332976937294006348e-01
9.272324442863464355e-01
9.403268694877624512e-01
9.607269167900085449e-01
9.682500362396240234e-01
9.715367555618286133e-01
9.709342718124389648e-01
9.791961908340454102e-01
9.873440861701965332e-01
9.941932559013366699e-01
9.972707033157348633e-01
9.989618062973022461e-01
9.995318055152893066e-01
9.998074769973754883e-01
9.998847842216491699e-01
9.998977780342102051e-01
9.998508095741271973e-01
9.997243881225585938e-01
9.985718727111816406e-01
9.970526695251464844e-01
9.950353503227233887e-01
9.645707011222839355e-01
8.794867396354675293e-01
3.787439763545989990e-01
8.862227201461791992e-02
6.751032546162605286e-03
4.647395610809326172e-01
8.444519639015197754e-01
9.676697850227355957e-01
9.995265603065490723e-01
9.998927712440490723e-01
9.999253749847412109e-01
9.998305439949035645e-01
9.996401667594909668e-01
9.988220334053039551e-01
9.987468719482421875e-01
9.998011589050292969e-01
9.999722242355346680e-01
9.999533891677856445e-01
9.999849796295166016e-01
9.999948143959045410e-01
9.999915361404418945e-01
9.999748468399047852e-01
9.999386668205261230e-01
9.998795986175537109e-01
9.993666410446166992e-01
9.981889128684997559e-01
9.955073595046997070e-01
9.895598292350769043e-01
9.822160005569458008e-01
9.751737117767333984e-01
9.810411930084228516e-01
9.987752437591552734e-01
9.991981387138366699e-01
9.981041550636291504e-01
9.965656399726867676e-01
9.968878626823425293e-01
9.976186156272888184e-01
9.972856044769287109e-01
9.978920817375183105e-01
9.991996288299560547e-01
9.994591474533081055e-01
9.993063211441040039e-01
9.985440373420715332e-01
9.979587793350219727e-01
9.977961778640747070e-01
9.990261197090148926e-01
9.988731145858764648e-01
9.978720545768737793e-01
9.965810179710388184e-01
9.941432476043701172e-01
9.902421832084655762e-01
9.802319407463073730e-01
9.139501452445983887e-01
6.868550181388854980e-01
4.204650521278381348e-01
1.599340289831161499e-01
2.266030758619308472e-01
4.774000644683837891e-01
9.273445010185241699e-01
9.895327091217041016e-01
9.997236132621765137e-01
9.997665882110595703e-01
9.955869913101196289e-01
9.887337684631347656e-01
9.747846126556396484e-01
9.718214273452758789e-01
9.790830016136169434e-01
9.786567091941833496e-01
9.754595756530761719e-01
9.679524898529052734e-01
9.680547714233398438e-01
9.713644385337829590e-01
9.776637554168701172e-01
9.833853244781494141e-01
9.886229038238525391e-01
9.921407699584960938e-01
9.951677322387695312e-01
9.974653720855712891e-01
9.971233606338500977e-01
9.949408769607543945e-01
9.877693653106689453e-01
9.110994338989257812e-01
7.834481596946716309e-01
8.068451881408691406e-01
8.627372384071350098e-01
9.656117558479309082e-01
9.925231337547302246e-01
9.980258345603942871e-01
9.979459643363952637e-01
9.979563951492309570e-01
9.980124235153198242e-01
9.952954053878784180e-01
9.922355413436889648e-01
9.886736869812011719e-01
9.477480649948120117e-01
8.730426430702209473e-01
7.064951658248901367e-01
4.997688233852386475e-01
2.715892791748046875e-01
2.105564624071121216e-01
2.018038779497146606e-01
2.639187574386596680e-01
1.326873749494552612e-01
5.204355693422257900e-04
1.426389208063483238e-04
1.811193972826004028e-01
4.685994982719421387e-01
8.080316781997680664e-01
9.994609355926513672e-01
9.999251961708068848e-01
9.999844431877136230e-01
9.999682307243347168e-01
9.999591708183288574e-01
9.999601840972900391e-01
9.999639987945556641e-01
9.999071955680847168e-01
9.994987249374389648e-01
9.986500144004821777e-01
9.978047013282775879e-01
9.967520833015441895e-01
9.950625300407409668e-01
9.630215764045715332e-01
9.155104756355285645e-01
8.894265890121459961e-01
8.918538689613342285e-01
9.295444488525390625e-01
9.637601375579833984e-01
9.907851815223693848e-01
9.975879192352294922e-01
9.962314367294311523e-01
9.908866286277770996e-01
9.963619709014892578e-01
9.995554685592651367e-01
9.998801946640014648e-01
9.999303817749023438e-01
9.999298453330993652e-01
9.999300837516784668e-01
9.999324083328247070e-01
9.999362826347351074e-01
9.999525547027587891e-01
9.999204874038696289e-01
9.998257756233215332e-01
9.945942759513854980e-01
9.912354350090026855e-01
9.976112246513366699e-01
9.985377788543701172e-01
9.958040714263916016e-01
9.762733578681945801e-01
9.709090590476989746e-01
9.849029779434204102e-01
9.925336241722106934e-01
9.975548386573791504e-01
9.981825351715087891e-01
9.977093338966369629e-01
9.959488511085510254e-01
9.292073249816894531e-01
7.583452463150024414e-01
4.342035055160522461e-01
4.076995849609375000e-01
5.125115513801574707e-01
8.500232696533203125e-01
9.920379519462585449e-01
9.993983507156372070e-01
9.998041391372680664e-01
1.000000000000000000e+00
1.000000000000000000e+00
9.999230504035949707e-01
9.998133182525634766e-01
9.996508955955505371e-01
9.995652437210083008e-01
9.995377063751220703e-01
9.993898868560791016e-01
9.984787702560424805e-01
9.961938858032226562e-01
9.819977879524230957e-01
9.591722488403320312e-01
9.087282419204711914e-01
8.599441647529602051e-01
8.125232458114624023e-01
8.322710990905761719e-01
8.717764019966125488e-01
9.420704841613769531e-01
9.788714051246643066e-01
9.980457425117492676e-01
9.808421134948730469e-01
9.252172708511352539e-01
8.320133686065673828e-01
3.735348284244537354e-01
1.483383774757385254e-02
3.573930822312831879e-03
1.390579812858897240e-16
9.327543921244796365e-06
1.344587799394503236e-04
2.681004106998443604e-01
8.408914208412170410e-01
9.609411954879760742e-01
9.921002388000488281e-01
9.786861538887023926e-01
8.951359391212463379e-01
7.772128582000732422e-01
7.956249117851257324e-01
8.084983825683593750e-01
8.138037919998168945e-01
8.105829954147338867e-01
8.304343223571777344e-01
9.481375813484191895e-01
9.971742630004882812e-01
9.992098212242126465e-01
9.990437030792236328e-01
9.988508224487304688e-01
9.986740350723266602e-01
9.989134073257446289e-01
9.992901086807250977e-01
9.997190833091735840e-01
9.999386668205261230e-01
9.999821186065673828e-01
9.997050762176513672e-01
9.995633363723754883e-01
9.997624158859252930e-01
9.998654127120971680e-01
9.997581839561462402e-01
9.980386495590209961e-01
9.941604733467102051e-01
9.879699349403381348e-01
9.905668497085571289e-01
9.899159669876098633e-01
9.764268994331359863e-01
9.267254471778869629e-01
8.599681258201599121e-01
8.643401861190795898e-01
8.499704599380493164e-01
8.099858760833740234e-01
8.856438994407653809e-01
9.720726013183593750e-01
9.902696013450622559e-01
9.974783658981323242e-01
9.968284368515014648e-01
9.931818842887878418e-01
9.698558449745178223e-01
9.112827181816101074e-01
8.822019100189208984e-01
8.732988238334655762e-01
9.313780665397644043e-01
8.740538954734802246e-01
7.085366249084472656e-01
4.178705811500549316e-01
2.494141757488250732e-01
4.204469323158264160e-01
6.878824234008789062e-01
9.848287105560302734e-01
9.942443370819091797e-01
9.994376897811889648e-01
9.992869496345520020e-01
9.981994032859802246e-01
9.971462488174438477e-01
9.969465732574462891e-01
9.973849058151245117e-01
9.982542991638183594e-01
9.903241991996765137e-01
9.559394121170043945e-01
8.758177757263183594e-01
7.189225554466247559e-01
5.148232579231262207e-01
1.683620959520339966e-01
2.479077083989977837e-04
2.309782212250865996e-05
8.987073558116138554e-40
1.227941251284725421e-12
5.618752858815856399e-12
3.079476356506347656e-01
7.570747137069702148e-01
9.068615436553955078e-01
9.912019371986389160e-01
9.885947704315185547e-01
9.827653765678405762e-01
9.793284535408020020e-01
9.890254735946655273e-01
9.947943687438964844e-01
9.976493716239929199e-01
9.969848394393920898e-01
9.853613376617431641e-01
9.524823427200317383e-01
8.023379445075988770e-01
6.101951003074645996e-01
4.575133323669433594e-01
2.659203708171844482e-01
3.230790793895721436e-02
6.374153649346681050e-09
2.973766066133975983e-02
1.519940793514251709e-01
4.855774343013763428e-01
9.468297362327575684e-01
9.794606566429138184e-01
9.996349811553955078e-01
9.995239973068237305e-01
5.304165482521057129e-01
1.766459062357839116e-10
1.440223718063293745e-09
1.391004644801796530e-09
1.274267358297720421e-10
0.000000000000000000e+00
0.000000000000000000e+00
0.000000000000000000e+00
3.315814137458801270e-01
8.113413453102111816e-01
6.539855599403381348e-01
6.476417183876037598e-01
8.557687401771545410e-01
9.454810619354248047e-01
9.374075531959533691e-01
6.029667854309082031e-01
3.106319308280944824e-01
5.330164358019828796e-02
1.737029701471328735e-01
4.076428711414337158e-01
8.321738839149475098e-01
9.134695529937744141e-01
8.419026732444763184e-01
9.297590851783752441e-01
9.784848690032958984e-01
9.762905240058898926e-01
9.542108178138732910e-01
8.924124240875244141e-01
6.759483814239501953e-01
3.814980089664459229e-01
2.599083259701728821e-02
1.558292773552238941e-03
3.000038617528844043e-08
8.934266304549964843e-08
2.461224496364593506e-01
5.959858894348144531e-01
8.443796038627624512e-01
9.654104709625244141e-01
9.247130155563354492e-01
8.010350465774536133e-01
6.663624048233032227e-01
5.636757612228393555e-01
5.787905454635620117e-01
6.848853230476379395e-01
7.796559333801269531e-01
7.074964046478271484e-01
2.703618109226226807e-01
1.638301014900207520e-01
2.258813977241516113e-01
5.565239787101745605e-01
8.042626380920410156e-01
9.442191123962402344e-01
9.617993235588073730e-01
9.399995207786560059e-01
8.720520734786987305e-01
6.887667775154113770e-01
4.132685363292694092e-01
3.530276715755462646e-01
4.167468547821044922e-01
7.301607728004455566e-01
8.999406695365905762e-01
9.953933954238891602e-01
9.982497692108154297e-01
9.997600913047790527e-01
9.993779063224792480e-01
9.060668349266052246e-01
7.278218269348144531e-01
2.348744273185729980e-01
7.891058176755905151e-02
2.192830592393875122e-01
6.072263717651367188e-01
9.230118393898010254e-01
9.791718721389770508e-01
9.993529915809631348e-01
9.996761083602905273e-01
9.998013973236083984e-01
9.997438192367553711e-01
9.993947744369506836e-01
9.793205857276916504e-01
9.347724318504333496e-01
7.648714184761047363e-01
5.892020463943481445e-01
4.076757431030273438e-01
3.840039670467376709e-01
3.989947736263275146e-01
4.598248600959777832e-01
5.668987035751342773e-01
7.040604948997497559e-01
8.032840490341186523e-01
8.862134218215942383e-01
9.401017427444458008e-01
9.681320190429687500e-01
9.846482276916503906e-01
9.896119832992553711e-01
9.937860965728759766e-01
9.969930648803710938e-01
9.985530376434326172e-01
9.993247389793395996e-01
9.982441067695617676e-01
9.880392551422119141e-01
9.704393744468688965e-01
8.965845108032226562e-01
8.227671384811401367e-01
7.611538767814636230e-01
8.389323949813842773e-01
9.875213503837585449e-01
9.951535463333129883e-01
9.998322725296020508e-01
9.998252391815185547e-01
9.986239075660705566e-01
9.953220486640930176e-01
9.795331358909606934e-01
9.510732293128967285e-01
9.092078208923339844e-01
9.234281778335571289e-01
9.465620517730712891e-01
9.674613475799560547e-01
9.791446328163146973e-01
9.843139052391052246e-01
9.935396909713745117e-01
9.971224069595336914e-01
9.879949688911437988e-01
9.597492218017578125e-01
9.231333136558532715e-01
9.013422727584838867e-01
9.012871980667114258e-01
9.326304197311401367e-01
9.590758085250854492e-01
9.800818562507629395e-01
9.760062694549560547e-01
9.759863018989562988e-01
9.799753427505493164e-01
9.882788658142089844e-01
9.957926869392395020e-01
9.984053373336791992e-01
9.995868802070617676e-01
9.997859597206115723e-01
9.999145269393920898e-01
1.000000000000000000e+00
1.000000000000000000e+00
9.996879696846008301e-01
9.992070198059082031e-01
9.982254505157470703e-01
9.926220774650573730e-01
9.803135991096496582e-01
8.915116786956787109e-01
7.932674288749694824e-01
7.820788621902465820e-01
8.302435874938964844e-01
9.389531016349792480e-01
9.773557782173156738e-01
9.975962638854980469e-01
9.949855208396911621e-01
9.902701377868652344e-01
9.840232133865356445e-01
9.785175919532775879e-01
9.766405820846557617e-01
9.831587672233581543e-01
9.912707209587097168e-01
1.000000000000000000e+00
1.000000000000000000e+00
9.950430393218994141e-01
9.820572137832641602e-01
9.762577414512634277e-01
9.741137623786926270e-01
9.820829033851623535e-01
9.841510057449340820e-01
9.793182015419006348e-01
9.803027510643005371e-01
9.835161566734313965e-01
9.910744428634643555e-01
9.930809736251831055e-01
9.903413057327270508e-01
9.882724881172180176e-01
9.880580306053161621e-01
9.929417371749877930e-01
9.967189431190490723e-01
9.998102188110351562e-01
9.999528527259826660e-01
9.999983906745910645e-01
9.999935030937194824e-01
9.999930858612060547e-01
9.999936223030090332e-01
9.999729990959167480e-01
9.991807937622070312e-01
9.972584247589111328e-01
9.889512658119201660e-01
9.801529049873352051e-01
9.824497699737548828e-01
9.717115163803100586e-01
9.466803073883056641e-01
7.022271752357482910e-01
4.269679784774780273e-01
2.067419886589050293e-01
1.993816047906875610e-01
3.677479326725006104e-01
6.672390103340148926e-01
9.151511788368225098e-01
9.735168814659118652e-01
9.974873065948486328e-01
9.998509883880615234e-01
9.999384284019470215e-01
9.999225139617919922e-01
9.998443126678466797e-01
9.997330904006958008e-01
9.995916485786437988e-01
9.990459680557250977e-01
9.980753660202026367e-01
9.964380264282226562e-01
9.969935417175292969e-01
9.982649683952331543e-01
9.992672801017761230e-01
9.998514056205749512e-01
9.999290704727172852e-01
9.998383522033691406e-01
9.996743798255920410e-01
9.993370771408081055e-01
9.988520145416259766e-01
9.982255697250366211e-01
9.977474808692932129e-01
9.971343874931335449e-01
9.959607720375061035e-01
9.844563007354736328e-01
9.652202129364013672e-01
9.476454854011535645e-01
9.404609203338623047e-01
9.597821831703186035e-01
9.787033200263977051e-01
9.974126219749450684e-01
9.988282322883605957e-01
9.996264576911926270e-01
9.997918009757995605e-01
9.993201494216918945e-01
9.985213279724121094e-01
9.968646764755249023e-01
9.951012730598449707e-01
9.931703209877014160e-01
9.949058294296264648e-01
9.976844191551208496e-01
9.980911016464233398e-01
9.941260218620300293e-01
9.846982359886169434e-01
9.611346721649169922e-01
9.414416551589965820e-01
9.665277004241943359e-01
9.819498062133789062e-01
9.874808788299560547e-01
9.943028092384338379e-01
9.995260238647460938e-01
9.970874190330505371e-01
9.941520690917968750e-01
9.907999038696289062e-01
9.847887754440307617e-01
9.812571406364440918e-01
9.864219427108764648e-01
9.924308657646179199e-01
9.990178942680358887e-01
9.997339248657226562e-01
9.999855160713195801e-01
9.999884366989135742e-01
9.999906420707702637e-01
9.999923110008239746e-01
9.999920129776000977e-01
9.999909996986389160e-01
9.999886155128479004e-01
9.999905228614807129e-01
9.999944567680358887e-01
9.999976754188537598e-01
9.999971985816955566e-01
9.999907016754150391e-01
9.999911189079284668e-01
9.999939203262329102e-01
9.999938607215881348e-01
9.999827742576599121e-01
9.999564290046691895e-01
9.998135566711425781e-01
9.996665716171264648e-01
9.997825622558593750e-01
9.998841881752014160e-01
9.999682307243347168e-01
9.997562766075134277e-01
9.985222816467285156e-01
9.917567372322082520e-01
9.918001294136047363e-01
9.988602995872497559e-01
9.669143557548522949e-01
9.327865242958068848e-01
9.222708344459533691e-01
9.398264288902282715e-01
9.823359251022338867e-01
9.913294911384582520e-01
9.908126592636108398e-01
9.735270738601684570e-01
9.620979428291320801e-01
9.552654027938842773e-01
9.712946414947509766e-01
9.870066046714782715e-01
9.946530461311340332e-01
9.976717233657836914e-01
9.975235462188720703e-01
9.979093670845031738e-01
9.984874129295349121e-01
9.994652271270751953e-01
9.998782277107238770e-01
9.999535083770751953e-01
9.987182617187500000e-01
9.483048915863037109e-01
7.889011502265930176e-01
4.593295753002166748e-01
3.993817418813705444e-02
1.522331312298774719e-02
5.136850177223095670e-06
1.661389774199051317e-06
1.280385069549083710e-03
1.262095198035240173e-02
4.396791458129882812e-01
7.732294797897338867e-01
9.434418082237243652e-01
9.934878349304199219e-01
9.903803467750549316e-01
9.254536628723144531e-01
8.740111589431762695e-01
8.438851237297058105e-01
8.858992457389831543e-01
9.520587921142578125e-01
9.806570410728454590e-01
9.979771375656127930e-01
9.989741444587707520e-01
9.993509054183959961e-01
9.994336962699890137e-01
9.986512064933776855e-01
9.979226589202880859e-01
9.972656965255737305e-01
9.977003335952758789e-01
9.984692931175231934e-01
9.993103146553039551e-01
9.920651316642761230e-01
9.748677611351013184e-01
5.110322833061218262e-01
1.475860446564664785e-17
5.153630519684043845e-18
4.375828837055451004e-07
1.381786091769754421e-06
3.895326852798461914e-01
8.226643204689025879e-01
9.369221925735473633e-01
9.838081598281860352e-01
9.572985172271728516e-01
9.345152378082275391e-01
9.232491850852966309e-01
9.696817398071289062e-01
9.952044486999511719e-01
9.991407990455627441e-01
9.998881816864013672e-01
9.996502995491027832e-01
9.977812767028808594e-01
9.776189923286437988e-01
9.392488002777099609e-01
9.273946285247802734e-01
9.273357987403869629e-01
9.586642384529113770e-01
9.814249873161315918e-01
9.959638714790344238e-01
9.937976598739624023e-01
9.857653379440307617e-01
9.650974869728088379e-01
9.533677697181701660e-01
9.499322175979614258e-01
9.644134044647216797e-01
9.796319603919982910e-01
9.848040342330932617e-01
9.825596809387207031e-01
9.735338091850280762e-01
9.618396162986755371e-01
9.575397372245788574e-01
9.861930608749389648e-01
9.990378022193908691e-01
9.976378083229064941e-01
9.974281787872314453e-01
9.975698590278625488e-01
9.983605742454528809e-01
9.955396652221679688e-01
9.895118474960327148e-01
9.550300836563110352e-01
9.300857186317443848e-01
9.627189040184020996e-01
9.840974211692810059e-01
9.954301714897155762e-01
9.977610111236572266e-01
9.702532291412353516e-01
8.252194523811340332e-01
5.479065179824829102e-01
1.518599092960357666e-01
4.854401946067810059e-02
3.424557857215404510e-03
1.101898727938532829e-03
1.667726894083454425e-11
2.086629913994331176e-12
1.082273911379161291e-06
8.952904492616653442e-02
5.644107460975646973e-01
8.546158075332641602e-01
9.735561013221740723e-01
9.955756664276123047e-01
9.993979930877685547e-01
9.988073110580444336e-01
9.952845573425292969e-01
9.889560937881469727e-01
9.834125638008117676e-01
9.799479842185974121e-01
9.856850504875183105e-01
9.915937781333923340e-01
9.976719617843627930e-01
9.970795512199401855e-01
9.942159652709960938e-01
9.865257740020751953e-01
9.822844862937927246e-01
9.816100597381591797e-01
9.879661202430725098e-01
9.951242804527282715e-01
9.981453418731689453e-01
9.997988343238830566e-01
9.999601244926452637e-01
9.996619224548339844e-01
9.987828135490417480e-01
9.949193000793457031e-01
9.921101331710815430e-01
9.905145168304443359e-01
9.846549630165100098e-01
9.439618587493896484e-01
6.602275371551513672e-01
4.133522212505340576e-01
2.118293195962905884e-01
2.027885019779205322e-01
2.871670126914978027e-01
7.003635168075561523e-01
9.283789396286010742e-01
9.098718762397766113e-01
8.916553258895874023e-01
8.809131979942321777e-01
9.512801170349121094e-01
9.918477535247802734e-01
9.894562363624572754e-01
9.481402039527893066e-01
8.892989754676818848e-01
7.765082716941833496e-01
7.238245010375976562e-01
7.659015655517578125e-01
7.925526499748229980e-01
8.162130117416381836e-01
9.210368394851684570e-01
9.904234409332275391e-01
9.976959228515625000e-01
9.998805522918701172e-01
9.997304081916809082e-01
9.976597428321838379e-01
9.963029623031616211e-01
9.963418841361999512e-01
9.955704212188720703e-01
9.943892359733581543e-01
9.730350375175476074e-01
9.472060203552246094e-01
9.120219945907592773e-01
6.419196724891662598e-01
2.376372516155242920e-01
9.466768056154251099e-02
7.273362232731956969e-24
2.156064612368678454e-23
8.029522291508328635e-07
2.128000915035954677e-06
4.488496184349060059e-01
8.381251096725463867e-01
9.478036761283874512e-01
9.957430362701416016e-01
9.979301691055297852e-01
9.366339445114135742e-01
7.671447396278381348e-01
2.411309182643890381e-01
1.142713445005938411e-04
3.247370186727494001e-04
3.786577144637703896e-04
7.776935235597193241e-04
2.812191611155867577e-03
2.371978573501110077e-02
6.301406770944595337e-02
1.537555158138275146e-01
2.857798933982849121e-01
5.935091376304626465e-01
8.245112299919128418e-01
9.682308435440063477e-01
9.990892410278320312e-01
9.999987483024597168e-01
9.999988079071044922e-01
9.999644160270690918e-01
9.998847842216491699e-01
9.998104572296142578e-01
9.997496008872985840e-01
9.998457431793212891e-01
9.999266266822814941e-01
9.999834299087524414e-01
9.999998211860656738e-01
9.999993443489074707e-01
9.999935626983642578e-01
9.999903440475463867e-01
9.999918937683105469e-01
9.999838471412658691e-01
9.999710321426391602e-01
9.999246597290039062e-01
9.997333884239196777e-01
9.992127418518066406e-01
9.966566562652587891e-01
9.928618073463439941e-01
9.859043359756469727e-01
9.817370772361755371e-01
9.862754344940185547e-01
9.920010566711425781e-01
9.986085891723632812e-01
9.996846914291381836e-01
1.000000000000000000e+00
1.000000000000000000e+00
9.999932050704956055e-01
9.999802708625793457e-01
9.987319707870483398e-01
9.919131398200988770e-01
9.573062658309936523e-01
9.169366359710693359e-01
8.702301383018493652e-01
9.244531393051147461e-01
9.969475865364074707e-01
9.986405372619628906e-01
9.995253682136535645e-01
9.993030428886413574e-01
9.958370327949523926e-01
9.883838295936584473e-01
9.302690029144287109e-01
8.846887350082397461e-01
8.606745004653930664e-01
9.015536308288574219e-01
9.727239012718200684e-01
9.889235496520996094e-01
9.996616840362548828e-01
9.985793828964233398e-01
9.977090954780578613e-01
9.969646930694580078e-01
9.985950589179992676e-01
9.999355673789978027e-01
9.999752640724182129e-01
9.999940395355224609e-01
9.999969005584716797e-01
9.999980926513671875e-01
9.999946355819702148e-01
9.999726414680480957e-01
9.985296726226806641e-01
9.957016110420227051e-01
6.507056355476379395e-01
2.648037672042846680e-01
9.444157034158706665e-02
2.484239303157664835e-07
8.065408110269345343e-07
1.729153245687484741e-01
4.099353253841400146e-01
7.667502760887145996e-01
9.906637072563171387e-01
9.976159334182739258e-01
9.998236298561096191e-01
9.999229907989501953e-01
9.996420145034790039e-01
9.992856383323669434e-01
9.987639784812927246e-01
9.985073804855346680e-01
9.984085559844970703e-01
9.888871312141418457e-01
9.809396266937255859e-01
9.796967506408691406e-01
9.833519458770751953e-01
9.908894896507263184e-01
9.947620034217834473e-01
9.974158406257629395e-01
9.969993829727172852e-01
9.969202876091003418e-01
9.971967339515686035e-01
9.980815052986145020e-01
9.990623593330383301e-01
9.995299577713012695e-01
9.998391270637512207e-01
9.999259710311889648e-01
9.999675154685974121e-01
9.999911189079284668e-01
9.999964833259582520e-01
9.999999403953552246e-01
9.999998807907104492e-01
9.999976158142089844e-01
9.999941587448120117e-01
9.998831748962402344e-01
9.969471096992492676e-01
9.861690998077392578e-01
8.401613235473632812e-01
5.928353071212768555e-01
2.796469032764434814e-01
7.752055674791336060e-02
3.949827253818511963e-01
6.679164767265319824e-01
8.953127264976501465e-01
9.497125148773193359e-01
9.610192775726318359e-01
9.702950119972229004e-01
9.807698130607604980e-01
9.929405450820922852e-01
9.977216124534606934e-01
9.995002746582031250e-01
9.968562126159667969e-01
8.845462799072265625e-01
5.508937835693359375e-01
2.715963721275329590e-01
2.380082197487354279e-02
6.571242120116949081e-03
1.093373000621795654e-01
5.330486893653869629e-01
8.095247745513916016e-01
9.669994115829467773e-01
9.944122433662414551e-01
9.996628165245056152e-01
9.998359680175781250e-01
9.999167919158935547e-01
9.998919367790222168e-01
9.998899102210998535e-01
9.998983740806579590e-01
9.999533891677856445e-01
9.999850988388061523e-01
9.999783635139465332e-01
9.991112947463989258e-01
9.978421926498413086e-01
9.770916700363159180e-01
9.413113594055175781e-01
8.694064617156982422e-01
8.958665728569030762e-01
9.900392293930053711e-01
9.994459152221679688e-01
9.982163906097412109e-01
9.945011734962463379e-01
9.947796463966369629e-01
9.990817904472351074e-01
9.999626874923706055e-01
9.999803304672241211e-01
9.999524950981140137e-01
9.999184012413024902e-01
9.998751282691955566e-01
9.998222589492797852e-01
9.997591972351074219e-01
9.988619089126586914e-01
9.964469075202941895e-01
9.906318783760070801e-01
9.818389415740966797e-01
9.711251854896545410e-01
9.861299991607666016e-01
1.000000000000000000e+00
1.000000000000000000e+00
1.000000000000000000e+00
1.000000000000000000e+00
9.698740243911743164e-01
9.302712082862854004e-01
8.711498975753784180e-01
8.319103121757507324e-01
8.215008974075317383e-01
8.779050707817077637e-01
9.612798690795898438e-01
9.825261235237121582e-01
9.950544238090515137e-01
9.879232645034790039e-01
9.838464260101318359e-01
9.817458391189575195e-01
9.886244535446166992e-01
9.942271709442138672e-01
9.909896254539489746e-01
9.919319152832031250e-01
9.970464110374450684e-01
9.989801645278930664e-01
1.000000000000000000e+00
1.000000000000000000e+00
9.928179979324340820e-01
9.745877385139465332e-01
9.761391878128051758e-01
9.865171909332275391e-01
9.937983155250549316e-01
9.990676045417785645e-01
9.994491934776306152e-01
9.995738863945007324e-01
9.995145201683044434e-01
9.994785189628601074e-01
9.994578957557678223e-01
9.994943737983703613e-01
9.994460940361022949e-01
9.993023872375488281e-01
9.994133114814758301e-01
9.996024370193481445e-01
9.998015165328979492e-01
9.999440312385559082e-01
9.999850988388061523e-01
9.999995827674865723e-01
1.000000000000000000e+00
1.000000000000000000e+00
9.999999403953552246e-01
9.999999403953552246e-01
9.999998211860656738e-01
9.999995827674865723e-01
9.999977946281433105e-01
9.999840855598449707e-01
9.998891353607177734e-01
9.658488631248474121e-01
8.847644925117492676e-01
5.019253492355346680e-01
3.327551212350954302e-06
5.193863034946843982e-05
1.300674770027399063e-02
5.608631670475006104e-02
2.855784595012664795e-01
6.429504156112670898e-01
3.405407667160034180e-01
4.248806461691856384e-02
1.594720780849456787e-01
3.923484086990356445e-01
7.559496760368347168e-01
9.077819585800170898e-01
9.890169501304626465e-01
9.940733313560485840e-01
9.977478384971618652e-01
9.988073110580444336e-01
9.987010955810546875e-01
9.979304075241088867e-01
9.936222434043884277e-01
9.848526120185852051e-01
9.613413810729980469e-01
9.284983873367309570e-01
8.867480754852294922e-01
8.931893706321716309e-01
9.144853353500366211e-01
9.659853577613830566e-01
9.982464313507080078e-01
9.995169043540954590e-01
9.999288320541381836e-01
9.999257326126098633e-01
9.999208450317382812e-01
9.999057650566101074e-01
9.998607635498046875e-01
9.989491701126098633e-01
9.973100423812866211e-01
5.114052295684814453e-01
4.291503501008264720e-06
1.586931716701656114e-06
0.000000000000000000e+00
0.000000000000000000e+00
1.163077725389598169e-43
2.830622897936130483e-43
1.092724385671317577e-03
1.225868090987205505e-01
5.585739612579345703e-01
8.020467162132263184e-01
8.970153331756591797e-01
8.166372179985046387e-01
7.102290391921997070e-01
6.294816136360168457e-01
6.126293540000915527e-01
6.808790564537048340e-01
7.868899106979370117e-01
9.072244167327880859e-01
9.518569111824035645e-01
9.855911731719970703e-01
9.927635192871093750e-01
9.648485779762268066e-01
9.112693667411804199e-01
6.058127880096435547e-01
2.849109172821044922e-01
1.039108857512474060e-01
1.139460713602602482e-03
2.484799188096076250e-04
4.322395843250105497e-19
0.000000000000000000e+00
0.000000000000000000e+00
1.030514890664470474e-41
4.542308972108894535e-41
6.445192280270586882e-15
1.757707884407141985e-14
2.960834355469899037e-10
3.313934371362847742e-07
2.571985305621637963e-06
2.016690373420715332e-02
6.696336716413497925e-02
2.369619756937026978e-01
4.565559029579162598e-01
3.431144058704376221e-01
2.888600826263427734e-01
3.867184519767761230e-01
2.934230566024780273e-01
5.265665799379348755e-02
8.310890756547451019e-03
2.441683283582034423e-22
9.005234090485770143e-23
7.203072309494018555e-03
2.455244585871696472e-02
1.045768409967422485e-01
2.116673737764358521e-01
9.494916349649429321e-02
4.772227723151445389e-03
2.382400678470730782e-03
7.389239035546779633e-03
1.858431659638881683e-02
1.208856701850891113e-01
2.691202163696289062e-01
6.397455334663391113e-01
8.446630835533142090e-01
7.914178371429443359e-01
4.927960336208343506e-01
7.432693243026733398e-02
2.440254203975200653e-02
3.870102518703788519e-04
1.964569091796875000e-03
2.517968416213989258e-01
7.357071042060852051e-01
9.103305935859680176e-01
9.977287054061889648e-01
9.987198710441589355e-01
9.994263052940368652e-01
9.996156096458435059e-01
9.997155070304870605e-01
9.997639656066894531e-01
9.994595050811767578e-01
9.992476701736450195e-01
9.995508790016174316e-01
9.997614622116088867e-01
9.998695254325866699e-01
9.998995661735534668e-01
9.999032616615295410e-01
9.998735785484313965e-01
9.998014569282531738e-01
9.996362328529357910e-01
9.994825720787048340e-01
9.993370771408081055e-01
9.994756579399108887e-01
9.995047450065612793e-01
9.986444115638732910e-01
9.591352343559265137e-01
8.672395348548889160e-01
6.915217638015747070e-01
4.800107777118682861e-01
3.338256776332855225e-01
2.241840660572052002e-01
2.155532836914062500e-01
3.069105446338653564e-01
4.854083657264709473e-01
7.166180014610290527e-01
9.418970346450805664e-01
9.760792255401611328e-01
9.982696771621704102e-01
9.993693232536315918e-01
9.942990541458129883e-01
9.857456088066101074e-01
9.662902355194091797e-01
9.486037492752075195e-01
9.427955746650695801e-01
9.443235993385314941e-01
9.542289376258850098e-01
9.607161283493041992e-01
9.661103487014770508e-01
9.770382642745971680e-01
9.870836734771728516e-01
9.950188994407653809e-01
9.989441037178039551e-01
9.997860789299011230e-01
9.999428987503051758e-01
9.999201893806457520e-01
9.995239973068237305e-01
9.976581335067749023e-01
9.934676885604858398e-01
9.906191825866699219e-01
9.884631633758544922e-01
9.912982583045959473e-01
9.943936467170715332e-01
9.971772432327270508e-01
9.988442659378051758e-01
9.993144869804382324e-01
9.968107342720031738e-01
9.934700727462768555e-01
9.945291280746459961e-01
9.959291815757751465e-01
9.981205463409423828e-01
9.992604851722717285e-01
9.996116757392883301e-01
9.997665882110595703e-01
9.994227886199951172e-01
9.955360293388366699e-01
9.928609132766723633e-01
9.921061992645263672e-01
9.939830303192138672e-01
9.972299337387084961e-01
9.977985620498657227e-01
9.951421618461608887e-01
9.805009961128234863e-01
9.615581631660461426e-01
9.377591013908386230e-01
9.517179131507873535e-01
9.785904884338378906e-01
9.883672595024108887e-01
9.957717657089233398e-01
9.971156120300292969e-01
9.983319640159606934e-01
9.994463324546813965e-01
9.998012185096740723e-01
9.999365210533142090e-01
9.995258450508117676e-01
9.993629455566406250e-01
9.996358156204223633e-01
9.998176097869873047e-01
9.999463558197021484e-01
9.999385476112365723e-01
9.998506307601928711e-01
9.994425773620605469e-01
9.988591074943542480e-01
9.980486631393432617e-01
9.980127811431884766e-01
9.983029365539550781e-01
9.985381960868835449e-01
9.986653327941894531e-01
9.984550476074218750e-01
9.986985921859741211e-01
9.993807077407836914e-01
9.997423887252807617e-01
1.000000000000000000e+00
1.000000000000000000e+00
9.999782443046569824e-01
9.999083876609802246e-01
9.998775720596313477e-01
9.998753666877746582e-01
9.999320507049560547e-01
9.999928474426269531e-01
9.999969601631164551e-01
9.999991059303283691e-01
9.999979734420776367e-01
9.999899268150329590e-01
9.999780654907226562e-01
9.999698996543884277e-01
9.999608993530273438e-01
9.999463558197021484e-01
9.999432563781738281e-01
9.999550580978393555e-01
9.999752044677734375e-01
9.999988675117492676e-01
9.999997019767761230e-01
9.999980330467224121e-01
9.999908208847045898e-01
9.999877810478210449e-01
9.999890327453613281e-01
9.975021481513977051e-01
9.914099574089050293e-01
8.586970567703247070e-01
6.937276124954223633e-01
4.480022788047790527e-01
5.402688384056091309e-01
9.091638922691345215e-01
9.846733212471008301e-01
9.882256984710693359e-01
9.370381832122802734e-01
7.853698134422302246e-01
4.390003681182861328e-01
2.206700146198272705e-01
8.731132000684738159e-02
5.320838093757629395e-01
9.952604770660400391e-01
9.576404690742492676e-01
8.967477083206176758e-01
7.993662357330322266e-01
8.521090745925903320e-01
9.856481552124023438e-01
9.987754821777343750e-01
9.999705553054809570e-01
9.999676346778869629e-01
9.997163414955139160e-01
9.991433620452880859e-01
9.972950220108032227e-01
9.948890209197998047e-01
9.939894676208496094e-01
9.939475655555725098e-01
9.967583417892456055e-01
9.986143112182617188e-01
9.994226098060607910e-01
9.997460842132568359e-01
9.998971819877624512e-01
9.995527863502502441e-01
9.990842938423156738e-01
9.982593655586242676e-01
9.960736036300659180e-01
9.926154613494873047e-01
9.871292710304260254e-01
9.815446138381958008e-01
9.889822602272033691e-01
9.951839447021484375e-01
9.984585046768188477e-01
9.999437928199768066e-01
9.999819397926330566e-01
9.999807476997375488e-01
9.999688863754272461e-01
9.999375343322753906e-01
9.992271661758422852e-01
9.971163868904113770e-01
9.721192121505737305e-01
9.309077262878417969e-01
7.955943346023559570e-01
6.466069817543029785e-01
5.324909687042236328e-01
4.967481493949890137e-01
6.013569831848144531e-01
7.620694041252136230e-01
9.577551484107971191e-01
9.905107021331787109e-01
9.977107644081115723e-01
9.946030378341674805e-01
9.853004813194274902e-01
9.660295248031616211e-01
9.470764994621276855e-01
9.282804131507873535e-01
9.589281678199768066e-01
9.906827211380004883e-01
9.960266351699829102e-01
9.991806149482727051e-01
9.991288185119628906e-01
9.968726634979248047e-01
9.934931993484497070e-01
9.733686447143554688e-01
9.488726854324340820e-01
9.104713201522827148e-01
8.917598128318786621e-01
8.994925022125244141e-01
9.317650794982910156e-01
9.756088256835937500e-01
9.402503371238708496e-01
8.182439208030700684e-01
3.452023565769195557e-01
1.142009198665618896e-01
1.901873648166656494e-01
4.588116407394409180e-01
8.116710186004638672e-01
9.199340939521789551e-01
9.962644577026367188e-01
9.986701011657714844e-01
9.273330569267272949e-01
7.680576443672180176e-01
4.295693337917327881e-01
1.698199287056922913e-02
1.325834220189392454e-09
7.073952446035036701e-08
4.053277677940059220e-07
3.018484078347682953e-02
9.540806710720062256e-02
4.118021130561828613e-01
8.292427659034729004e-01
8.957364559173583984e-01
9.164224863052368164e-01
8.161178231239318848e-01
7.495971918106079102e-01
7.212229967117309570e-01
7.465901970863342285e-01
7.926334142684936523e-01
8.440802693367004395e-01
8.974630832672119141e-01
9.571943879127502441e-01
9.590837359428405762e-01
8.961311578750610352e-01
5.841805338859558105e-01
1.755628436803817749e-01
1.292450577020645142e-01
1.753821969032287598e-01
5.088912844657897949e-01
7.677943706512451172e-01
9.422723054885864258e-01
9.870280623435974121e-01
9.809241890907287598e-01
9.396987557411193848e-01
8.954488635063171387e-01
8.443809151649475098e-01
8.202490210533142090e-01
8.271951079368591309e-01
8.569084405899047852e-01
8.958109617233276367e-01
4.061771035194396973e-01
0.000000000000000000e+00
0.000000000000000000e+00
4.624284932271896334e-44
1.499389356827554266e-43
6.628886912949383259e-04
1.608405611477792263e-03
1.094120438210666180e-03
5.535134114325046539e-04
2.166308840969577432e-04
1.023051235824823380e-02
3.321483358740806580e-02
3.877099454402923584e-01
8.906022310256958008e-01
9.598820209503173828e-01
9.915637373924255371e-01
9.875416159629821777e-01
9.766823649406433105e-01
9.566509127616882324e-01
8.411221504211425781e-01
6.790496110916137695e-01
5.036497116088867188e-01
3.802471458911895752e-01
5.274287462234497070e-01
6.828776597976684570e-01
8.502839803695678711e-01
9.377809166908264160e-01
9.828885197639465332e-01
9.921557903289794922e-01
9.965770244598388672e-01
9.959970116615295410e-01
9.956385493278503418e-01
9.956330060958862305e-01
9.939143061637878418e-01
9.911902546882629395e-01
9.872148036956787109e-01
9.845221042633056641e-01
9.928288459777832031e-01
9.985003471374511719e-01
9.995096921920776367e-01
9.999372363090515137e-01
9.999839663505554199e-01
9.999923110008239746e-01
9.999919533729553223e-01
9.999723434448242188e-01
9.999545812606811523e-01
9.999404549598693848e-01
9.999418258666992188e-01
9.999545216560363770e-01
9.998850822448730469e-01
9.998081326484680176e-01
9.999120831489562988e-01
9.996883869171142578e-01
9.987000823020935059e-01
9.921866059303283691e-01
9.809849858283996582e-01
9.341936111450195312e-01
8.763542175292968750e-01
7.697346806526184082e-01
6.676031351089477539e-01
5.778896212577819824e-01
5.262082815170288086e-01
5.117930769920349121e-01
4.995568692684173584e-01
4.880647659301757812e-01
3.838811218738555908e-01
3.026416003704071045e-01
3.063139915466308594e-01
4.052881002426147461e-01
6.146085262298583984e-01
8.057644963264465332e-01
9.894460439682006836e-01
9.703380465507507324e-01
9.460057616233825684e-01
9.538977742195129395e-01
9.441854357719421387e-01
9.101508259773254395e-01
8.490058779716491699e-01
7.738857865333557129e-01
8.100309371948242188e-01
8.598991036415100098e-01
9.159581065177917480e-01
9.565105438232421875e-01
9.709792733192443848e-01
9.801938533782958984e-01
9.860295057296752930e-01
9.917970299720764160e-01
9.972013235092163086e-01
9.988422989845275879e-01
9.999654293060302734e-01
9.999893307685852051e-01
9.999999403953552246e-01
9.999999403953552246e-01
9.999713897705078125e-01
9.995169639587402344e-01
9.857667088508605957e-01
9.616962671279907227e-01
9.092897772789001465e-01
8.745361566543579102e-01
8.573408126831054688e-01
9.091352820396423340e-01
9.857508540153503418e-01
9.913610816001892090e-01
9.924519658088684082e-01
9.840044975280761719e-01
9.755950570106506348e-01
9.672234654426574707e-01
9.703109860420227051e-01
9.788406491279602051e-01
9.593467712402343750e-01
9.426367282867431641e-01
9.576691985130310059e-01
9.737899899482727051e-01
9.917082786560058594e-01
9.990917444229125977e-01
9.998480677604675293e-01
9.999663829803466797e-01
9.999205470085144043e-01
9.993206858634948730e-01
9.909951090812683105e-01
9.657520055770874023e-01
9.271000027656555176e-01
8.774235248565673828e-01
9.175617098808288574e-01
9.822216033935546875e-01
9.899078607559204102e-01
9.962647557258605957e-01
9.985351562500000000e-01
9.997940659523010254e-01
9.999507069587707520e-01
9.999937415122985840e-01
9.999902248382568359e-01
9.999371767044067383e-01
9.998566508293151855e-01
9.996590614318847656e-01
9.988443255424499512e-01
9.971132278442382812e-01
9.839145541191101074e-01
9.641240835189819336e-01
9.111117720603942871e-01
8.614836335182189941e-01
8.916081190109252930e-01
9.012154936790466309e-01
8.689984679222106934e-01
7.884456515312194824e-01
6.697448492050170898e-01
6.708920598030090332e-01
6.997452378273010254e-01
4.715858697891235352e-01
2.579627931118011475e-01
8.886151015758514404e-02
6.895064725540578365e-04
2.031284384429454803e-03
1.300075650215148926e-01
3.110491931438446045e-01
6.447856426239013672e-01
9.383920431137084961e-01
9.678900837898254395e-01
9.883384704589843750e-01
9.947468042373657227e-01
9.901669621467590332e-01
9.788560867309570312e-01
9.854832291603088379e-01
9.947785735130310059e-01
9.974482655525207520e-01
9.991420507431030273e-01
9.985665678977966309e-01
9.699617624282836914e-01
9.163205027580261230e-01
7.472796440124511719e-01
5.406683087348937988e-01
6.537145376205444336e-01
7.524846196174621582e-01
7.733547091484069824e-01
7.987574338912963867e-01
8.300670385360717773e-01
8.671278953552246094e-01
9.070727825164794922e-01
9.482509493827819824e-01
9.768437743186950684e-01
9.040765166282653809e-01
8.357503414154052734e-01
7.764078378677368164e-01
7.053862810134887695e-01
6.252611875534057617e-01
6.691870093345642090e-01
7.476207613945007324e-01
8.854288458824157715e-01
9.917360544204711914e-01
9.965043663978576660e-01
9.989104866981506348e-01
9.985576868057250977e-01
9.984413981437683105e-01
9.984326958656311035e-01
9.979236721992492676e-01
9.976340532302856445e-01
9.990754127502441406e-01
9.969989061355590820e-01
9.886097908020019531e-01
9.514967799186706543e-01
8.935945034027099609e-01
8.901044726371765137e-01
9.009252786636352539e-01
9.466332197189331055e-01
9.834105968475341797e-01
9.931812882423400879e-01
9.976743459701538086e-01
9.962410926818847656e-01
9.915843605995178223e-01
9.855097532272338867e-01
9.855630993843078613e-01
9.868457317352294922e-01
9.922772049903869629e-01
9.965233206748962402e-01
9.986615180969238281e-01
9.996946454048156738e-01
9.999289512634277344e-01
9.999864101409912109e-01
1.000000000000000000e+00
1.000000000000000000e+00
9.999986886978149414e-01
9.999931454658508301e-01
9.999871850013732910e-01
9.999807476997375488e-01
9.999765753746032715e-01
9.999734759330749512e-01
9.999763965606689453e-01
9.999797940254211426e-01
9.999826550483703613e-01
9.999859333038330078e-01
9.999899864196777344e-01
9.999856948852539062e-01
9.999749064445495605e-01
9.988906383514404297e-01
9.975022077560424805e-01
9.782173037528991699e-01
9.676122665405273438e-01
9.879587292671203613e-01
9.995470643043518066e-01
9.998840093612670898e-01
9.994432330131530762e-01
9.985932707786560059e-01
9.971623420715332031e-01
9.958899617195129395e-01
9.969685077667236328e-01
9.974758028984069824e-01
9.967111349105834961e-01
9.969916343688964844e-01
9.982085824012756348e-01
9.989594817161560059e-01
9.995492100715637207e-01
9.993113875389099121e-01
9.990729689598083496e-01
9.989953041076660156e-01
9.991523027420043945e-01
9.996731281280517578e-01
9.999144077301025391e-01
9.999753236770629883e-01
9.999859929084777832e-01
9.999864101409912109e-01
9.999942183494567871e-01
9.999875426292419434e-01
9.999391436576843262e-01
9.998800754547119141e-01
9.998090267181396484e-01
9.997189044952392578e-01
9.996200203895568848e-01
9.909735321998596191e-01
9.782426953315734863e-01
9.413070082664489746e-01
9.153556227684020996e-01
9.118056893348693848e-01
9.360523819923400879e-01
9.835820198059082031e-01
9.971044063568115234e-01
9.997753500938415527e-01
9.998522400856018066e-01
9.998498558998107910e-01
9.998275041580200195e-01
9.997580647468566895e-01
9.996180534362792969e-01
9.982839822769165039e-01
9.961964488029479980e-01
9.960365891456604004e-01
9.961293935775756836e-01
9.921551942825317383e-01
9.849509596824645996e-01
9.680843353271484375e-01
9.657767415046691895e-01
9.804148674011230469e-01
9.905061721801757812e-01
9.984086155891418457e-01
9.995991587638854980e-01
9.999084472656250000e-01
9.999486207962036133e-01
9.999284148216247559e-01
9.997739791870117188e-01
9.991707801818847656e-01
9.981560707092285156e-01
9.987486004829406738e-01
9.999307394027709961e-01
9.577983021736145020e-01
9.018101096153259277e-01
7.834551930427551270e-01
6.676709055900573730e-01
5.564116835594177246e-01
3.534963428974151611e-01
8.260161429643630981e-02
1.342155411839485168e-02
1.043561278493143618e-04
2.610702067613601685e-02
1.368910670280456543e-01
5.772959589958190918e-01
8.731949329376220703e-01
9.629199504852294922e-01
9.980201721191406250e-01
9.995840787887573242e-01
9.999136924743652344e-01
9.999849200248718262e-01
9.999755024909973145e-01
9.999673962593078613e-01
9.999633431434631348e-01
9.999468922615051270e-01
9.999153017997741699e-01
9.997887611389160156e-01
9.996132254600524902e-01
9.986941814422607422e-01
9.960546493530273438e-01
9.738256335258483887e-01
9.477695226669311523e-01
9.120072722434997559e-01
9.113358259201049805e-01
9.473444223403930664e-01
9.743581414222717285e-01
9.974255561828613281e-01
9.998591542243957520e-01
9.999983310699462891e-01
9.999977946281433105e-01
9.999660849571228027e-01
9.998660683631896973e-01
9.979801774024963379e-01
9.944305419921875000e-01
9.827066659927368164e-01
9.678822755813598633e-01
9.428412318229675293e-01
9.091287851333618164e-01
8.251288533210754395e-01
7.006685137748718262e-01
4.978459775447845459e-01
2.854726612567901611e-01
6.510716676712036133e-02
5.558338016271591187e-03
2.644344931468367577e-04
3.443104773759841919e-02
1.440114527940750122e-01
6.519008874893188477e-01
9.816910624504089355e-01
9.934654235839843750e-01
9.989094734191894531e-01
9.994515180587768555e-01
9.997316002845764160e-01
9.999322891235351562e-01
9.999497532844543457e-01
9.999507665634155273e-01
9.998988509178161621e-01
9.998036623001098633e-01
9.996362328529357910e-01
9.994103312492370605e-01
9.991416335105895996e-01
9.990363717079162598e-01
9.989773035049438477e-01
9.991343021392822266e-01
9.993114471435546875e-01
9.995604157447814941e-01
9.997165203094482422e-01
9.997243285179138184e-01
9.983105063438415527e-01
9.958981871604919434e-01
9.876291155815124512e-01
9.777919650077819824e-01
9.724151492118835449e-01
9.705990552902221680e-01
9.837436676025390625e-01
9.930325150489807129e-01
9.962841868400573730e-01
9.981614947319030762e-01
9.990801215171813965e-01
9.994973540306091309e-01
9.997808933258056641e-01
9.998455643653869629e-01
9.998995065689086914e-01
9.999180436134338379e-01
9.999402165412902832e-01
9.999681711196899414e-01
9.999685287475585938e-01
9.999493956565856934e-01
9.977760910987854004e-01
9.950197339057922363e-01
8.596748709678649902e-01
6.753784418106079102e-01
2.801081836223602295e-01
2.737017348408699036e-02
8.294446393847465515e-03
2.265550429001450539e-04
2.252690901514142752e-04
3.593053519725799561e-01
8.237786889076232910e-01
9.218758344650268555e-01
9.950875639915466309e-01
9.974470138549804688e-01
9.981296062469482422e-01
9.959055185317993164e-01
9.925196170806884766e-01
9.882342815399169922e-01
9.886627793312072754e-01
9.905706644058227539e-01
9.910122752189636230e-01
9.915361404418945312e-01
9.928963780403137207e-01
9.946374297142028809e-01
9.970945715904235840e-01
9.986448884010314941e-01
9.994274377822875977e-01
9.993094205856323242e-01
9.988722205162048340e-01
9.963776469230651855e-01
9.935404062271118164e-01
9.894127249717712402e-01
9.870736002922058105e-01
9.884603023529052734e-01
9.816130995750427246e-01
9.671258330345153809e-01
9.340278506278991699e-01
8.934732079505920410e-01
9.179643392562866211e-01
9.489434361457824707e-01
9.781361222267150879e-01
9.989441037178039551e-01
9.996249675750732422e-01
9.999815821647644043e-01
9.999950528144836426e-01
9.999982714653015137e-01
9.999967217445373535e-01
9.998691082000732422e-01
9.995905756950378418e-01
9.974018335342407227e-01
9.939274191856384277e-01
9.867790341377258301e-01
9.825818538665771484e-01
9.819749593734741211e-01
9.866911768913269043e-01
9.943867921829223633e-01
9.975803494453430176e-01
9.998295307159423828e-01
9.999121427536010742e-01
9.999791383743286133e-01
9.999902248382568359e-01
9.999965429306030273e-01
9.999958872795104980e-01
9.994502067565917969e-01
9.985402226448059082e-01
9.728568792343139648e-01
9.406021237373352051e-01
8.851922750473022461e-01
8.440193533897399902e-01
8.739042878150939941e-01
9.073428511619567871e-01
9.468550682067871094e-01
9.499278068542480469e-01
9.229772686958312988e-01
8.804525732994079590e-01
8.322867155075073242e-01
8.455470204353332520e-01
8.670294284820556641e-01
9.143949151039123535e-01
9.543712139129638672e-01
9.778466820716857910e-01
9.920473694801330566e-01
9.968161582946777344e-01
9.980969429016113281e-01
9.977629780769348145e-01
9.969356656074523926e-01
9.961137771606445312e-01
9.964867234230041504e-01
9.966771006584167480e-01
9.963147044181823730e-01
9.946579933166503906e-01
9.913222193717956543e-01
9.899131655693054199e-01
9.896904230117797852e-01
9.923314452171325684e-01
9.956616163253784180e-01
9.908272027969360352e-01
9.873114228248596191e-01
9.900572299957275391e-01
9.924220442771911621e-01
9.941460490226745605e-01
9.955080747604370117e-01
9.965841770172119141e-01
9.956317543983459473e-01
9.939731359481811523e-01
9.895531535148620605e-01
9.854944944381713867e-01
9.861004948616027832e-01
9.881371259689331055e-01
9.935697317123413086e-01
9.969145655632019043e-01
9.979768395423889160e-01
9.989442825317382812e-01
9.998623132705688477e-01
1.000000000000000000e+00
9.999509453773498535e-01
9.985107779502868652e-01
9.937639832496643066e-01
9.771659970283508301e-01
9.305602312088012695e-01
8.392061591148376465e-01
5.711196064949035645e-01
1.774683445692062378e-01
5.002627149224281311e-02
2.305688336491584778e-03
7.091871032031560210e-18
1.302254748480891067e-09
1.103522606626938796e-08
1.400808840990066528e-01
5.791890025138854980e-01
8.527843356132507324e-01
9.596858620643615723e-01
9.953549504280090332e-01
9.977232813835144043e-01
9.989724755287170410e-01
1.000000000000000000e+00
1.000000000000000000e+00
9.999361038208007812e-01
9.996590018272399902e-01
9.987885355949401855e-01
9.970640540122985840e-01
9.971555471420288086e-01
9.985027909278869629e-01
9.989993572235107422e-01
9.992436170578002930e-01
9.995571374893188477e-01
9.998350739479064941e-01
9.998576641082763672e-01
9.997418522834777832e-01
9.993220567703247070e-01
9.985152482986450195e-01
9.973119497299194336e-01
9.971659779548645020e-01
9.975402951240539551e-01
9.976921677589416504e-01
9.977651834487915039e-01
9.965755343437194824e-01
9.961326718330383301e-01
9.985325336456298828e-01
9.911879897117614746e-01
9.683638215065002441e-01
9.160729050636291504e-01
8.408561348915100098e-01
8.053780794143676758e-01
7.836750149726867676e-01
8.578262329101562500e-01
9.354014992713928223e-01
9.706069231033325195e-01
9.966259598731994629e-01
9.987786412239074707e-01
9.999333024024963379e-01
9.998880624771118164e-01
9.986462593078613281e-01
9.967101216316223145e-01
9.763581752777099609e-01
9.516301751136779785e-01
9.367999434471130371e-01
9.310312867164611816e-01
9.718789458274841309e-01
9.990629553794860840e-01
9.995926022529602051e-01
9.998480081558227539e-01
9.998442530632019043e-01
9.997944235801696777e-01
9.997239708900451660e-01
9.997518658638000488e-01
9.997977614402770996e-01
9.999094009399414062e-01
9.999912381172180176e-01
9.999659657478332520e-01
9.999451041221618652e-01
9.999311566352844238e-01
9.998270869255065918e-01
9.996538162231445312e-01
9.850617051124572754e-01
9.653625488281250000e-01
6.973584294319152832e-01
4.115048646926879883e-01
1.907749027013778687e-01
4.184428602457046509e-02
9.444301575422286987e-02
9.822562336921691895e-02
3.863636776804924011e-02
1.039052382111549377e-02
2.229799283668398857e-03
2.452290989458560944e-02
5.518845468759536743e-02
3.987284898757934570e-01
7.292299866676330566e-01
8.758632540702819824e-01
9.782727360725402832e-01
9.771015048027038574e-01
9.239250421524047852e-01
8.125810623168945312e-01
6.920530200004577637e-01
5.660068988800048828e-01
6.086311340332031250e-01
6.893504858016967773e-01
7.481942772865295410e-01
8.126535415649414062e-01
9.091481566429138184e-01
9.751627445220947266e-01
9.800304770469665527e-01
9.861252903938293457e-01
9.934116005897521973e-01
9.969992637634277344e-01
9.987792968750000000e-01
9.992096424102783203e-01
9.993836283683776855e-01
9.994090795516967773e-01
9.993466138839721680e-01
9.988875389099121094e-01
9.972977042198181152e-01
9.936071038246154785e-01
9.873598217964172363e-01
9.787178635597229004e-01
9.568440318107604980e-01
9.289014935493469238e-01
9.299224615097045898e-01
9.361682534217834473e-01
9.584653973579406738e-01
9.783645272254943848e-01
9.886034131050109863e-01
9.959393143653869629e-01
9.981827139854431152e-01
9.993566274642944336e-01
9.995762705802917480e-01
9.976995587348937988e-01
9.949086308479309082e-01
9.508349895477294922e-01
8.978616595268249512e-01
7.743472456932067871e-01
7.008885145187377930e-01
8.308556079864501953e-01
9.001567959785461426e-01
8.647658824920654297e-01
8.659268617630004883e-01
8.991457819938659668e-01
9.364932179450988770e-01
9.755107760429382324e-01
9.842354059219360352e-01
9.872813224792480469e-01
9.595831632614135742e-01
8.732254505157470703e-01
5.482850074768066406e-01
2.731803953647613525e-01
8.806744962930679321e-02
2.742422839219216257e-05
1.422926561644999310e-05
3.078610170632600784e-03
7.525729946792125702e-03
2.349839508533477783e-01
4.977791905403137207e-01
6.364524960517883301e-01
7.510738372802734375e-01
7.619696855545043945e-01
8.082994222640991211e-01
9.206295609474182129e-01
9.781934618949890137e-01
9.840488433837890625e-01
9.817845225334167480e-01
9.756513833999633789e-01
9.800695180892944336e-01
9.865152239799499512e-01
9.937614798545837402e-01
9.998270273208618164e-01
9.998912215232849121e-01
9.785138368606567383e-01
9.133765697479248047e-01
6.447256803512573242e-01
1.649882048368453979e-01
2.261370443467536541e-23
5.277116579912167313e-23
3.230202706694394157e-23
6.826746067443139167e-25
2.506547607481479645e-03
4.347022157162427902e-03
1.787198474630713463e-03
1.443278552226701095e-10
5.057118612761257737e-11
5.233992128594877613e-10
1.653710834936816809e-09
1.467636376619338989e-01
3.827072381973266602e-01
6.489129662513732910e-01
9.242843985557556152e-01
9.700039029121398926e-01
9.990243911743164062e-01
9.995796680450439453e-01
9.999874830245971680e-01
9.999912977218627930e-01
9.999907016754150391e-01
9.999842047691345215e-01
9.999732971191406250e-01
9.999592900276184082e-01
9.999574422836303711e-01
9.999598860740661621e-01
9.999144077301025391e-01
9.997254610061645508e-01
9.973942041397094727e-01
9.899753332138061523e-01
9.644125699996948242e-01
9.165809750556945801e-01
8.318995833396911621e-01
7.682733535766601562e-01
7.226470112800598145e-01
7.843141555786132812e-01
8.936585187911987305e-01
9.208557605743408203e-01
9.338427782058715820e-01
9.603863954544067383e-01
9.835311770439147949e-01
9.896470904350280762e-01
9.918138384819030762e-01
9.856467843055725098e-01
9.304318428039550781e-01
8.216336369514465332e-01
7.945457696914672852e-01
8.151781558990478516e-01
8.787999749183654785e-01
9.540837407112121582e-01
9.790248274803161621e-01
9.989451766014099121e-01
9.995087385177612305e-01
9.999354481697082520e-01
9.999706745147705078e-01
9.999925494194030762e-01
9.999954700469970703e-01
9.999976158142089844e-01
9.999991059303283691e-01
9.999996423721313477e-01
9.999997615814208984e-01
9.999995231628417969e-01
9.999990463256835938e-01
9.999936223030090332e-01
9.999598264694213867e-01
9.998005032539367676e-01
9.988482594490051270e-01
9.963373541831970215e-01
9.823482632637023926e-01
9.564291238784790039e-01
6.745478510856628418e-01
2.511533200740814209e-01
1.896291673183441162e-01
2.184545993804931641e-01
4.741652011871337891e-01
7.231286168098449707e-01
8.192741870880126953e-01
8.685911297798156738e-01
7.826041579246520996e-01
5.811262130737304688e-01
2.134080976247787476e-01
3.558073192834854126e-02
7.926634512841701508e-03
2.041083604353843839e-07
1.734255334895351552e-07
1.208206157343738596e-07
1.032496729749254882e-04
6.504990160465240479e-03
1.099274680018424988e-02
6.060307845473289490e-03
2.241807291284203529e-03
7.774440455250442028e-04
7.359713484394120112e-21
2.138003389508153718e-21
8.238153981210416532e-08
2.153570051177666755e-07
2.847209870815277100e-01
6.559654474258422852e-01
8.270568251609802246e-01
9.711314439773559570e-01
9.817293286323547363e-01
9.910675883293151855e-01
9.957436919212341309e-01
9.987865090370178223e-01
9.990198612213134766e-01
9.935388565063476562e-01
9.826554656028747559e-01
9.494398236274719238e-01
9.050992131233215332e-01
8.756846189498901367e-01
8.498116135597229004e-01
8.999786972999572754e-01
9.488016963005065918e-01
9.595920443534851074e-01
9.690151810646057129e-01
9.743511676788330078e-01
9.781940579414367676e-01
9.797932505607604980e-01
9.573023319244384766e-01
9.149841666221618652e-01
8.473596572875976562e-01
7.684926986694335938e-01
7.358023524284362793e-01
7.116774320602416992e-01
6.938407421112060547e-01
6.890659928321838379e-01
7.661025524139404297e-01
8.409356474876403809e-01
9.100332260131835938e-01
9.509863257408142090e-01
9.540976285934448242e-01
9.556146264076232910e-01
9.559351801872253418e-01
9.621481299400329590e-01
9.706887006759643555e-01
9.787260293960571289e-01
9.863275885581970215e-01
9.483636021614074707e-01
9.140096902847290039e-01
8.990820050239562988e-01
8.941974639892578125e-01
9.129468798637390137e-01
9.416250586509704590e-01
9.826450347900390625e-01
9.991858005523681641e-01
9.983862638473510742e-01
9.982026815414428711e-01
9.982489943504333496e-01
9.988124966621398926e-01
9.993014335632324219e-01
9.906576871871948242e-01
9.125751852989196777e-01
4.665614068508148193e-01
1.306556165218353271e-01
4.657654464244842529e-02
6.850048976048128679e-06
2.068241656161262654e-06
1.091000158339738846e-03
2.939742757007479668e-03
7.437340915203094482e-02
1.711585372686386108e-01
4.619298279285430908e-01
7.781269550323486328e-01
8.954448103904724121e-01
9.951402544975280762e-01
9.971740841865539551e-01
9.986531138420104980e-01
9.987952709197998047e-01
9.990434646606445312e-01
9.994298219680786133e-01
9.991883635520935059e-01
9.984855651855468750e-01
9.975560307502746582e-01
9.965400695800781250e-01
9.969533085823059082e-01
9.976011514663696289e-01
9.984683990478515625e-01
9.992331862449645996e-01
9.993699193000793457e-01
9.990854859352111816e-01
9.977130889892578125e-01
9.961805343627929688e-01
9.944282770156860352e-01
9.891038537025451660e-01
9.809014797210693359e-01
9.754712581634521484e-01
9.712438583374023438e-01
9.773359894752502441e-01
9.854814410209655762e-01
9.915991425514221191e-01
9.964400529861450195e-01
9.914358854293823242e-01
9.269571304321289062e-01
6.835390925407409668e-01
4.229662120342254639e-01
1.368335038423538208e-01
7.102913812673250504e-09
2.104025620397464991e-09
4.115838964935392141e-04
1.036567846313118935e-03
2.624139785766601562e-01
5.913818478584289551e-01
7.930039167404174805e-01
9.728546738624572754e-01
9.876289367675781250e-01
9.994173645973205566e-01
9.996886849403381348e-01
9.995355606079101562e-01
9.985659122467041016e-01
9.903240203857421875e-01
9.741517901420593262e-01
9.648293256759643555e-01
9.598629474639892578e-01
9.732226133346557617e-01
9.927505254745483398e-01
9.972904920578002930e-01
9.998224377632141113e-01
9.999005198478698730e-01
9.998631477355957031e-01
9.991775155067443848e-01
9.755311608314514160e-01
8.941520452499389648e-01
6.787558794021606445e-01
2.797288894653320312e-01
3.195486068725585938e-01
7.121699452400207520e-01
8.919827938079833984e-01
9.747788310050964355e-01
9.888964891433715820e-01
9.883313775062561035e-01
9.938364624977111816e-01
9.991417527198791504e-01
9.994960427284240723e-01
9.997107386589050293e-01
9.994350671768188477e-01
9.991992712020874023e-01
9.990351796150207520e-01
9.986295700073242188e-01
9.979689717292785645e-01
9.977075457572937012e-01
9.976959824562072754e-01
9.981410503387451172e-01
9.987406730651855469e-01
9.981113672256469727e-01
9.971750378608703613e-01
9.846693873405456543e-01
9.722054600715637207e-01
9.601748585700988770e-01
9.542652368545532227e-01
9.645283818244934082e-01
9.759602546691894531e-01
9.891911149024963379e-01
9.957797527313232422e-01
9.965635538101196289e-01
9.953916072845458984e-01
9.932287931442260742e-01
9.924255013465881348e-01
9.919812083244323730e-01
9.915891885757446289e-01
9.897583723068237305e-01
9.618230462074279785e-01
9.330580234527587891e-01
9.008535146713256836e-01
8.791180849075317383e-01
8.804040551185607910e-01
8.874665498733520508e-01
9.019100069999694824e-01
9.194931983947753906e-01
9.394109845161437988e-01
9.599582552909851074e-01
9.807096719741821289e-01
9.889181852340698242e-01
9.943926334381103516e-01
9.841454029083251953e-01
9.682939648628234863e-01
8.957257866859436035e-01
8.215447068214416504e-01
7.417542338371276855e-01
7.121654152870178223e-01
7.837611436843872070e-01
8.650045394897460938e-01
9.580981135368347168e-01
9.895346760749816895e-01
9.774233102798461914e-01
9.753381013870239258e-01
9.773244261741638184e-01
9.553414583206176758e-01
9.286599159240722656e-01
9.066340327262878418e-01
8.911393284797668457e-01
9.421663284301757812e-01
9.842940568923950195e-01
9.929391741752624512e-01
9.962595701217651367e-01
9.891610741615295410e-01
9.602423310279846191e-01
9.058200120925903320e-01
8.576225638389587402e-01
8.138852715492248535e-01
8.769466876983642578e-01
9.827727675437927246e-01
1.000000000000000000e+00
1.000000000000000000e+00
9.992657303810119629e-01
9.984139800071716309e-01
9.966269135475158691e-01
9.957214593887329102e-01
9.982126355171203613e-01
9.998884201049804688e-01
9.999210238456726074e-01
9.998360872268676758e-01
9.996085762977600098e-01
9.960544705390930176e-01
9.900677800178527832e-01
9.695124626159667969e-01
9.427387714385986328e-01
9.230265021324157715e-01
9.048709869384765625e-01
9.460824131965637207e-01
9.882604479789733887e-01
9.942433238029479980e-01
9.992038011550903320e-01
9.996370673179626465e-01
9.999468922615051270e-01
9.999806880950927734e-01
1.000000000000000000e+00
1.000000000000000000e+00
9.999985098838806152e-01
9.999958276748657227e-01
9.999903440475463867e-01
9.999835491180419922e-01
9.999663829803466797e-01
9.999464750289916992e-01
9.938065409660339355e-01
9.710397124290466309e-01
4.465785622596740723e-01
1.276243996916061568e-16
5.382313368138821408e-17
0.000000000000000000e+00
0.000000000000000000e+00
3.844806179404258728e-02
1.380677223205566406e-01
4.059282839298248291e-01
8.369379043579101562e-01
9.996568560600280762e-01
9.999111890792846680e-01
9.999861121177673340e-01
9.999983310699462891e-01
9.999750256538391113e-01
9.999459981918334961e-01
9.998551607131958008e-01
9.997416734695434570e-01
9.994311332702636719e-01
9.989165663719177246e-01
9.976521134376525879e-01
9.906426668167114258e-01
9.720042347908020020e-01
9.589038491249084473e-01
9.526240825653076172e-01
9.611606597900390625e-01
9.811112880706787109e-01
9.918725490570068359e-01
9.982753396034240723e-01
9.997227191925048828e-01
9.999106526374816895e-01
9.999338984489440918e-01
9.999237656593322754e-01
9.993013143539428711e-01
9.958357810974121094e-01
9.753823280334472656e-01
9.448835849761962891e-01
8.854275941848754883e-01
8.420060276985168457e-01
8.252059817314147949e-01
8.423448801040649414e-01
8.947919011116027832e-01
9.374373555183410645e-01
9.735385775566101074e-01
9.873720407485961914e-01
9.924960732460021973e-01
9.932308793067932129e-01
9.930768609046936035e-01
9.940555095672607422e-01
9.951642751693725586e-01
9.973554015159606934e-01
9.992282390594482422e-01
9.995940327644348145e-01
9.998441934585571289e-01
9.998074173927307129e-01
9.997066259384155273e-01
9.995105266571044922e-01
9.994796514511108398e-01
9.996068477630615234e-01
9.996963143348693848e-01
9.997634291648864746e-01
9.992258548736572266e-01
9.984690546989440918e-01
9.885852336883544922e-01
9.770834445953369141e-01
9.111660122871398926e-01
8.466184139251708984e-01
8.301143050193786621e-01
8.338394761085510254e-01
9.279576539993286133e-01
9.929807186126708984e-01
9.874056577682495117e-01
9.832159280776977539e-01
9.810866117477416992e-01
9.843649864196777344e-01
9.927319884300231934e-01
9.884410500526428223e-01
9.765345454216003418e-01
9.421625137329101562e-01
8.997712731361389160e-01
8.468449115753173828e-01
7.921110987663269043e-01
7.640012502670288086e-01
7.418213486671447754e-01
7.877349257469177246e-01
8.381193280220031738e-01
9.093866348266601562e-01
9.618054628372192383e-01
9.653432965278625488e-01
9.686184525489807129e-01
9.715030193328857422e-01
9.800627231597900391e-01
9.943699836730957031e-01
8.598879575729370117e-01
6.294318437576293945e-01
4.110269248485565186e-01
1.982286721467971802e-01
2.165812849998474121e-01
2.861981987953186035e-01
5.380928516387939453e-01
7.993269562721252441e-01
8.982603549957275391e-01
9.845809340476989746e-01
9.917592406272888184e-01
9.969447851181030273e-01
9.960897564888000488e-01
9.936251640319824219e-01
9.881922006607055664e-01
9.715059399604797363e-01
9.417164921760559082e-01
9.386574625968933105e-01
9.561048150062561035e-01
9.627824425697326660e-01
9.641368389129638672e-01
9.216217994689941406e-01
8.663128614425659180e-01
7.471041083335876465e-01
6.188804507255554199e-01
3.586683571338653564e-01
1.162611246109008789e-01
7.046016305685043335e-02
8.890868723392486572e-02
3.757284283638000488e-01
6.412365436553955078e-01
8.563308119773864746e-01
9.875305294990539551e-01
9.938529133796691895e-01
9.961793422698974609e-01
9.946119189262390137e-01
9.929346442222595215e-01
9.911805987358093262e-01
9.924671053886413574e-01
9.949825406074523926e-01
9.971647858619689941e-01
9.992665052413940430e-01
9.982554316520690918e-01
9.963021278381347656e-01
9.598763585090637207e-01
8.885210156440734863e-01
5.691015720367431641e-01
2.872094810009002686e-01
1.377468407154083252e-01
4.107796028256416321e-02
5.400960892438888550e-02
2.283520400524139404e-01
6.181572675704956055e-01
8.556824326515197754e-01
9.595063924789428711e-01
9.984892606735229492e-01
9.995862245559692383e-01
9.999132752418518066e-01
9.999556541442871094e-01
9.999637603759765625e-01
9.999648332595825195e-01
9.999497532844543457e-01
9.999296665191650391e-01
9.997957348823547363e-01
9.993169903755187988e-01
9.965682625770568848e-01
9.892230033874511719e-01
9.665776491165161133e-01
9.483391046524047852e-01
9.388414025306701660e-01
9.415773749351501465e-01
9.602851271629333496e-01
9.707470536231994629e-01
9.738544821739196777e-01
9.698359966278076172e-01
9.615805745124816895e-01
9.652436375617980957e-01
9.734103679656982422e-01
9.806675314903259277e-01
9.877516627311706543e-01
9.894419908523559570e-01
9.906560182571411133e-01
9.912018775939941406e-01
9.915589690208435059e-01
9.904840588569641113e-01
9.865632057189941406e-01
9.723016023635864258e-01
9.367272853851318359e-01
8.545242547988891602e-01
6.331556439399719238e-01
2.103401422500610352e-01
8.752151625230908394e-04
2.500584523659199476e-04
1.919996342621743679e-03
5.132977385073900223e-03
3.511540591716766357e-01
8.466271758079528809e-01
9.713395833969116211e-01
9.967300295829772949e-01
9.998003244400024414e-01
9.999346137046813965e-01
9.999600052833557129e-01
9.999818205833435059e-01
9.999858736991882324e-01
9.999873042106628418e-01
9.999758005142211914e-01
9.999141097068786621e-01
9.997129440307617188e-01
9.995138049125671387e-01
9.993168711662292480e-01
9.993449449539184570e-01
9.996445178985595703e-01
9.997777938842773438e-01
9.997717142105102539e-01
9.993457794189453125e-01
9.986812472343444824e-01
9.964496493339538574e-01
9.936370849609375000e-01
9.883564710617065430e-01
9.825361967086791992e-01
9.679271578788757324e-01
9.527801871299743652e-01
9.575791954994201660e-01
9.633127450942993164e-01
9.772974252700805664e-01
9.894520640373229980e-01
9.941202998161315918e-01
9.976915121078491211e-01
9.985081553459167480e-01
9.991310834884643555e-01
9.994311928749084473e-01
9.996099472045898438e-01
9.996522665023803711e-01
9.994096755981445312e-01
