9.948090910911560059e-01
9.958371520042419434e-01
9.985883831977844238e-01
9.994098544120788574e-01
9.995017051696777344e-01
9.988958835601806641e-01
9.937196373939514160e-01
9.876925945281982422e-01
9.810628294944763184e-01
9.894029498100280762e-01
9.939200282096862793e-01
9.937066435813903809e-01
9.887399077415466309e-01
9.874268174171447754e-01
9.896498322486877441e-01
9.956395626068115234e-01
9.989191889762878418e-01
9.999598264694213867e-01
9.999863505363464355e-01
9.998440742492675781e-01
9.993088841438293457e-01
9.966053962707519531e-01
9.962716698646545410e-01
9.970183372497558594e-01
9.960055947303771973e-01
9.959589242935180664e-01
9.965748190879821777e-01
9.979850053787231445e-01
9.884715676307678223e-01
9.804204702377319336e-01
9.945254921913146973e-01
8.956760168075561523e-01
7.891319990158081055e-01
7.822067141532897949e-01
7.746388316154479980e-01
7.841038703918457031e-01
8.368432521820068359e-01
8.892921805381774902e-01
9.366544485092163086e-01
9.729733467102050781e-01
9.864183664321899414e-01
9.858124256134033203e-01
9.674564599990844727e-01
9.593802690505981445e-01
9.664819836616516113e-01
9.958297014236450195e-01
9.995882511138916016e-01
9.995721578598022461e-01
9.985229372978210449e-01
9.991611838340759277e-01
9.997082352638244629e-01
9.999622106552124023e-01
9.999524354934692383e-01
9.999040961265563965e-01
9.998268485069274902e-01
9.998312592506408691e-01
9.998350739479064941e-01
9.998319745063781738e-01
9.992416501045227051e-01
9.954712390899658203e-01
9.888109564781188965e-01
9.826020002365112305e-01
9.857010841369628906e-01
9.955321550369262695e-01
9.920910000801086426e-01
9.879411458969116211e-01
9.842180609703063965e-01
9.903114438056945801e-01
9.950325489044189453e-01
9.985017776489257812e-01
9.993931651115417480e-01
9.989881515502929688e-01
9.971257448196411133e-01
9.909852743148803711e-01
9.856100678443908691e-01
9.816980361938476562e-01
9.832149147987365723e-01
9.872607588768005371e-01
9.876098036766052246e-01
9.665043354034423828e-01
6.567291617393493652e-01
2.682180106639862061e-01
5.911624431610107422e-02
1.164533652237469206e-17
0.000000000000000000e+00
0.000000000000000000e+00
0.000000000000000000e+00
8.875371141151000565e-14
4.453816059447196496e-13
2.392204478383064270e-02
2.109254896640777588e-01
8.167124986648559570e-01
9.758374691009521484e-01
9.996657967567443848e-01
9.999327659606933594e-01
9.999936819076538086e-01
9.999958872795104980e-01
9.999824166297912598e-01
9.996971487998962402e-01
9.981465339660644531e-01
9.941040277481079102e-01
9.947146177291870117e-01
9.964749813079833984e-01
9.986723065376281738e-01
9.993183612823486328e-01
9.992558360099792480e-01
9.984135031700134277e-01
9.872956275939941406e-01
9.075825810432434082e-01
7.170962095260620117e-01
8.071031570434570312e-01
9.146211743354797363e-01
9.921102523803710938e-01
1.000000000000000000e+00
8.688051700592041016e-01
5.460494160652160645e-01
4.280663430690765381e-01
4.548835754394531250e-01
6.546945571899414062e-01
8.607512116432189941e-01
9.839752912521362305e-01
9.990435242652893066e-01
9.999539256095886230e-01
9.998728632926940918e-01
9.996705651283264160e-01
9.993215799331665039e-01
9.967511296272277832e-01
9.915633201599121094e-01
8.346607685089111328e-01
7.654494047164916992e-01
8.011431097984313965e-01
9.312924146652221680e-01
1.000000000000000000e+00
1.000000000000000000e+00
6.868030428886413574e-01
5.782993435859680176e-01
6.852527856826782227e-01
8.256424069404602051e-01
9.253539443016052246e-01
9.837893247604370117e-01
9.919934868812561035e-01
9.955684542655944824e-01
9.945982098579406738e-01
9.879856109619140625e-01
9.650721549987792969e-01
9.262464046478271484e-01
8.551611304283142090e-01
8.737937808036804199e-01
9.675543308258056641e-01
8.564432263374328613e-01
6.847884058952331543e-01
4.714311957359313965e-01
6.040753126144409180e-01
7.638655304908752441e-01
9.412767291069030762e-01
9.778042435646057129e-01
9.965070486068725586e-01
9.998625516891479492e-01
9.995287060737609863e-01
9.975477457046508789e-01
9.905601143836975098e-01
9.099641442298889160e-01
5.667211413383483887e-01
3.387936577200889587e-02
1.066388469189405441e-02
1.742372405715286732e-04
1.995715574594214559e-04
2.950245281681418419e-03
1.281074136495590210e-01
3.566640019416809082e-01
6.664302349090576172e-01
8.586608171463012695e-01
9.520398974418640137e-01
9.692678451538085938e-01
9.814409613609313965e-01
9.893991351127624512e-01
9.939138889312744141e-01
9.966380596160888672e-01
9.979186654090881348e-01
9.988637566566467285e-01
9.992907643318176270e-01
9.992983341217041016e-01
9.992123246192932129e-01
9.992309212684631348e-01
9.993466734886169434e-01
9.996907711029052734e-01
9.998965263366699219e-01
9.999858140945434570e-01
9.999929666519165039e-01
9.998934268951416016e-01
9.995980858802795410e-01
9.972317814826965332e-01
9.901184439659118652e-01
9.768888354301452637e-01
9.184473156929016113e-01
8.822404146194458008e-01
8.678826093673706055e-01
9.280821084976196289e-01
9.689398407936096191e-01
9.917311072349548340e-01
9.776073694229125977e-01
8.784577250480651855e-01
7.091716527938842773e-01
6.670124530792236328e-01
7.494037151336669922e-01
9.383745193481445312e-01
9.792737960815429688e-01
9.992324709892272949e-01
9.999604225158691406e-01
9.999834299087524414e-01
9.999862909317016602e-01
9.999688863754272461e-01
9.998111724853515625e-01
9.993964433670043945e-01
9.987344145774841309e-01
9.993100166320800781e-01
9.997053146362304688e-01
9.999186992645263672e-01
9.999606013298034668e-01
9.999699592590332031e-01
9.999466538429260254e-01
9.988922476768493652e-01
9.966146349906921387e-01
9.930132031440734863e-01
9.932025671005249023e-01
9.952476024627685547e-01
9.992926120758056641e-01
9.997869133949279785e-01
9.998582601547241211e-01
9.995980262756347656e-01
9.889536499977111816e-01
9.723594188690185547e-01
9.489892721176147461e-01
9.462332725524902344e-01
9.457610845565795898e-01
9.464811682701110840e-01
9.153198003768920898e-01
9.064087867736816406e-01
9.326356053352355957e-01
9.685711860656738281e-01
9.926574230194091797e-01
9.975414872169494629e-01
9.742599725723266602e-01
7.841706871986389160e-01
3.342578411102294922e-01
3.602688908576965332e-01
5.429173707962036133e-01
8.796520233154296875e-01
9.618197083473205566e-01
9.858712553977966309e-01
9.784376621246337891e-01
9.845772385597229004e-01
9.919919371604919434e-01
9.969682693481445312e-01
9.984894394874572754e-01
9.990972876548767090e-01
9.992966055870056152e-01
9.996256828308105469e-01
9.998998641967773438e-01
9.999719262123107910e-01
9.999893307685852051e-01
9.999917149543762207e-01
9.999930262565612793e-01
9.999914765357971191e-01
9.999784231185913086e-01
9.999350905418395996e-01
9.998318552970886230e-01
9.996784925460815430e-01
9.994285702705383301e-01
9.991195201873779297e-01
9.987951517105102539e-01
9.984952211380004883e-01
9.968954920768737793e-01
9.850663542747497559e-01
9.337633848190307617e-01
6.354790329933166504e-01
3.024509847164154053e-01
3.401193916797637939e-01
5.307204127311706543e-01
7.825569510459899902e-01
9.412784576416015625e-01
9.992800354957580566e-01
9.999446272850036621e-01
9.998894333839416504e-01
9.998936653137207031e-01
9.999350905418395996e-01
9.999747276306152344e-01
9.999669790267944336e-01
9.993884563446044922e-01
9.923661947250366211e-01
7.615404725074768066e-01
3.830610811710357666e-01
4.843484461307525635e-01
6.800194978713989258e-01
9.513652920722961426e-01
9.788309931755065918e-01
9.946273565292358398e-01
9.991192817687988281e-01
9.974542856216430664e-01
7.606807351112365723e-01
2.696497738361358643e-01
1.223584264516830444e-01
7.976353913545608521e-02
1.496923863887786865e-01
4.791977405548095703e-01
7.627461552619934082e-01
9.603813886642456055e-01
9.815803170204162598e-01
9.813435077667236328e-01
9.759584665298461914e-01
7.027402520179748535e-01
3.840734958648681641e-01
5.213030055165290833e-02
9.779993706615641713e-05
5.271590128540992737e-02
2.130504697561264038e-01
4.930385649204254150e-01
7.634705901145935059e-01
9.457817077636718750e-01
9.769631028175354004e-01
9.238250255584716797e-01
7.532152533531188965e-01
6.283200383186340332e-01
6.066802740097045898e-01
8.799998164176940918e-01
9.779881834983825684e-01
9.997951984405517578e-01
9.999400973320007324e-01
9.999887943267822266e-01
9.999911785125732422e-01
9.999916553497314453e-01
9.981678724288940430e-01
9.953495860099792480e-01
9.926648736000061035e-01
9.933713078498840332e-01
9.957324862480163574e-01
9.925906062126159668e-01
9.772478342056274414e-01
9.542871117591857910e-01
9.619157910346984863e-01
9.745885133743286133e-01
9.914851784706115723e-01
9.917940497398376465e-01
8.119637370109558105e-01
4.481709599494934082e-01
5.417081117630004883e-01
4.199645817279815674e-01
2.806990034878253937e-02
1.979347784072160721e-03
1.706375926733016968e-01
5.772368311882019043e-01
8.274273872375488281e-01
9.786774516105651855e-01
9.951295852661132812e-01
9.986799955368041992e-01
9.995561838150024414e-01
9.994691014289855957e-01
9.962658882141113281e-01
9.873254299163818359e-01
9.662595987319946289e-01
9.704958200454711914e-01
9.823238849639892578e-01
9.944158196449279785e-01
9.981189370155334473e-01
9.811788797378540039e-01
8.968598842620849609e-01
5.688812732696533203e-01
1.976226866245269775e-01
1.895732730627059937e-01
4.614299237728118896e-01
8.512604236602783203e-01
9.376528859138488770e-01
9.827672243118286133e-01
9.982572793960571289e-01
9.957336783409118652e-01
9.948589801788330078e-01
9.953482151031494141e-01
9.962841272354125977e-01
9.975726008415222168e-01
9.992070198059082031e-01
9.996665716171264648e-01
9.999215602874755859e-01
9.999616146087646484e-01
9.999341964721679688e-01
9.998905062675476074e-01
9.998304247856140137e-01
9.998735785484313965e-01
9.999312758445739746e-01
9.999902844429016113e-01
9.999986290931701660e-01
9.999885559082031250e-01
9.999598264694213867e-01
9.998743534088134766e-01
9.997525215148925781e-01
9.995717406272888184e-01
9.996675848960876465e-01
9.998303651809692383e-01
9.998655319213867188e-01
9.998049139976501465e-01
9.995896220207214355e-01
9.987812042236328125e-01
9.952479600906372070e-01
9.879264235496520996e-01
9.617798328399658203e-01
9.142855405807495117e-01
8.596292734146118164e-01
9.548044800758361816e-01
1.000000000000000000e+00
1.000000000000000000e+00
7.527325749397277832e-01
5.140987634658813477e-01
2.855176627635955811e-01
3.918438553810119629e-01
6.076555252075195312e-01
9.480872750282287598e-01
9.935095906257629395e-01
9.992174506187438965e-01
9.996105432510375977e-01
9.998356103897094727e-01
9.999690055847167969e-01
9.999720454216003418e-01
9.998466968536376953e-01
9.996970295906066895e-01
9.995840787887573242e-01
9.997633099555969238e-01
9.999934434890747070e-01
9.999592304229736328e-01
9.997074604034423828e-01
9.994333386421203613e-01
9.997412562370300293e-01
9.998534321784973145e-01
9.998224973678588867e-01
9.996073246002197266e-01
9.994571805000305176e-01
9.993678331375122070e-01
9.996751546859741211e-01
9.998751282691955566e-01
9.999608993530273438e-01
9.999114274978637695e-01
9.996622800827026367e-01
9.991502761840820312e-01
9.984639883041381836e-01
9.984815120697021484e-01
9.997813105583190918e-01
9.979220628738403320e-01
9.933376312255859375e-01
9.838976860046386719e-01
9.711791276931762695e-01
9.619998335838317871e-01
9.672589302062988281e-01
9.786591529846191406e-01
9.911485910415649414e-01
9.967065453529357910e-01
9.991704821586608887e-01
9.997837543487548828e-01
9.994360208511352539e-01
9.968200922012329102e-01
9.926475882530212402e-01
9.907479882240295410e-01
9.907053112983703613e-01
9.924239516258239746e-01
9.608621597290039062e-01
9.106673002243041992e-01
8.382084369659423828e-01
8.687641024589538574e-01
9.175336956977844238e-01
9.803768396377563477e-01
9.947557449340820312e-01
9.985565543174743652e-01
9.985038638114929199e-01
9.945279359817504883e-01
9.905292391777038574e-01
9.899421930313110352e-01
9.932016134262084961e-01
9.974620342254638672e-01
9.990404248237609863e-01
9.992372393608093262e-01
9.986504316329956055e-01
9.979812502861022949e-01
9.978573918342590332e-01
9.980430603027343750e-01
9.954575300216674805e-01
9.916960597038269043e-01
9.867450594902038574e-01
9.919993281364440918e-01
9.964943528175354004e-01
9.994497299194335938e-01
9.995996356010437012e-01
9.961333870887756348e-01
9.867393374443054199e-01
9.725441932678222656e-01
8.535012006759643555e-01
4.715283513069152832e-01
2.106361389160156250e-01
8.313340693712234497e-02
3.027427196502685547e-01
6.461009383201599121e-01
9.965445995330810547e-01
9.990016222000122070e-01
9.999946355819702148e-01
9.999998807907104492e-01
9.999999403953552246e-01
9.999998211860656738e-01
9.999995231628417969e-01
9.165193438529968262e-01
6.966001391410827637e-01
3.092415034770965576e-01
2.185183167457580566e-01
3.052481710910797119e-01
6.435099840164184570e-01
8.578509092330932617e-01
9.803671240806579590e-01
9.405197501182556152e-01
8.671563267707824707e-01
8.057410717010498047e-01
8.294030427932739258e-01
9.054071307182312012e-01
9.939311742782592773e-01
9.980195760726928711e-01
9.997594952583312988e-01
9.998917579650878906e-01
9.998619556427001953e-01
9.997744560241699219e-01
9.996321797370910645e-01
9.994885921478271484e-01
9.993150234222412109e-01
9.991021156311035156e-01
9.960465431213378906e-01
9.334191083908081055e-01
7.615564465522766113e-01
3.457014560699462891e-01
1.858523683040402830e-05
3.975240815634606406e-06
8.709359730803278854e-13
5.208147340454161167e-04
3.292306326329708099e-03
1.636039614677429199e-01
4.143047928810119629e-01
7.010670304298400879e-01
8.668443560600280762e-01
9.377490878105163574e-01
9.725267887115478516e-01
9.929167032241821289e-01
9.974585175514221191e-01
9.543018341064453125e-01
8.111885786056518555e-01
5.177500247955322266e-01
3.040110170841217041e-01
1.978906244039535522e-01
3.037036359310150146e-01
6.135063171386718750e-01
9.173613190650939941e-01
9.750114679336547852e-01
9.955201745033264160e-01
9.977840781211853027e-01
9.981268048286437988e-01
9.985373616218566895e-01
9.984053373336791992e-01
9.843310117721557617e-01
9.199710488319396973e-01
8.047024607658386230e-01
8.659758567810058594e-01
9.301884174346923828e-01
9.858206510543823242e-01
9.958661794662475586e-01
9.980009198188781738e-01
9.985967278480529785e-01
9.986577033996582031e-01
9.985072016716003418e-01
9.981757402420043945e-01
9.976909160614013672e-01
9.956588149070739746e-01
9.840536117553710938e-01
9.568965435028076172e-01
9.215580224990844727e-01
9.474813342094421387e-01
9.728546738624572754e-01
9.976680278778076172e-01
9.993825554847717285e-01
9.972303509712219238e-01
9.912021160125732422e-01
9.480481147766113281e-01
8.927357196807861328e-01
8.240599036216735840e-01
8.950559496879577637e-01
9.873839616775512695e-01
9.961634874343872070e-01
9.991111755371093750e-01
9.991817474365234375e-01
9.997537732124328613e-01
9.998812675476074219e-01
9.996586441993713379e-01
9.987900853157043457e-01
9.950596094131469727e-01
9.881622195243835449e-01
8.317217230796813965e-01
6.481871604919433594e-01
4.396243393421173096e-01
6.142638921737670898e-01
8.344787955284118652e-01
9.640495777130126953e-01
9.995931982994079590e-01
9.998193979263305664e-01
9.995239973068237305e-01
9.992523193359375000e-01
9.990653395652770996e-01
9.997010231018066406e-01
1.000000000000000000e+00
1.000000000000000000e+00
9.995992779731750488e-01
9.984758496284484863e-01
9.964027404785156250e-01
9.599475860595703125e-01
8.887813687324523926e-01
7.563619613647460938e-01
6.454527974128723145e-01
5.430643558502197266e-01
4.486769735813140869e-01
4.429756700992584229e-01
5.000419616699218750e-01
6.982511281967163086e-01
8.568108677864074707e-01
9.832704067230224609e-01
9.936145544052124023e-01
9.993273019790649414e-01
9.997989535331726074e-01
9.999338388442993164e-01
9.999582767486572266e-01
9.998426437377929688e-01
9.979764223098754883e-01
9.943972229957580566e-01
9.870252609252929688e-01
9.888253808021545410e-01
9.922480583190917969e-01
9.826060533523559570e-01
8.755866289138793945e-01
6.944711804389953613e-01
3.314854800701141357e-01
2.848044335842132568e-01
5.693413615226745605e-01
5.505282282829284668e-01
4.793594479560852051e-01
3.574696183204650879e-01
6.884504556655883789e-01
9.946620464324951172e-01
9.749173521995544434e-01
9.233653545379638672e-01
8.812614679336547852e-01
9.550158977508544922e-01
9.876485466957092285e-01
9.935254454612731934e-01
9.968481659889221191e-01
9.989040493965148926e-01
9.996762871742248535e-01
9.988594651222229004e-01
9.967609047889709473e-01
9.927713871002197266e-01
9.902533888816833496e-01
9.717178344726562500e-01
9.096559286117553711e-01
7.752819657325744629e-01
6.752215623855590820e-01
9.076376557350158691e-01
6.121255755424499512e-01
3.474312543403357267e-04
7.100895978510379791e-03
1.777487248182296753e-01
5.186887383460998535e-01
7.392383813858032227e-01
7.799850106239318848e-01
5.372617840766906738e-01
4.910776913166046143e-01
5.311344265937805176e-01
6.925786137580871582e-01
7.895948886871337891e-01
8.568198084831237793e-01
9.088355302810668945e-01
9.509667158126831055e-01
9.853418469429016113e-01
9.922008514404296875e-01
9.552150964736938477e-01
8.687720894813537598e-01
3.829833865165710449e-01
9.724321961402893066e-02
2.511453628540039062e-01
5.760358572006225586e-01
8.787822127342224121e-01
9.608073234558105469e-01
9.919288158416748047e-01
9.976512193679809570e-01
9.989005327224731445e-01
9.993441104888916016e-01
9.991365075111389160e-01
9.992025494575500488e-01
9.990245103836059570e-01
9.985255002975463867e-01
9.968767762184143066e-01
9.943372607231140137e-01
9.902008175849914551e-01
9.671229124069213867e-01
9.454236626625061035e-01
9.562818408012390137e-01
9.725593924522399902e-01
9.907506704330444336e-01
9.904793500900268555e-01
9.918820261955261230e-01
9.949263930320739746e-01
9.973205327987670898e-01
9.984887838363647461e-01
9.977299571037292480e-01
9.827162623405456543e-01
9.284175634384155273e-01
7.700651288032531738e-01
4.209230542182922363e-01
4.169248417019844055e-02
1.265202462673187256e-02
7.324446778511628509e-05
2.630030940053984523e-05
2.949025249108672142e-03
2.179775685071945190e-01
7.010781168937683105e-01
8.918600678443908691e-01
9.949520826339721680e-01
9.953328371047973633e-01
9.825958609580993652e-01
9.667677283287048340e-01
9.563080072402954102e-01
9.682921767234802246e-01
9.769860506057739258e-01
7.176390886306762695e-01
4.451170265674591064e-01
1.590892374515533447e-01
2.011491805315017700e-01
4.183261692523956299e-01
8.968440294265747070e-01
9.928534030914306641e-01
9.694823622703552246e-01
8.705591559410095215e-01
6.351003646850585938e-01
3.655021786689758301e-01
3.831460177898406982e-01
5.822243690490722656e-01
9.369795918464660645e-01
9.797956347465515137e-01
9.997904300689697266e-01
9.999606013298034668e-01
9.999672770500183105e-01
9.999029636383056641e-01
9.997324347496032715e-01
9.992179274559020996e-01
9.986178874969482422e-01
9.983821511268615723e-01
9.982722997665405273e-01
9.982487559318542480e-01
9.965567588806152344e-01
9.963199496269226074e-01
9.979514479637145996e-01
9.964270591735839844e-01
9.949406385421752930e-01
9.946420788764953613e-01
9.961009025573730469e-01
9.979122877120971680e-01
9.982603192329406738e-01
9.967207908630371094e-01
9.940042495727539062e-01
9.948834180831909180e-01
9.963307976722717285e-01
9.984493851661682129e-01
9.985783100128173828e-01
9.979439377784729004e-01
9.962211251258850098e-01
9.969393014907836914e-01
9.983704090118408203e-01
9.994012713432312012e-01
9.998520016670227051e-01
9.999339580535888672e-01
9.999636411666870117e-01
9.999816417694091797e-01
9.999864697456359863e-01
9.999915957450866699e-01
9.999947547912597656e-01
9.999936223030090332e-01
9.999377727508544922e-01
9.995115995407104492e-01
9.975801706314086914e-01
9.727636575698852539e-01
9.284613132476806641e-01
7.752522230148315430e-01
7.609347701072692871e-01
8.998913764953613281e-01
8.813261389732360840e-01
8.857052326202392578e-01
9.704383015632629395e-01
9.945731163024902344e-01
9.984498023986816406e-01
9.981585144996643066e-01
9.974630475044250488e-01
9.964407682418823242e-01
9.937496781349182129e-01
9.925361871719360352e-01
9.929784536361694336e-01
9.963561892509460449e-01
9.990392923355102539e-01
9.995809197425842285e-01
9.998512864112854004e-01
9.999789595603942871e-01
9.998601078987121582e-01
9.998563528060913086e-01
9.999275803565979004e-01
9.999687671661376953e-01
9.999935626983642578e-01
9.999987483024597168e-01
9.999995827674865723e-01
9.999995231628417969e-01
9.999988079071044922e-01
9.999952316284179688e-01
9.999880790710449219e-01
9.999676942825317383e-01
9.999523162841796875e-01
9.999408721923828125e-01
9.999681711196899414e-01
9.999878406524658203e-01
9.999975562095642090e-01
9.999903440475463867e-01
9.999268651008605957e-01
9.997265934944152832e-01
9.997634291648864746e-01
9.998903274536132812e-01
9.999569058418273926e-01
9.999846220016479492e-01
9.999812841415405273e-01
9.998320937156677246e-01
9.997662305831909180e-01
9.998300671577453613e-01
9.998965859413146973e-01
9.999110102653503418e-01
9.997642040252685547e-01
9.998296499252319336e-01
9.999579787254333496e-01
9.996656179428100586e-01
9.995918273925781250e-01
9.997243881225585938e-01
9.997566938400268555e-01
9.996443986892700195e-01
9.992871880531311035e-01
9.986895322799682617e-01
9.982997775077819824e-01
9.989874958992004395e-01
9.985234737396240234e-01
9.826329946517944336e-01
6.570050120353698730e-01
3.452152609825134277e-01
4.929131269454956055e-02
2.602252364158630371e-01
5.579813718795776367e-01
9.056096076965332031e-01
9.269465804100036621e-01
8.511898517608642578e-01
9.156644344329833984e-01
9.530705809593200684e-01
9.701671600341796875e-01
9.869200587272644043e-01
9.976109862327575684e-01
9.995676279067993164e-01
9.999510049819946289e-01
9.999967217445373535e-01
9.999967813491821289e-01
9.999890327453613281e-01
9.999603629112243652e-01
9.997545480728149414e-01
9.926502108573913574e-01
9.788265228271484375e-01
9.897365570068359375e-01
9.985887408256530762e-01
9.997310638427734375e-01
8.692182302474975586e-01
7.296440005302429199e-01
7.317632436752319336e-01
7.981609106063842773e-01
9.063805341720581055e-01
9.536883234977722168e-01
9.830665588378906250e-01
9.890387058258056641e-01
9.931481480598449707e-01
9.964493513107299805e-01
9.984564185142517090e-01
9.993079304695129395e-01
9.995101094245910645e-01
9.986642599105834961e-01
9.986252188682556152e-01
9.993275403976440430e-01
9.948191642761230469e-01
9.673813581466674805e-01
8.983064889907836914e-01
7.564360499382019043e-01
6.576265096664428711e-01
8.482047915458679199e-01
9.508846998214721680e-01
9.940490126609802246e-01
9.960372447967529297e-01
9.962174892425537109e-01
9.940008521080017090e-01
9.760902523994445801e-01
9.309805631637573242e-01
8.172437548637390137e-01
7.180990576744079590e-01
6.512416005134582520e-01
8.408731818199157715e-01
9.557309746742248535e-01
9.966278076171875000e-01
9.785094857215881348e-01
8.444347381591796875e-01
4.865118265151977539e-01
2.397076636552810669e-01
7.001627236604690552e-02
1.049320921301841736e-01
4.240914881229400635e-01
9.561220407485961914e-01
9.846647381782531738e-01
9.978585243225097656e-01
9.995130896568298340e-01
9.999131560325622559e-01
9.999983906745910645e-01
9.999989867210388184e-01
9.999990463256835938e-01
9.999988079071044922e-01
9.999995827674865723e-01
9.999731779098510742e-01
9.999148249626159668e-01
9.998099803924560547e-01
9.997251629829406738e-01
9.997078180313110352e-01
9.995579719543457031e-01
9.993416070938110352e-01
9.990555644035339355e-01
9.990247488021850586e-01
9.992285370826721191e-01
9.994388818740844727e-01
9.993278980255126953e-01
9.985970854759216309e-01
9.974067807197570801e-01
9.962058663368225098e-01
9.957352280616760254e-01
9.963471293449401855e-01
9.977669715881347656e-01
9.921813011169433594e-01
9.775150418281555176e-01
9.489940404891967773e-01
9.315822720527648926e-01
9.259381890296936035e-01
9.534622430801391602e-01
9.749990105628967285e-01
9.920608401298522949e-01
9.822763800621032715e-01
9.658201932907104492e-01
9.408475756645202637e-01
9.335068464279174805e-01
9.311609268188476562e-01
9.341380596160888672e-01
6.985030174255371094e-01
3.521305024623870850e-01
1.256053447723388672e-01
8.718674071133136749e-03
1.008873991668224335e-02
2.852349579334259033e-01
5.922016501426696777e-01
8.947020173072814941e-01
9.910826683044433594e-01
9.998527169227600098e-01
9.999435544013977051e-01
9.986611604690551758e-01
9.961007833480834961e-01
9.314880371093750000e-01
8.314375877380371094e-01
6.704708933830261230e-01
4.396614730358123779e-01
2.082040607929229736e-01
1.204874813556671143e-01
3.697961866855621338e-01
8.934903144836425781e-01
9.656649231910705566e-01
9.991312623023986816e-01
9.996848106384277344e-01
9.996211528778076172e-01
9.992051720619201660e-01
9.979972839355468750e-01
9.975934028625488281e-01
9.977793097496032715e-01
9.951680302619934082e-01
9.938262104988098145e-01
9.945764541625976562e-01
9.969040155410766602e-01
9.992132186889648438e-01
9.997350573539733887e-01
9.992781281471252441e-01
9.980672597885131836e-01
9.764218330383300781e-01
9.065856933593750000e-01
7.666373848915100098e-01
5.192661285400390625e-01
2.907302677631378174e-01
2.220946699380874634e-01
4.599304199218750000e-01
8.667862415313720703e-01
3.166128695011138916e-01
4.457699560589389876e-06
6.562679004673555028e-07
1.642434810378290422e-08
2.711238700214835262e-08
7.261685475157264591e-09
7.058204710483551025e-02
1.739740669727325439e-01
6.378407031297683716e-02
1.286105136387050152e-03
3.264058614149689674e-04
1.419004838680848479e-04
1.114201149903237820e-04
9.708692959975451231e-05
5.504484215634875000e-05
2.690363116562366486e-02
6.520727872848510742e-01
9.995436072349548340e-01
9.993007183074951172e-01
9.978594183921813965e-01
9.966247677803039551e-01
9.966815114021301270e-01
9.942126870155334473e-01
9.779779314994812012e-01
7.077015638351440430e-01
4.091200828552246094e-01
7.508271187543869019e-02
1.111761853098869324e-02
2.845379709626172371e-09
7.447989447406655472e-10
2.004336280281293625e-11
9.613069705665111542e-03
2.281093895435333252e-01
4.098514914512634277e-01
5.455455183982849121e-01
5.722731351852416992e-01
6.331546306610107422e-01
8.641859292984008789e-01
8.469742536544799805e-01
6.821724176406860352e-01
3.270724117755889893e-01
9.546747058629989624e-02
2.419334091246128082e-02
1.862099394202232361e-02
7.437686622142791748e-02
2.905117571353912354e-01
5.652425289154052734e-01
8.683366179466247559e-01
9.216642975807189941e-01
9.623917341232299805e-01
9.857973456382751465e-01
9.921946525573730469e-01
9.945481419563293457e-01
9.957426190376281738e-01
9.954121708869934082e-01
9.911680221557617188e-01
6.633496880531311035e-01
3.546030521392822266e-01
7.393252104520797729e-02
4.134652763605117798e-02
1.377412676811218262e-01
5.077905654907226562e-01
7.347221374511718750e-01
8.630774021148681641e-01
9.164436459541320801e-01
9.590261578559875488e-01
9.859424233436584473e-01
9.952344894409179688e-01
9.988275766372680664e-01
9.989863634109497070e-01
9.990586042404174805e-01
9.990653395652770996e-01
9.984452724456787109e-01
7.989482283592224121e-01
2.393702715635299683e-01
6.038228049874305725e-02
1.487475540488958359e-02
1.454820297658443451e-02
7.603159546852111816e-02
1.905662417411804199e-01
6.056460738182067871e-01
7.158571481704711914e-01
1.564834713935852051e-01
5.439181040856055915e-05
2.816376974806189537e-03
2.760673500597476959e-02
2.185102105140686035e-01
5.718862414360046387e-01
6.358869075775146484e-01
7.010143995285034180e-01
8.494314551353454590e-01
9.094105958938598633e-01
9.223329424858093262e-01
8.615876436233520508e-01
7.456260323524475098e-01
5.669822096824645996e-01
4.492440819740295410e-01
4.289435148239135742e-01
6.690409183502197266e-01
8.288961052894592285e-01
9.406068325042724609e-01
9.611903429031372070e-01
9.795014262199401855e-01
9.947073459625244141e-01
9.967153668403625488e-01
9.911551475524902344e-01
9.679074883460998535e-01
9.352483153343200684e-01
8.961471319198608398e-01
8.292777538299560547e-01
7.690780162811279297e-01
7.206374406814575195e-01
7.905193567276000977e-01
8.917022347450256348e-01
9.648438692092895508e-01
9.988077282905578613e-01
9.998281002044677734e-01
9.998802542686462402e-01
9.998174309730529785e-01
9.996628165245056152e-01
9.992722272872924805e-01
9.987767934799194336e-01
9.982110857963562012e-01
9.980229735374450684e-01
9.982382655143737793e-01
9.984833002090454102e-01
9.986460804939270020e-01
9.985634088516235352e-01
9.965892434120178223e-01
9.932612776756286621e-01
9.812673330307006836e-01
9.621033072471618652e-01
9.331396818161010742e-01
7.494234442710876465e-01
5.024777650833129883e-01
1.478646695613861084e-01
1.059331233746199045e-16
3.140163720889117485e-18
3.083113098156786691e-09
2.026785612106323242e-01
7.702485322952270508e-01
9.545975923538208008e-01
9.999781847000122070e-01
9.999759197235107422e-01
9.986446499824523926e-01
9.960690140724182129e-01
8.429582715034484863e-01
5.946251153945922852e-01
1.497021764516830444e-01
1.603340804576873779e-01
4.026262462139129639e-01
7.845023870468139648e-01
9.984093904495239258e-01
9.997146129608154297e-01
9.999403357505798340e-01
9.999419450759887695e-01
9.999552965164184570e-01
9.999703764915466309e-01
9.999865889549255371e-01
9.999936819076538086e-01
9.999970197677612305e-01
9.999939203262329102e-01
9.999249577522277832e-01
9.994121789932250977e-01
9.960876107215881348e-01
9.930667281150817871e-01
9.903285503387451172e-01
9.901362061500549316e-01
9.884607791900634766e-01
9.822146296501159668e-01
5.800241231918334961e-01
5.435469560325145721e-03
1.974567538127303123e-03
1.201690713087279995e-35
1.899678401903419061e-36
4.303148671169765294e-05
1.189255416393280029e-01
7.349590063095092773e-01
9.983816146850585938e-01
9.999177455902099609e-01
9.998989701271057129e-01
9.986414313316345215e-01
9.950859546661376953e-01
9.738634228706359863e-01
9.441144466400146484e-01
9.004782438278198242e-01
9.141033291816711426e-01
9.895640015602111816e-01
9.983788728713989258e-01
9.966109395027160645e-01
9.952053427696228027e-01
9.965922832489013672e-01
9.996699690818786621e-01
9.997574090957641602e-01
9.995691180229187012e-01
9.989337921142578125e-01
9.920230507850646973e-01
9.788790345191955566e-01
9.395257234573364258e-01
9.079169034957885742e-01
8.835467696189880371e-01
9.206196665763854980e-01
9.541589617729187012e-01
9.606536030769348145e-01
9.592861533164978027e-01
9.550448656082153320e-01
9.833753108978271484e-01
1.000000000000000000e+00
1.000000000000000000e+00
9.997334480285644531e-01
9.930191636085510254e-01
9.549078345298767090e-01
9.583498239517211914e-01
9.963370561599731445e-01
9.996727705001831055e-01
9.999889731407165527e-01
9.999841451644897461e-01
9.998070597648620605e-01
9.994351267814636230e-01
9.971534013748168945e-01
9.947471022605895996e-01
9.921745657920837402e-01
9.926248192787170410e-01
9.941492080688476562e-01
9.972744584083557129e-01
9.991114139556884766e-01
9.999460577964782715e-01
9.999993443489074707e-01
1.000000000000000000e+00
1.000000000000000000e+00
9.999818801879882812e-01
9.998877644538879395e-01
9.988192915916442871e-01
9.965935945510864258e-01
9.928942322731018066e-01
9.957536458969116211e-01
9.993320703506469727e-01
9.997550845146179199e-01
9.955189228057861328e-01
9.876799583435058594e-01
7.578020095825195312e-01
4.942809343338012695e-01
1.883637756109237671e-01
3.221372961997985840e-01
6.452302932739257812e-01
7.850053310394287109e-01
8.901515603065490723e-01
9.502773284912109375e-01
9.807859063148498535e-01
1.000000000000000000e+00
1.000000000000000000e+00
9.996032714843750000e-01
9.988893866539001465e-01
9.933462142944335938e-01
9.780617952346801758e-01
9.409900307655334473e-01
8.426971435546875000e-01
7.261926531791687012e-01
8.645082712173461914e-01
9.590283036231994629e-01
9.918362498283386230e-01
9.972110390663146973e-01
9.834782481193542480e-01
9.081361889839172363e-01
7.202558517456054688e-01
4.339614212512969971e-01
3.556372523307800293e-01
3.955396413803100586e-01
6.899467706680297852e-01
7.794121503829956055e-01
7.538245916366577148e-01
6.008149385452270508e-01
4.094668924808502197e-01
1.569700986146926880e-01
1.479106992483139038e-01
2.477500140666961670e-01
5.558646917343139648e-01
7.549560666084289551e-01
8.433487415313720703e-01
8.228468298912048340e-01
8.119691610336303711e-01
8.860577940940856934e-01
9.399786591529846191e-01
9.807775616645812988e-01
9.862393736839294434e-01
9.775891900062561035e-01
9.437223076820373535e-01
7.734330892562866211e-01
5.487896800041198730e-01
3.379456996917724609e-01
3.595153391361236572e-01
6.676304936408996582e-01
8.480673432350158691e-01
9.749239683151245117e-01
9.918289780616760254e-01
9.995433688163757324e-01
9.998267292976379395e-01
9.998067617416381836e-01
9.995600581169128418e-01
9.988130331039428711e-01
9.954714179039001465e-01
9.908486604690551758e-01
9.906948804855346680e-01
9.925841093063354492e-01
9.977208971977233887e-01
9.993453621864318848e-01
9.997479915618896484e-01
9.995733499526977539e-01
9.992357492446899414e-01
9.987257122993469238e-01
9.894361495971679688e-01
9.578735828399658203e-01
8.529782295227050781e-01
6.466829180717468262e-01
3.683078885078430176e-01
1.639028638601303101e-01
2.198586612939834595e-02
7.560522295534610748e-03
6.239024549722671509e-02
1.640295535326004028e-01
5.641756653785705566e-01
6.004119515419006348e-01
1.109698042273521423e-01
2.981109719257801771e-05
2.442118898034095764e-02
2.000515460968017578e-01
4.979508817195892334e-01
9.167153239250183105e-01
9.343844652175903320e-01
9.036611914634704590e-01
9.175785183906555176e-01
9.284850955009460449e-01
9.373248219490051270e-01
9.506310820579528809e-01
9.639942049980163574e-01
9.769827723503112793e-01
9.854685068130493164e-01
9.915542602539062500e-01
9.912077188491821289e-01
9.873413443565368652e-01
9.783675670623779297e-01
8.967379331588745117e-01
7.558166980743408203e-01
3.694064319133758545e-01
1.373362690210342407e-01
6.358565390110015869e-02
1.596543341875076294e-01
3.553251326084136963e-01
8.082677721977233887e-01
1.000000000000000000e+00
1.000000000000000000e+00
9.253334999084472656e-01
8.726348876953125000e-01
8.829384446144104004e-01
9.158484935760498047e-01
9.593309164047241211e-01
9.558018445968627930e-01
9.584407806396484375e-01
9.710697531700134277e-01
9.841690063476562500e-01
9.962778687477111816e-01
9.984127283096313477e-01
9.960540533065795898e-01
9.884403944015502930e-01
9.461240768432617188e-01
9.086890816688537598e-01
9.278224110603332520e-01
9.574558734893798828e-01
9.960656762123107910e-01
1.000000000000000000e+00
9.859639406204223633e-01
9.316247701644897461e-01
8.855296373367309570e-01
8.445457220077514648e-01
8.903643488883972168e-01
9.355421066284179688e-01
9.753662347793579102e-01
9.923989176750183105e-01
9.985086321830749512e-01
9.899077415466308594e-01
9.798359870910644531e-01
9.675943255424499512e-01
9.753333926200866699e-01
9.885070919990539551e-01
9.958198666572570801e-01
9.997133016586303711e-01
9.998663663864135742e-01
9.999307394027709961e-01
9.999712705612182617e-01
9.999854564666748047e-01
9.999819993972778320e-01
9.999639391899108887e-01
9.998441934585571289e-01
9.963629841804504395e-01
9.832031726837158203e-01
9.079363346099853516e-01
7.935636043548583984e-01
6.203836798667907715e-01
5.440142750740051270e-01
6.740539669990539551e-01
8.252437710762023926e-01
9.810845255851745605e-01
9.881256222724914551e-01
9.917072057723999023e-01
9.898731112480163574e-01
9.914088249206542969e-01
9.934916496276855469e-01
9.901384115219116211e-01
9.903628826141357422e-01
9.949266910552978516e-01
9.972802996635437012e-01
9.988008737564086914e-01
9.987196326255798340e-01
9.988076686859130859e-01
9.990569949150085449e-01
9.994975328445434570e-01
9.998617768287658691e-01
9.998503923416137695e-01
9.994210004806518555e-01
9.986788630485534668e-01
9.978464841842651367e-01
9.974581599235534668e-01
9.982354044914245605e-01
9.990871548652648926e-01
9.999837279319763184e-01
9.988860487937927246e-01
9.973191022872924805e-01
9.948865175247192383e-01
9.897572994232177734e-01
9.831180572509765625e-01
9.697865843772888184e-01
9.607955813407897949e-01
9.586096405982971191e-01
9.702966213226318359e-01
9.859359264373779297e-01
9.925849437713623047e-01
9.971958398818969727e-01
9.992600679397583008e-01
9.998319745063781738e-01
9.999910593032836914e-01
9.999969601631164551e-01
9.999997019767761230e-01
9.999991059303283691e-01
9.999937415122985840e-01
9.998353719711303711e-01
9.990465044975280762e-01
9.912588000297546387e-01
9.776008129119873047e-01
9.700570106506347656e-01
9.665961265563964844e-01
9.735556840896606445e-01
9.810441732406616211e-01
9.888948798179626465e-01
9.927146434783935547e-01
9.958777427673339844e-01
9.980300664901733398e-01
9.992249011993408203e-01
9.998754858970642090e-01
9.999508261680603027e-01
9.999952912330627441e-01
9.999956488609313965e-01
9.999913573265075684e-01
9.999773502349853516e-01
9.997020959854125977e-01
9.970030784606933594e-01
9.902924895286560059e-01
9.839867949485778809e-01
9.772278070449829102e-01
9.625128507614135742e-01
9.536833167076110840e-01
9.531020522117614746e-01
9.680523276329040527e-01
9.863470196723937988e-01
9.925420284271240234e-01
9.896320104598999023e-01
9.758161902427673340e-01
9.599475860595703125e-01
9.500614404678344727e-01
9.780421257019042969e-01
9.940032362937927246e-01
9.975382089614868164e-01
9.983946681022644043e-01
9.986487627029418945e-01
9.985183477401733398e-01
9.973970651626586914e-01
9.953960776329040527e-01
9.926936626434326172e-01
9.901069402694702148e-01
9.883031845092773438e-01
9.874780774116516113e-01
9.874186515808105469e-01
9.892222881317138672e-01
9.911556839942932129e-01
9.928987622261047363e-01
9.957228302955627441e-01
9.992793202400207520e-01
9.997084140777587891e-01
9.998679161071777344e-01
9.998611807823181152e-01
9.998404383659362793e-01
9.998113512992858887e-01
9.987088441848754883e-01
9.974247217178344727e-01
9.958140254020690918e-01
9.963884353637695312e-01
9.981231093406677246e-01
9.986056089401245117e-01
9.982526302337646484e-01
9.962697625160217285e-01
9.653401970863342285e-01
9.226903319358825684e-01
9.622617363929748535e-01
9.900701642036437988e-01
9.973312616348266602e-01
9.995601773262023926e-01
9.987916350364685059e-01
9.799653291702270508e-01
9.537988305091857910e-01
9.160286188125610352e-01
9.255020022392272949e-01
9.526789784431457520e-01
9.805075526237487793e-01
9.961628913879394531e-01
9.941996932029724121e-01
9.556443691253662109e-01
8.847340941429138184e-01
6.095559000968933105e-01
3.357605338096618652e-01
6.380007416009902954e-02
6.295776693150401115e-04
8.560461057320251413e-17
3.043710656434616714e-17
3.288673440238198964e-07
1.062490468939358834e-06
5.638793110847473145e-03
1.125882752239704132e-02
6.151278968900442123e-03
2.563829533755779266e-02
7.360015809535980225e-02
3.848570287227630615e-01
7.306004762649536133e-01
8.919060826301574707e-01
9.179349541664123535e-01
7.965924739837646484e-01
4.763439595699310303e-01
2.155792713165283203e-01
5.163097381591796875e-01
7.533443570137023926e-01
9.246223568916320801e-01
9.627988338470458984e-01
9.731287956237792969e-01
9.825298190116882324e-01
9.907791614532470703e-01
9.978821277618408203e-01
9.946655631065368652e-01
9.838740825653076172e-01
9.466780424118041992e-01
9.219694137573242188e-01
9.092441797256469727e-01
9.534528255462646484e-01
9.981455206871032715e-01
9.993087053298950195e-01
9.997685551643371582e-01
9.995757341384887695e-01
9.985249042510986328e-01
9.976088404655456543e-01
9.979053735733032227e-01
9.978721737861633301e-01
9.975375533103942871e-01
9.756051301956176758e-01
9.379485249519348145e-01
8.491514325141906738e-01
8.679741024971008301e-01
9.837696552276611328e-01
9.998979568481445312e-01
9.997560381889343262e-01
9.993343949317932129e-01
9.990739226341247559e-01
9.989566802978515625e-01
9.987359046936035156e-01
9.975841641426086426e-01
9.926783442497253418e-01
9.904839396476745605e-01
9.907097220420837402e-01
9.947767257690429688e-01
9.987154006958007812e-01
9.995785355567932129e-01
9.999909400939941406e-01
9.999987483024597168e-01
9.999993443489074707e-01
9.999954700469970703e-01
9.999775886535644531e-01
9.994835257530212402e-01
9.985596537590026855e-01
9.953099489212036133e-01
9.919890761375427246e-01
9.900099635124206543e-01
9.912790060043334961e-01
9.955602884292602539e-01
9.977411031723022461e-01
9.992715716361999512e-01
9.995569586753845215e-01
9.983177781105041504e-01
9.956197738647460938e-01
9.823111295700073242e-01
9.716058373451232910e-01
9.828275442123413086e-01
9.900358915328979492e-01
9.932814836502075195e-01
9.867310523986816406e-01
9.702937006950378418e-01
9.131121039390563965e-01
8.158413767814636230e-01
6.771097779273986816e-01
3.422709703445434570e-01
5.503512918949127197e-02
2.791549563407897949e-01
5.486196279525756836e-01
8.675562739372253418e-01
8.971835374832153320e-01
8.536633253097534180e-01
7.855205535888671875e-01
7.917616367340087891e-01
8.836238384246826172e-01
9.450860619544982910e-01
9.923192262649536133e-01
9.946759939193725586e-01
9.937487244606018066e-01
9.887806177139282227e-01
9.904243350028991699e-01
9.903757572174072266e-01
9.587283134460449219e-01
9.417713284492492676e-01
9.443708658218383789e-01
9.635843038558959961e-01
9.862701296806335449e-01
9.883567094802856445e-01
9.298853278160095215e-01
7.841124534606933594e-01
6.971197724342346191e-01
6.412588953971862793e-01
7.320742607116699219e-01
8.262794017791748047e-01
9.258285760879516602e-01
9.647739529609680176e-01
9.787838459014892578e-01
9.806588292121887207e-01
9.485149383544921875e-01
8.567429780960083008e-01
4.874793291091918945e-01
2.672708615136798471e-05
1.302646007388830185e-03
1.501311063766479492e-01
5.874153971672058105e-01
8.304780721664428711e-01
9.745796322822570801e-01
9.861281514167785645e-01
9.943346381187438965e-01
9.984515905380249023e-01
9.996796846389770508e-01
9.992489814758300781e-01
9.995691776275634766e-01
9.998225569725036621e-01
9.998243451118469238e-01
9.998084306716918945e-01
9.997810721397399902e-01
9.992205500602722168e-01
9.978173971176147461e-01
9.940292239189147949e-01
9.944013357162475586e-01
9.978489279747009277e-01
9.991492033004760742e-01
9.999752640724182129e-01
9.999843239784240723e-01
9.999921917915344238e-01
9.999990463256835938e-01
1.000000000000000000e+00
1.000000000000000000e+00
1.000000000000000000e+00
9.999904632568359375e-01
9.999716281890869141e-01
9.997775554656982422e-01
9.993112087249755859e-01
9.974888563156127930e-01
9.917103052139282227e-01
9.814772009849548340e-01
9.743369221687316895e-01
9.705238938331604004e-01
9.866625666618347168e-01
9.969046711921691895e-01
9.993557929992675781e-01
9.999623894691467285e-01
9.999439716339111328e-01
9.997434616088867188e-01
9.993983507156372070e-01
9.988275766372680664e-01
9.986205697059631348e-01
9.985881447792053223e-01
9.994419217109680176e-01
1.000000000000000000e+00
1.000000000000000000e+00
1.000000000000000000e+00
1.000000000000000000e+00
1.000000000000000000e+00
9.992410540580749512e-01
9.967502951622009277e-01
9.960581064224243164e-01
9.964604973793029785e-01
9.981986880302429199e-01
9.996248483657836914e-01
9.998869895935058594e-01
9.999948143959045410e-01
9.999880790710449219e-01
9.988174438476562500e-01
9.959735870361328125e-01
9.873446226119995117e-01
9.762114286422729492e-01
9.628212451934814453e-01
9.429704546928405762e-01
9.286882877349853516e-01
9.498189091682434082e-01
9.719402194023132324e-01
9.951508641242980957e-01
1.000000000000000000e+00
1.000000000000000000e+00
1.000000000000000000e+00
1.000000000000000000e+00
1.000000000000000000e+00
9.011986255645751953e-01
7.704273462295532227e-01
7.026428580284118652e-01
7.093942165374755859e-01
8.443862795829772949e-01
9.289446473121643066e-01
9.901034832000732422e-01
9.953943490982055664e-01
9.988511204719543457e-01
9.984684586524963379e-01
9.983410239219665527e-01
9.983664155006408691e-01
9.983454942703247070e-01
9.984320402145385742e-01
9.988441467285156250e-01
9.992631077766418457e-01
9.996877312660217285e-01
9.998616576194763184e-01
9.999775290489196777e-01
9.999926090240478516e-01
1.000000000000000000e+00
1.000000000000000000e+00
1.000000000000000000e+00
9.999926090240478516e-01
9.999375939369201660e-01
9.997962713241577148e-01
9.995473027229309082e-01
9.985526800155639648e-01
9.973973035812377930e-01
9.972903728485107422e-01
9.975169897079467773e-01
9.982890486717224121e-01
9.969682693481445312e-01
9.945117831230163574e-01
9.255961775779724121e-01
8.829309344291687012e-01
8.976132273674011230e-01
9.314645528793334961e-01
9.767645597457885742e-01
9.908451437950134277e-01
9.998893737792968750e-01
9.999660849571228027e-01
1.000000000000000000e+00
1.000000000000000000e+00
9.999996423721313477e-01
9.999979734420776367e-01
9.999907016754150391e-01
9.999812841415405273e-01
9.999696612358093262e-01
9.995796084403991699e-01
9.985809922218322754e-01
9.932078123092651367e-01
9.882352948188781738e-01
9.838180541992187500e-01
9.892233610153198242e-01
9.980968236923217773e-01
9.991502165794372559e-01
9.998729825019836426e-01
9.999617338180541992e-01
9.999950528144836426e-01
9.999983906745910645e-01
9.999970197677612305e-01
9.999965429306030273e-01
9.999989867210388184e-01
1.000000000000000000e+00
1.000000000000000000e+00
9.999791979789733887e-01
9.998580217361450195e-01
9.993134737014770508e-01
9.965705871582031250e-01
9.915794134140014648e-01
9.738529920578002930e-01
9.531009197235107422e-01
9.331297278404235840e-01
9.298222064971923828e-01
9.500846266746520996e-01
9.728077054023742676e-01
9.958896040916442871e-01
9.979778528213500977e-01
9.994488954544067383e-01
9.996741414070129395e-01
9.998326897621154785e-01
9.999529123306274414e-01
9.999821186065673828e-01
9.999986886978149414e-01
9.999935030937194824e-01
9.999870657920837402e-01
9.999797344207763672e-01
9.988164305686950684e-01
9.864932298660278320e-01
9.179060459136962891e-01
9.034357666969299316e-01
9.507648944854736328e-01
9.773789048194885254e-01
9.964628815650939941e-01
9.984012246131896973e-01
9.996773004531860352e-01
9.998589754104614258e-01
9.999420046806335449e-01
9.999788999557495117e-01
9.999894499778747559e-01
9.999968409538269043e-01
9.999976754188537598e-01
9.999116063117980957e-01
9.997656941413879395e-01
9.942038059234619141e-01
9.882807135581970215e-01
9.835367202758789062e-01
9.838086962699890137e-01
9.891344904899597168e-01
9.941080212593078613e-01
9.985667467117309570e-01
9.992140531539916992e-01
9.996185302734375000e-01
9.996637105941772461e-01
9.997169971466064453e-01
9.997739791870117188e-01
9.998725056648254395e-01
9.999511837959289551e-01
9.999850988388061523e-01
9.999898076057434082e-01
9.999757409095764160e-01
9.999404549598693848e-01
9.998558163642883301e-01
9.995927214622497559e-01
9.959849715232849121e-01
9.891396760940551758e-01
9.744885563850402832e-01
9.540987014770507812e-01
9.017449021339416504e-01
8.497189879417419434e-01
7.981057167053222656e-01
8.312379121780395508e-01
8.991084098815917969e-01
9.565285444259643555e-01
9.969481825828552246e-01
9.990498423576354980e-01
9.999032616615295410e-01
9.999485015869140625e-01
9.999597072601318359e-01
9.999291300773620605e-01
9.997467398643493652e-01
9.993409514427185059e-01
9.987115859985351562e-01
9.981537461280822754e-01
9.976295232772827148e-01
9.972528815269470215e-01
9.973085522651672363e-01
9.980285763740539551e-01
9.970964789390563965e-01
9.954273104667663574e-01
9.860429763793945312e-01
9.810364842414855957e-01
9.870854616165161133e-01
9.925544857978820801e-01
9.976078867912292480e-01
9.990670680999755859e-01
9.998714327812194824e-01
9.999465942382812500e-01
9.999861121177673340e-01
9.999854564666748047e-01
9.998434782028198242e-01
9.995743036270141602e-01
9.980452656745910645e-01
9.973409175872802734e-01
9.981146454811096191e-01
9.989478588104248047e-01
9.998108744621276855e-01
9.999172091484069824e-01
9.999679923057556152e-01
9.999691247940063477e-01
9.999631047248840332e-01
9.999509453773498535e-01
9.999187588691711426e-01
9.998248219490051270e-01
9.993268251419067383e-01
9.966801404953002930e-01
9.910572171211242676e-01
9.838267564773559570e-01
9.759710431098937988e-01
9.724348783493041992e-01
9.703349471092224121e-01
9.716016054153442383e-01
9.703531265258789062e-01
9.673792719841003418e-01
4.657381474971771240e-01
5.690269083832508179e-14
3.758645955240225156e-13
2.000665292143821716e-03
6.258054170757532120e-03
7.298326492309570312e-02
1.583691388368606567e-01
2.259531170129776001e-01
2.154981642961502075e-01
5.736207589507102966e-02
1.702198559883072448e-08
1.178872444107526007e-09
3.787681834843681372e-10
8.087571710348129272e-03
4.459390789270401001e-02
3.271589279174804688e-01
8.438792824745178223e-01
9.685490131378173828e-01
9.951545000076293945e-01
9.964777827262878418e-01
7.739783525466918945e-01
1.902119815349578857e-01
6.351162928908138383e-10
2.248270666860285871e-11
2.845475323586095930e-34
0.000000000000000000e+00
0.000000000000000000e+00
8.755350791034288704e-06
2.486180164851248264e-05
4.632211327552795410e-01
9.538789987564086914e-01
9.774320721626281738e-01
9.860686659812927246e-01
9.735036492347717285e-01
8.633425235748291016e-01
7.113983631134033203e-01
3.408154845237731934e-01
6.553580611944198608e-02
4.499949142336845398e-02
3.268111348152160645e-01
8.418518900871276855e-01
9.581654071807861328e-01
9.987199306488037109e-01
9.994078278541564941e-01
9.998415708541870117e-01
9.999366998672485352e-01
9.999728202819824219e-01
9.999843835830688477e-01
9.997845888137817383e-01
9.993374943733215332e-01
9.982873797416687012e-01
9.974582195281982422e-01
9.967927932739257812e-01
9.976127147674560547e-01
9.986401796340942383e-01
9.995087385177612305e-01
9.999863505363464355e-01
9.999551177024841309e-01
9.998564720153808594e-01
9.997335672378540039e-01
9.998738169670104980e-01
9.998508095741271973e-01
9.994341135025024414e-01
9.959009885787963867e-01
9.901016950607299805e-01
9.749131798744201660e-01
9.620831012725830078e-01
9.715973734855651855e-01
9.807730913162231445e-01
9.895015358924865723e-01
9.945307374000549316e-01
9.980831742286682129e-01
9.989570975303649902e-01
9.996107816696166992e-01
9.997130036354064941e-01
9.998372793197631836e-01
9.999787211418151855e-01
1.000000000000000000e+00
9.999985098838806152e-01
9.999871253967285156e-01
9.999613165855407715e-01
9.999152421951293945e-01
9.999291300773620605e-01
9.999689459800720215e-01
9.999812245368957520e-01
9.999814629554748535e-01
9.999494552612304688e-01
9.990518689155578613e-01
9.974298477172851562e-01
9.809039235115051270e-01
9.567910432815551758e-01
8.956930041313171387e-01
8.471981883049011230e-01
8.182756900787353516e-01
8.061904311180114746e-01
8.023288846015930176e-01
9.119819402694702148e-01
1.000000000000000000e+00
1.000000000000000000e+00
8.500294089317321777e-01
5.586524009704589844e-01
4.029134809970855713e-01
3.080112338066101074e-01
5.265938639640808105e-01
7.289942502975463867e-01
9.020043015480041504e-01
9.727661013603210449e-01
9.846842288970947266e-01
9.816904664039611816e-01
9.636708498001098633e-01
8.894560933113098145e-01
7.644628882408142090e-01
5.838557481765747070e-01
5.454299449920654297e-01
5.607941150665283203e-01
8.024352788925170898e-01
9.744893312454223633e-01
9.924403429031372070e-01
9.998670816421508789e-01
9.999845027923583984e-01
1.000000000000000000e+00
9.999986290931701660e-01
9.999893307685852051e-01
9.999828338623046875e-01
9.999800920486450195e-01
9.999424219131469727e-01
9.998897910118103027e-01
9.974667429924011230e-01
9.529026746749877930e-01
7.878781557083129883e-01
6.552567481994628906e-01
5.506768822669982910e-01
6.499565243721008301e-01
7.887966632843017578e-01
8.465300202369689941e-01
9.045228958129882812e-01
9.630437493324279785e-01
9.898365736007690430e-01
9.987539649009704590e-01
9.997517466545104980e-01
9.999570846557617188e-01
9.999389052391052246e-01
9.999430179595947266e-01
9.999725222587585449e-01
9.999068975448608398e-01
9.998084902763366699e-01
9.997252821922302246e-01
9.997044801712036133e-01
9.998347163200378418e-01
9.999167323112487793e-01
9.999616146087646484e-01
9.999355077743530273e-01
9.998959898948669434e-01
9.998578429222106934e-01
9.998440742492675781e-01
9.998688697814941406e-01
9.995952844619750977e-01
9.991694092750549316e-01
9.980511665344238281e-01
9.970816373825073242e-01
9.968532323837280273e-01
9.973316788673400879e-01
9.985638856887817383e-01
9.993473291397094727e-01
9.999688863754272461e-01
9.999868273735046387e-01
9.999992251396179199e-01
9.999986290931701660e-01
9.999979138374328613e-01
9.999971389770507812e-01
9.999968409538269043e-01
9.999890327453613281e-01
9.999228119850158691e-01
9.975285530090332031e-01
9.914444088935852051e-01
9.818768501281738281e-01
9.704870581626892090e-01
9.602899551391601562e-01
9.412629008293151855e-01
8.869239091873168945e-01
8.777524828910827637e-01
9.193161129951477051e-01
9.578838348388671875e-01
9.950214624404907227e-01
9.977039098739624023e-01
9.996812343597412109e-01
9.998568296432495117e-01
9.999555349349975586e-01
9.999919533729553223e-01
9.999974370002746582e-01
9.999753236770629883e-01
9.997447133064270020e-01
9.979721307754516602e-01
9.934828877449035645e-01
9.870741963386535645e-01
9.795466065406799316e-01
9.828484654426574707e-01
9.878050684928894043e-01
9.949876070022583008e-01
9.990754127502441406e-01
9.991583228111267090e-01
9.887111783027648926e-01
9.738520979881286621e-01
8.537450432777404785e-01
7.446840405464172363e-01
6.800877451896667480e-01
7.245548963546752930e-01
8.744689822196960449e-01
9.320194721221923828e-01
9.625287055969238281e-01
9.834338426589965820e-01
9.976193904876708984e-01
9.968879222869873047e-01
9.970856904983520508e-01
9.979644417762756348e-01
9.987279176712036133e-01
9.993723034858703613e-01
9.992101192474365234e-01
9.987527132034301758e-01
9.978016018867492676e-01
9.976752996444702148e-01
9.980143308639526367e-01
9.984434247016906738e-01
9.987481236457824707e-01
9.984061717987060547e-01
9.984093904495239258e-01
9.988585710525512695e-01
9.993875622749328613e-01
9.999505281448364258e-01
9.999752640724182129e-01
9.997964501380920410e-01
9.989976286888122559e-01
9.816480278968811035e-01
9.473992586135864258e-01
9.115572571754455566e-01
8.767039179801940918e-01
9.091904163360595703e-01
9.433239698410034180e-01
9.816591143608093262e-01
9.992548227310180664e-01
9.998763799667358398e-01
9.999942183494567871e-01
9.999892711639404297e-01
9.998989701271057129e-01
9.997681975364685059e-01
9.995592236518859863e-01
9.995883107185363770e-01
9.997745156288146973e-01
9.998893141746520996e-01
9.999812841415405273e-01
9.999921917915344238e-01
9.999924302101135254e-01
9.999758005142211914e-01
9.951742887496948242e-01
9.877974390983581543e-01
6.292313337326049805e-01
2.741405069828033447e-01
9.973680227994918823e-02
9.939065203070640564e-04
2.462464908603578806e-04
3.257709613535553217e-04
7.655712543055415154e-04
7.531813532114028931e-02
2.345387637615203857e-01
6.872444748878479004e-01
9.446632266044616699e-01
9.876672029495239258e-01
9.991386532783508301e-01
9.993938803672790527e-01
9.911594390869140625e-01
9.704813957214355469e-01
9.137018918991088867e-01
8.876100182533264160e-01
8.901248574256896973e-01
7.239285111427307129e-01
5.200605392456054688e-01
6.084454059600830078e-01
7.087540030479431152e-01
8.377681970596313477e-01
9.198685884475708008e-01
9.640225768089294434e-01
9.832210540771484375e-01
9.957194328308105469e-01
9.969083666801452637e-01
9.974647760391235352e-01
9.967166781425476074e-01
9.966448545455932617e-01
9.970538616180419922e-01
9.968293309211730957e-01
9.964953064918518066e-01
9.962399601936340332e-01
9.958627223968505859e-01
9.952685832977294922e-01
9.788775444030761719e-01
9.526392817497253418e-01
8.339310884475708008e-01
7.287057638168334961e-01
8.097392320632934570e-01
8.856099843978881836e-01
9.531731605529785156e-01
9.784272313117980957e-01
9.797404408454895020e-01
8.152995705604553223e-01
6.459097862243652344e-01
5.581176877021789551e-01
5.430757999420166016e-01
6.346377134323120117e-01
5.940229296684265137e-01
4.861129522323608398e-01
6.582077145576477051e-01
8.379125595092773438e-01
9.334180355072021484e-01
9.902415871620178223e-01
9.951466321945190430e-01
9.966435432434082031e-01
9.965333938598632812e-01
9.750339388847351074e-01
9.038050770759582520e-01
6.236129403114318848e-01
3.699038326740264893e-01
1.497840285301208496e-01
1.067355945706367493e-01
1.416246443986892700e-01
3.885631859302520752e-01
6.384365558624267578e-01
8.547105193138122559e-01
9.794045686721801758e-01
9.943183064460754395e-01
9.888957738876342773e-01
9.750648140907287598e-01
8.697912693023681641e-01
7.941967248916625977e-01
8.445724844932556152e-01
9.007119536399841309e-01
9.635420441627502441e-01
9.888523817062377930e-01
9.991570711135864258e-01
9.985231161117553711e-01
9.864819645881652832e-01
9.348907470703125000e-01
8.907207250595092773e-01
8.548942804336547852e-01
8.783944249153137207e-01
9.247174263000488281e-01
9.571139216423034668e-01
9.837785959243774414e-01
9.916582703590393066e-01
9.960421919822692871e-01
9.965133070945739746e-01
9.963355064392089844e-01
9.959058165550231934e-01
9.974636435508728027e-01
9.988126158714294434e-01
9.992065429687500000e-01
9.995264410972595215e-01
9.997625350952148438e-01
9.914203882217407227e-01
9.797341823577880859e-01
9.771444797515869141e-01
9.755902886390686035e-01
9.767111539840698242e-01
9.691787362098693848e-01
9.517025947570800781e-01
9.426397681236267090e-01
9.369726777076721191e-01
9.671188592910766602e-01
9.931185245513916016e-01
9.973642826080322266e-01
9.861202239990234375e-01
9.563130140304565430e-01
9.345329999923706055e-01
9.161390066146850586e-01
9.369643330574035645e-01
9.566624760627746582e-01
9.634227752685546875e-01
9.679172039031982422e-01
9.695804715156555176e-01
9.785417914390563965e-01
9.907706379890441895e-01
9.943270683288574219e-01
9.954517483711242676e-01
9.882507324218750000e-01
9.843121767044067383e-01
9.847355484962463379e-01
9.843779206275939941e-01
9.836397171020507812e-01
9.842366576194763184e-01
9.839763045310974121e-01
9.787264466285705566e-01
9.801175594329833984e-01
9.911139607429504395e-01
9.964339733123779297e-01
9.987444877624511719e-01
9.953916668891906738e-01
9.909291863441467285e-01
9.836073517799377441e-01
9.804729223251342773e-01
9.839956760406494141e-01
9.893729686737060547e-01
9.958385825157165527e-01
9.979207515716552734e-01
9.992116093635559082e-01
9.993200302124023438e-01
9.995148181915283203e-01
9.998624324798583984e-01
9.992058277130126953e-01
9.978902339935302734e-01
9.802646040916442871e-01
9.401097297668457031e-01
7.062700986862182617e-01
5.418659448623657227e-01
5.164557695388793945e-01
5.991392731666564941e-01
7.615652084350585938e-01
8.665615320205688477e-01
9.501311779022216797e-01
8.941946625709533691e-01
7.171668410301208496e-01
2.572819590568542480e-01
3.197972476482391357e-02
5.722350906580686569e-03
0.000000000000000000e+00
4.568232993698903651e-43
1.919638766278566905e-41
1.508210450410842896e-01
7.189555764198303223e-01
7.123703956604003906e-01
1.445402950048446655e-01
3.753411147044971585e-05
8.423088729614391923e-05
9.983038902282714844e-02
2.539328634738922119e-01
5.897744894027709961e-01
7.910171747207641602e-01
8.364127278327941895e-01
6.319609880447387695e-01
3.212401270866394043e-01
1.410820186138153076e-01
9.614891314413398504e-05
3.530851972755044699e-05
1.986268180189654231e-04
6.716919015161693096e-04
3.130874931812286377e-01
7.860617637634277344e-01
9.181360006332397461e-01
9.982057809829711914e-01
9.950325489044189453e-01
9.924038052558898926e-01
9.906886219978332520e-01
9.321802258491516113e-01
8.371479511260986328e-01
4.312790334224700928e-01
7.409777026623487473e-03
2.998628653585910797e-03
1.604888402349183979e-14
4.926897157262041457e-15
1.809009816497564316e-03
5.049604922533035278e-03
4.125350713729858398e-01
9.099057316780090332e-01
9.518486261367797852e-01
9.836730360984802246e-01
9.874616265296936035e-01
9.923172593116760254e-01
9.982342123985290527e-01
9.997447133064270020e-01
9.996757507324218750e-01
9.998525977134704590e-01
9.999984502792358398e-01
9.999985098838806152e-01
9.999636411666870117e-01
9.998846650123596191e-01
9.960814714431762695e-01
9.905079007148742676e-01
6.529890298843383789e-01
3.098585009574890137e-01
1.183759272098541260e-01
1.676817762603661360e-15
4.671244826088801275e-16
2.215908308687629164e-28
5.825768599936282379e-28
2.028129529207944870e-06
2.450200542807579041e-02
3.280993103981018066e-01
6.180759072303771973e-01
8.782263398170471191e-01
9.973348975181579590e-01
9.993107914924621582e-01
9.985592961311340332e-01
9.969155788421630859e-01
9.859412312507629395e-01
9.745357036590576172e-01
9.618709683418273926e-01
9.602034091949462891e-01
9.705208539962768555e-01
9.822332859039306641e-01
9.945323467254638672e-01
9.745275974273681641e-01
9.364597797393798828e-01
8.212171196937561035e-01
7.055584788322448730e-01
5.891416072845458984e-01
5.855650305747985840e-01
6.467571854591369629e-01
7.967091798782348633e-01
9.475740194320678711e-01
9.785140156745910645e-01
9.992783665657043457e-01
9.993393421173095703e-01
9.786490201950073242e-01
9.415811300277709961e-01
5.179179906845092773e-01
3.232887820558971725e-06
1.389595013279176783e-06
2.448914985728189997e-12
8.432723920190343669e-13
5.555966403335332870e-03
1.722746528685092926e-02
3.539360165596008301e-01
8.268491625785827637e-01
9.227661490440368652e-01
9.784706234931945801e-01
9.654918909072875977e-01
8.589996695518493652e-01
6.074272394180297852e-01
5.840579867362976074e-01
7.003365755081176758e-01
8.219501972198486328e-01
9.252385497093200684e-01
7.890874743461608887e-01
7.418323159217834473e-01
9.014123678207397461e-01
7.794901132583618164e-01
4.063023626804351807e-01
2.061868309974670410e-01
6.241808831691741943e-02
1.804309785366058350e-01
3.328311741352081299e-01
5.970178842544555664e-01
7.968310713768005371e-01
9.127535223960876465e-01
9.628381133079528809e-01
9.790320396423339844e-01
9.427963495254516602e-01
9.018983244895935059e-01
8.769699931144714355e-01
8.845525383949279785e-01
9.560636878013610840e-01
9.900330901145935059e-01
9.947393536567687988e-01
9.952049255371093750e-01
9.945645928382873535e-01
9.976472258567810059e-01
9.980483055114746094e-01
9.898055195808410645e-01
9.206317663192749023e-01
7.801351547241210938e-01
5.180521011352539062e-01
2.005120068788528442e-01
1.734468936920166016e-01
2.292405217885971069e-01
6.385690569877624512e-01
9.207683205604553223e-01
9.756246805191040039e-01
9.990691542625427246e-01
9.997788667678833008e-01
9.999194145202636719e-01
9.999176859855651855e-01
9.998325705528259277e-01
9.997401237487792969e-01
9.996253848075866699e-01
9.996802806854248047e-01
9.999251961708068848e-01
9.998860359191894531e-01
9.997219443321228027e-01
9.988933205604553223e-01
9.965885281562805176e-01
9.855606555938720703e-01
9.614527821540832520e-01
9.140853881835937500e-01
8.675861358642578125e-01
8.216586112976074219e-01
8.223766684532165527e-01
8.341953158378601074e-01
8.282593488693237305e-01
8.253560066223144531e-01
8.319221735000610352e-01
8.660339117050170898e-01
9.319306612014770508e-01
9.704117774963378906e-01
9.962702989578247070e-01
9.993574023246765137e-01
9.999594688415527344e-01
9.998907446861267090e-01
9.985792040824890137e-01
9.949059486389160156e-01
9.781483411788940430e-01
9.512882232666015625e-01
9.420574307441711426e-01
9.377439618110656738e-01
9.624876379966735840e-01
9.838573336601257324e-01
9.930999875068664551e-01
9.986814260482788086e-01
9.995595216751098633e-01
9.999035000801086426e-01
9.999671578407287598e-01
9.996244907379150391e-01
9.983593821525573730e-01
9.886837005615234375e-01
9.760640263557434082e-01
9.568701982498168945e-01
9.541716575622558594e-01
9.662450551986694336e-01
9.797676205635070801e-01
9.937911629676818848e-01
9.917216897010803223e-01
9.826688170433044434e-01
9.441574811935424805e-01
8.603973984718322754e-01
7.064815759658813477e-01
6.496301293373107910e-01
6.553471684455871582e-01
7.495954632759094238e-01
8.603766560554504395e-01
9.191166758537292480e-01
9.669589400291442871e-01
9.831782579421997070e-01
9.939248561859130859e-01
9.985478520393371582e-01
9.964445233345031738e-01
9.912543892860412598e-01
9.624671339988708496e-01
9.222083687782287598e-01
8.136237859725952148e-01
7.526108026504516602e-01
7.886785268783569336e-01
8.482911586761474609e-01
9.276654720306396484e-01
9.571157693862915039e-01
9.706356525421142578e-01
8.625148534774780273e-01
7.599798440933227539e-01
6.962682008743286133e-01
6.955842375755310059e-01
7.894911170005798340e-01
8.768689632415771484e-01
9.599388241767883301e-01
9.862522482872009277e-01
1.000000000000000000e+00
1.000000000000000000e+00
9.992250204086303711e-01
9.961271882057189941e-01
9.950044155120849609e-01
9.961803555488586426e-01
9.941879510879516602e-01
9.906592965126037598e-01
9.309466481208801270e-01
8.524048328399658203e-01
6.677405238151550293e-01
5.062366724014282227e-01
3.959670364856719971e-01
4.272401034832000732e-01
5.881097912788391113e-01
7.556388378143310547e-01
9.256109595298767090e-01
9.613924622535705566e-01
9.849923849105834961e-01
9.874884486198425293e-01
9.908320307731628418e-01
9.956675767898559570e-01
9.984616041183471680e-01
9.997258186340332031e-01
9.996236562728881836e-01
9.991430640220642090e-01
9.989646673202514648e-01
9.988429546356201172e-01
9.989349842071533203e-01
9.989541172981262207e-01
9.988693594932556152e-01
9.982998371124267578e-01
9.974315762519836426e-01
9.961825609207153320e-01
9.947352409362792969e-01
9.900809526443481445e-01
9.824312925338745117e-01
9.654474854469299316e-01
9.561747312545776367e-01
9.562221169471740723e-01
9.675393700599670410e-01
9.846724271774291992e-01
9.926068186759948730e-01
9.986736774444580078e-01
9.992738366127014160e-01
9.995319247245788574e-01
9.989221692085266113e-01
9.856553673744201660e-01
9.591919779777526855e-01
9.478815197944641113e-01
9.432190060615539551e-01
9.671908020973205566e-01
9.919226169586181641e-01
9.963747262954711914e-01
9.995166659355163574e-01
9.997808337211608887e-01
9.999316930770874023e-01
9.999773502349853516e-01
9.999932050704956055e-01
9.999977946281433105e-01
9.999902844429016113e-01
9.999729990959167480e-01
9.998995065689086914e-01
9.994827508926391602e-01
9.984027743339538574e-01
9.865640401840209961e-01
9.657223224639892578e-01
9.426060318946838379e-01
9.187614321708679199e-01
9.377138018608093262e-01
9.572568535804748535e-01
9.683845043182373047e-01
9.786473512649536133e-01
9.873365759849548340e-01
9.934691190719604492e-01
9.976217746734619141e-01
9.991090893745422363e-01
9.997872710227966309e-01
9.997364282608032227e-01
9.996747374534606934e-01
9.996626377105712891e-01
9.996796250343322754e-01
9.997451901435852051e-01
9.996652603149414062e-01
9.994792342185974121e-01
9.992641806602478027e-01
9.990409016609191895e-01
9.991947412490844727e-01
9.992715716361999512e-01
9.989737868309020996e-01
9.986394643783569336e-01
9.982469081878662109e-01
9.966100454330444336e-01
9.941000342369079590e-01
8.321318030357360840e-01
6.274715065956115723e-01
2.815445661544799805e-01
4.150868335273116827e-04
2.496689790859818459e-03
1.762705445289611816e-01
6.188704371452331543e-01
7.934755682945251465e-01
7.809319496154785156e-01
4.508910477161407471e-01
3.600879386067390442e-02
7.572877407073974609e-02
1.769435256719589233e-01
5.218884348869323730e-01
7.876077890396118164e-01
9.288209676742553711e-01
9.909145832061767578e-01
9.972703456878662109e-01
9.991336464881896973e-01
9.997711777687072754e-01
9.998724460601806641e-01
9.999524950981140137e-01
9.999737143516540527e-01
9.999334216117858887e-01
9.997929334640502930e-01
9.793445467948913574e-01
9.440145492553710938e-01
8.990784883499145508e-01
8.512799143791198730e-01
8.473077416419982910e-01
8.595821857452392578e-01
9.455199837684631348e-01
9.999957084655761719e-01
9.999870061874389648e-01
9.998255968093872070e-01
9.995462298393249512e-01
9.989739060401916504e-01
9.983096718788146973e-01
9.623116850852966309e-01
9.238260984420776367e-01
8.802604079246520996e-01
7.850226759910583496e-01
5.926242470741271973e-01
6.307325363159179688e-01
8.630014657974243164e-01
9.538099765777587891e-01
9.944734573364257812e-01
9.979373216629028320e-01
9.985805749893188477e-01
9.981443881988525391e-01
8.900662064552307129e-01
5.577524900436401367e-01
2.859749794006347656e-01
6.997375190258026123e-02
2.804613672196865082e-02
5.569116026163101196e-02
4.568949043750762939e-01
8.602180480957031250e-01
9.346515536308288574e-01
9.889497160911560059e-01
9.949266314506530762e-01
9.981704354286193848e-01
9.985213875770568848e-01
9.984554052352905273e-01
9.981923103332519531e-01
9.970257878303527832e-01
9.939490556716918945e-01
9.652395844459533691e-01
9.289729595184326172e-01
8.711857795715332031e-01
8.765156865119934082e-01
9.587486386299133301e-01
9.922794699668884277e-01
9.988425374031066895e-01
9.999329447746276855e-01
9.999205470085144043e-01
9.994186162948608398e-01
9.981690645217895508e-01
9.941781163215637207e-01
8.762705922126770020e-01
5.910325050354003906e-01
3.187392055988311768e-01
5.579323321580886841e-02
2.900331992350402288e-06
6.043712375003451598e-08
2.838122856118442195e-17
1.093922605832631234e-06
7.452176305378088728e-06
7.569722365587949753e-04
2.818878041580319405e-03
9.560983628034591675e-02
2.629525363445281982e-01
5.328162908554077148e-01
8.397808670997619629e-01
9.271516203880310059e-01
9.901008605957031250e-01
9.956395030021667480e-01
9.995403885841369629e-01
9.997442364692687988e-01
9.995139241218566895e-01
9.988378286361694336e-01
9.961146712303161621e-01
9.924524426460266113e-01
9.881843328475952148e-01
9.843415021896362305e-01
9.884245395660400391e-01
9.922383427619934082e-01
9.952281117439270020e-01
9.963186979293823242e-01
9.949257373809814453e-01
9.673085212707519531e-01
9.236152172088623047e-01
7.891181707382202148e-01
6.326192021369934082e-01
7.391951680183410645e-01
8.403248190879821777e-01
9.086518883705139160e-01
9.564867615699768066e-01
9.693210721015930176e-01
9.818211793899536133e-01
9.941070079803466797e-01
9.981362223625183105e-01
9.992717504501342773e-01
9.990144371986389160e-01
9.986093044281005859e-01
9.979102611541748047e-01
9.973962306976318359e-01
9.973233342170715332e-01
9.955745339393615723e-01
9.920159578323364258e-01
9.902154803276062012e-01
9.893108010292053223e-01
9.919230341911315918e-01
9.951024651527404785e-01
9.964924454689025879e-01
9.854124188423156738e-01
9.295787811279296875e-01
7.243077158927917480e-01
2.963548004627227783e-01
1.977743953466415405e-01
3.307137191295623779e-01
6.227585077285766602e-01
9.615523815155029297e-01
9.894640445709228516e-01
9.987872838973999023e-01
9.901818633079528809e-01
9.853432178497314453e-01
9.885664582252502441e-01
9.928581118583679199e-01
9.981960654258728027e-01
9.999331235885620117e-01
9.999868273735046387e-01
9.999852776527404785e-01
9.999574422836303711e-01
9.995828270912170410e-01
9.747443199157714844e-01
8.683111667633056641e-01
6.262763142585754395e-01
1.888474225997924805e-01
1.484209764748811722e-02
2.222014032304286957e-02
2.390927076339721680e-01
5.172902941703796387e-01
6.720388531684875488e-01
8.023606538772583008e-01
8.151682615280151367e-01
8.392626643180847168e-01
8.881107568740844727e-01
9.307810068130493164e-01
9.668478965759277344e-01
9.853699803352355957e-01
9.952406883239746094e-01
8.824596405029296875e-01
7.505730986595153809e-01
6.954657435417175293e-01
6.689673662185668945e-01
7.514675855636596680e-01
8.282297849655151367e-01
8.963889479637145996e-01
9.362545013427734375e-01
9.544966816902160645e-01
9.694849848747253418e-01
9.833159446716308594e-01
9.900632500648498535e-01
9.542390108108520508e-01
5.329533219337463379e-01
1.938359886407852173e-01
6.845318526029586792e-02
1.691446316906221809e-19
5.350054792494840610e-19
3.475702542345970869e-04
8.968442562036216259e-04
4.361972212791442871e-01
9.746678471565246582e-01
9.917766451835632324e-01
9.997345805168151855e-01
9.987289309501647949e-01
9.960492253303527832e-01
9.900603294372558594e-01
9.870107769966125488e-01
9.867377281188964844e-01
9.882376194000244141e-01
9.905307292938232422e-01
9.911726117134094238e-01
9.913867712020874023e-01
9.875741004943847656e-01
9.849507212638854980e-01
9.865993261337280273e-01
9.886325597763061523e-01
9.912499189376831055e-01
9.827981591224670410e-01
9.658262133598327637e-01
8.444709777832031250e-01
6.860921978950500488e-01
4.126746356487274170e-01
1.465364843606948853e-01
7.699923962354660034e-02
2.958527952432632446e-02
4.425356164574623108e-02
1.009555160999298096e-01
2.125615030527114868e-01
5.047318339347839355e-01
9.114997386932373047e-01
5.978044867515563965e-01
8.537229150533676147e-02
2.996261417865753174e-02
9.034599315782543272e-06
9.005662832350935787e-06
4.573843907564878464e-03
1.970780454576015472e-02
2.463971227407455444e-01
7.096815109252929688e-01
8.691130876541137695e-01
8.617059588432312012e-01
6.666012406349182129e-01
4.286617338657379150e-01
2.836772799491882324e-01
1.560785174369812012e-01
1.122019216418266296e-01
1.257819384336471558e-01
2.556473016738891602e-01
4.965092837810516357e-01
8.459052443504333496e-01
9.749330878257751465e-01
9.965686798095703125e-01
9.993022084236145020e-01
9.984456896781921387e-01
9.954518079757690430e-01
9.550700783729553223e-01
7.462889552116394043e-01
6.110811233520507812e-01
6.136451363563537598e-01
6.540194153785705566e-01
7.295635938644409180e-01
6.366201043128967285e-01
4.670608043670654297e-01
5.185446739196777344e-01
6.088728904724121094e-01
7.872977852821350098e-01
9.358754158020019531e-01
9.629727005958557129e-01
9.823594093322753906e-01
9.882205128669738770e-01
9.217934608459472656e-01
7.915321588516235352e-01
5.060424804687500000e-01
1.530169546604156494e-01
3.773470222949981689e-01
6.875566244125366211e-01
8.506262302398681641e-01
9.820798039436340332e-01
9.842059016227722168e-01
9.879798293113708496e-01
9.946352243423461914e-01
9.983333945274353027e-01
9.994552731513977051e-01
9.977331757545471191e-01
9.948019981384277344e-01
9.484606385231018066e-01
8.975980877876281738e-01
9.141387939453125000e-01
9.351758360862731934e-01
9.744654893875122070e-01
9.995596408843994141e-01
9.993798136711120605e-01
9.994649291038513184e-01
9.997896552085876465e-01
9.998223781585693359e-01
9.997250437736511230e-01
9.965101480484008789e-01
9.925976395606994629e-01
9.810221195220947266e-01
9.702879190444946289e-01
9.630934596061706543e-01
9.562056660652160645e-01
9.498381614685058594e-01
9.345602393150329590e-01
9.109295010566711426e-01
9.109327197074890137e-01
9.222208857536315918e-01
9.433753490447998047e-01
9.649763703346252441e-01
6.344042420387268066e-01
3.257209360599517822e-01
1.311713010072708130e-01
2.625930646900087595e-04
2.077834797091782093e-04
7.598881423473358154e-02
2.303068935871124268e-01
4.265260398387908936e-01
6.455234289169311523e-01
7.438285946846008301e-01
8.151931762695312500e-01
8.847822546958923340e-01
9.470362663269042969e-01
9.654381275177001953e-01
9.789176583290100098e-01
9.810057878494262695e-01
9.807059764862060547e-01
9.776262044906616211e-01
9.740605950355529785e-01
9.702043533325195312e-01
9.729386568069458008e-01
9.774968028068542480e-01
9.860782027244567871e-01
9.942854046821594238e-01
9.970860481262207031e-01
9.992430210113525391e-01
9.996392130851745605e-01
9.998906254768371582e-01
9.999477863311767578e-01
9.964841008186340332e-01
9.905327558517456055e-01
9.778228402137756348e-01
9.628092050552368164e-01
9.172962903976440430e-01
8.718300461769104004e-01
8.796116113662719727e-01
8.938118219375610352e-01
9.308484792709350586e-01
9.557160735130310059e-01
9.602400064468383789e-01
8.953905701637268066e-01
7.699800729751586914e-01
6.155788898468017578e-01
4.478096961975097656e-01
4.747337400913238525e-01
5.363621115684509277e-01
7.260176539421081543e-01
8.926680088043212891e-01
9.442068338394165039e-01
9.650368094444274902e-01
9.210537672042846680e-01
8.366462588310241699e-01
7.082753777503967285e-01
6.681427955627441406e-01
6.795583963394165039e-01
8.131509423255920410e-01
9.797410368919372559e-01
9.945099353790283203e-01
9.999267458915710449e-01
9.999406933784484863e-01
9.996784329414367676e-01
9.986153244972229004e-01
9.975265860557556152e-01
9.963948726654052734e-01
9.967775940895080566e-01
9.983127713203430176e-01
9.986806511878967285e-01
9.985946416854858398e-01
9.700744748115539551e-01
9.336700439453125000e-01
7.754075527191162109e-01
6.247618794441223145e-01
5.099911689758300781e-01
4.698815941810607910e-01
5.771458745002746582e-01
7.235091924667358398e-01
9.110009670257568359e-01
9.852074384689331055e-01
9.975354671478271484e-01
9.999710321426391602e-01
9.999348521232604980e-01
9.993033409118652344e-01
9.987046718597412109e-01
9.986400604248046875e-01
9.967530369758605957e-01
9.896098971366882324e-01
9.672299623489379883e-01
9.228927493095397949e-01
9.215815663337707520e-01
9.542220234870910645e-01
9.759134054183959961e-01
9.932647943496704102e-01
9.962302446365356445e-01
9.969543218612670898e-01
9.980887174606323242e-01
9.991121292114257812e-01
9.996005892753601074e-01
9.999351501464843750e-01
9.999428391456604004e-01
9.999603629112243652e-01
9.999890327453613281e-01
1.000000000000000000e+00
1.000000000000000000e+00
9.988583326339721680e-01
9.973697066307067871e-01
9.899979233741760254e-01
9.830207824707031250e-01
9.890610575675964355e-01
9.945175051689147949e-01
9.978032112121582031e-01
9.998958110809326172e-01
9.999353289604187012e-01
9.998203516006469727e-01
9.995595216751098633e-01
9.984658360481262207e-01
9.969568848609924316e-01
9.911011457443237305e-01
9.842572808265686035e-01
9.827672243118286133e-01
9.824413061141967773e-01
9.898015856742858887e-01
9.930740594863891602e-01
9.843651652336120605e-01
9.681624174118041992e-01
9.408285021781921387e-01
9.322025775909423828e-01
9.388581514358520508e-01
9.545630216598510742e-01
9.742583036422729492e-01
9.730540513992309570e-01
9.680121541023254395e-01
9.691870808601379395e-01
9.719636440277099609e-01
9.845274090766906738e-01
9.945142269134521484e-01
9.979828596115112305e-01
9.999746084213256836e-01
9.999816417694091797e-01
9.999378919601440430e-01
9.998561739921569824e-01
9.976453781127929688e-01
9.945936799049377441e-01
7.644259333610534668e-01
4.981800615787506104e-01
2.901118099689483643e-01
1.157572343945503235e-01
1.251590996980667114e-01
1.977272778749465942e-01
4.197894930839538574e-01
6.067287921905517578e-01
7.493059635162353516e-01
8.335347771644592285e-01
8.762452006340026855e-01
5.390397906303405762e-01
6.042907759547233582e-02
4.079036898474441841e-06
4.163786303251981735e-03
2.595197856426239014e-01
5.194287300109863281e-01
8.001602292060852051e-01
9.962655901908874512e-01
9.983209371566772461e-01
9.961737394332885742e-01
9.887688755989074707e-01
9.626918435096740723e-01
9.236614108085632324e-01
8.596963286399841309e-01
7.867749333381652832e-01
7.756209373474121094e-01
7.739272117614746094e-01
7.974349260330200195e-01
7.999579310417175293e-01
6.880149245262145996e-01
6.248235702514648438e-01
6.787017583847045898e-01
7.696189284324645996e-01
9.088758826255798340e-01
9.772115349769592285e-01
9.938360452651977539e-01
9.989095330238342285e-01
9.994490742683410645e-01
9.995080828666687012e-01
9.994875788688659668e-01
9.640030264854431152e-01
9.263698458671569824e-01
8.760547041893005371e-01
8.554213643074035645e-01
9.117969274520874023e-01
9.567552804946899414e-01
9.855303168296813965e-01
9.987270236015319824e-01
9.995326995849609375e-01
9.942690730094909668e-01
9.863115549087524414e-01
7.363219261169433594e-01
4.384353756904602051e-01
2.299467921257019043e-01
5.860905721783638000e-02
1.654666811227798462e-01
3.215908706188201904e-01
6.256911754608154297e-01
8.082253336906433105e-01
7.968358397483825684e-01
7.945229411125183105e-01
8.005154728889465332e-01
8.501741886138916016e-01
9.224953651428222656e-01
9.615042805671691895e-01
9.921005964279174805e-01
9.895858764648437500e-01
9.697981476783752441e-01
7.454333305358886719e-01
5.056998133659362793e-01
2.030831277370452881e-01
3.355670487508177757e-03
2.087030094116926193e-03
2.318436093628406525e-02
6.869329512119293213e-02
3.105843067169189453e-01
6.765758395195007324e-01
8.193001747131347656e-01
8.878732323646545410e-01
9.285835623741149902e-01
9.653362631797790527e-01
9.797458648681640625e-01
9.924095869064331055e-01
9.954861402511596680e-01
9.968383908271789551e-01
9.938818812370300293e-01
9.434472322463989258e-01
8.278946280479431152e-01
5.684286952018737793e-01
1.943511813879013062e-01
1.313037872314453125e-01
2.098296135663986206e-01
4.519706666469573975e-01
7.299097180366516113e-01
8.399851322174072266e-01
9.330475330352783203e-01
9.256298542022705078e-01
9.266640543937683105e-01
9.575511813163757324e-01
9.813440442085266113e-01
9.922510385513305664e-01
9.977623820304870605e-01
9.975414276123046875e-01
9.969392418861389160e-01
9.961017370223999023e-01
9.964837431907653809e-01
9.972792863845825195e-01
9.981449246406555176e-01
9.989981651306152344e-01
9.978132843971252441e-01
9.954758882522583008e-01
9.862428307533264160e-01
9.794180989265441895e-01
9.789165854454040527e-01
9.703924655914306641e-01
9.499439001083374023e-01
9.515584111213684082e-01
9.723975658416748047e-01
9.856005311012268066e-01
9.948688745498657227e-01
9.954915642738342285e-01
9.938342571258544922e-01
9.922733902931213379e-01
9.909316301345825195e-01
9.934895634651184082e-01
9.958458542823791504e-01
9.972627162933349609e-01
9.981493353843688965e-01
9.978681206703186035e-01
9.960049986839294434e-01
9.921210408210754395e-01
9.927080869674682617e-01
9.966790676116943359e-01
9.984003901481628418e-01
9.991286993026733398e-01
9.993737936019897461e-01
9.995136260986328125e-01
9.997166395187377930e-01
9.998993277549743652e-01
9.997928738594055176e-01
9.997045993804931641e-01
9.996886849403381348e-01
9.997109174728393555e-01
9.998102784156799316e-01
9.998908042907714844e-01
9.999493956565856934e-01
9.999662637710571289e-01
9.999536871910095215e-01
9.997273683547973633e-01
9.994152784347534180e-01
9.991365671157836914e-01
9.988645911216735840e-01
9.991999864578247070e-01
9.995501041412353516e-01
9.998015165328979492e-01
9.999675750732421875e-01
9.998149871826171875e-01
9.995507001876831055e-01
9.990656971931457520e-01
9.987406730651855469e-01
9.985997676849365234e-01
9.987452030181884766e-01
9.990900754928588867e-01
9.994164109230041504e-01
9.997342824935913086e-01
9.998326897621154785e-01
9.998884201049804688e-01
9.999066591262817383e-01
9.999138712882995605e-01
9.998180866241455078e-01
9.982440471649169922e-01
9.910039901733398438e-01
9.826082587242126465e-01
9.718037247657775879e-01
9.741114377975463867e-01
9.922937154769897461e-01
9.648011922836303711e-01
9.038584828376770020e-01
8.892018198966979980e-01
8.945807218551635742e-01
9.399622082710266113e-01
9.940789341926574707e-01
9.984969496726989746e-01
9.998766779899597168e-01
9.988095164299011230e-01
9.731699228286743164e-01
8.402724862098693848e-01
7.287515997886657715e-01
6.645809412002563477e-01
6.698275208473205566e-01
7.681407332420349121e-01
8.296446800231933594e-01
8.607902526855468750e-01
5.619611740112304688e-01
1.006547510623931885e-01
4.503239877521991730e-03
6.584507413208484650e-03
3.494399366900324821e-03
1.233366947417380288e-05
4.089039575774222612e-04
2.856678329408168793e-02
2.133240550756454468e-01
4.190594553947448730e-01
6.836963891983032227e-01
8.726446628570556641e-01
9.428432583808898926e-01
9.825716018676757812e-01
9.925367832183837891e-01
9.960719943046569824e-01
9.957149624824523926e-01
9.897946119308471680e-01
9.819344878196716309e-01
9.602860212326049805e-01
9.363544583320617676e-01
8.960025310516357422e-01
8.587652444839477539e-01
8.547293543815612793e-01
8.497539758682250977e-01
8.412948846817016602e-01
8.455955982208251953e-01
8.756417632102966309e-01
8.785941004753112793e-01
8.483274579048156738e-01
7.272055149078369141e-01
5.363888144493103027e-01
4.431331753730773926e-01
3.961250483989715576e-01
5.514863133430480957e-01
7.589384913444519043e-01
7.395985126495361328e-01
6.923552751541137695e-01
4.340849220752716064e-01
2.104481011629104614e-01
1.892294287681579590e-01
2.625093758106231689e-01
6.061859726905822754e-01
8.505516052246093750e-01
9.300950169563293457e-01
9.744498133659362793e-01
9.818868637084960938e-01
9.789883494377136230e-01
9.692661762237548828e-01
8.952876329421997070e-01
7.957888841629028320e-01
6.700044870376586914e-01
5.385148525238037109e-01
6.937665343284606934e-01
8.545698523521423340e-01
8.419180512428283691e-01
8.170712590217590332e-01
7.330986857414245605e-01
6.736845970153808594e-01
6.752466559410095215e-01
7.076534032821655273e-01
7.860623002052307129e-01
8.583879470825195312e-01
9.247307777404785156e-01
9.400246143341064453e-01
9.246693253517150879e-01
7.975837588310241699e-01
6.299182772636413574e-01
5.077246427536010742e-01
3.940100371837615967e-01
6.619375348091125488e-01
9.265601038932800293e-01
9.319928288459777832e-01
9.269840121269226074e-01
8.753253221511840820e-01
8.471033573150634766e-01
8.755489587783813477e-01
9.108613133430480957e-01
9.561851024627685547e-01
9.780061841011047363e-01
9.778820872306823730e-01
9.615562558174133301e-01
9.354405403137207031e-01
9.186142683029174805e-01
9.051796793937683105e-01
9.202109575271606445e-01
9.404962658882141113e-01
9.433026909828186035e-01
9.467973113059997559e-01
9.737423658370971680e-01
9.964536428451538086e-01
9.983876347541809082e-01
9.997625946998596191e-01
9.996888041496276855e-01
9.990730881690979004e-01
9.976050257682800293e-01
9.895371794700622559e-01
9.747945070266723633e-01
6.735509037971496582e-01
1.876076608896255493e-01
2.968500554561614990e-02
4.562928341329097748e-03
6.561262533068656921e-03
1.457440294325351715e-02
2.898114919662475586e-01
5.760760903358459473e-01
5.552482008934020996e-01
5.241276025772094727e-01
4.299516081809997559e-01
3.534775078296661377e-01
3.303585350513458252e-01
3.876005411148071289e-01
5.925880670547485352e-01
7.730832695960998535e-01
9.245311617851257324e-01
9.907100796699523926e-01
9.912313222885131836e-01
9.812331795692443848e-01
9.660555720329284668e-01
9.775620102882385254e-01
9.968051910400390625e-01
9.994066357612609863e-01
9.997537136077880859e-01
9.903080463409423828e-01
9.706318974494934082e-01
8.472334146499633789e-01
6.756818294525146484e-01
3.009988367557525635e-01
3.259603306651115417e-02
1.302990596741437912e-02
1.753911492414772511e-03
2.807614626362919807e-03
1.412485539913177490e-02
3.540223464369773865e-02
2.286913692951202393e-01
5.323153734207153320e-01
7.421637177467346191e-01
9.149674177169799805e-01
9.572188258171081543e-01
9.698767662048339844e-01
9.782855510711669922e-01
9.862583875656127930e-01
9.927136301994323730e-01
9.984658360481262207e-01
9.992072582244873047e-01
9.997938871383666992e-01
9.998404979705810547e-01
9.998781681060791016e-01
9.998971223831176758e-01
9.998944401741027832e-01
9.998631477355957031e-01
9.998527765274047852e-01
9.998610019683837891e-01
9.998315572738647461e-01
9.997801184654235840e-01
9.991689920425415039e-01
9.983537197113037109e-01
9.944906830787658691e-01
9.900057911872863770e-01
9.829844236373901367e-01
9.761642813682556152e-01
9.814928770065307617e-01
9.870835542678833008e-01
9.943156838417053223e-01
9.995592236518859863e-01
9.982720017433166504e-01
9.968221187591552734e-01
9.950338006019592285e-01
9.850913882255554199e-01
9.645231366157531738e-01
9.528048634529113770e-01
9.489822983741760254e-01
9.573822617530822754e-01
9.730476140975952148e-01
9.296978116035461426e-01
8.639632463455200195e-01
7.083089947700500488e-01
5.329481363296508789e-01
6.656975150108337402e-01
8.226176500320434570e-01
8.865321874618530273e-01
9.450625181198120117e-01
9.637656211853027344e-01
9.808845520019531250e-01
9.922003746032714844e-01
1.000000000000000000e+00
1.000000000000000000e+00
9.995812177658081055e-01
9.985553026199340820e-01
9.982985258102416992e-01
9.987970590591430664e-01
9.992920160293579102e-01
9.997866749763488770e-01
9.999571442604064941e-01
9.999850988388061523e-01
9.999832510948181152e-01
9.999734163284301758e-01
9.994012117385864258e-01
9.987551569938659668e-01
8.605627417564392090e-01
7.230467200279235840e-01
6.304925680160522461e-01
5.768105387687683105e-01
7.133516073226928711e-01
8.392908573150634766e-01
9.370788931846618652e-01
9.997270703315734863e-01
9.999034404754638672e-01
1.000000000000000000e+00
1.000000000000000000e+00
9.999989867210388184e-01
9.999971985816955566e-01
9.999954700469970703e-01
9.999938011169433594e-01
9.999932646751403809e-01
9.999932050704956055e-01
9.999911785125732422e-01
9.999887347221374512e-01
9.999735355377197266e-01
9.999552965164184570e-01
9.997559189796447754e-01
9.995537400245666504e-01
9.993217587471008301e-01
9.991627931594848633e-01
9.993020296096801758e-01
9.994529485702514648e-01
9.996315240859985352e-01
9.996564388275146484e-01
9.994271397590637207e-01
9.992976784706115723e-01
9.992806315422058105e-01
9.994859695434570312e-01
