9.999892115592956543e-01
9.999779462814331055e-01
9.999524354934692383e-01
9.998285174369812012e-01
9.998035430908203125e-01
9.999435544013977051e-01
9.999733567237854004e-01
9.999524950981140137e-01
9.998794198036193848e-01
9.992499351501464844e-01
9.967275857925415039e-01
9.921897053718566895e-01
9.785934686660766602e-01
9.594343304634094238e-01
9.182718992233276367e-01
4.539201557636260986e-01
1.984793543815612793e-01
1.403704583644866943e-01
4.641463160514831543e-01
7.554364204406738281e-01
9.947049617767333984e-01
9.984706640243530273e-01
9.998898506164550781e-01
9.998671412467956543e-01
9.994500875473022461e-01
9.962668418884277344e-01
9.888362288475036621e-01
9.685891866683959961e-01
9.545941352844238281e-01
9.499741792678833008e-01
9.693982601165771484e-01
9.840686917304992676e-01
9.661225676536560059e-01
8.556038737297058105e-01
4.083654284477233887e-01
1.066532284021377563e-01
4.254157841205596924e-01
7.360883355140686035e-01
9.363630414009094238e-01
9.011254310607910156e-01
4.314271509647369385e-01
5.141184478998184204e-02
6.742542609572410583e-03
4.292468726634979248e-01
7.790672183036804199e-01
8.869661092758178711e-01
9.289882183074951172e-01
9.629946947097778320e-01
9.968527555465698242e-01
9.994652867317199707e-01
9.984140396118164062e-01
9.959304928779602051e-01
9.665067791938781738e-01
9.387938380241394043e-01
9.146631956100463867e-01
9.484934806823730469e-01
9.764069318771362305e-01
9.969338178634643555e-01
9.984747767448425293e-01
9.994874596595764160e-01
9.994240999221801758e-01
9.834692478179931641e-01
8.616225123405456543e-01
6.617673635482788086e-01
5.937632322311401367e-01
6.600942015647888184e-01
8.219088912010192871e-01
9.486554265022277832e-01
9.996027946472167969e-01
9.999992847442626953e-01
9.999988675117492676e-01
9.999972581863403320e-01
9.999952316284179688e-01
9.999952316284179688e-01
9.999929666519165039e-01
9.999904036521911621e-01
9.999927282333374023e-01
9.993268847465515137e-01
9.823791384696960449e-01
8.958749771118164062e-01
7.576875686645507812e-01
6.356012225151062012e-01
6.612780094146728516e-01
7.518220543861389160e-01
7.342959046363830566e-01
2.668098509311676025e-01
7.304510474205017090e-02
1.599278766661882401e-04
1.415526930941268802e-04
9.537862241268157959e-02
3.256898224353790283e-01
8.389412164688110352e-01
9.746614694595336914e-01
9.963274598121643066e-01
9.988129138946533203e-01
9.521170854568481445e-01
7.336323261260986328e-01
1.560270637273788452e-01
2.285336330533027649e-02
8.090277761220932007e-02
3.271650075912475586e-01
7.110673189163208008e-01
9.852747321128845215e-01
9.971895217895507812e-01
9.992300271987915039e-01
9.993013739585876465e-01
9.988976120948791504e-01
9.961405396461486816e-01
9.912567734718322754e-01
9.834561347961425781e-01
9.758802056312561035e-01
9.781903624534606934e-01
9.958459138870239258e-01
9.989908933639526367e-01
9.997718930244445801e-01
9.995061159133911133e-01
9.958137273788452148e-01
9.741250872611999512e-01
9.280403256416320801e-01
7.943801283836364746e-01
7.672848105430603027e-01
8.872039318084716797e-01
6.598099470138549805e-01
6.494048237800598145e-01
9.348383545875549316e-01
9.800139069557189941e-01
9.971839189529418945e-01
9.953162670135498047e-01
8.982416987419128418e-01
6.437581181526184082e-01
2.159705609083175659e-01
7.891732454299926758e-02
6.751600652933120728e-02
1.838973760604858398e-01
2.802063524723052979e-01
3.133737742900848389e-01
2.815481722354888916e-01
3.212647736072540283e-01
2.272069007158279419e-01
4.192770575173199177e-04
1.405075017828494310e-04
8.992868661880493164e-02
2.704496383666992188e-01
7.452450990676879883e-01
9.785131812095642090e-01
9.866704940795898438e-01
9.771763086318969727e-01
9.770374894142150879e-01
9.853934645652770996e-01
9.945756196975708008e-01
9.992418289184570312e-01
9.998959302902221680e-01
9.998740553855895996e-01
9.998691082000732422e-01
9.998793601989746094e-01
9.999028444290161133e-01
9.958974123001098633e-01
9.852502942085266113e-01
9.011381864547729492e-01
7.713974118232727051e-01
6.228746175765991211e-01
8.672721982002258301e-01
9.765976071357727051e-01
9.625907540321350098e-01
7.183594107627868652e-01
4.505979418754577637e-01
2.064565569162368774e-01
7.479804158210754395e-01
9.934811592102050781e-01
9.986521601676940918e-01
9.990327358245849609e-01
9.990720748901367188e-01
9.987686872482299805e-01
9.972860813140869141e-01
9.951673150062561035e-01
9.927448630332946777e-01
9.936647415161132812e-01
9.955440163612365723e-01
9.981136322021484375e-01
9.994143843650817871e-01
9.999865293502807617e-01
9.999721646308898926e-01
9.998816251754760742e-01
9.992883801460266113e-01
9.983205199241638184e-01
9.978572726249694824e-01
9.978070259094238281e-01
9.980586171150207520e-01
9.977102875709533691e-01
9.978552460670471191e-01
9.983292222023010254e-01
9.974419474601745605e-01
8.895202875137329102e-01
6.804168224334716797e-01
2.133297622203826904e-01
0.000000000000000000e+00
0.000000000000000000e+00
0.000000000000000000e+00
1.724944825771641551e-26
1.768599962815642357e-03
5.018044635653495789e-02
2.075230926275253296e-01
4.426998794078826904e-01
1.415853053331375122e-01
1.104185575968585908e-04
1.073078512305687335e-15
4.268154287286892541e-16
4.863137746724532917e-06
1.080724038183689117e-02
5.998545885086059570e-01
9.246482253074645996e-01
9.987582564353942871e-01
9.899677634239196777e-01
9.695713520050048828e-01
9.379125833511352539e-01
9.170810580253601074e-01
8.529468178749084473e-01
7.451337575912475586e-01
8.374303579330444336e-01
9.164088368415832520e-01
9.802677035331726074e-01
9.785127043724060059e-01
9.190000891685485840e-01
7.973453998565673828e-01
8.568606972694396973e-01
9.138342142105102539e-01
9.620878696441650391e-01
9.331464171409606934e-01
6.386535763740539551e-01
3.071352839469909668e-02
9.437278042367935882e-11
0.000000000000000000e+00
0.000000000000000000e+00
5.234364047646522522e-02
3.453768193721771240e-01
9.518703222274780273e-01
9.991698265075683594e-01
9.995111227035522461e-01
9.994672536849975586e-01
9.996359944343566895e-01
9.997928738594055176e-01
9.999000430107116699e-01
9.999096989631652832e-01
9.998513460159301758e-01
9.997035264968872070e-01
9.983668923377990723e-01
9.915265440940856934e-01
9.756075739860534668e-01
9.497596621513366699e-01
9.321373701095581055e-01
9.323938488960266113e-01
9.036304950714111328e-01
7.016639113426208496e-01
1.655295789241790771e-01
3.287725895643234253e-02
7.155210255405108910e-07
2.946710310425260104e-06
9.784966707229614258e-02
3.450341820716857910e-01
8.863897919654846191e-01
9.991725683212280273e-01
9.942061901092529297e-01
9.790545701980590820e-01
9.335842728614807129e-01
8.685449957847595215e-01
7.733833789825439453e-01
6.407542228698730469e-01
4.956059753894805908e-01
3.503398597240447998e-01
1.610843241214752197e-01
1.364054769510403275e-04
3.092987753916531801e-05
7.347618695348501205e-03
1.240540742874145508e-01
6.739072203636169434e-01
8.815118074417114258e-01
9.022683501243591309e-01
7.796047925949096680e-01
8.040466308593750000e-01
8.987938165664672852e-01
9.667986035346984863e-01
9.918972849845886230e-01
9.930707812309265137e-01
9.974421858787536621e-01
9.993584752082824707e-01
9.997106790542602539e-01
9.998698234558105469e-01
9.999319314956665039e-01
9.998503327369689941e-01
9.988601207733154297e-01
9.956754446029663086e-01
9.908821582794189453e-01
9.877280592918395996e-01
9.906939268112182617e-01
9.987829327583312988e-01
9.995637536048889160e-01
9.999626278877258301e-01
9.999914169311523438e-01
9.999949336051940918e-01
9.999852776527404785e-01
9.999615550041198730e-01
9.979425072669982910e-01
9.933428168296813965e-01
9.856856465339660645e-01
9.919849038124084473e-01
9.944515228271484375e-01
9.904428720474243164e-01
9.946251511573791504e-01
9.947420954704284668e-01
9.872303009033203125e-01
9.732986688613891602e-01
9.658943414688110352e-01
9.717350006103515625e-01
9.846326708793640137e-01
9.950688481330871582e-01
9.978399276733398438e-01
9.983642101287841797e-01
9.985319375991821289e-01
9.990859627723693848e-01
9.996151924133300781e-01
1.000000000000000000e+00
1.000000000000000000e+00
1.000000000000000000e+00
9.999176859855651855e-01
9.995589852333068848e-01
9.985845088958740234e-01
9.970987439155578613e-01
9.945261478424072266e-01
9.951162338256835938e-01
9.971506595611572266e-01
9.988552927970886230e-01
9.996303319931030273e-01
9.997597932815551758e-01
9.989883303642272949e-01
9.903129935264587402e-01
9.764561057090759277e-01
9.618143439292907715e-01
9.665253162384033203e-01
9.853907227516174316e-01
9.946107864379882812e-01
9.993022084236145020e-01
1.000000000000000000e+00
1.000000000000000000e+00
9.997031092643737793e-01
9.991030097007751465e-01
9.992221593856811523e-01
9.994474053382873535e-01
9.997776150703430176e-01
9.997002482414245605e-01
9.995371103286743164e-01
9.992923736572265625e-01
9.994167089462280273e-01
9.995712041854858398e-01
9.997043013572692871e-01
9.994430541992187500e-01
9.992734789848327637e-01
9.994214773178100586e-01
9.996911287307739258e-01
9.999210238456726074e-01
9.999852776527404785e-01
9.999693036079406738e-01
9.999311566352844238e-01
9.998977184295654297e-01
9.995997548103332520e-01
9.992647767066955566e-01
9.991657137870788574e-01
9.993156194686889648e-01
9.995000362396240234e-01
9.992625713348388672e-01
9.979663491249084473e-01
9.962858557701110840e-01
9.962252974510192871e-01
9.968640208244323730e-01
9.979020953178405762e-01
9.979034662246704102e-01
9.964377284049987793e-01
9.935443401336669922e-01
9.822981357574462891e-01
9.665581583976745605e-01
9.464065432548522949e-01
9.538240432739257812e-01
9.704423546791076660e-01
9.973896145820617676e-01
9.997141957283020020e-01
9.999952316284179688e-01
9.999988079071044922e-01
9.999991059303283691e-01
9.999990463256835938e-01
9.999989867210388184e-01
9.999989271163940430e-01
9.999974966049194336e-01
9.999930262565612793e-01
9.999742507934570312e-01
9.999192953109741211e-01
9.997724294662475586e-01
9.991340041160583496e-01
9.983811974525451660e-01
9.978718757629394531e-01
9.976952075958251953e-01
9.971737861633300781e-01
9.939600229263305664e-01
9.923443198204040527e-01
9.921984076499938965e-01
9.966321587562561035e-01
9.990196228027343750e-01
9.998825788497924805e-01
9.999576210975646973e-01
9.999876618385314941e-01
9.999770522117614746e-01
9.506028890609741211e-01
7.655755281448364258e-01
4.283020794391632080e-01
2.171581536531448364e-01
3.331306576728820801e-01
8.964625000953674316e-01
9.770220518112182617e-01
9.632247686386108398e-01
8.889098763465881348e-01
7.566850781440734863e-01
7.033756971359252930e-01
8.531230688095092773e-01
9.316570758819580078e-01
9.789853692054748535e-01
9.933795928955078125e-01
9.981334805488586426e-01
9.990663528442382812e-01
9.996294975280761719e-01
9.998916387557983398e-01
9.999852180480957031e-01
9.999827146530151367e-01
9.995104074478149414e-01
9.987788796424865723e-01
9.986587762832641602e-01
9.990113973617553711e-01
9.997472167015075684e-01
9.998508095741271973e-01
9.999202489852905273e-01
9.999532699584960938e-01
9.999755620956420898e-01
9.999901652336120605e-01
9.999949932098388672e-01
9.999911785125732422e-01
9.999847412109375000e-01
9.999754428863525391e-01
9.999746084213256836e-01
9.999778866767883301e-01
9.999868869781494141e-01
9.999930262565612793e-01
9.999974966049194336e-01
9.999991655349731445e-01
9.999994635581970215e-01
9.999954104423522949e-01
9.999731779098510742e-01
9.994117021560668945e-01
9.984731078147888184e-01
9.969100356101989746e-01
9.969068169593811035e-01
9.980264306068420410e-01
9.987068176269531250e-01
9.955489635467529297e-01
9.887467622756958008e-01
6.566829681396484375e-01
3.325881361961364746e-01
2.607203088700771332e-02
9.355155751109123230e-03
2.596431970596313477e-01
9.010814428329467773e-01
4.524270892143249512e-01
1.192367896437644958e-01
4.799980819225311279e-01
7.599428892135620117e-01
9.583668112754821777e-01
9.750696420669555664e-01
9.822005629539489746e-01
9.813947081565856934e-01
9.617999196052551270e-01
6.088818311691284180e-01
1.177588775753974915e-01
3.532056510448455811e-02
0.000000000000000000e+00
6.534609520159051499e-10
1.947313954531182389e-08
2.701154351234436035e-01
8.127248287200927734e-01
9.130848050117492676e-01
9.586899280548095703e-01
9.533799886703491211e-01
9.547704458236694336e-01
9.630413651466369629e-01
9.822819232940673828e-01
9.895069003105163574e-01
9.935369491577148438e-01
9.961856603622436523e-01
9.981911778450012207e-01
9.822434186935424805e-01
8.991976976394653320e-01
6.961941719055175781e-01
4.815280735492706299e-01
5.731425285339355469e-01
7.288480997085571289e-01
9.187757968902587891e-01
9.621829390525817871e-01
9.715155959129333496e-01
9.494993090629577637e-01
9.432572126388549805e-01
9.498914480209350586e-01
9.721732139587402344e-01
9.291883707046508789e-01
8.710277676582336426e-01
7.984010577201843262e-01
6.195712089538574219e-01
3.977198600769042969e-01
1.238576993346214294e-01
7.151047140359878540e-02
1.776953935623168945e-01
5.993379354476928711e-01
8.504471182823181152e-01
9.965378642082214355e-01
9.989917278289794922e-01
9.999828934669494629e-01
9.999779462814331055e-01
9.999632835388183594e-01
9.999477267265319824e-01
9.999314546585083008e-01
9.996698498725891113e-01
9.994249343872070312e-01
9.992105364799499512e-01
9.994928836822509766e-01
9.997628927230834961e-01
9.998975396156311035e-01
9.998404383659362793e-01
9.997225999832153320e-01
9.995617270469665527e-01
9.994620680809020996e-01
9.992262125015258789e-01
9.983025193214416504e-01
9.967997670173645020e-01
9.952807426452636719e-01
9.963775873184204102e-01
9.975659251213073730e-01
9.987581372261047363e-01
9.963355660438537598e-01
9.807624220848083496e-01
9.506622552871704102e-01
8.389604687690734863e-01
7.720299959182739258e-01
7.837427258491516113e-01
8.626347184181213379e-01
9.364088773727416992e-01
9.710775017738342285e-01
9.436576366424560547e-01
7.909228205680847168e-01
2.599120736122131348e-01
4.890211299061775208e-02
1.768847823768737726e-07
5.183554208088025916e-08
7.958404768526605721e-12
3.720316697937431361e-13
9.527472560888483599e-12
2.404161728918552399e-03
7.241441868245601654e-03
4.776047468185424805e-01
8.300346732139587402e-01
9.768781065940856934e-01
9.950929880142211914e-01
9.888605475425720215e-01
9.737306237220764160e-01
8.723929524421691895e-01
6.978041529655456543e-01
3.607770800590515137e-01
1.510883569717407227e-01
1.949270442128181458e-02
5.696641281247138977e-03
0.000000000000000000e+00
0.000000000000000000e+00
0.000000000000000000e+00
1.143983937071389570e-19
3.452945008925910994e-19
1.690212520770728588e-04
3.871484659612178802e-04
6.647076806984841824e-04
3.151766723021864891e-04
1.738601828084047722e-15
3.353132387636653666e-16
3.843400139705126228e-15
1.130160130560398102e-02
6.444831192493438721e-02
4.695899039506912231e-02
7.059405837672727557e-10
2.124355413801737313e-10
0.000000000000000000e+00
7.949028550834261745e-33
3.789435966570664621e-31
2.192046642303466797e-01
6.811391115188598633e-01
8.838891983032226562e-01
9.936922192573547363e-01
9.837158918380737305e-01
9.601438641548156738e-01
9.234698414802551270e-01
8.600249290466308594e-01
7.643245458602905273e-01
6.951141953468322754e-01
8.043981194496154785e-01
9.064422845840454102e-01
9.966558218002319336e-01
9.982704520225524902e-01
9.983117580413818359e-01
9.969539642333984375e-01
9.972898960113525391e-01
9.977002143859863281e-01
9.981657862663269043e-01
9.842520952224731445e-01
9.191640615463256836e-01
7.532495856285095215e-01
5.853874087333679199e-01
5.266098380088806152e-01
8.460742831230163574e-01
9.719658493995666504e-01
9.999359846115112305e-01
9.999713301658630371e-01
9.999143481254577637e-01
9.997785091400146484e-01
9.991760253906250000e-01
9.983024001121520996e-01
9.971203207969665527e-01
9.964137077331542969e-01
9.967885017395019531e-01
9.990004897117614746e-01
9.995846152305603027e-01
9.997269511222839355e-01
9.997013807296752930e-01
9.997888803482055664e-01
9.998904466629028320e-01
9.997965097427368164e-01
9.989783763885498047e-01
9.975261688232421875e-01
9.928163290023803711e-01
9.903568625450134277e-01
9.902590513229370117e-01
9.952633380889892578e-01
9.989213347434997559e-01
9.997860193252563477e-01
9.999582171440124512e-01
9.999700188636779785e-01
9.999476075172424316e-01
9.999190568923950195e-01
9.998975992202758789e-01
9.999255537986755371e-01
9.999102354049682617e-01
9.998615384101867676e-01
9.997129440307617188e-01
9.992277026176452637e-01
9.984000325202941895e-01
9.979936480522155762e-01
9.980480670928955078e-01
9.987972974777221680e-01
9.985053539276123047e-01
9.903131127357482910e-01
9.616277217864990234e-01
8.187477588653564453e-01
6.889454126358032227e-01
8.672228455543518066e-01
9.606406688690185547e-01
9.960018396377563477e-01
9.905584454536437988e-01
9.871236681938171387e-01
9.857760667800903320e-01
9.216617941856384277e-01
8.126057982444763184e-01
6.363046765327453613e-01
4.324724972248077393e-01
2.712993621826171875e-01
2.494120150804519653e-01
3.986589014530181885e-01
6.251522302627563477e-01
8.795701265335083008e-01
9.847688674926757812e-01
9.842656254768371582e-01
9.820885062217712402e-01
9.799047112464904785e-01
9.777132272720336914e-01
8.974890112876892090e-01
8.146815299987792969e-01
7.413252592086791992e-01
8.510879278182983398e-01
9.746766686439514160e-01
9.858224391937255859e-01
9.890778064727783203e-01
9.892041087150573730e-01
9.949397444725036621e-01
9.983214735984802246e-01
9.998007416725158691e-01
9.995231628417968750e-01
9.993580579757690430e-01
9.993559122085571289e-01
9.996729493141174316e-01
9.999299049377441406e-01
9.999534487724304199e-01
9.996388554573059082e-01
9.980002641677856445e-01
9.911877512931823730e-01
9.449533224105834961e-01
8.705073595046997070e-01
7.298939824104309082e-01
5.984693169593811035e-01
4.760553836822509766e-01
4.172502756118774414e-01
5.179259777069091797e-01
8.705602288246154785e-01
9.682593941688537598e-01
9.993041157722473145e-01
9.996566772460937500e-01
9.975555539131164551e-01
9.911945462226867676e-01
9.638467431068420410e-01
6.062160134315490723e-01
3.557049928316348861e-18
8.389211774162419217e-16
2.001811983063817024e-03
6.533591076731681824e-03
5.495831370353698730e-01
9.782725572586059570e-01
9.940254688262939453e-01
9.914485812187194824e-01
9.711624383926391602e-01
9.004879593849182129e-01
7.824063301086425781e-01
6.476562023162841797e-01
7.059224247932434082e-01
7.905190587043762207e-01
9.021067619323730469e-01
8.644779324531555176e-01
7.567303776741027832e-01
5.468176603317260742e-01
6.427077651023864746e-01
8.071147799491882324e-01
9.434367418289184570e-01
9.934934973716735840e-01
9.998815059661865234e-01
9.997584223747253418e-01
9.978757500648498535e-01
9.944832921028137207e-01
9.792922139167785645e-01
9.720275998115539551e-01
9.768827557563781738e-01
9.872067570686340332e-01
9.960201978683471680e-01
9.979308247566223145e-01
9.986357092857360840e-01
9.988565444946289062e-01
9.991980195045471191e-01
9.984398484230041504e-01
9.968613982200622559e-01
9.969515204429626465e-01
9.975947141647338867e-01
9.989480376243591309e-01
9.995329976081848145e-01
9.995647072792053223e-01
9.985818862915039062e-01
9.472727179527282715e-01
8.934898376464843750e-01
9.204563498497009277e-01
7.688502073287963867e-01
4.971401691436767578e-01
2.544048428535461426e-01
2.107259780168533325e-01
4.021962583065032959e-01
6.698341369628906250e-01
8.728896975517272949e-01
9.206466078758239746e-01
9.568898677825927734e-01
9.849305748939514160e-01
9.931016564369201660e-01
9.928492307662963867e-01
9.871766567230224609e-01
9.793659448623657227e-01
9.807057380676269531e-01
9.923501014709472656e-01
9.969784021377563477e-01
9.996551275253295898e-01
9.999331235885620117e-01
9.997628331184387207e-01
9.994944334030151367e-01
9.994153380393981934e-01
9.995375275611877441e-01
9.997763037681579590e-01
9.998680353164672852e-01
9.998172521591186523e-01
9.996094107627868652e-01
9.932838082313537598e-01
9.804627895355224609e-01
9.558357000350952148e-01
9.664766192436218262e-01
9.860724210739135742e-01
9.959610104560852051e-01
9.998596906661987305e-01
9.999987483024597168e-01
9.999976754188537598e-01
9.999856948852539062e-01
9.999615550041198730e-01
9.999156594276428223e-01
9.998881220817565918e-01
9.999039769172668457e-01
9.999324083328247070e-01
9.999399185180664062e-01
9.998308420181274414e-01
9.991567134857177734e-01
9.981437921524047852e-01
9.982641339302062988e-01
9.986338019371032715e-01
9.993013739585876465e-01
9.995421171188354492e-01
9.997026324272155762e-01
9.998111128807067871e-01
9.997464418411254883e-01
9.994654059410095215e-01
9.983704686164855957e-01
9.934830665588378906e-01
9.856989979743957520e-01
9.535816311836242676e-01
9.066277146339416504e-01
8.401728868484497070e-01
7.276352047920227051e-01
5.708602070808410645e-01
3.204089999198913574e-01
1.804927885532379150e-01
1.439656764268875122e-01
4.931856393814086914e-01
7.721868157386779785e-01
9.951050281524658203e-01
9.849786162376403809e-01
9.795542955398559570e-01
9.890219569206237793e-01
9.928231835365295410e-01
9.954787492752075195e-01
9.983279109001159668e-01
9.994578361511230469e-01
9.754525423049926758e-01
7.117454409599304199e-01
3.934025466442108154e-01
2.345929667353630066e-02
1.085532001263597147e-26
5.351032014004886150e-04
2.021054271608591080e-03
4.428052306175231934e-01
9.053146839141845703e-01
9.741130471229553223e-01
9.954147338867187500e-01
9.885075092315673828e-01
9.906349778175354004e-01
9.935817718505859375e-01
9.974679946899414062e-01
9.981999993324279785e-01
9.985227584838867188e-01
9.988358020782470703e-01
9.974251985549926758e-01
9.946380853652954102e-01
9.876473546028137207e-01
9.856498241424560547e-01
9.874031543731689453e-01
9.928011298179626465e-01
9.963675141334533691e-01
9.972437620162963867e-01
9.981529712677001953e-01
9.990236163139343262e-01
9.997563362121582031e-01
9.978539347648620605e-01
9.930038452148437500e-01
9.711794853210449219e-01
9.570193886756896973e-01
9.503245353698730469e-01
9.745514988899230957e-01
9.930505752563476562e-01
9.959003329277038574e-01
9.961159229278564453e-01
9.958474636077880859e-01
9.970510005950927734e-01
9.983707666397094727e-01
9.997254610061645508e-01
9.987321496009826660e-01
9.958174824714660645e-01
9.903945922851562500e-01
9.951895475387573242e-01
9.878270030021667480e-01
9.425448775291442871e-01
8.897985816001892090e-01
8.482912182807922363e-01
9.350071549415588379e-01
9.833489656448364258e-01
9.964819550514221191e-01
9.978078007698059082e-01
9.965245723724365234e-01
9.918956756591796875e-01
9.738305807113647461e-01
9.496597647666931152e-01
9.163485169410705566e-01
9.077499508857727051e-01
9.161993861198425293e-01
9.554190039634704590e-01
9.805314540863037109e-01
9.869427084922790527e-01
9.943685531616210938e-01
9.974201321601867676e-01
9.875507354736328125e-01
9.899913072586059570e-01
9.976942539215087891e-01
9.990696310997009277e-01
9.997715950012207031e-01
9.998083710670471191e-01
9.995213150978088379e-01
9.992396831512451172e-01
9.990281462669372559e-01
9.994122385978698730e-01
9.999161958694458008e-01
9.999737739562988281e-01
9.999988675117492676e-01
9.999995827674865723e-01
9.999998211860656738e-01
9.999991059303283691e-01
9.999969601631164551e-01
9.999482631683349609e-01
9.997961521148681641e-01
9.993221759796142578e-01
9.985454082489013672e-01
9.975944757461547852e-01
9.966224431991577148e-01
9.950260519981384277e-01
9.926941394805908203e-01
9.850625395774841309e-01
9.770069718360900879e-01
9.698231220245361328e-01
9.736726880073547363e-01
9.824827313423156738e-01
9.924358725547790527e-01
9.980168342590332031e-01
9.995788335800170898e-01
9.998268485069274902e-01
9.991945624351501465e-01
9.970556497573852539e-01
6.401476860046386719e-01
2.181660830974578857e-01
6.542217731475830078e-02
5.908629488460270807e-12
9.996354872338075737e-14
8.998840115964412689e-03
2.503827512264251709e-01
8.509408235549926758e-01
9.813884496688842773e-01
9.901678562164306641e-01
9.769045114517211914e-01
9.525455236434936523e-01
9.200059771537780762e-01
8.412246704101562500e-01
8.406040668487548828e-01
9.394529461860656738e-01
9.777848124504089355e-01
9.984565973281860352e-01
9.993691444396972656e-01
9.997829794883728027e-01
9.999371170997619629e-01
9.999768137931823730e-01
9.999974370002746582e-01
9.999975562095642090e-01
9.999863505363464355e-01
9.999670386314392090e-01
9.999319314956665039e-01
9.999334216117858887e-01
9.999513626098632812e-01
9.999783635139465332e-01
9.999902248382568359e-01
9.999879598617553711e-01
9.999696016311645508e-01
9.999545812606811523e-01
9.999489784240722656e-01
9.999647140502929688e-01
9.999604225158691406e-01
9.997917413711547852e-01
9.971451759338378906e-01
9.924830794334411621e-01
9.674682617187500000e-01
9.616095423698425293e-01
9.910181164741516113e-01
9.968705773353576660e-01
9.895931482315063477e-01
9.536643028259277344e-01
8.099452257156372070e-01
5.871556997299194336e-01
3.368021547794342041e-01
1.900944560766220093e-01
2.080436348915100098e-01
6.000146865844726562e-01
9.954065084457397461e-01
9.986514449119567871e-01
9.998033642768859863e-01
9.995678067207336426e-01
9.990960955619812012e-01
9.991190433502197266e-01
9.998607039451599121e-01
9.989587068557739258e-01
9.980988502502441406e-01
9.987837672233581543e-01
9.993698596954345703e-01
9.998854994773864746e-01
9.999509453773498535e-01
9.999743103981018066e-01
9.999407529830932617e-01
9.998675584793090820e-01
9.998214840888977051e-01
9.998937249183654785e-01
9.999471902847290039e-01
9.999883174896240234e-01
9.999883174896240234e-01
9.999907016754150391e-01
9.999961256980895996e-01
9.999985694885253906e-01
9.999374151229858398e-01
9.996764659881591797e-01
9.793721437454223633e-01
9.258480072021484375e-01
3.820883929729461670e-01
9.648191183805465698e-02
1.341160982847213745e-01
4.395732283592224121e-01
7.511638402938842773e-01
9.334189295768737793e-01
9.985963106155395508e-01
9.999878406524658203e-01
9.999894499778747559e-01
9.999623894691467285e-01
9.998998641967773438e-01
9.999340772628784180e-01
9.999730587005615234e-01
9.999722838401794434e-01
9.999220967292785645e-01
9.998505711555480957e-01
9.999079704284667969e-01
9.998606443405151367e-01
9.996815323829650879e-01
9.943034648895263672e-01
9.736982583999633789e-01
9.084773063659667969e-01
7.896720767021179199e-01
6.482348442077636719e-01
7.032226324081420898e-01
8.025392889976501465e-01
9.594070315361022949e-01
9.928175210952758789e-01
9.993560910224914551e-01
9.992163777351379395e-01
9.363152980804443359e-01
8.311498761177062988e-01
5.283185243606567383e-01
4.588204324245452881e-01
7.081151008605957031e-01
8.606764674186706543e-01
9.658862948417663574e-01
9.765662550926208496e-01
8.460893034934997559e-01
6.264486908912658691e-01
3.805579245090484619e-01
3.904974460601806641e-01
7.770537734031677246e-01
9.251325726509094238e-01
9.867393374443054199e-01
9.392446279525756836e-01
5.824506878852844238e-01
1.261788327246904373e-02
2.133759669959545135e-03
1.556803130071244989e-18
2.812096135132344025e-19
2.121175555203080876e-07
1.174332923255860806e-03
7.943486794829368591e-03
1.650937795639038086e-01
4.363284707069396973e-01
7.161717414855957031e-01
9.191873669624328613e-01
9.828178286552429199e-01
9.986975789070129395e-01
9.987993836402893066e-01
9.989628791809082031e-01
9.991520047187805176e-01
9.993633031845092773e-01
9.976775050163269043e-01
9.923774600028991699e-01
9.799346327781677246e-01
9.447407126426696777e-01
8.735215663909912109e-01
5.905556678771972656e-01
3.153409659862518311e-01
4.770766571164131165e-02
1.052457280457019806e-02
1.598207503557205200e-01
7.000313401222229004e-01
9.155516028404235840e-01
9.743526577949523926e-01
9.618876576423645020e-01
9.605395793914794922e-01
9.718760848045349121e-01
9.861186742782592773e-01
9.975495934486389160e-01
9.992007017135620117e-01
9.996805787086486816e-01
9.994737505912780762e-01
9.983053803443908691e-01
9.975917339324951172e-01
9.974995255470275879e-01
9.983503818511962891e-01
9.991683363914489746e-01
9.990135431289672852e-01
9.985234141349792480e-01
9.978037476539611816e-01
9.970213770866394043e-01
9.956489801406860352e-01
9.932925105094909668e-01
9.891961812973022461e-01
9.848552942276000977e-01
9.821137189865112305e-01
9.817031621932983398e-01
9.832543730735778809e-01
9.853056073188781738e-01
9.863252043724060059e-01
9.850564002990722656e-01
9.771379828453063965e-01
9.676691889762878418e-01
9.695121645927429199e-01
9.762665033340454102e-01
9.882797002792358398e-01
9.828904867172241211e-01
9.681339263916015625e-01
9.340033531188964844e-01
9.236038923263549805e-01
9.275833964347839355e-01
9.718905687332153320e-01
9.789915680885314941e-01
9.352421164512634277e-01
7.822460532188415527e-01
6.177158355712890625e-01
5.125948190689086914e-01
6.024726033210754395e-01
8.318117856979370117e-01
9.311450123786926270e-01
9.934867620468139648e-01
9.962807893753051758e-01
9.977915883064270020e-01
9.988219738006591797e-01
9.995995163917541504e-01
9.999836683273315430e-01
9.999977350234985352e-01
9.999995827674865723e-01
9.999995231628417969e-01
9.999980926513671875e-01
9.999059438705444336e-01
9.997543096542358398e-01
9.993497729301452637e-01
9.987643361091613770e-01
9.979498982429504395e-01
9.971824884414672852e-01
9.967290163040161133e-01
9.974009990692138672e-01
9.983182549476623535e-01
9.994012713432312012e-01
9.992694854736328125e-01
9.978781342506408691e-01
9.943362474441528320e-01
9.760613441467285156e-01
9.546852707862854004e-01
9.457379579544067383e-01
9.563291668891906738e-01
9.853465557098388672e-01
9.941282272338867188e-01
9.986068606376647949e-01
9.979785084724426270e-01
9.755278229713439941e-01
9.445615410804748535e-01
9.651963114738464355e-01
9.822489619255065918e-01
9.945576786994934082e-01
9.981074929237365723e-01
9.993874430656433105e-01
9.996405839920043945e-01
9.998258352279663086e-01
9.999607205390930176e-01
9.999831318855285645e-01
9.999918341636657715e-01
9.999839067459106445e-01
9.998905062675476074e-01
9.996650218963623047e-01
9.985530972480773926e-01
9.966860413551330566e-01
9.940035343170166016e-01
9.929912686347961426e-01
9.929841160774230957e-01
9.952739477157592773e-01
9.965580701828002930e-01
9.972314834594726562e-01
9.976748824119567871e-01
9.921504855155944824e-01
9.769563674926757812e-01
9.406068325042724609e-01
9.034292697906494141e-01
9.020987749099731445e-01
9.035042524337768555e-01
9.074374437332153320e-01
7.972909212112426758e-01
6.570741534233093262e-01
4.720402956008911133e-01
4.775350093841552734e-01
5.856303572654724121e-01
7.862737178802490234e-01
9.269477725028991699e-01
9.824520349502563477e-01
9.969483017921447754e-01
9.999415278434753418e-01
9.998691082000732422e-01
9.975291490554809570e-01
9.933040142059326172e-01
9.573412537574768066e-01
9.368816614151000977e-01
9.582938551902770996e-01
9.721150398254394531e-01
9.814286828041076660e-01
9.753079414367675781e-01
9.537800550460815430e-01
9.121382832527160645e-01
7.208147048950195312e-01
5.586553812026977539e-01
6.804943084716796875e-01
7.323773503303527832e-01
7.297915220260620117e-01
6.957665681838989258e-01
7.068038582801818848e-01
8.216071128845214844e-01
9.119447469711303711e-01
9.865957498550415039e-01
9.932429194450378418e-01
9.629974365234375000e-01
8.858250379562377930e-01
7.532936334609985352e-01
6.459466218948364258e-01
6.977041959762573242e-01
7.931494712829589844e-01
9.224451780319213867e-01
9.705178737640380859e-01
9.999553561210632324e-01
9.999647736549377441e-01
9.992702603340148926e-01
9.982851743698120117e-01
9.977964758872985840e-01
9.971747398376464844e-01
9.963800311088562012e-01
9.962718486785888672e-01
9.966840147972106934e-01
9.986914396286010742e-01
9.996660351753234863e-01
9.998148083686828613e-01
9.958493709564208984e-01
9.905362725257873535e-01
9.828513264656066895e-01
9.800572991371154785e-01
9.767993092536926270e-01
9.112586975097656250e-01
7.256529927253723145e-01
3.721672892570495605e-01
2.563584446907043457e-01
2.609107494354248047e-01
5.622186660766601562e-01
7.552546262741088867e-01
8.527510762214660645e-01
9.340552687644958496e-01
9.906445741653442383e-01
9.864324331283569336e-01
9.290552139282226562e-01
8.423831462860107422e-01
7.480316758155822754e-01
7.572931647300720215e-01
9.318149089813232422e-01
9.851684570312500000e-01
9.974438548088073730e-01
9.973757863044738770e-01
9.965312480926513672e-01
9.948983788490295410e-01
9.910788536071777344e-01
9.881660938262939453e-01
9.892392158508300781e-01
9.924376010894775391e-01
9.970186352729797363e-01
9.985826015472412109e-01
9.995849132537841797e-01
9.996702075004577637e-01
9.978962540626525879e-01
9.945552945137023926e-01
9.816898703575134277e-01
9.777731895446777344e-01
9.848824143409729004e-01
9.922440648078918457e-01
9.984936118125915527e-01
9.995346069335937500e-01
9.999234676361083984e-01
9.997850060462951660e-01
9.996991753578186035e-01
9.996772408485412598e-01
9.998031854629516602e-01
9.998437166213989258e-01
9.998397827148437500e-01
9.998670816421508789e-01
9.998787045478820801e-01
9.998654723167419434e-01
9.998808503150939941e-01
9.999034404754638672e-01
9.999105930328369141e-01
9.998216629028320312e-01
9.996312856674194336e-01
9.995793700218200684e-01
9.996170401573181152e-01
9.998878240585327148e-01
1.000000000000000000e+00
1.000000000000000000e+00
1.000000000000000000e+00
9.999173283576965332e-01
9.996550679206848145e-01
9.996207356452941895e-01
9.996886253356933594e-01
9.996415376663208008e-01
9.995950460433959961e-01
9.995495080947875977e-01
9.995686411857604980e-01
9.995850920677185059e-01
9.994671344757080078e-01
9.990203976631164551e-01
9.982486367225646973e-01
9.868621230125427246e-01
9.404870867729187012e-01
7.827824950218200684e-01
8.072797656059265137e-01
9.568600058555603027e-01
9.848070740699768066e-01
1.000000000000000000e+00
1.000000000000000000e+00
8.790193200111389160e-01
7.132769227027893066e-01
8.011469841003417969e-01
8.860276341438293457e-01
9.663066864013671875e-01
9.806005954742431641e-01
9.633827805519104004e-01
8.688785433769226074e-01
7.629510760307312012e-01
6.456094384193420410e-01
5.650237798690795898e-01
5.423943996429443359e-01
7.074217796325683594e-01
8.492072820663452148e-01
9.736694693565368652e-01
9.919210076332092285e-01
9.998608231544494629e-01
9.999592900276184082e-01
9.999957084655761719e-01
9.999998211860656738e-01
9.999926090240478516e-01
9.999498128890991211e-01
9.998493790626525879e-01
9.956867098808288574e-01
9.900026321411132812e-01
9.832945466041564941e-01
9.795768857002258301e-01
9.793564677238464355e-01
9.845273494720458984e-01
9.906428456306457520e-01
9.957115650177001953e-01
9.986848831176757812e-01
9.998669624328613281e-01
9.998755455017089844e-01
9.997982978820800781e-01
9.998565316200256348e-01
9.954060316085815430e-01
9.881602525711059570e-01
9.905190467834472656e-01
9.937700629234313965e-01
9.983382821083068848e-01
9.998506307601928711e-01
9.999905824661254883e-01
9.999945759773254395e-01
9.999973773956298828e-01
9.999983310699462891e-01
9.999985694885253906e-01
9.999985098838806152e-01
9.999985694885253906e-01
9.999983310699462891e-01
9.999977946281433105e-01
9.999623894691467285e-01
9.998680949211120605e-01
9.995521306991577148e-01
9.973472952842712402e-01
9.935808181762695312e-01
9.895705580711364746e-01
9.866684675216674805e-01
9.870384335517883301e-01
9.889878034591674805e-01
9.919315576553344727e-01
9.959365725517272949e-01
9.980918169021606445e-01
9.963082671165466309e-01
9.578008055686950684e-01
8.864691853523254395e-01
3.856019079685211182e-01
6.105549633502960205e-02
1.235028170049190521e-02
3.973457751271780580e-06
4.297854378819465637e-02
4.760687053203582764e-01
7.880503535270690918e-01
9.535344839096069336e-01
9.895765781402587891e-01
9.935817122459411621e-01
9.922177791595458984e-01
9.911372065544128418e-01
9.903252720832824707e-01
9.925276637077331543e-01
9.921110868453979492e-01
9.807457327842712402e-01
6.385735273361206055e-01
4.885537922382354736e-02
2.542227273806929588e-03
3.427984662370699672e-38
9.250701239508030715e-39
0.000000000000000000e+00
0.000000000000000000e+00
7.628782186657190323e-04
1.985362321138381958e-01
7.886639237403869629e-01
9.825891256332397461e-01
9.943310618400573730e-01
9.936480522155761719e-01
9.896014332771301270e-01
9.802813529968261719e-01
8.758531212806701660e-01
7.602597475051879883e-01
8.614448904991149902e-01
9.382026791572570801e-01
9.844375848770141602e-01
9.950697422027587891e-01
9.955035448074340820e-01
9.902392029762268066e-01
9.893451929092407227e-01
9.929242730140686035e-01
9.962395429611206055e-01
9.989711642265319824e-01
9.994655847549438477e-01
9.986716508865356445e-01
9.967971444129943848e-01
9.953199625015258789e-01
9.938619732856750488e-01
9.923233985900878906e-01
9.034817814826965332e-01
7.548463940620422363e-01
3.406419456005096436e-01
1.203579157590866089e-01
4.162712991237640381e-01
6.937027573585510254e-01
9.606278538703918457e-01
9.853653907775878906e-01
9.994590282440185547e-01
9.996289610862731934e-01
9.997706413269042969e-01
9.998899698257446289e-01
9.996928572654724121e-01
9.979205727577209473e-01
9.935413002967834473e-01
9.720265269279479980e-01
9.470002055168151855e-01
9.615612626075744629e-01
9.768218994140625000e-01
9.930153489112854004e-01
9.920625090599060059e-01
9.811059236526489258e-01
9.317375421524047852e-01
9.205637574195861816e-01
9.552012681961059570e-01
9.804449677467346191e-01
9.999157786369323730e-01
9.993404150009155273e-01
9.991802573204040527e-01
9.994483590126037598e-01
9.997445940971374512e-01
9.999818801879882812e-01
9.999342560768127441e-01
9.984856247901916504e-01
9.957928657531738281e-01
9.791678190231323242e-01
9.189468622207641602e-01
7.089236378669738770e-01
4.645265042781829834e-01
1.938260644674301147e-01
2.895428240299224854e-01
4.722201228141784668e-01
8.019273877143859863e-01
9.585336446762084961e-01
9.965981841087341309e-01
9.929020404815673828e-01
9.894018769264221191e-01
9.933216571807861328e-01
9.756980538368225098e-01
9.452569484710693359e-01
6.858695149421691895e-01
4.345939457416534424e-01
2.175977081060409546e-01
4.496260583400726318e-01
9.198542833328247070e-01
9.677041769027709961e-01
9.985299706459045410e-01
9.995997548103332520e-01
9.999406933784484863e-01
9.999382495880126953e-01
9.999759793281555176e-01
9.997003078460693359e-01
9.988771677017211914e-01
9.967665672302246094e-01
9.942840933799743652e-01
9.950097203254699707e-01
9.962990283966064453e-01
9.984795451164245605e-01
9.993932843208312988e-01
9.998042583465576172e-01
9.998429417610168457e-01
9.998716115951538086e-01
9.998859763145446777e-01
9.998959898948669434e-01
9.998911619186401367e-01
9.997497200965881348e-01
9.994949102401733398e-01
9.990896582603454590e-01
9.991848468780517578e-01
9.993764162063598633e-01
9.991411566734313965e-01
9.971820116043090820e-01
9.931012392044067383e-01
8.755279779434204102e-01
6.896250844001770020e-01
2.408779710531234741e-01
7.134440238587558270e-05
1.192978925246279687e-05
5.032412707805633545e-03
9.322660416364669800e-02
6.820756196975708008e-01
9.922257661819458008e-01
9.987592697143554688e-01
9.999729990959167480e-01
9.999895095825195312e-01
9.999935030937194824e-01
9.999965429306030273e-01
9.999985694885253906e-01
9.999988675117492676e-01
9.999987483024597168e-01
9.999982714653015137e-01
9.999917149543762207e-01
9.999791979789733887e-01
9.998308420181274414e-01
9.987118244171142578e-01
9.931193590164184570e-01
9.862219095230102539e-01
9.780721068382263184e-01
9.823266267776489258e-01
9.888714551925659180e-01
9.956223964691162109e-01
9.985409379005432129e-01
9.979032874107360840e-01
9.982408285140991211e-01
9.917914867401123047e-01
9.553455114364624023e-01
6.508202552795410156e-01
1.011609956622123718e-01
1.081142388284206390e-02
8.724766084924340248e-04
5.419665947556495667e-03
2.492235898971557617e-01
7.086145281791687012e-01
8.851613402366638184e-01
9.911447167396545410e-01
9.967509508132934570e-01
9.991641640663146973e-01
9.987421631813049316e-01
9.977467060089111328e-01
9.972265362739562988e-01
9.990273714065551758e-01
9.999057054519653320e-01
9.999606013298034668e-01
9.999622106552124023e-01
9.999434351921081543e-01
9.998756647109985352e-01
9.997989535331726074e-01
9.997142553329467773e-01
9.997162222862243652e-01
9.997348785400390625e-01
9.997639656066894531e-01
9.975689053535461426e-01
9.933662414550781250e-01
8.303223848342895508e-01
6.880195140838623047e-01
7.479273080825805664e-01
8.315381407737731934e-01
9.371307492256164551e-01
9.723890423774719238e-01
9.917623996734619141e-01
9.959090352058410645e-01
9.982916116714477539e-01
9.989860653877258301e-01
9.904832839965820312e-01
9.779347777366638184e-01
9.542567729949951172e-01
9.533548355102539062e-01
9.749416708946228027e-01
9.890034198760986328e-01
9.994702339172363281e-01
9.993040561676025391e-01
9.954122304916381836e-01
9.876672029495239258e-01
8.548489809036254883e-01
6.543947458267211914e-01
2.244002968072891235e-01
3.211275907233357430e-05
5.201597105042310432e-06
0.000000000000000000e+00
6.677742302417755127e-02
5.563161969184875488e-01
8.684878945350646973e-01
9.764971733093261719e-01
9.949319958686828613e-01
9.827173352241516113e-01
9.177185893058776855e-01
9.012932777404785156e-01
9.446341395378112793e-01
9.754694700241088867e-01
9.997879266738891602e-01
9.992415308952331543e-01
9.971486330032348633e-01
9.929970502853393555e-01
9.700883626937866211e-01
9.385643601417541504e-01
8.784741759300231934e-01
8.414909243583679199e-01
8.378189802169799805e-01
8.762285709381103516e-01
9.279514551162719727e-01
9.547329545021057129e-01
9.752413034439086914e-01
9.858598113059997559e-01
9.833478331565856934e-01
9.612693190574645996e-01
5.835493803024291992e-01
2.690134346485137939e-01
6.522598117589950562e-02
9.347140789031982422e-02
2.308343350887298584e-01
6.607406735420227051e-01
9.456475973129272461e-01
9.470900893211364746e-01
7.730433940887451172e-01
5.103039741516113281e-01
2.081130594015121460e-01
1.564666085585031396e-08
4.182830970478335075e-09
0.000000000000000000e+00
0.000000000000000000e+00
0.000000000000000000e+00
0.000000000000000000e+00
0.000000000000000000e+00
6.642779044341295958e-05
1.760483282851055264e-04
3.018752038478851318e-01
6.121291518211364746e-01
8.790386915206909180e-01
9.947786331176757812e-01
9.984967708587646484e-01
9.993433952331542969e-01
9.989859461784362793e-01
9.955248832702636719e-01
9.663862586021423340e-01
9.156280159950256348e-01
9.158100485801696777e-01
9.295945763587951660e-01
9.679577350616455078e-01
9.906455874443054199e-01
9.979656338691711426e-01
9.995966553688049316e-01
9.999761581420898438e-01
9.999889731407165527e-01
9.999306797981262207e-01
9.997922778129577637e-01
9.948987364768981934e-01
9.893797636032104492e-01
9.888818264007568359e-01
9.908614754676818848e-01
9.960970282554626465e-01
9.984728097915649414e-01
9.998065829277038574e-01
9.998867511749267578e-01
9.999326467514038086e-01
9.999246597290039062e-01
9.999047517776489258e-01
9.998785257339477539e-01
9.998028278350830078e-01
9.997586607933044434e-01
9.997738599777221680e-01
9.996867775917053223e-01
9.995484948158264160e-01
9.985473155975341797e-01
9.941951036453247070e-01
9.822289943695068359e-01
7.930598258972167969e-01
4.960474967956542969e-01
2.113402485847473145e-01
1.526136100292205811e-01
7.467777132987976074e-01
7.791781425476074219e-01
3.943487405776977539e-01
1.661131531000137329e-01
4.237068444490432739e-02
2.426806688308715820e-01
5.302253961563110352e-01
8.963901400566101074e-01
9.741751551628112793e-01
9.944285750389099121e-01
9.947044849395751953e-01
9.823268651962280273e-01
9.560348391532897949e-01
8.730113506317138672e-01
7.970450520515441895e-01
9.059129953384399414e-01
9.765698909759521484e-01
9.948740005493164062e-01
9.998189210891723633e-01
9.999818205833435059e-01
9.999929666519165039e-01
1.000000000000000000e+00
1.000000000000000000e+00
9.999985098838806152e-01
9.999963641166687012e-01
9.999797344207763672e-01
9.998727440834045410e-01
9.995669722557067871e-01
9.977024793624877930e-01
9.949021339416503906e-01
9.849434494972229004e-01
9.734277725219726562e-01
9.586665630340576172e-01
9.528902769088745117e-01
9.539947509765625000e-01
9.702827930450439453e-01
9.864891767501831055e-01
9.938049316406250000e-01
9.980337023735046387e-01
9.992624521255493164e-01
9.997340440750122070e-01
1.000000000000000000e+00
1.000000000000000000e+00
1.000000000000000000e+00
1.000000000000000000e+00
9.999076128005981445e-01
9.997937083244323730e-01
9.997878670692443848e-01
9.998278617858886719e-01
9.999427795410156250e-01
9.999865889549255371e-01
9.999987483024597168e-01
9.999800324440002441e-01
9.995354413986206055e-01
9.981589317321777344e-01
9.973670840263366699e-01
9.969231486320495605e-01
9.981203079223632812e-01
9.992230534553527832e-01
9.997047185897827148e-01
9.994660019874572754e-01
9.986564517021179199e-01
9.986155033111572266e-01
9.988165497779846191e-01
9.995988011360168457e-01
1.000000000000000000e+00
1.000000000000000000e+00
1.000000000000000000e+00
9.998759031295776367e-01
9.986899495124816895e-01
9.970423579216003418e-01
9.947425723075866699e-01
9.949383139610290527e-01
9.958928227424621582e-01
9.913139939308166504e-01
9.665994644165039062e-01
9.030984640121459961e-01
6.732317209243774414e-01
3.533740937709808350e-01
2.148653715848922729e-01
2.102705836296081543e-01
5.544260740280151367e-01
8.007056117057800293e-01
9.736534357070922852e-01
9.970877766609191895e-01
9.994477629661560059e-01
9.998145699501037598e-01
1.000000000000000000e+00
1.000000000000000000e+00
1.000000000000000000e+00
9.998529553413391113e-01
9.985024333000183105e-01
9.971609711647033691e-01
9.958323836326599121e-01
9.964528679847717285e-01
9.978259801864624023e-01
9.990113973617553711e-01
9.998140335083007812e-01
9.998442530632019043e-01
9.985111951828002930e-01
9.964039921760559082e-01
9.768140316009521484e-01
9.527022838592529297e-01
9.181002974510192871e-01
8.867530822753906250e-01
8.580919504165649414e-01
8.411955833435058594e-01
8.382470607757568359e-01
8.970032334327697754e-01
9.480997920036315918e-01
9.903212785720825195e-01
9.221122860908508301e-01
8.075054883956909180e-01
5.231472253799438477e-01
3.181262016296386719e-01
2.443816959857940674e-01
4.315915107727050781e-01
7.407453656196594238e-01
8.474270701408386230e-01
9.098556637763977051e-01
8.707642555236816406e-01
8.228182196617126465e-01
7.687767744064331055e-01
8.385969400405883789e-01
9.162786006927490234e-01
9.657263159751892090e-01
9.921936988830566406e-01
9.955082535743713379e-01
9.913809895515441895e-01
9.855205416679382324e-01
9.809074401855468750e-01
9.814564585685729980e-01
9.896408915519714355e-01
9.949581623077392578e-01
9.990139007568359375e-01
9.941633343696594238e-01
9.893051981925964355e-01
9.844301342964172363e-01
9.854821562767028809e-01
9.903371930122375488e-01
9.954402446746826172e-01
9.973684549331665039e-01
9.872181415557861328e-01
7.197034955024719238e-01
2.030801177024841309e-01
6.098881363868713379e-02
1.202363148331642151e-02
4.470887593924999237e-03
7.907883006717457156e-21
1.782642074711398130e-21
1.248318710622697836e-07
3.584877355024218559e-03
4.539430439472198486e-01
7.034397125244140625e-01
4.999297559261322021e-01
3.878333270549774170e-01
3.348916471004486084e-01
5.677972435951232910e-01
7.937785387039184570e-01
8.720884919166564941e-01
9.346778988838195801e-01
9.816558361053466797e-01
9.950421452522277832e-01
9.994606375694274902e-01
9.996029138565063477e-01
9.997411966323852539e-01
9.998735785484313965e-01
9.998876452445983887e-01
9.998489618301391602e-01
9.998233318328857422e-01
9.997931718826293945e-01
9.997515678405761719e-01
9.995347261428833008e-01
9.991923570632934570e-01
9.987273812294006348e-01
9.973099231719970703e-01
9.914748668670654297e-01
9.787185192108154297e-01
9.581689834594726562e-01
9.606708884239196777e-01
9.705387353897094727e-01
9.854173064231872559e-01
9.958922863006591797e-01
9.984748363494873047e-01
9.991809129714965820e-01
9.988932609558105469e-01
9.946556687355041504e-01
9.897059798240661621e-01
9.831880927085876465e-01
9.802233576774597168e-01
9.803203344345092773e-01
9.128829240798950195e-01
8.054460287094116211e-01
5.133185982704162598e-01
2.855559885501861572e-01
1.478468626737594604e-01
2.319297343492507935e-01
4.061231911182403564e-01
6.773553490638732910e-01
8.830685019493103027e-01
9.347463846206665039e-01
9.695423245429992676e-01
9.927571415901184082e-01
9.976542592048645020e-01
9.996462464332580566e-01
9.991339445114135742e-01
9.967980384826660156e-01
9.924051761627197266e-01
8.917056322097778320e-01
7.506160736083984375e-01
4.341559708118438721e-01
2.915375232696533203e-01
4.778974354267120361e-01
6.921107172966003418e-01
9.224593639373779297e-01
9.582961797714233398e-01
9.779668450355529785e-01
9.921945929527282715e-01
9.991133809089660645e-01
9.990955591201782227e-01
9.975037574768066406e-01
9.956560134887695312e-01
9.950489401817321777e-01
9.955145716667175293e-01
9.977108240127563477e-01
9.980233311653137207e-01
9.974250793457031250e-01
9.913691282272338867e-01
9.839246869087219238e-01
9.729779958724975586e-01
9.768720865249633789e-01
9.932155013084411621e-01
9.786952733993530273e-01
9.585705399513244629e-01
9.425556659698486328e-01
9.281417727470397949e-01
9.159799814224243164e-01
9.270401000976562500e-01
9.480420351028442383e-01
8.957492113113403320e-01
8.155323266983032227e-01
6.645400524139404297e-01
7.092313170433044434e-01
9.048715829849243164e-01
9.667225480079650879e-01
9.998813271522521973e-01
9.999511837959289551e-01
9.999811053276062012e-01
9.999577999114990234e-01
9.952225685119628906e-01
9.886016845703125000e-01
9.759211540222167969e-01
9.710370898246765137e-01
9.851551055908203125e-01
9.937177300453186035e-01
9.981893897056579590e-01
9.991761445999145508e-01
9.994207620620727539e-01
9.985778331756591797e-01
9.951001405715942383e-01
9.882106781005859375e-01
9.759718179702758789e-01
9.613944292068481445e-01
9.066259860992431641e-01
8.810135126113891602e-01
9.258338809013366699e-01
9.604976177215576172e-01
9.877758026123046875e-01
9.946242570877075195e-01
9.940416812896728516e-01
9.692211747169494629e-01
9.398006796836853027e-01
9.043040275573730469e-01
9.076946973800659180e-01
9.266782999038696289e-01
9.437270760536193848e-01
9.577757716178894043e-01
9.641841053962707520e-01
9.684937000274658203e-01
9.711907505989074707e-01
9.796516299247741699e-01
9.861273169517517090e-01
9.729410409927368164e-01
8.752946257591247559e-01
6.586610078811645508e-01
3.976059854030609131e-01
1.172600090503692627e-01
2.024398893117904663e-01
3.312818109989166260e-01
5.626285076141357422e-01
7.625133991241455078e-01
9.363022446632385254e-01
9.821836948394775391e-01
9.990430474281311035e-01
9.987424612045288086e-01
9.967972636222839355e-01
9.922823905944824219e-01
9.719553589820861816e-01
9.439054131507873535e-01
9.032845497131347656e-01
8.772966861724853516e-01
9.007791876792907715e-01
9.347161650657653809e-01
9.785104990005493164e-01
9.929783940315246582e-01
9.993451237678527832e-01
9.995592236518859863e-01
9.962174296379089355e-01
9.864173531532287598e-01
9.772830009460449219e-01
9.685484170913696289e-01
9.547274708747863770e-01
9.487415552139282227e-01
9.769276380538940430e-01
9.932749271392822266e-01
9.965394735336303711e-01
9.932909011840820312e-01
9.880146384239196777e-01
9.849814176559448242e-01
9.854157567024230957e-01
9.934938549995422363e-01
9.973788857460021973e-01
9.983516335487365723e-01
9.828144311904907227e-01
9.657486081123352051e-01
9.545572400093078613e-01
9.609065651893615723e-01
9.910312294960021973e-01
9.795672297477722168e-01
9.504368305206298828e-01
8.648372888565063477e-01
7.872470617294311523e-01
7.356688976287841797e-01
7.206460237503051758e-01
7.374222278594970703e-01
8.467187285423278809e-01
9.677733182907104492e-01
9.868298172950744629e-01
9.986202716827392578e-01
9.976292252540588379e-01
9.958288073539733887e-01
9.935706853866577148e-01
9.955351352691650391e-01
9.977255463600158691e-01
9.991986751556396484e-01
9.999879598617553711e-01
9.999974966049194336e-01
9.999997615814208984e-01
9.999993443489074707e-01
9.999971985816955566e-01
9.999904036521911621e-01
9.999722838401794434e-01
9.996968507766723633e-01
9.992234706878662109e-01
9.977155327796936035e-01
9.963027238845825195e-01
9.971592426300048828e-01
9.980449080467224121e-01
9.989765882492065430e-01
9.915090799331665039e-01
9.797541499137878418e-01
8.753457069396972656e-01
7.532200813293457031e-01
5.882080197334289551e-01
6.258619427680969238e-01
8.798776268959045410e-01
9.672982096672058105e-01
9.999368786811828613e-01
9.976250529289245605e-01
9.963338971138000488e-01
9.974341988563537598e-01
9.974417686462402344e-01
9.966295957565307617e-01
9.971544146537780762e-01
9.979668259620666504e-01
9.990632534027099609e-01
9.997552633285522461e-01
9.998062252998352051e-01
9.986981153488159180e-01
9.969863295555114746e-01
9.277188777923583984e-01
7.807470560073852539e-01
3.459287285804748535e-01
1.285306364297866821e-01
1.551411896944046021e-01
1.755172610282897949e-01
1.961168944835662842e-01
4.185316562652587891e-01
6.444175243377685547e-01
8.794604539871215820e-01
9.885689020156860352e-01
9.957371354103088379e-01
9.804460406303405762e-01
9.526506066322326660e-01
8.487770557403564453e-01
7.591779828071594238e-01
6.945006847381591797e-01
7.728748321533203125e-01
9.346432089805603027e-01
9.740153551101684570e-01
9.955549836158752441e-01
9.967498183250427246e-01
9.969108104705810547e-01
9.957338571548461914e-01
9.792200922966003418e-01
9.562828540802001953e-01
7.875676751136779785e-01
6.489762067794799805e-01
6.189240813255310059e-01
6.880996823310852051e-01
8.531438112258911133e-01
9.341875910758972168e-01
9.888082742691040039e-01
9.949459433555603027e-01
9.993157982826232910e-01
9.997588396072387695e-01
9.999089837074279785e-01
9.998444914817810059e-01
9.997947812080383301e-01
9.997611641883850098e-01
9.998369812965393066e-01
9.999080300331115723e-01
9.999710321426391602e-01
9.999956488609313965e-01
9.999986290931701660e-01
9.999666213989257812e-01
9.999357461929321289e-01
9.999274611473083496e-01
9.997097253799438477e-01
9.992210865020751953e-01
9.972468018531799316e-01
9.946450591087341309e-01
9.959512352943420410e-01
9.974062442779541016e-01
9.989098310470581055e-01
9.996870160102844238e-01
9.997244477272033691e-01
9.995047450065612793e-01
9.988124370574951172e-01
9.805320501327514648e-01
9.688451290130615234e-01
9.735273122787475586e-01
9.813681244850158691e-01
9.917940497398376465e-01
9.931447505950927734e-01
9.906333088874816895e-01
9.670929312705993652e-01
9.560590982437133789e-01
9.692589044570922852e-01
9.787321090698242188e-01
9.857257604598999023e-01
9.441890716552734375e-01
8.800824880599975586e-01
7.121537327766418457e-01
6.608006358146667480e-01
7.933427691459655762e-01
8.935171961784362793e-01
9.762715101242065430e-01
9.877980351448059082e-01
9.808602333068847656e-01
9.191322326660156250e-01
8.022010922431945801e-01
6.137714385986328125e-01
5.112419724464416504e-01
4.459906518459320068e-01
6.324136257171630859e-01
7.879570126533508301e-01
7.920004725456237793e-01
6.074854731559753418e-01
2.154144793748855591e-01
6.486933678388595581e-02
2.081148413708433509e-04
2.309856768079043832e-07
2.047844463959336281e-03
1.004835776984691620e-02
2.970721423625946045e-01
8.447952270507812500e-01
9.791243076324462891e-01
9.900630712509155273e-01
8.833591938018798828e-01
7.728980779647827148e-01
6.531622409820556641e-01
6.402699351310729980e-01
7.137981653213500977e-01
8.455341458320617676e-01
9.814133644104003906e-01
9.924049973487854004e-01
9.997755885124206543e-01
9.996781349182128906e-01
9.989364743232727051e-01
9.977383613586425781e-01
9.973324537277221680e-01
9.972456097602844238e-01
9.986962080001831055e-01
9.996755719184875488e-01
9.998083114624023438e-01
9.998394250869750977e-01
9.998071789741516113e-01
9.995920658111572266e-01
9.993654489517211914e-01
9.992469549179077148e-01
9.993016719818115234e-01
9.996350407600402832e-01
9.991792440414428711e-01
9.982757568359375000e-01
9.865360856056213379e-01
9.702095389366149902e-01
9.351592659950256348e-01
9.142384529113769531e-01
9.140002131462097168e-01
9.387072324752807617e-01
9.761252403259277344e-01
9.858816862106323242e-01
9.920868873596191406e-01
9.931120872497558594e-01
9.944396018981933594e-01
9.961757063865661621e-01
9.975381493568420410e-01
9.987244009971618652e-01
9.987366199493408203e-01
9.984346628189086914e-01
9.971364736557006836e-01
9.962999820709228516e-01
9.960491657257080078e-01
9.969633221626281738e-01
9.983882308006286621e-01
9.991908669471740723e-01
9.998209476470947266e-01
9.999027252197265625e-01
9.996299147605895996e-01
9.989340901374816895e-01
9.893537759780883789e-01
9.761000871658325195e-01
9.715739488601684570e-01
9.708012342453002930e-01
9.826550483703613281e-01
9.917384982109069824e-01
9.976060986518859863e-01
9.995543360710144043e-01
9.999341964721679688e-01
9.999624490737915039e-01
9.999557137489318848e-01
9.998668432235717773e-01
9.996607899665832520e-01
9.993219971656799316e-01
9.991131424903869629e-01
9.989542365074157715e-01
9.992827177047729492e-01
9.995757937431335449e-01
9.996936321258544922e-01
9.997270703315734863e-01
9.996659159660339355e-01
9.990891814231872559e-01
9.983122348785400391e-01
9.974696040153503418e-01
9.961711764335632324e-01
9.932597279548645020e-01
9.889802336692810059e-01
9.831526875495910645e-01
9.796781539916992188e-01
9.771307706832885742e-01
9.844294190406799316e-01
9.915471076965332031e-01
9.968655109405517578e-01
9.997776746749877930e-01
9.999116659164428711e-01
9.998647570610046387e-01
9.997447729110717773e-01
9.996868968009948730e-01
9.996675848960876465e-01
9.997854828834533691e-01
9.998717904090881348e-01
9.999203085899353027e-01
9.998471140861511230e-01
9.997220635414123535e-01
9.996120333671569824e-01
9.995531439781188965e-01
9.996989965438842773e-01
9.998205304145812988e-01
9.999117255210876465e-01
9.997678399085998535e-01
9.995187520980834961e-01
9.950337409973144531e-01
9.742913246154785156e-01
8.811612725257873535e-01
8.047253489494323730e-01
7.505168318748474121e-01
7.850304245948791504e-01
8.627857565879821777e-01
9.324870109558105469e-01
9.906790256500244141e-01
9.942442774772644043e-01
9.955185055732727051e-01
9.934791326522827148e-01
7.600107789039611816e-01
4.046841263771057129e-01
1.800616532564163208e-01
5.259386729449033737e-03
4.214827716350555420e-02
2.558566927909851074e-01
7.495810985565185547e-01
9.558956027030944824e-01
9.935515522956848145e-01
9.987379312515258789e-01
9.986869692802429199e-01
9.946502447128295898e-01
9.858361482620239258e-01
9.685701131820678711e-01
9.719709157943725586e-01
9.889220595359802246e-01
9.955384135246276855e-01
9.998835921287536621e-01
9.999457001686096191e-01
9.999495744705200195e-01
9.998366832733154297e-01
9.984935522079467773e-01
9.962425827980041504e-01
9.893692135810852051e-01
9.823461771011352539e-01
9.898870587348937988e-01
9.958058595657348633e-01
9.979590773582458496e-01
9.940927028656005859e-01
9.851186871528625488e-01
9.799352288246154785e-01
9.761961102485656738e-01
9.877295494079589844e-01
9.967514872550964355e-01
9.988242983818054199e-01
9.970496296882629395e-01
9.915218949317932129e-01
9.681956768035888672e-01
9.387919306755065918e-01
9.347655177116394043e-01
9.402700066566467285e-01
9.773238897323608398e-01
9.978142380714416504e-01
9.991261363029479980e-01
9.990732669830322266e-01
9.984411597251892090e-01
9.941500425338745117e-01
9.869788289070129395e-01
9.678174853324890137e-01
9.561661481857299805e-01
9.548714160919189453e-01
9.657756686210632324e-01
9.829578995704650879e-01
9.910978078842163086e-01
9.973618984222412109e-01
9.982051253318786621e-01
9.989184737205505371e-01
9.994139671325683594e-01
9.997289776802062988e-01
9.999279975891113281e-01
9.999763369560241699e-01
9.999930858612060547e-01
9.999653100967407227e-01
9.999184012413024902e-01
9.998307824134826660e-01
9.997026324272155762e-01
9.995425343513488770e-01
9.994481205940246582e-01
9.993769526481628418e-01
9.995071887969970703e-01
9.996558427810668945e-01
9.998548030853271484e-01
9.999585747718811035e-01
9.999676942825317383e-01
9.999374151229858398e-01
9.998930096626281738e-01
9.999106526374816895e-01
9.999346137046813965e-01
9.999757409095764160e-01
9.999990463256835938e-01
9.999997615814208984e-01
1.000000000000000000e+00
1.000000000000000000e+00
9.999999403953552246e-01
9.999998807907104492e-01
9.999996423721313477e-01
9.999958276748657227e-01
9.999863505363464355e-01
9.998644590377807617e-01
9.996718764305114746e-01
9.995033740997314453e-01
9.993624687194824219e-01
9.994832277297973633e-01
9.996140003204345703e-01
9.997664690017700195e-01
9.998674392700195312e-01
9.999254345893859863e-01
9.999442100524902344e-01
9.999521374702453613e-01
9.999744296073913574e-01
9.999920725822448730e-01
9.999954104423522949e-01
9.999911785125732422e-01
9.999786019325256348e-01
9.999350309371948242e-01
9.998787045478820801e-01
9.986396431922912598e-01
9.963011145591735840e-01
9.890307188034057617e-01
9.831016659736633301e-01
9.791548252105712891e-01
9.792480468750000000e-01
9.816604256629943848e-01
9.851742386817932129e-01
9.887204766273498535e-01
9.909775257110595703e-01
9.928242564201354980e-01
9.938385486602783203e-01
9.960889220237731934e-01
9.993147253990173340e-01
9.827887415885925293e-01
9.588377475738525391e-01
8.149869441986083984e-01
7.030170559883117676e-01
6.886917352676391602e-01
7.000680565834045410e-01
7.397712469100952148e-01
7.991986870765686035e-01
8.668915629386901855e-01
9.129749536514282227e-01
9.535247087478637695e-01
9.732866883277893066e-01
9.862924814224243164e-01
9.888165593147277832e-01
9.811756014823913574e-01
9.673036932945251465e-01
9.573308229446411133e-01
9.507247805595397949e-01
9.772762656211853027e-01
9.929105043411254883e-01
9.831556081771850586e-01
8.201583623886108398e-01
5.202736854553222656e-01
2.567639946937561035e-01
5.096871405839920044e-03
9.380210394738242030e-05
7.441689074039459229e-02
4.322040081024169922e-01
7.048630714416503906e-01
8.665843009948730469e-01
8.646436929702758789e-01
7.786902785301208496e-01
7.654875516891479492e-01
7.755063176155090332e-01
8.966224193572998047e-01
9.807718992233276367e-01
9.918954968452453613e-01
9.977910518646240234e-01
9.996113777160644531e-01
1.000000000000000000e+00
9.999838471412658691e-01
9.986671805381774902e-01
9.971374273300170898e-01
9.949207305908203125e-01
9.935888648033142090e-01
9.932898283004760742e-01
9.938805103302001953e-01
9.948762059211730957e-01
9.942206144332885742e-01
9.925218820571899414e-01
9.851137995719909668e-01
9.804992675781250000e-01
9.808838367462158203e-01
9.865047335624694824e-01
9.959155321121215820e-01
9.965827465057373047e-01
9.947056174278259277e-01
9.781022667884826660e-01
9.655784368515014648e-01
9.653916358947753906e-01
9.745105504989624023e-01
9.940351843833923340e-01
1.000000000000000000e+00
1.000000000000000000e+00
9.969971776008605957e-01
9.935995340347290039e-01
9.894739985466003418e-01
9.894042611122131348e-01
9.965467453002929688e-01
9.996374249458312988e-01
9.997982382774353027e-01
9.978485703468322754e-01
9.947029352188110352e-01
9.620245099067687988e-01
9.110673069953918457e-01
8.029519915580749512e-01
7.083445191383361816e-01
6.291673779487609863e-01
6.444596648216247559e-01
7.032471299171447754e-01
7.895352840423583984e-01
8.767383098602294922e-01
9.512073397636413574e-01
9.816324114799499512e-01
9.283609390258789062e-01
8.964868187904357910e-01
8.812621235847473145e-01
9.227403402328491211e-01
9.799929857254028320e-01
9.886460304260253906e-01
9.954115152359008789e-01
9.954212903976440430e-01
9.875230193138122559e-01
9.694657325744628906e-01
7.455757260322570801e-01
4.132452607154846191e-01
2.055314034223556519e-01
3.484494611620903015e-02
5.194123089313507080e-02
1.926332861185073853e-01
6.088483929634094238e-01
7.967749834060668945e-01
7.804269790649414062e-01
4.529078304767608643e-01
1.782322116196155548e-02
0.000000000000000000e+00
0.000000000000000000e+00
0.000000000000000000e+00
1.524622268711528505e-11
5.413090808925602460e-11
5.675305426120758057e-02
1.499091833829879761e-01
3.194007575511932373e-01
5.080236792564392090e-01
7.656595110893249512e-01
9.560241699218750000e-01
9.516772627830505371e-01
8.867843747138977051e-01
7.541435956954956055e-01
6.082053780555725098e-01
4.559917747974395752e-01
2.221515774726867676e-01
6.789107806980609894e-03
2.726282924413681030e-03
1.044927471565364169e-17
8.105154047519218263e-18
5.863803671672940254e-04
1.664000912569463253e-03
2.939926087856292725e-01
6.792569160461425781e-01
6.193780899047851562e-01
5.270377993583679199e-01
3.489432632923126221e-01
1.899659931659698486e-01
5.967964231967926025e-02
6.101485807448625565e-03
1.198793528601527214e-03
1.907348781824111938e-01
4.230186343193054199e-01
6.945765614509582520e-01
9.093055129051208496e-01
9.523679018020629883e-01
9.813753366470336914e-01
9.940237402915954590e-01
9.956127405166625977e-01
9.918499588966369629e-01
9.725834727287292480e-01
9.533910155296325684e-01
9.527592658996582031e-01
9.602105021476745605e-01
9.856202602386474609e-01
9.982990622520446777e-01
9.993388056755065918e-01
9.988976716995239258e-01
9.979133009910583496e-01
9.951754212379455566e-01
9.927195310592651367e-01
9.924175143241882324e-01
9.934056401252746582e-01
9.966647028923034668e-01
9.978024363517761230e-01
9.973543882369995117e-01
9.805078506469726562e-01
9.591199159622192383e-01
9.092438817024230957e-01
8.712955117225646973e-01
8.809870481491088867e-01
8.798548579216003418e-01
8.632798194885253906e-01
8.615329265594482422e-01
8.688992261886596680e-01
9.234418272972106934e-01
9.857352375984191895e-01
9.934534430503845215e-01
9.957989454269409180e-01
9.814220666885375977e-01
7.281313538551330566e-01
1.852689534425735474e-01
3.044301702175289392e-04
3.570765693439170718e-05
3.376640218708018932e-24
4.410468100104480982e-04
6.255254615098237991e-03
8.782316930592060089e-03
2.972693182528018951e-03
0.000000000000000000e+00
0.000000000000000000e+00
1.285223576868999018e-11
3.134309825569836505e-11
9.593239426612854004e-02
2.246216237545013428e-01
5.364703536033630371e-01
6.831682920455932617e-01
4.671183526515960693e-01
3.360810875892639160e-01
2.839683592319488525e-01
4.916645288467407227e-01
7.978301048278808594e-01
8.954871892929077148e-01
9.670307040214538574e-01
9.715057611465454102e-01
9.653855562210083008e-01
9.388071894645690918e-01
7.421327829360961914e-01
4.031202495098114014e-01
1.859905421733856201e-01
1.026101317256689072e-02
3.878876194357872009e-02
7.188599556684494019e-02
7.431295514106750488e-02
7.881142199039459229e-02
8.698053658008575439e-02
2.130411565303802490e-01
4.303930699825286865e-01
3.023552596569061279e-01
6.906593590974807739e-02
2.873294055461883545e-02
2.154413086827844381e-04
9.277124190703034401e-04
1.093184947967529297e-01
3.971662521362304688e-01
5.655798316001892090e-01
6.470760703086853027e-01
6.695244312286376953e-01
6.752653717994689941e-01
7.935030460357666016e-01
8.983333706855773926e-01
9.343661665916442871e-01
8.557331562042236328e-01
5.937963128089904785e-01
3.270388245582580566e-01
5.744003131985664368e-02
2.826791314873844385e-04
2.745368192336172797e-06
4.203895392974451213e-45
2.622514693939592689e-05
1.637690147617831826e-04
2.102980613708496094e-01
7.492334246635437012e-01
9.801345467567443848e-01
9.959630966186523438e-01
9.993457794189453125e-01
9.994080662727355957e-01
9.995638728141784668e-01
9.996129870414733887e-01
9.991936683654785156e-01
9.917283058166503906e-01
9.731299877166748047e-01
9.461012482643127441e-01
9.131335020065307617e-01
9.363874197006225586e-01
9.749092459678649902e-01
9.784927964210510254e-01
9.794099926948547363e-01
9.707238078117370605e-01
9.554384350776672363e-01
9.294213056564331055e-01
9.285053610801696777e-01
9.459837675094604492e-01
9.704267382621765137e-01
9.969352483749389648e-01
9.987819194793701172e-01
9.992479681968688965e-01
9.963923096656799316e-01
9.889444708824157715e-01
9.735254049301147461e-01
9.594796299934387207e-01
9.464799761772155762e-01
9.672516584396362305e-01
9.986220002174377441e-01
9.779709577560424805e-01
9.324989318847656250e-01
7.619538903236389160e-01
5.709683299064636230e-01
3.415475785732269287e-01
2.224383950233459473e-01
1.965555697679519653e-01
2.987821698188781738e-01
4.464210569858551025e-01
6.194274425506591797e-01
7.880871295928955078e-01
9.136424660682678223e-01
9.987487792968750000e-01
9.995934963226318359e-01
9.999973177909851074e-01
9.999930858612060547e-01
9.996057152748107910e-01
9.990649819374084473e-01
9.989106059074401855e-01
9.955033659934997559e-01
9.622120857238769531e-01
9.388506412506103516e-01
9.393287301063537598e-01
9.512357711791992188e-01
9.752394556999206543e-01
9.872324466705322266e-01
9.935207962989807129e-01
8.837051391601562500e-01
7.494029998779296875e-01
5.072301030158996582e-01
3.631899952888488770e-01
5.015024542808532715e-01
6.684496998786926270e-01
8.704870343208312988e-01
9.446172118186950684e-01
9.478685259819030762e-01
9.291412830352783203e-01
9.076855778694152832e-01
9.554556608200073242e-01
9.936494231224060059e-01
9.973499178886413574e-01
9.985472559928894043e-01
9.960905313491821289e-01
8.138133287429809570e-01
5.113594532012939453e-01
2.521063387393951416e-01
5.253392737358808517e-03
1.436367237613912513e-16
4.276728304830612615e-07
2.913453954533906654e-06
2.508783712983131409e-02
9.446849673986434937e-02
1.543535739183425903e-01
2.062963247299194336e-01
1.455736607313156128e-01
4.485941678285598755e-02
1.836680434644222260e-02
1.173462109704814793e-07
1.695182731964450795e-07
3.130035474896430969e-02
1.341046094894409180e-01
3.955192863941192627e-01
8.207281827926635742e-01
9.707294702529907227e-01
9.932106137275695801e-01
9.872813820838928223e-01
9.595554471015930176e-01
6.533442735671997070e-01
3.651552200317382812e-01
1.321929991245269775e-01
1.262328922748565674e-01
4.164152443408966064e-01
3.467615246772766113e-01
5.605724081397056580e-02
2.196073718369007111e-02
4.878717288374900818e-02
3.153397738933563232e-01
5.779068470001220703e-01
8.131324648857116699e-01
9.690087437629699707e-01
9.891623854637145996e-01
9.985676407814025879e-01
9.993474483489990234e-01
9.994716048240661621e-01
9.993665218353271484e-01
9.994427561759948730e-01
9.995412230491638184e-01
9.997033476829528809e-01
9.998472929000854492e-01
9.999476671218872070e-01
9.999189376831054688e-01
9.997503757476806641e-01
9.988752007484436035e-01
9.976420998573303223e-01
9.885303378105163574e-01
9.777128100395202637e-01
9.588370919227600098e-01
9.456127882003784180e-01
9.528307318687438965e-01
9.571854472160339355e-01
9.573239088058471680e-01
9.568853378295898438e-01
9.560387134552001953e-01
9.607910513877868652e-01
9.672020077705383301e-01
9.626500010490417480e-01
9.554831981658935547e-01
9.348939061164855957e-01
8.870723247528076172e-01
7.811688780784606934e-01
5.626515150070190430e-01
2.326897233724594116e-01
8.314251899719238281e-02
1.800564490258693695e-02
1.325805019587278366e-02
2.458156831562519073e-02
1.678606867790222168e-01
3.598443865776062012e-01
7.131104469299316406e-01
9.381385445594787598e-01
9.810805320739746094e-01
9.990419149398803711e-01
9.998086690902709961e-01
9.983252286911010742e-01
9.961810111999511719e-01
9.663674235343933105e-01
9.377559423446655273e-01
9.260960817337036133e-01
9.249451756477355957e-01
9.468997120857238770e-01
9.615928530693054199e-01
9.687004089355468750e-01
9.703121185302734375e-01
9.692188501358032227e-01
9.727048277854919434e-01
9.771866202354431152e-01
9.875960350036621094e-01
9.504255056381225586e-01
7.327311635017395020e-01
6.316292285919189453e-01
7.145493626594543457e-01
8.117032051086425781e-01
9.202424287796020508e-01
9.535877108573913574e-01
9.609500765800476074e-01
9.661759734153747559e-01
9.715051054954528809e-01
9.796135425567626953e-01
9.853349328041076660e-01
9.848572015762329102e-01
9.799796938896179199e-01
9.698662757873535156e-01
9.544830918312072754e-01
9.360560178756713867e-01
9.576652050018310547e-01
9.887195825576782227e-01
9.863191843032836914e-01
9.778000712394714355e-01
9.399604797363281250e-01
9.008446931838989258e-01
8.589373826980590820e-01
8.757261633872985840e-01
9.483304619789123535e-01
9.812201261520385742e-01
9.961789846420288086e-01
9.988439679145812988e-01
9.994058609008789062e-01
9.958540201187133789e-01
9.896217584609985352e-01
9.737907052040100098e-01
8.929067850112915039e-01
7.115990519523620605e-01
4.365903437137603760e-01
8.984006941318511963e-02
3.070102039259836602e-08
2.426582712544700371e-09
7.365717537135172276e-37
1.788872992619872093e-03
2.224565669894218445e-02
1.699615865945816040e-01
6.787249445915222168e-01
9.727899432182312012e-01
9.896980524063110352e-01
9.948019385337829590e-01
9.923552274703979492e-01
9.817249774932861328e-01
9.688593149185180664e-01
9.587790369987487793e-01
9.536632299423217773e-01
9.809070825576782227e-01
1.000000000000000000e+00
1.000000000000000000e+00
9.957503676414489746e-01
9.867473244667053223e-01
9.870005249977111816e-01
9.923554658889770508e-01
9.959356784820556641e-01
9.991270899772644043e-01
9.995163679122924805e-01
9.998230338096618652e-01
9.998810887336730957e-01
9.999313950538635254e-01
9.999666810035705566e-01
9.999879598617553711e-01
9.999954104423522949e-01
9.999852776527404785e-01
9.999665617942810059e-01
9.999110698699951172e-01
9.998499751091003418e-01
9.998912215232849121e-01
9.999315142631530762e-01
9.999669194221496582e-01
9.999919533729553223e-01
9.999973773956298828e-01
9.999783635139465332e-01
9.999365806579589844e-01
9.971333146095275879e-01
9.930697083473205566e-01
9.316576123237609863e-01
8.610630631446838379e-01
7.965630888938903809e-01
7.658960819244384766e-01
8.746601939201354980e-01
9.545484781265258789e-01
9.837657809257507324e-01
9.981310963630676270e-01
9.992522597312927246e-01
9.996684789657592773e-01
9.997760653495788574e-01
9.998401403427124023e-01
9.998968839645385742e-01
9.999298453330993652e-01
9.999601244926452637e-01
9.999792575836181641e-01
9.999690651893615723e-01
9.999077916145324707e-01
9.998884797096252441e-01
9.999057650566101074e-01
9.998840689659118652e-01
9.998458027839660645e-01
9.977911114692687988e-01
9.948314428329467773e-01
9.725363254547119141e-01
9.532695412635803223e-01
9.463774561882019043e-01
9.103392362594604492e-01
8.229995369911193848e-01
6.237401366233825684e-01
3.236544132232666016e-01
4.543911218643188477e-01
7.776398658752441406e-01
9.029843211174011230e-01
9.936212301254272461e-01
9.966514110565185547e-01
9.991727471351623535e-01
9.995009899139404297e-01
9.991595745086669922e-01
9.975746273994445801e-01
8.367565870285034180e-01
5.263959765434265137e-01
2.688265442848205566e-01
3.739245980978012085e-02
6.694042531307786703e-05
2.100297715514898300e-04
4.268410056829452515e-02
1.103549897670745850e-01
3.032101094722747803e-01
4.957087934017181396e-01
6.865177750587463379e-01
8.386368751525878906e-01
9.516353011131286621e-01
9.872865676879882812e-01
9.823749661445617676e-01
9.831972718238830566e-01
9.852860569953918457e-01
9.918511509895324707e-01
9.977473616600036621e-01
9.990401864051818848e-01
9.999504685401916504e-01
9.999758601188659668e-01
9.999829530715942383e-01
9.999686479568481445e-01
9.999426603317260742e-01
9.999096393585205078e-01
9.996889233589172363e-01
9.994157552719116211e-01
9.963811039924621582e-01
9.925351738929748535e-01
9.832094311714172363e-01
9.664615392684936523e-01
9.290282726287841797e-01
8.605384230613708496e-01
7.496988773345947266e-01
6.848602294921875000e-01
6.527918577194213867e-01
7.091265916824340820e-01
7.959557771682739258e-01
8.819923996925354004e-01
9.639092087745666504e-01
9.834373593330383301e-01
9.986324906349182129e-01
9.981345534324645996e-01
9.972485303878784180e-01
9.957206249237060547e-01
9.945251345634460449e-01
9.936128854751586914e-01
9.946734905242919922e-01
9.966105818748474121e-01
9.982230663299560547e-01
9.997640252113342285e-01
9.998770356178283691e-01
9.999733567237854004e-01
9.999858736991882324e-01
9.999945163726806641e-01
9.999950528144836426e-01
9.999901056289672852e-01
9.999790787696838379e-01
9.998114705085754395e-01
9.995527267456054688e-01
9.983319640159606934e-01
9.968508481979370117e-01
9.966162443161010742e-01
9.963606595993041992e-01
9.952809810638427734e-01
9.936413168907165527e-01
9.903672337532043457e-01
9.896430969238281250e-01
9.925521016120910645e-01
9.953944683074951172e-01
9.981790781021118164e-01
9.993282556533813477e-01
9.998393654823303223e-01
9.999468326568603516e-01
9.999945759773254395e-01
9.999975562095642090e-01
9.999998807907104492e-01
9.999993443489074707e-01
9.999988079071044922e-01
9.999983310699462891e-01
9.999963641166687012e-01
9.999928474426269531e-01
9.999357461929321289e-01
9.998490810394287109e-01
9.995048046112060547e-01
9.990971684455871582e-01
9.987426996231079102e-01
9.984570741653442383e-01
9.987391829490661621e-01
9.990473389625549316e-01
9.994300603866577148e-01
9.994768500328063965e-01
9.990361928939819336e-01
9.987640976905822754e-01
9.986254572868347168e-01
9.991303682327270508e-01
9.998964071273803711e-01
9.918702840805053711e-01
9.822942614555358887e-01
9.636781215667724609e-01
9.517606496810913086e-01
9.728675484657287598e-01
9.882771968841552734e-01
9.916147589683532715e-01
9.860476255416870117e-01
9.704404473304748535e-01
9.381049871444702148e-01
8.955576419830322266e-01
8.740641474723815918e-01
8.590002655982971191e-01
9.121776223182678223e-01
9.685258865356445312e-01
9.823997020721435547e-01
9.839945435523986816e-01
9.409357905387878418e-01
8.917271494865417480e-01
8.315349221229553223e-01
8.165231943130493164e-01
8.439472317695617676e-01
7.730632424354553223e-01
6.530231237411499023e-01
7.840471863746643066e-01
9.727634191513061523e-01
9.897440075874328613e-01
9.983832836151123047e-01
9.991094470024108887e-01
9.996921420097351074e-01
9.998498558998107910e-01
9.999161958694458008e-01
9.998459219932556152e-01
9.976977705955505371e-01
9.938385486602783203e-01
9.857426881790161133e-01
9.757760763168334961e-01
9.688368439674377441e-01
9.624709486961364746e-01
9.667741060256958008e-01
9.646169543266296387e-01
9.211447834968566895e-01
8.545016050338745117e-01
7.296289801597595215e-01
7.041151523590087891e-01
8.115155696868896484e-01
8.988111615180969238e-01
9.708966016769409180e-01
9.943410158157348633e-01
9.988246560096740723e-01
9.981631040573120117e-01
9.966110587120056152e-01
9.860278367996215820e-01
9.755885601043701172e-01
9.657785892486572266e-01
9.612655639648437500e-01
9.692016243934631348e-01
9.777311682701110840e-01
9.869819283485412598e-01
9.927765130996704102e-01
9.961084723472595215e-01
9.975142478942871094e-01
9.982002377510070801e-01
9.927713871002197266e-01
9.866210222244262695e-01
9.913572072982788086e-01
9.953884482383728027e-01
9.956218600273132324e-01
9.964559674263000488e-01
9.986854791641235352e-01
9.997988939285278320e-01
9.995251893997192383e-01
9.966900944709777832e-01
9.920762777328491211e-01
9.671375751495361328e-01
9.348075985908508301e-01
9.126511216163635254e-01
8.930446505546569824e-01
9.431266188621520996e-01
9.658638834953308105e-01
8.391365408897399902e-01
6.811181902885437012e-01
4.491186439990997314e-01
3.575206995010375977e-01
4.467173218727111816e-01
6.087946295738220215e-01
8.249962329864501953e-01
9.253517389297485352e-01
9.801160693168640137e-01
9.905182123184204102e-01
9.935718774795532227e-01
9.942034482955932617e-01
9.521321654319763184e-01
6.501872539520263672e-01
3.683278858661651611e-01
1.409248709678649902e-01
7.176338136196136475e-02
2.250037640333175659e-01
4.764315187931060791e-01
8.074288964271545410e-01
9.402611255645751953e-01
9.862112998962402344e-01
9.954136610031127930e-01
9.972288608551025391e-01
9.959752559661865234e-01
9.948245882987976074e-01
9.952536225318908691e-01
9.953103661537170410e-01
9.942460060119628906e-01
9.926993846893310547e-01
9.903978109359741211e-01
9.797714352607727051e-01
9.615560770034790039e-01
9.464237093925476074e-01
9.328224658966064453e-01
9.525057077407836914e-01
9.807747006416320801e-01
9.897029995918273926e-01
9.967872500419616699e-01
9.981309771537780762e-01
9.992306232452392578e-01
9.993906021118164062e-01
9.993594288825988770e-01
9.989605545997619629e-01
9.977133274078369141e-01
9.955423474311828613e-01
9.948074221611022949e-01
9.949839115142822266e-01
9.961900711059570312e-01
9.977442622184753418e-01
9.970794320106506348e-01
9.960667490959167480e-01
9.920350909233093262e-01
9.885855317115783691e-01
9.883447289466857910e-01
9.880378842353820801e-01
9.875628948211669922e-01
9.832459688186645508e-01
9.736603498458862305e-01
9.714996218681335449e-01
9.753205776214599609e-01
9.623342752456665039e-01
9.417159557342529297e-01
9.446625709533691406e-01
9.526701569557189941e-01
9.132846593856811523e-01
8.753476142883300781e-01
8.748331069946289062e-01
8.882197141647338867e-01
9.508363604545593262e-01
9.926201701164245605e-01
9.963687658309936523e-01
9.983671307563781738e-01
9.985056519508361816e-01
9.987154603004455566e-01
9.989688992500305176e-01
9.976619482040405273e-01
9.958266615867614746e-01
8.521311283111572266e-01
6.869035363197326660e-01
3.667831122875213623e-01
8.608313649892807007e-02
4.652019217610359192e-02
8.488918840885162354e-02
3.301846086978912354e-01
5.662184953689575195e-01
7.899773716926574707e-01
8.764663934707641602e-01
8.431099057197570801e-01
6.945002675056457520e-01
4.877845942974090576e-01
3.410912454128265381e-01
2.103182971477508545e-01
3.992067575454711914e-01
6.053102016448974609e-01
6.308302283287048340e-01
6.251304149627685547e-01
4.781101644039154053e-01
4.413858056068420410e-01
6.487110257148742676e-01
8.130573034286499023e-01
9.236922264099121094e-01
9.790842533111572266e-01
9.925112128257751465e-01
9.920571446418762207e-01
9.855145812034606934e-01
9.253631830215454102e-01
8.535764217376708984e-01
8.668199777603149414e-01
8.851271867752075195e-01
9.105700850486755371e-01
9.326127171516418457e-01
9.411250352859497070e-01
9.550712704658508301e-01
9.800965785980224609e-01
9.890105128288269043e-01
9.789067506790161133e-01
9.550108909606933594e-01
9.214492440223693848e-01
9.146271944046020508e-01
9.186681509017944336e-01
9.506570696830749512e-01
9.881215095520019531e-01
9.796382784843444824e-01
9.692268371582031250e-01
9.573476314544677734e-01
9.501581788063049316e-01
9.604775309562683105e-01
9.701984524726867676e-01
9.788161516189575195e-01
9.614741206169128418e-01
9.138805270195007324e-01
6.782107353210449219e-01
3.119080364704132080e-01
1.991384178400039673e-01
1.887871772050857544e-01
4.128459095954895020e-01
6.823557615280151367e-01
8.444955348968505859e-01
9.892247915267944336e-01
9.867244958877563477e-01
9.854661226272583008e-01
9.889920949935913086e-01
9.924951791763305664e-01
9.959776401519775391e-01
9.943137168884277344e-01
9.864153265953063965e-01
9.771999120712280273e-01
9.670405387878417969e-01
9.729497432708740234e-01
9.857761263847351074e-01
9.918318390846252441e-01
9.964017271995544434e-01
9.968975782394409180e-01
9.971218705177307129e-01
9.968257546424865723e-01
9.968756437301635742e-01
9.984396100044250488e-01
9.994299411773681641e-01
9.991337060928344727e-01
9.982299208641052246e-01
9.965066313743591309e-01
9.524752497673034668e-01
8.738301396369934082e-01
5.473553538322448730e-01
9.922317415475845337e-02
2.449702937155961990e-03
2.003975241677835584e-04
2.977229018874538724e-10
5.922955702286625268e-12
1.973785440645414724e-10
1.239971461473032832e-04
9.474745602346956730e-04
1.469291560351848602e-02
6.369293481111526489e-02
1.443966925144195557e-01
2.758513987064361572e-01
4.663451910018920898e-01
7.138559222221374512e-01
8.711775541305541992e-01
9.734835624694824219e-01
1.000000000000000000e+00
1.000000000000000000e+00
9.547387361526489258e-01
9.020561575889587402e-01
9.269354939460754395e-01
9.530439376831054688e-01
9.746787548065185547e-01
9.925023317337036133e-01
9.966253042221069336e-01
9.994749426841735840e-01
9.997794628143310547e-01
9.999335408210754395e-01
9.999028444290161133e-01
9.995583891868591309e-01
9.989729523658752441e-01
9.949858784675598145e-01
9.893946647644042969e-01
9.821213483810424805e-01
9.743966460227966309e-01
9.847888350486755371e-01
9.966565370559692383e-01
9.984598159790039062e-01
9.992831945419311523e-01
9.942861199378967285e-01
9.571722745895385742e-01
8.280450701713562012e-01
6.167699098587036133e-01
2.701656222343444824e-01
8.951539546251296997e-02
8.283178508281707764e-02
3.262262940406799316e-01
7.344448566436767578e-01
8.993100523948669434e-01
9.690405130386352539e-01
9.838965535163879395e-01
9.876582622528076172e-01
9.822928309440612793e-01
9.755672216415405273e-01
9.551851153373718262e-01
9.378729462623596191e-01
9.351097941398620605e-01
9.433271288871765137e-01
9.787229895591735840e-01
1.000000000000000000e+00
1.000000000000000000e+00
9.955871105194091797e-01
9.869669079780578613e-01
9.801268577575683594e-01
9.743310213088989258e-01
9.767502546310424805e-01
9.821301698684692383e-01
9.839792847633361816e-01
9.851886630058288574e-01
9.798818230628967285e-01
9.741767048835754395e-01
9.667443037033081055e-01
9.608828425407409668e-01
9.620559215545654297e-01
9.660289883613586426e-01
9.767109155654907227e-01
9.862974286079406738e-01
9.942319393157958984e-01
9.985224604606628418e-01
9.994148612022399902e-01
9.998129010200500488e-01
9.999157786369323730e-01
9.999651908874511719e-01
9.999952912330627441e-01
9.999985098838806152e-01
9.999967217445373535e-01
9.999791383743286133e-01
9.999608397483825684e-01
9.999437928199768066e-01
9.999200701713562012e-01
9.998642802238464355e-01
9.998460412025451660e-01
9.999246001243591309e-01
9.999775290489196777e-01
9.999907612800598145e-01
9.999961256980895996e-01
9.999936819076538086e-01
9.999889731407165527e-01
9.999828338623046875e-01
9.999842047691345215e-01
9.999886155128479004e-01
9.999878406524658203e-01
9.999859333038330078e-01
9.999927282333374023e-01
9.999985694885253906e-01
9.999559521675109863e-01
9.998292326927185059e-01
9.991849660873413086e-01
9.984797239303588867e-01
9.975810050964355469e-01
9.972187876701354980e-01
9.978379011154174805e-01
9.985860586166381836e-01
9.994831085205078125e-01
9.997647404670715332e-01
9.995731711387634277e-01
9.936524033546447754e-01
9.849112629890441895e-01
9.747516512870788574e-01
9.641506671905517578e-01
9.717037677764892578e-01
9.817449450492858887e-01
9.899814128875732422e-01
9.974538087844848633e-01
9.975959062576293945e-01
9.927399158477783203e-01
9.669634699821472168e-01
9.285426735877990723e-01
8.606890439987182617e-01
8.234857916831970215e-01
8.318410515785217285e-01
8.786835074424743652e-01
9.628649353981018066e-01
9.961231350898742676e-01
9.970793128013610840e-01
9.966431260108947754e-01
9.956447482109069824e-01
9.961845874786376953e-01
9.970706105232238770e-01
9.969859123229980469e-01
9.966992139816284180e-01
9.904661774635314941e-01
9.822662472724914551e-01
9.601074457168579102e-01
9.346945285797119141e-01
8.983388543128967285e-01
8.880643844604492188e-01
9.317456483840942383e-01
9.615746140480041504e-01
9.731675982475280762e-01
9.776390194892883301e-01
9.758272171020507812e-01
9.419623017311096191e-01
8.894987106323242188e-01
7.260686159133911133e-01
5.223144888877868652e-01
3.859249353408813477e-01
2.633907496929168701e-01
5.062557458877563477e-01
7.697685956954956055e-01
8.370938897132873535e-01
8.767721652984619141e-01
7.331531047821044922e-01
6.469703912734985352e-01
7.500948905944824219e-01
8.252130150794982910e-01
8.444798588752746582e-01
6.934433579444885254e-01
3.203409314155578613e-01
1.112423986196517944e-01
4.842699319124221802e-02
6.809320300817489624e-02
1.368417888879776001e-01
3.920384347438812256e-01
7.183535695075988770e-01
8.449590802192687988e-01
9.291987419128417969e-01
8.971732258796691895e-01
8.543118834495544434e-01
7.578186988830566406e-01
6.736992597579956055e-01
6.821708083152770996e-01
7.188477516174316406e-01
8.580151796340942383e-01
9.597523808479309082e-01
9.783167243003845215e-01
9.910252094268798828e-01
9.951791167259216309e-01
9.932632446289062500e-01
9.853677749633789062e-01
9.363300204277038574e-01
8.595534563064575195e-01
7.620874643325805664e-01
6.557883620262145996e-01
6.662305593490600586e-01
7.077926397323608398e-01
7.705908417701721191e-01
8.361614346504211426e-01
6.789852976799011230e-01
5.243009924888610840e-01
4.572244584560394287e-01
4.488924145698547363e-01
7.271643877029418945e-01
9.404469728469848633e-01
9.760185480117797852e-01
9.990001916885375977e-01
9.996031522750854492e-01
9.999485015869140625e-01
9.999823570251464844e-01
9.999979734420776367e-01
9.999982714653015137e-01
9.999940395355224609e-01
9.999872446060180664e-01
9.999825954437255859e-01
9.999786615371704102e-01
9.999728798866271973e-01
9.999666810035705566e-01
9.999442100524902344e-01
9.999105930328369141e-01
9.989573359489440918e-01
9.977169632911682129e-01
9.939543604850769043e-01
9.915150403976440430e-01
9.944733381271362305e-01
9.969345331192016602e-01
9.981402158737182617e-01
9.989681243896484375e-01
9.991681575775146484e-01
9.993844032287597656e-01
9.996201395988464355e-01
9.997908473014831543e-01
