9.999504089355468750e-01
9.995822310447692871e-01
9.986429214477539062e-01
9.984000921249389648e-01
9.967500567436218262e-01
9.928864240646362305e-01
9.925152659416198730e-01
9.912801980972290039e-01
9.885960221290588379e-01
9.487345814704895020e-01
8.559770584106445312e-01
7.078440189361572266e-01
6.537784934043884277e-01
7.054815888404846191e-01
8.527292609214782715e-01
9.434854388236999512e-01
9.898050427436828613e-01
9.999184608459472656e-01
9.996101260185241699e-01
9.972383379936218262e-01
9.942895174026489258e-01
9.977922439575195312e-01
9.993771314620971680e-01
9.997610449790954590e-01
9.996906518936157227e-01
9.996666312217712402e-01
9.996771812438964844e-01
9.997383356094360352e-01
9.996310472488403320e-01
9.992997646331787109e-01
9.984209537506103516e-01
9.986233711242675781e-01
9.989782571792602539e-01
9.986149668693542480e-01
9.851584434509277344e-01
9.579922556877136230e-01
9.063016176223754883e-01
7.556295990943908691e-01
5.370611548423767090e-01
2.259078323841094971e-01
2.277743518352508545e-01
2.096882909536361694e-01
3.422586247324943542e-02
4.166720435023307800e-03
0.000000000000000000e+00
0.000000000000000000e+00
0.000000000000000000e+00
4.818852990865707397e-03
1.663738489151000977e-02
4.814282953739166260e-01
7.056410312652587891e-01
5.744534134864807129e-01
5.010091662406921387e-01
4.337128996849060059e-01
3.703023195266723633e-01
4.239033758640289307e-01
5.660162568092346191e-01
7.951974868774414062e-01
8.722354769706726074e-01
9.267555475234985352e-01
9.604904055595397949e-01
9.864205718040466309e-01
9.987868070602416992e-01
9.999641180038452148e-01
9.999859929084777832e-01
9.999883770942687988e-01
9.999614953994750977e-01
9.997806549072265625e-01
9.980719089508056641e-01
9.957481026649475098e-01
9.965292811393737793e-01
9.979963302612304688e-01
9.996445775032043457e-01
9.998553991317749023e-01
9.983533024787902832e-01
9.956349134445190430e-01
9.913874864578247070e-01
9.909447431564331055e-01
9.923929572105407715e-01
9.940889477729797363e-01
9.727010130882263184e-01
9.471037983894348145e-01
9.438452124595642090e-01
7.230352759361267090e-01
5.238232612609863281e-01
6.848218441009521484e-01
8.595943450927734375e-01
9.953942894935607910e-01
9.991014003753662109e-01
9.999882578849792480e-01
9.996749758720397949e-01
9.985166192054748535e-01
9.801893830299377441e-01
9.704992175102233887e-01
9.938533902168273926e-01
9.993054866790771484e-01
9.999499320983886719e-01
9.999218583106994629e-01
9.981359839439392090e-01
9.623931050300598145e-01
8.572137355804443359e-01
4.679379463195800781e-01
1.349057555198669434e-01
1.731763593852519989e-02
1.929615973494946957e-05
9.879361605271697044e-04
3.718817606568336487e-03
4.377465844154357910e-01
8.119900822639465332e-01
9.779890775680541992e-01
9.988489151000976562e-01
9.999506473541259766e-01
9.999364614486694336e-01
9.998154640197753906e-01
9.997228980064392090e-01
9.996893405914306641e-01
9.997383356094360352e-01
9.997305870056152344e-01
9.996338486671447754e-01
9.991459250450134277e-01
9.987396597862243652e-01
9.984782338142395020e-01
9.973582625389099121e-01
9.946430325508117676e-01
9.900269508361816406e-01
8.910134434700012207e-01
8.604980707168579102e-01
9.164811372756958008e-01
9.677889347076416016e-01
9.964417815208435059e-01
9.998632073402404785e-01
9.999760985374450684e-01
9.999803304672241211e-01
9.999554753303527832e-01
9.869403243064880371e-01
6.834865808486938477e-01
8.008597791194915771e-02
2.591560035943984985e-02
4.766194427754070559e-40
6.870234090829152596e-13
1.495874119017415182e-10
2.799142966978251934e-04
8.168307249434292316e-04
2.656608412507921457e-04
1.044148447704174032e-07
8.756584487855434418e-03
4.202806651592254639e-01
7.501381039619445801e-01
9.990450739860534668e-01
9.996464848518371582e-01
9.999462962150573730e-01
9.999362826347351074e-01
9.986533522605895996e-01
8.840200304985046387e-01
6.668148040771484375e-01
3.361931443214416504e-01
1.740887612104415894e-01
1.795629411935806274e-01
7.345463037490844727e-01
9.842124581336975098e-01
9.558255672454833984e-01
4.451071619987487793e-01
2.734726071357727051e-01
3.932683169841766357e-01
7.468134760856628418e-01
9.401528239250183105e-01
9.997240304946899414e-01
9.993751049041748047e-01
9.843966960906982422e-01
9.570179581642150879e-01
9.191874265670776367e-01
8.050723671913146973e-01
6.160105466842651367e-01
1.920726746320724487e-01
3.127796808257699013e-03
3.061686456203460693e-02
5.481112599372863770e-01
8.597761988639831543e-01
9.994109272956848145e-01
9.996708035469055176e-01
9.995493888854980469e-01
9.991301298141479492e-01
9.988304972648620605e-01
9.985035061836242676e-01
9.966562986373901367e-01
9.683828949928283691e-01
7.422089576721191406e-01
3.743407428264617920e-01
3.487406671047210693e-01
4.702399075031280518e-01
7.083262801170349121e-01
8.894706964492797852e-01
9.804868102073669434e-01
9.947100877761840820e-01
9.614945054054260254e-01
7.159575819969177246e-01
3.060387969017028809e-01
2.294448614120483398e-01
1.367710083723068237e-01
4.946568608283996582e-02
4.616021513938903809e-01
7.752597332000732422e-01
9.958949685096740723e-01
9.980463981628417969e-01
9.901288151741027832e-01
9.727181792259216309e-01
9.341967105865478516e-01
9.339705705642700195e-01
9.683415293693542480e-01
9.709917902946472168e-01
9.289033412933349609e-01
8.445689082145690918e-01
7.662611603736877441e-01
8.192670345306396484e-01
1.000000000000000000e+00
1.000000000000000000e+00
9.870983958244323730e-01
9.611831307411193848e-01
9.738025069236755371e-01
9.846352934837341309e-01
9.933605790138244629e-01
9.966707825660705566e-01
9.983854889869689941e-01
9.984533190727233887e-01
9.938765168190002441e-01
9.914718270301818848e-01
9.916996359825134277e-01
9.960118532180786133e-01
9.988808631896972656e-01
9.998123645782470703e-01
9.999384880065917969e-01
9.999893307685852051e-01
9.999993443489074707e-01
1.000000000000000000e+00
9.998631477355957031e-01
9.995453953742980957e-01
9.917240142822265625e-01
9.777307510375976562e-01
9.558963775634765625e-01
9.324709177017211914e-01
9.038020968437194824e-01
8.675304651260375977e-01
8.427830338478088379e-01
8.469678163528442383e-01
8.950375318527221680e-01
9.543423652648925781e-01
9.944505691528320312e-01
9.992641210556030273e-01
9.999685287475585938e-01
9.999978542327880859e-01
9.999983906745910645e-01
9.999993443489074707e-01
9.999977350234985352e-01
9.999908804893493652e-01
9.999905228614807129e-01
9.999924898147583008e-01
9.999964833259582520e-01
9.999979734420776367e-01
9.999957680702209473e-01
9.999864101409912109e-01
9.996055364608764648e-01
9.925030469894409180e-01
9.684392809867858887e-01
9.534357786178588867e-01
9.505726695060729980e-01
9.744729399681091309e-01
9.896832704544067383e-01
9.990360736846923828e-01
9.989625811576843262e-01
8.891623020172119141e-01
6.601677536964416504e-01
1.496938019990921021e-01
7.592391852995206136e-07
1.974624630474153264e-10
1.199549015673539998e-09
2.248641848564147949e-02
1.517135053873062134e-01
7.378876805305480957e-01
9.626445770263671875e-01
9.968514442443847656e-01
9.989645481109619141e-01
9.998438358306884766e-01
9.999993443489074707e-01
9.999965429306030273e-01
9.999939799308776855e-01
9.999922513961791992e-01
9.999953508377075195e-01
9.999974966049194336e-01
9.999986886978149414e-01
9.999964833259582520e-01
9.999668598175048828e-01
9.998759031295776367e-01
9.990208745002746582e-01
9.967212080955505371e-01
9.932886362075805664e-01
9.947655200958251953e-01
9.967476129531860352e-01
9.992191791534423828e-01
9.996963143348693848e-01
9.999510049819946289e-01
9.999796748161315918e-01
9.999660849571228027e-01
9.998568296432495117e-01
9.996329545974731445e-01
9.997609257698059082e-01
9.998846054077148438e-01
9.999707937240600586e-01
9.999853968620300293e-01
9.999892115592956543e-01
9.999876022338867188e-01
9.999908208847045898e-01
9.999939203262329102e-01
9.999954700469970703e-01
9.999945163726806641e-01
9.999832510948181152e-01
9.999518990516662598e-01
9.996986985206604004e-01
9.994466900825500488e-01
9.993191361427307129e-01
9.994728565216064453e-01
9.996782541275024414e-01
9.998077750205993652e-01
9.994743466377258301e-01
9.990066289901733398e-01
9.986204504966735840e-01
9.986167550086975098e-01
9.988125562667846680e-01
9.991939067840576172e-01
9.995216131210327148e-01
9.997898936271667480e-01
9.998842477798461914e-01
9.997056126594543457e-01
9.992713332176208496e-01
9.981089234352111816e-01
9.955402612686157227e-01
9.910511374473571777e-01
9.761304855346679688e-01
9.545806646347045898e-01
9.287394881248474121e-01
9.170095920562744141e-01
9.257023930549621582e-01
9.523612260818481445e-01
9.787796139717102051e-01
9.934230446815490723e-01
9.959764480590820312e-01
9.967147707939147949e-01
9.979593157768249512e-01
9.998612403869628906e-01
9.999916553497314453e-01
9.999980926513671875e-01
9.999986886978149414e-01
9.999990463256835938e-01
9.999991059303283691e-01
9.999986290931701660e-01
9.999452829360961914e-01
9.990847706794738770e-01
9.966285824775695801e-01
9.967004060745239258e-01
9.959260225296020508e-01
9.916874170303344727e-01
9.935378432273864746e-01
9.968140125274658203e-01
9.989510178565979004e-01
9.995362758636474609e-01
9.987868070602416992e-01
9.951345920562744141e-01
9.791429638862609863e-01
9.583438634872436523e-01
9.422619938850402832e-01
8.880401849746704102e-01
8.099278807640075684e-01
7.139699459075927734e-01
7.185956239700317383e-01
7.969400286674499512e-01
9.369316101074218750e-01
9.487329125404357910e-01
8.566111326217651367e-01
8.082982897758483887e-01
8.026943802833557129e-01
8.393954634666442871e-01
8.775449991226196289e-01
9.007533192634582520e-01
9.059819579124450684e-01
9.072995781898498535e-01
9.107550978660583496e-01
9.177575707435607910e-01
6.552538871765136719e-01
4.480100274085998535e-01
4.039835333824157715e-01
5.890804529190063477e-01
7.988914847373962402e-01
9.631696343421936035e-01
9.992421269416809082e-01
9.977393746376037598e-01
9.893337488174438477e-01
6.691965460777282715e-01
2.815917134284973145e-01
6.801015883684158325e-02
2.020102529698419858e-09
2.085180494759697467e-05
1.539100339869037271e-04
1.191825722344219685e-04
5.066933954367414117e-05
5.359317292459309101e-04
2.313624620437622070e-01
6.210876703262329102e-01
8.635188341140747070e-01
9.816142916679382324e-01
9.872825145721435547e-01
9.814431667327880859e-01
9.818059802055358887e-01
9.891495704650878906e-01
9.958646297454833984e-01
9.998240470886230469e-01
9.999640583992004395e-01
9.999859333038330078e-01
9.999903440475463867e-01
9.999898672103881836e-01
9.999678730964660645e-01
9.999533295631408691e-01
9.999651908874511719e-01
9.999814629554748535e-01
9.999954104423522949e-01
9.999988675117492676e-01
9.999998211860656738e-01
9.999983310699462891e-01
9.999906420707702637e-01
9.996812939643859863e-01
9.988672137260437012e-01
9.957773685455322266e-01
9.734084606170654297e-01
9.381188750267028809e-01
8.994995355606079102e-01
9.056935906410217285e-01
9.490162730216979980e-01
9.784411787986755371e-01
9.955241680145263672e-01
9.994794726371765137e-01
9.997256398200988770e-01
9.997532367706298828e-01
9.997298121452331543e-01
9.996632337570190430e-01
9.992845058441162109e-01
9.983624219894409180e-01
9.960191845893859863e-01
9.948917627334594727e-01
9.972656965255737305e-01
9.984505772590637207e-01
9.992250800132751465e-01
9.998242259025573730e-01
9.995552897453308105e-01
9.990370869636535645e-01
9.990465641021728516e-01
9.992925524711608887e-01
9.996501803398132324e-01
9.998463988304138184e-01
9.999479055404663086e-01
9.999493360519409180e-01
9.992890357971191406e-01
9.988611340522766113e-01
9.986532926559448242e-01
9.992135763168334961e-01
9.996069073677062988e-01
9.997751712799072266e-01
9.997831583023071289e-01
9.998185038566589355e-01
9.999226927757263184e-01
9.999725222587585449e-01
9.999768733978271484e-01
9.999029040336608887e-01
9.978423118591308594e-01
9.824203252792358398e-01
9.272197484970092773e-01
9.228757619857788086e-01
9.421015977859497070e-01
9.740411639213562012e-01
9.890021085739135742e-01
9.939970374107360840e-01
9.951657652854919434e-01
9.970103502273559570e-01
9.992951750755310059e-01
9.996763467788696289e-01
9.999065399169921875e-01
9.999848008155822754e-01
9.999589323997497559e-01
9.999157190322875977e-01
9.998544454574584961e-01
9.998841881752014160e-01
9.999119639396667480e-01
9.999157786369323730e-01
9.998963475227355957e-01
9.998694658279418945e-01
9.998366236686706543e-01
9.997755289077758789e-01
9.996574521064758301e-01
9.993593692779541016e-01
9.990158081054687500e-01
9.987320899963378906e-01
9.989820122718811035e-01
9.993525743484497070e-01
9.997861385345458984e-01
9.999207258224487305e-01
9.999456405639648438e-01
9.998696446418762207e-01
9.962701201438903809e-01
8.327472209930419922e-01
4.711155593395233154e-01
1.844369024038314819e-01
7.987692952156066895e-02
2.736570835113525391e-01
6.767302751541137695e-01
9.940858483314514160e-01
9.974746108055114746e-01
9.974830150604248047e-01
9.968752264976501465e-01
9.981369376182556152e-01
9.991834759712219238e-01
9.999916553497314453e-01
9.999288916587829590e-01
9.999304413795471191e-01
9.999734759330749512e-01
9.999756813049316406e-01
9.999673962593078613e-01
9.999490380287170410e-01
9.998360276222229004e-01
9.998043179512023926e-01
9.998823404312133789e-01
9.999493956565856934e-01
9.999938011169433594e-01
9.999986886978149414e-01
9.999937415122985840e-01
9.999904036521911621e-01
9.999973773956298828e-01
9.997259974479675293e-01
9.994415640830993652e-01
9.995476007461547852e-01
9.994384050369262695e-01
9.991040825843811035e-01
9.978363513946533203e-01
9.980754256248474121e-01
9.994683861732482910e-01
9.997458457946777344e-01
9.998776316642761230e-01
9.998489022254943848e-01
9.998462796211242676e-01
9.998467564582824707e-01
9.998493194580078125e-01
9.990715384483337402e-01
9.973358511924743652e-01
9.937530755996704102e-01
9.878481030464172363e-01
9.839862585067749023e-01
9.899699687957763672e-01
9.950569868087768555e-01
9.991585016250610352e-01
9.996364712715148926e-01
9.998876452445983887e-01
9.999752044677734375e-01
9.999900460243225098e-01
9.999430775642395020e-01
9.998335838317871094e-01
9.882091879844665527e-01
9.532637000083923340e-01
8.851290345191955566e-01
7.015369534492492676e-01
5.513650774955749512e-01
5.120356678962707520e-01
7.085258364677429199e-01
9.271792173385620117e-01
9.815115928649902344e-01
9.993820786476135254e-01
9.999943375587463379e-01
9.999948740005493164e-01
9.999754428863525391e-01
9.999387264251708984e-01
9.998279213905334473e-01
9.997575283050537109e-01
9.997283816337585449e-01
9.996656775474548340e-01
9.997066259384155273e-01
9.999033808708190918e-01
9.998727440834045410e-01
9.980055689811706543e-01
9.920843243598937988e-01
9.800587296485900879e-01
9.725040197372436523e-01
9.886193871498107910e-01
9.964734315872192383e-01
9.997469782829284668e-01
9.999070763587951660e-01
9.999742507934570312e-01
9.999708533287048340e-01
9.999529719352722168e-01
9.999291300773620605e-01
9.998988509178161621e-01
9.984617829322814941e-01
9.063792228698730469e-01
6.638944745063781738e-01
2.969881594181060791e-01
1.102836430072784424e-02
2.734777517616748810e-03
5.523039028048515320e-02
1.913846582174301147e-01
6.096872091293334961e-01
8.067231774330139160e-01
8.741357326507568359e-01
9.469612836837768555e-01
9.830701351165771484e-01
9.865728616714477539e-01
3.628314435482025146e-01
0.000000000000000000e+00
0.000000000000000000e+00
8.008597754122628529e-25
1.692963987588882446e-01
6.859107613563537598e-01
8.903110623359680176e-01
8.584969639778137207e-01
3.223256170749664307e-01
8.317821472883224487e-02
8.606775372754782438e-05
6.344104185700416565e-04
3.628440797328948975e-01
9.837391972541809082e-01
9.940630793571472168e-01
9.987334012985229492e-01
9.970029592514038086e-01
9.959233403205871582e-01
9.961594343185424805e-01
9.986184835433959961e-01
9.988370537757873535e-01
9.978930354118347168e-01
9.950995445251464844e-01
9.927092194557189941e-01
9.913606047630310059e-01
9.949972033500671387e-01
9.977375268936157227e-01
9.997739195823669434e-01
9.996331334114074707e-01
9.913766980171203613e-01
9.746456146240234375e-01
7.062072753906250000e-01
5.980315804481506348e-01
7.813339233398437500e-01
8.877463340759277344e-01
9.438353180885314941e-01
9.087471365928649902e-01
9.370073080062866211e-01
9.837604761123657227e-01
9.953577518463134766e-01
9.999480247497558594e-01
9.999988079071044922e-01
9.999881982803344727e-01
9.998546242713928223e-01
9.995959401130676270e-01
9.992509484291076660e-01
9.981011748313903809e-01
9.956736564636230469e-01
9.794121384620666504e-01
9.623417258262634277e-01
9.508552551269531250e-01
9.588454365730285645e-01
9.744369983673095703e-01
9.893725514411926270e-01
9.970096945762634277e-01
9.997019171714782715e-01
9.998445510864257812e-01
9.999306797981262207e-01
9.999581575393676758e-01
9.999812841415405273e-01
9.998458623886108398e-01
9.994480013847351074e-01
7.859727144241333008e-01
5.001640319824218750e-01
1.429585814476013184e-01
2.312389574944972992e-02
8.981784433126449585e-02
6.687203645706176758e-01
9.428042769432067871e-01
9.994947314262390137e-01
9.997490644454956055e-01
9.999189376831054688e-01
9.999933838844299316e-01
9.925162196159362793e-01
7.638863921165466309e-01
1.311608701944351196e-01
5.930056659053661861e-07
2.543296432122588158e-04
1.348293502815067768e-03
4.288668930530548096e-01
9.919171929359436035e-01
9.974935650825500488e-01
9.999838471412658691e-01
9.999799728393554688e-01
9.996215701103210449e-01
9.992980957031250000e-01
9.990230798721313477e-01
9.994301795959472656e-01
9.998210668563842773e-01
9.999596476554870605e-01
9.999968409538269043e-01
9.999992251396179199e-01
9.999952912330627441e-01
9.999642968177795410e-01
9.998685121536254883e-01
9.990951418876647949e-01
9.986810684204101562e-01
9.986192584037780762e-01
9.992306828498840332e-01
9.996483922004699707e-01
9.996844530105590820e-01
9.968274831771850586e-01
9.925184249877929688e-01
9.858590960502624512e-01
9.898131489753723145e-01
9.975144863128662109e-01
9.992176890373229980e-01
9.999703168869018555e-01
1.000000000000000000e+00
9.999983310699462891e-01
9.999973773956298828e-01
9.999974370002746582e-01
9.999923706054687500e-01
9.999446868896484375e-01
9.998052716255187988e-01
9.970300197601318359e-01
9.933726787567138672e-01
9.896666407585144043e-01
9.912527203559875488e-01
9.959134459495544434e-01
9.985445737838745117e-01
9.999139904975891113e-01
9.999901652336120605e-01
9.999624490737915039e-01
9.999478459358215332e-01
9.999701976776123047e-01
9.999876022338867188e-01
9.999244213104248047e-01
9.996005296707153320e-01
9.994538426399230957e-01
9.993674755096435547e-01
9.990394711494445801e-01
9.974862933158874512e-01
9.948819279670715332e-01
9.961057305335998535e-01
9.975458383560180664e-01
9.991387128829956055e-01
9.996313452720642090e-01
9.996566772460937500e-01
9.989956617355346680e-01
9.820479750633239746e-01
9.640179872512817383e-01
9.817882776260375977e-01
9.932703971862792969e-01
9.997846484184265137e-01
9.562721848487854004e-01
9.113826155662536621e-01
8.647248148918151855e-01
9.150271415710449219e-01
9.584755301475524902e-01
9.522691369056701660e-01
9.310332536697387695e-01
8.983568549156188965e-01
8.352825045585632324e-01
7.579322457313537598e-01
6.748139858245849609e-01
7.253559231758117676e-01
8.217945098876953125e-01
9.724518060684204102e-01
9.951770305633544922e-01
9.998360276222229004e-01
9.999400973320007324e-01
9.999821782112121582e-01
1.000000000000000000e+00
1.000000000000000000e+00
9.999593496322631836e-01
9.998505115509033203e-01
9.987609386444091797e-01
8.611343502998352051e-01
5.696089267730712891e-01
2.305701524019241333e-01
4.720228959889621769e-27
9.151083093775172577e-28
2.398153675642333837e-09
5.951463803648948669e-02
3.728708624839782715e-01
6.904663443565368652e-01
9.955965280532836914e-01
9.971418380737304688e-01
9.984568357467651367e-01
9.995144009590148926e-01
9.945693612098693848e-01
9.737278223037719727e-01
9.220570921897888184e-01
5.230512022972106934e-01
1.107739657163619995e-01
1.172065213322639465e-01
2.938420772552490234e-01
5.753714442253112793e-01
8.172985315322875977e-01
9.428293704986572266e-01
9.379597902297973633e-01
9.533690810203552246e-01
9.713138341903686523e-01
9.897781610488891602e-01
9.966118335723876953e-01
9.977352023124694824e-01
9.901877641677856445e-01
9.296671152114868164e-01
8.316565752029418945e-01
6.535907387733459473e-01
5.542206168174743652e-01
5.488655567169189453e-01
7.100688219070434570e-01
8.597466349601745605e-01
9.326733350753784180e-01
9.732305407524108887e-01
9.976434707641601562e-01
9.985824227333068848e-01
9.990891218185424805e-01
9.992831349372863770e-01
9.990997314453125000e-01
9.738997220993041992e-01
9.158184528350830078e-01
7.748805284500122070e-01
6.732726097106933594e-01
7.071942090988159180e-01
8.428910374641418457e-01
9.982368946075439453e-01
9.994167685508728027e-01
9.994252920150756836e-01
9.984936714172363281e-01
9.797824025154113770e-01
9.495343565940856934e-01
9.025465250015258789e-01
9.484580159187316895e-01
9.983212947845458984e-01
9.995019435882568359e-01
9.976733922958374023e-01
9.760817289352416992e-01
7.741798758506774902e-01
5.047528147697448730e-01
1.715521067380905151e-01
1.167699173092842102e-01
1.799002885818481445e-01
4.191795885562896729e-01
2.984684407711029053e-01
1.068019643425941467e-01
2.943101152777671814e-02
1.948663557413965464e-04
2.642426639795303345e-03
6.069922819733619690e-02
3.326444327831268311e-01
8.498175144195556641e-01
9.453074932098388672e-01
9.685642719268798828e-01
9.511651396751403809e-01
9.030893445014953613e-01
8.516732454299926758e-01
8.465023636817932129e-01
8.765522837638854980e-01
9.331009984016418457e-01
9.480949044227600098e-01
9.431836605072021484e-01
9.100990295410156250e-01
4.588176012039184570e-01
4.650796949863433838e-02
1.160508580505847931e-02
8.285028912924374822e-12
1.315238364441029262e-06
1.632043495192192495e-05
2.948496937751770020e-01
8.768427371978759766e-01
9.669030904769897461e-01
9.999629855155944824e-01
9.998949170112609863e-01
9.991789460182189941e-01
9.927619099617004395e-01
9.615783691406250000e-01
8.264503479003906250e-01
6.241900920867919922e-01
5.462236404418945312e-01
5.079379081726074219e-01
5.214532017707824707e-01
3.858522474765777588e-01
3.003702461719512939e-01
4.217674434185028076e-01
6.897823810577392578e-01
9.908975958824157715e-01
9.940969347953796387e-01
9.882198572158813477e-01
9.739956259727478027e-01
9.664199948310852051e-01
9.650867581367492676e-01
9.744299650192260742e-01
9.139416813850402832e-01
7.669829130172729492e-01
3.288747966289520264e-01
2.715583443641662598e-01
4.715094268321990967e-01
7.807133197784423828e-01
9.681695103645324707e-01
9.942310452461242676e-01
9.937993288040161133e-01
9.898729920387268066e-01
9.898197650909423828e-01
9.928030371665954590e-01
9.969375729560852051e-01
9.980243444442749023e-01
9.988818168640136719e-01
9.995111227035522461e-01
9.942550659179687500e-01
9.751044511795043945e-01
9.289156198501586914e-01
8.836063742637634277e-01
8.509669899940490723e-01
8.835805058479309082e-01
9.274343848228454590e-01
9.797062277793884277e-01
9.889956116676330566e-01
9.793317317962646484e-01
9.421780109405517578e-01
8.176190257072448730e-01
7.051751613616943359e-01
7.049949169158935547e-01
8.021594882011413574e-01
9.467958807945251465e-01
9.324384331703186035e-01
7.261252999305725098e-01
2.940380573272705078e-01
1.085205748677253723e-01
1.178294420242309570e-03
3.209357964806258678e-04
7.197603583335876465e-03
6.718985736370086670e-02
5.318986773490905762e-01
8.319346308708190918e-01
9.806054830551147461e-01
9.954985380172729492e-01
9.987824559211730957e-01
9.988082647323608398e-01
9.982067942619323730e-01
9.975057840347290039e-01
9.973610043525695801e-01
9.893164038658142090e-01
9.753829836845397949e-01
8.730531334877014160e-01
7.349084019660949707e-01
5.437647104263305664e-01
6.248588562011718750e-01
7.725733518600463867e-01
9.198073744773864746e-01
9.844831228256225586e-01
9.986547231674194336e-01
9.993290901184082031e-01
9.997414946556091309e-01
9.998210072517395020e-01
9.998510479927062988e-01
9.998824596405029297e-01
9.999439120292663574e-01
9.999639987945556641e-01
9.999589920043945312e-01
9.999010562896728516e-01
9.996193647384643555e-01
9.990957379341125488e-01
9.985666871070861816e-01
9.984034895896911621e-01
9.991034865379333496e-01
9.995827078819274902e-01
9.999304413795471191e-01
9.999654889106750488e-01
9.999037384986877441e-01
9.997518062591552734e-01
9.992421269416809082e-01
9.989967346191406250e-01
9.993456006050109863e-01
9.996641874313354492e-01
9.999343156814575195e-01
9.999796152114868164e-01
9.999994635581970215e-01
9.999984502792358398e-01
9.999991059303283691e-01
9.999894499778747559e-01
9.999615550041198730e-01
9.996619820594787598e-01
9.994066953659057617e-01
9.997570514678955078e-01
9.999349117279052734e-01
9.999861717224121094e-01
9.999892115592956543e-01
9.999914765357971191e-01
9.999940395355224609e-01
9.999927878379821777e-01
9.999920129776000977e-01
9.999971985816955566e-01
9.999995827674865723e-01
9.999997019767761230e-01
9.999427795410156250e-01
9.994646906852722168e-01
9.983740448951721191e-01
9.942564368247985840e-01
9.911044836044311523e-01
9.940450787544250488e-01
9.968198537826538086e-01
9.994332790374755859e-01
9.992553591728210449e-01
9.981186389923095703e-01
9.956821799278259277e-01
9.936614632606506348e-01
9.921976327896118164e-01
9.923055768013000488e-01
9.944945573806762695e-01
9.978117942810058594e-01
9.991877079010009766e-01
9.998422265052795410e-01
9.995666146278381348e-01
9.997612237930297852e-01
9.998329877853393555e-01
9.992288351058959961e-01
9.417407512664794922e-01
8.373106122016906738e-01
3.942310512065887451e-01
2.095848768949508667e-01
3.485301434993743896e-01
6.778350472450256348e-01
9.472270607948303223e-01
9.294838905334472656e-01
8.277122974395751953e-01
6.863989830017089844e-01
6.717971563339233398e-01
7.575708627700805664e-01
9.676085710525512695e-01
9.964541196823120117e-01
9.939947724342346191e-01
9.968863129615783691e-01
9.987379312515258789e-01
9.999626278877258301e-01
9.999611377716064453e-01
9.999617934226989746e-01
9.999651908874511719e-01
9.999744296073913574e-01
9.999818801879882812e-01
9.999801516532897949e-01
9.999167919158935547e-01
9.997804164886474609e-01
9.986783862113952637e-01
9.984276294708251953e-01
9.992820024490356445e-01
9.997237324714660645e-01
9.998047351837158203e-01
9.989582300186157227e-01
9.989928603172302246e-01
9.995429515838623047e-01
9.998156428337097168e-01
9.999799728393554688e-01
9.999958872795104980e-01
9.999975562095642090e-01
9.999881982803344727e-01
9.999507069587707520e-01
9.994109869003295898e-01
9.985505342483520508e-01
9.971944093704223633e-01
9.968141317367553711e-01
9.978704452514648438e-01
9.987654089927673340e-01
9.995092749595642090e-01
9.998062252998352051e-01
9.999541640281677246e-01
9.999994635581970215e-01
9.999086260795593262e-01
9.997540712356567383e-01
9.994997382164001465e-01
9.991341829299926758e-01
9.986945986747741699e-01
9.980517625808715820e-01
9.978822469711303711e-01
9.980710744857788086e-01
9.991125464439392090e-01
9.998472929000854492e-01
9.999676942825317383e-01
9.999973177909851074e-01
9.999954104423522949e-01
9.999848604202270508e-01
9.999782443046569824e-01
9.999751448631286621e-01
9.999811649322509766e-01
9.999021887779235840e-01
9.996473193168640137e-01
9.868229031562805176e-01
9.515700340270996094e-01
7.795547246932983398e-01
5.741567611694335938e-01
3.361077606678009033e-01
6.063603162765502930e-01
8.681905269622802734e-01
9.663867950439453125e-01
9.985564351081848145e-01
9.999167323112487793e-01
9.999454617500305176e-01
9.999657869338989258e-01
9.999766349792480469e-01
9.999762177467346191e-01
9.998911619186401367e-01
9.995598196983337402e-01
9.982231259346008301e-01
9.964296817779541016e-01
9.976500272750854492e-01
9.985587000846862793e-01
9.990414977073669434e-01
9.988984465599060059e-01
9.945887327194213867e-01
9.745536446571350098e-01
8.918538093566894531e-01
7.662610411643981934e-01
6.479802727699279785e-01
6.127243638038635254e-01
7.155257463455200195e-01
8.463933467864990234e-01
9.676374197006225586e-01
9.882112145423889160e-01
9.983553290367126465e-01
9.997304677963256836e-01
9.991843700408935547e-01
9.978139400482177734e-01
9.949831962585449219e-01
9.935799837112426758e-01
9.931882023811340332e-01
9.967979192733764648e-01
9.990370869636535645e-01
9.998137950897216797e-01
9.999573826789855957e-01
9.999954104423522949e-01
9.999954104423522949e-01
9.999843239784240723e-01
9.999501109123229980e-01
9.994587302207946777e-01
9.982579350471496582e-01
9.960876703262329102e-01
9.947885274887084961e-01
9.946507811546325684e-01
9.984249472618103027e-01
9.999856948852539062e-01
9.999634027481079102e-01
9.997864961624145508e-01
9.995958805084228516e-01
9.993899464607238770e-01
9.995365142822265625e-01
9.997867941856384277e-01
9.999177455902099609e-01
9.999863505363464355e-01
9.999961853027343750e-01
9.999746680259704590e-01
9.996110200881958008e-01
9.984013438224792480e-01
9.949550032615661621e-01
9.905323386192321777e-01
9.880062341690063477e-01
9.884577989578247070e-01
9.926782846450805664e-01
9.963803291320800781e-01
9.992619156837463379e-01
9.995201826095581055e-01
9.994227886199951172e-01
9.990852475166320801e-01
9.938495159149169922e-01
9.837971925735473633e-01
9.655199050903320312e-01
9.661559462547302246e-01
9.726345539093017578e-01
9.755446314811706543e-01
9.595317244529724121e-01
9.256662726402282715e-01
8.694215416908264160e-01
8.340693712234497070e-01
8.590603470802307129e-01
9.181450009346008301e-01
9.911896586418151855e-01
9.966967701911926270e-01
9.998612403869628906e-01
9.999136328697204590e-01
9.996689558029174805e-01
9.989178180694580078e-01
9.963358640670776367e-01
9.954037070274353027e-01
9.956971406936645508e-01
9.982429146766662598e-01
9.982870221138000488e-01
9.932017326354980469e-01
9.887704253196716309e-01
9.791883826255798340e-01
9.209267497062683105e-01
6.468966603279113770e-01
1.398615688085556030e-01
3.788253292441368103e-02
3.378761932253837585e-02
1.321597397327423096e-01
4.596895873546600342e-01
9.256997108459472656e-01
9.553662538528442383e-01
9.751445651054382324e-01
9.788078665733337402e-01
9.857884645462036133e-01
9.932451248168945312e-01
9.972112178802490234e-01
9.985946416854858398e-01
9.975855350494384766e-01
9.971563220024108887e-01
9.972523450851440430e-01
9.985420107841491699e-01
9.993783235549926758e-01
9.999563097953796387e-01
9.999781847000122070e-01
9.999925494194030762e-01
9.999961853027343750e-01
9.999944567680358887e-01
9.999905824661254883e-01
9.999827146530151367e-01
9.999815821647644043e-01
9.999859929084777832e-01
9.999917149543762207e-01
9.999949932098388672e-01
9.999925494194030762e-01
9.999675750732421875e-01
9.999227523803710938e-01
9.997242689132690430e-01
9.989508986473083496e-01
9.974271059036254883e-01
9.159530401229858398e-01
7.392477393150329590e-01
2.252050787210464478e-01
1.270615612156689167e-04
3.179248597007244825e-05
1.626985967159271240e-01
4.197189509868621826e-01
8.606314659118652344e-01
9.963262677192687988e-01
9.939656853675842285e-01
9.788825511932373047e-01
9.658383727073669434e-01
9.553697109222412109e-01
9.765897393226623535e-01
9.995365142822265625e-01
9.998313188552856445e-01
9.925879240036010742e-01
9.795150160789489746e-01
8.470026254653930664e-01
6.897367238998413086e-01
4.950504004955291748e-01
5.766444206237792969e-01
7.797694802284240723e-01
9.071945548057556152e-01
9.845244884490966797e-01
9.967265129089355469e-01
9.984488487243652344e-01
9.972040057182312012e-01
9.938130974769592285e-01
9.734864234924316406e-01
9.396196007728576660e-01
4.801621139049530029e-01
1.099324673414230347e-01
2.715028449892997742e-02
1.620981606720306445e-06
7.454117760062217712e-03
1.777643412351608276e-01
4.456382095813751221e-01
8.495867848396301270e-01
9.632694721221923828e-01
9.939253330230712891e-01
9.977065920829772949e-01
9.995573163032531738e-01
9.997082352638244629e-01
9.954308271408081055e-01
9.280539155006408691e-01
6.951660513877868652e-01
4.645468890666961670e-01
2.407487332820892334e-01
3.433198034763336182e-01
5.425888895988464355e-01
8.960890173912048340e-01
9.905059933662414551e-01
9.996464848518371582e-01
9.998631477355957031e-01
9.999797940254211426e-01
9.999949336051940918e-01
9.999976158142089844e-01
9.999602437019348145e-01
9.998002052307128906e-01
9.983429908752441406e-01
9.960417151451110840e-01
9.970741271972656250e-01
9.981863498687744141e-01
9.992814064025878906e-01
9.996308684349060059e-01
9.994633197784423828e-01
9.967872500419616699e-01
9.843159914016723633e-01
9.597507715225219727e-01
9.154146909713745117e-01
8.688235282897949219e-01
8.320788741111755371e-01
7.801209092140197754e-01
7.157982587814331055e-01
6.095324754714965820e-01
4.442229568958282471e-01
1.404919028282165527e-01
2.129601128399372101e-02
2.393676140854950063e-06
2.982816113217268139e-06
1.409631222486495972e-01
5.060046911239624023e-01
7.696595191955566406e-01
9.696455597877502441e-01
9.451175332069396973e-01
9.098457694053649902e-01
8.631938099861145020e-01
8.459532260894775391e-01
8.574569821357727051e-01
9.527629613876342773e-01
9.823082685470581055e-01
9.653072953224182129e-01
6.087874770164489746e-01
2.904351055622100830e-01
9.291949868202209473e-02
3.105617500841617584e-02
4.425758123397827148e-02
2.930007576942443848e-01
5.407547354698181152e-01
7.870798707008361816e-01
9.044494032859802246e-01
9.747058153152465820e-01
9.864880442619323730e-01
9.884145259857177734e-01
9.805984497070312500e-01
9.795579314231872559e-01
9.809210300445556641e-01
9.868310689926147461e-01
9.902551770210266113e-01
9.919725656509399414e-01
9.834706187248229980e-01
9.761743545532226562e-01
9.725005626678466797e-01
9.786719679832458496e-01
9.891216754913330078e-01
9.926773309707641602e-01
9.958106279373168945e-01
9.983202815055847168e-01
9.991190433502197266e-01
9.993969202041625977e-01
9.996023774147033691e-01
9.997883439064025879e-01
9.999539256095886230e-01
9.999892711639404297e-01
9.999997615814208984e-01
9.999996423721313477e-01
9.999997019767761230e-01
9.999999403953552246e-01
9.999985694885253906e-01
9.999972581863403320e-01
9.999963045120239258e-01
9.999970197677612305e-01
9.999985098838806152e-01
9.999991655349731445e-01
9.999989867210388184e-01
9.999974966049194336e-01
9.999716281890869141e-01
9.999307990074157715e-01
9.998323917388916016e-01
9.997894763946533203e-01
9.998115897178649902e-01
9.998592734336853027e-01
9.999095797538757324e-01
9.999468326568603516e-01
9.999740719795227051e-01
9.999928474426269531e-01
9.999956488609313965e-01
9.999958872795104980e-01
9.999939799308776855e-01
9.999924898147583008e-01
9.999912977218627930e-01
9.999940395355224609e-01
9.999967217445373535e-01
9.999989867210388184e-01
9.999998211860656738e-01
9.999996423721313477e-01
9.999942183494567871e-01
9.996972680091857910e-01
9.989734292030334473e-01
9.981972575187683105e-01
9.976022839546203613e-01
9.984693527221679688e-01
9.992091655731201172e-01
9.998105168342590332e-01
9.998843669891357422e-01
9.998666644096374512e-01
9.999076128005981445e-01
9.999339580535888672e-01
9.999483227729797363e-01
9.999481439590454102e-01
9.997342824935913086e-01
9.989075064659118652e-01
9.979361891746520996e-01
9.968732595443725586e-01
9.976109862327575684e-01
9.985092282295227051e-01
9.996223449707031250e-01
9.999805092811584473e-01
9.999837279319763184e-01
9.999827146530151367e-01
9.997922778129577637e-01
9.993047714233398438e-01
9.968974590301513672e-01
9.937278628349304199e-01
9.895703196525573730e-01
9.891713261604309082e-01
9.933300614356994629e-01
9.964304566383361816e-01
9.988318681716918945e-01
9.988816976547241211e-01
9.990721940994262695e-01
9.993970394134521484e-01
9.996618628501892090e-01
9.998339414596557617e-01
9.997090101242065430e-01
9.979439377784729004e-01
9.949514865875244141e-01
8.377447724342346191e-01
6.675774455070495605e-01
4.953390955924987793e-01
4.879927337169647217e-01
5.774295330047607422e-01
7.048823833465576172e-01
6.304056048393249512e-01
1.524330228567123413e-01
1.564973732456564903e-03
6.803637370467185974e-03
1.657425910234451294e-01
4.179262518882751465e-01
8.162995576858520508e-01
9.201175570487976074e-01
9.227120876312255859e-01
9.433984160423278809e-01
9.664175510406494141e-01
9.923517107963562012e-01
9.987445473670959473e-01
9.998849034309387207e-01
9.999325275421142578e-01
9.999441504478454590e-01
9.999188780784606934e-01
9.998338222503662109e-01
9.997533559799194336e-01
9.997389912605285645e-01
9.997851252555847168e-01
9.998821020126342773e-01
9.999421238899230957e-01
9.999852776527404785e-01
9.999895095825195312e-01
9.999157786369323730e-01
9.997887015342712402e-01
9.952689409255981445e-01
9.910659790039062500e-01
9.883224368095397949e-01
9.901077747344970703e-01
9.944675564765930176e-01
9.970231056213378906e-01
9.989098310470581055e-01
9.995056390762329102e-01
9.997224211692810059e-01
9.997616410255432129e-01
9.998042583465576172e-01
9.998666644096374512e-01
9.999615550041198730e-01
9.999918341636657715e-01
9.998949766159057617e-01
9.984564185142517090e-01
9.561367034912109375e-01
8.568264245986938477e-01
6.036545634269714355e-01
3.534147143363952637e-01
5.188395977020263672e-01
6.952109336853027344e-01
8.842300176620483398e-01
9.596616029739379883e-01
9.999462962150573730e-01
9.999592304229736328e-01
9.999677538871765137e-01
9.999718070030212402e-01
9.999756813049316406e-01
9.999716877937316895e-01
9.999330043792724609e-01
9.998238086700439453e-01
9.996521472930908203e-01
9.995376467704772949e-01
9.983162283897399902e-01
9.930766224861145020e-01
9.523686766624450684e-01
8.840606808662414551e-01
8.368130922317504883e-01
8.301880955696105957e-01
9.389492869377136230e-01
9.890907406806945801e-01
9.990945458412170410e-01
9.998620748519897461e-01
9.999181628227233887e-01
9.996986985206604004e-01
9.844043850898742676e-01
9.601468443870544434e-01
9.401820302009582520e-01
9.179167747497558594e-01
8.902435302734375000e-01
9.236592054367065430e-01
9.894781708717346191e-01
9.957931041717529297e-01
9.998412728309631348e-01
9.999557137489318848e-01
9.996374249458312988e-01
9.988824725151062012e-01
9.878778457641601562e-01
9.846639037132263184e-01
9.950586557388305664e-01
9.988825917243957520e-01
9.999122023582458496e-01
9.998486042022705078e-01
9.996398687362670898e-01
9.992014765739440918e-01
9.975032806396484375e-01
9.953251481056213379e-01
9.929907321929931641e-01
9.918097257614135742e-01
9.922980666160583496e-01
9.942203164100646973e-01
9.965556263923645020e-01
9.982371926307678223e-01
9.990418553352355957e-01
9.986830353736877441e-01
9.932376146316528320e-01
9.828374385833740234e-01
9.446569085121154785e-01
8.792184591293334961e-01
7.802321910858154297e-01
7.412486076354980469e-01
7.392611503601074219e-01
8.812134861946105957e-01
9.673659205436706543e-01
9.889149069786071777e-01
9.923158884048461914e-01
9.916218519210815430e-01
9.933727383613586426e-01
9.958197474479675293e-01
9.990250468254089355e-01
9.998029470443725586e-01
9.999991059303283691e-01
9.999996423721313477e-01
9.998444318771362305e-01
9.995284080505371094e-01
9.980212450027465820e-01
9.963282346725463867e-01
9.949335455894470215e-01
9.954777359962463379e-01
9.979518055915832520e-01
9.988471269607543945e-01
9.993396401405334473e-01
9.993826746940612793e-01
9.982681274414062500e-01
9.960427284240722656e-01
8.210661411285400391e-01
5.906054377555847168e-01
2.515468597412109375e-01
7.021233439445495605e-02
3.523550182580947876e-02
3.707796931266784668e-01
7.037962675094604492e-01
7.525997757911682129e-01
8.179299831390380859e-01
8.983722329139709473e-01
8.420291543006896973e-01
6.916810274124145508e-01
2.414469569921493530e-01
3.351964429020881653e-02
4.392762482166290283e-02
2.300388924777507782e-02
1.163084805011749268e-02
6.035389378666877747e-02
3.645194768905639648e-01
8.954966068267822266e-01
9.755262136459350586e-01
9.254937767982482910e-01
6.374221444129943848e-01
3.432449996471405029e-01
4.361810535192489624e-02
1.002057222649455070e-03
1.877195201814174652e-02
1.145398914813995361e-01
4.123539030551910400e-01
8.915243148803710938e-01
9.796317815780639648e-01
9.991191625595092773e-01
9.992631673812866211e-01
9.979060292243957520e-01
9.951937794685363770e-01
9.854648709297180176e-01
9.787251949310302734e-01
9.898257255554199219e-01
9.873380661010742188e-01
9.722490906715393066e-01
7.642126679420471191e-01
5.419722199440002441e-01
4.091637134552001953e-01
4.986883103847503662e-01
8.009682297706604004e-01
9.191679954528808594e-01
9.891984462738037109e-01
9.954445362091064453e-01
9.989318251609802246e-01
9.996951818466186523e-01
9.998571276664733887e-01
9.999025464057922363e-01
9.999671578407287598e-01
9.999832510948181152e-01
9.999491572380065918e-01
9.998740553855895996e-01
9.998064637184143066e-01
9.998323321342468262e-01
9.998793601989746094e-01
9.999495148658752441e-01
9.999334216117858887e-01
9.981659054756164551e-01
9.854410886764526367e-01
7.988608479499816895e-01
4.121603369712829590e-01
1.758059710264205933e-01
2.701486693695187569e-03
9.785449365153908730e-04
6.246714037843048573e-04
1.955339452251791954e-03
4.649147987365722656e-01
1.000000000000000000e+00
1.000000000000000000e+00
1.000000000000000000e+00
1.000000000000000000e+00
9.651513099670410156e-01
9.027803540229797363e-01
6.604124903678894043e-01
6.331930160522460938e-01
9.161355495452880859e-01
9.947800636291503906e-01
9.997976422309875488e-01
9.996874332427978516e-01
9.985885620117187500e-01
9.959312081336975098e-01
9.876838922500610352e-01
9.779460430145263672e-01
9.867296218872070312e-01
9.937067031860351562e-01
9.975172877311706543e-01
9.987390637397766113e-01
9.987878203392028809e-01
9.989445209503173828e-01
9.992404580116271973e-01
9.998085498809814453e-01
1.000000000000000000e+00
1.000000000000000000e+00
1.000000000000000000e+00
1.000000000000000000e+00
1.000000000000000000e+00
9.999727010726928711e-01
9.999297857284545898e-01
9.999294281005859375e-01
9.998770952224731445e-01
9.996875524520874023e-01
9.992088079452514648e-01
9.985424280166625977e-01
9.946315884590148926e-01
9.910572767257690430e-01
9.892241358757019043e-01
9.912771582603454590e-01
9.961992502212524414e-01
9.983472228050231934e-01
9.997956156730651855e-01
9.998824596405029297e-01
9.999427199363708496e-01
9.999803304672241211e-01
9.999929666519165039e-01
1.000000000000000000e+00
1.000000000000000000e+00
9.999996423721313477e-01
9.999990463256835938e-01
9.999979138374328613e-01
9.999960064888000488e-01
9.999896287918090820e-01
9.997818470001220703e-01
9.993469715118408203e-01
9.783323407173156738e-01
9.519854187965393066e-01
9.264965057373046875e-01
9.303789138793945312e-01
9.729136228561401367e-01
9.907458424568176270e-01
9.997069239616394043e-01
9.995711445808410645e-01
9.994207024574279785e-01
9.992477893829345703e-01
9.995357990264892578e-01
1.000000000000000000e+00
1.000000000000000000e+00
9.978940486907958984e-01
9.918351173400878906e-01
9.762785434722900391e-01
9.559674263000488281e-01
9.511463046073913574e-01
9.560161828994750977e-01
9.824892282485961914e-01
9.951243996620178223e-01
9.993380904197692871e-01
9.997843503952026367e-01
9.998883605003356934e-01
9.997138977050781250e-01
9.992440342903137207e-01
9.985548257827758789e-01
9.975997209548950195e-01
9.965118169784545898e-01
9.950506091117858887e-01
9.941366910934448242e-01
9.937160611152648926e-01
9.968304038047790527e-01
1.000000000000000000e+00
1.000000000000000000e+00
9.836420416831970215e-01
9.492962956428527832e-01
9.512376785278320312e-01
9.618182182312011719e-01
9.643995761871337891e-01
8.296032547950744629e-01
5.065866708755493164e-01
2.933569550514221191e-01
1.520259380340576172e-01
6.011524200439453125e-01
9.101423025131225586e-01
9.780238270759582520e-01
9.997504353523254395e-01
9.999948143959045410e-01
9.999841451644897461e-01
9.999567866325378418e-01
9.998937249183654785e-01
9.994547367095947266e-01
9.987900853157043457e-01
9.990348815917968750e-01
9.993681907653808594e-01
9.997914433479309082e-01
9.999635815620422363e-01
9.999433159828186035e-01
9.982753396034240723e-01
9.927758574485778809e-01
9.722722768783569336e-01
9.387964606285095215e-01
8.926512598991394043e-01
9.297179579734802246e-01
9.792121648788452148e-01
9.923214912414550781e-01
9.995702505111694336e-01
9.995285272598266602e-01
9.997052550315856934e-01
9.999369382858276367e-01
9.999692440032958984e-01
9.999415278434753418e-01
9.998158812522888184e-01
9.937607049942016602e-01
9.846936464309692383e-01
8.545095920562744141e-01
7.709527611732482910e-01
7.892502546310424805e-01
6.834025382995605469e-01
5.034915208816528320e-01
4.073312878608703613e-01
4.358316659927368164e-01
8.270077705383300781e-01
9.981926679611206055e-01
9.953339099884033203e-01
8.862812519073486328e-01
7.209072709083557129e-01
3.678445518016815186e-01
2.693071067333221436e-01
4.390033185482025146e-01
6.589114665985107422e-01
8.651329874992370605e-01
8.442007303237915039e-01
8.093761801719665527e-01
7.549457550048828125e-01
7.638205885887145996e-01
7.970317602157592773e-01
8.372979164123535156e-01
8.787066340446472168e-01
9.224100708961486816e-01
9.499065876007080078e-01
9.686363935470581055e-01
9.708564877510070801e-01
9.737833738327026367e-01
9.807868599891662598e-01
9.874659180641174316e-01
9.939019680023193359e-01
9.971383213996887207e-01
9.994667172431945801e-01
9.997856020927429199e-01
9.998975992202758789e-01
9.997979402542114258e-01
9.989761114120483398e-01
9.979021549224853516e-01
9.962161779403686523e-01
9.961547255516052246e-01
9.983910322189331055e-01
9.983214735984802246e-01
9.973265528678894043e-01
9.952863454818725586e-01
9.948557019233703613e-01
9.976736307144165039e-01
9.991197586059570312e-01
9.997814893722534180e-01
9.993681907653808594e-01
9.985926151275634766e-01
9.969172477722167969e-01
9.965925812721252441e-01
9.973547458648681641e-01
9.964002966880798340e-01
9.947343468666076660e-01
9.908528923988342285e-01
9.874824285507202148e-01
9.847040772438049316e-01
9.875824451446533203e-01
9.918934702873229980e-01
9.930769801139831543e-01
9.933085441589355469e-01
9.919721484184265137e-01
9.880603551864624023e-01
9.829452037811279297e-01
9.768557548522949219e-01
9.740843772888183594e-01
9.795347452163696289e-01
9.470245838165283203e-01
8.883831501007080078e-01
8.440078496932983398e-01
8.246194124221801758e-01
9.005940556526184082e-01
9.565773606300354004e-01
9.924193024635314941e-01
9.997751712799072266e-01
9.999590516090393066e-01
9.999045133590698242e-01
9.998311996459960938e-01
9.997301101684570312e-01
9.995841383934020996e-01
9.994198083877563477e-01
9.993421435356140137e-01
9.994176626205444336e-01
9.998364448547363281e-01
9.990072846412658691e-01
9.973766207695007324e-01
9.904623031616210938e-01
9.847629070281982422e-01
9.856206774711608887e-01
9.901619553565979004e-01
9.982694983482360840e-01
9.998980164527893066e-01
9.999914169311523438e-01
9.999917745590209961e-01
9.999920129776000977e-01
9.999919533729553223e-01
9.999927282333374023e-01
9.999938607215881348e-01
9.999908208847045898e-01
9.999861121177673340e-01
9.999776482582092285e-01
9.999834299087524414e-01
9.999985694885253906e-01
1.000000000000000000e+00
9.999992251396179199e-01
9.999954700469970703e-01
9.998856186866760254e-01
9.996699094772338867e-01
9.996734261512756348e-01
9.997259378433227539e-01
9.997150301933288574e-01
9.930979609489440918e-01
9.763182997703552246e-01
7.188730239868164062e-01
3.540427088737487793e-01
6.418994665145874023e-01
8.758041858673095703e-01
9.585705995559692383e-01
9.949988722801208496e-01
9.982295632362365723e-01
9.992408752441406250e-01
9.998319149017333984e-01
9.998977184295654297e-01
9.999511837959289551e-01
9.999907612800598145e-01
1.000000000000000000e+00
1.000000000000000000e+00
1.000000000000000000e+00
9.999461174011230469e-01
9.997956752777099609e-01
9.989164471626281738e-01
9.976534247398376465e-01
9.975326657295227051e-01
9.977554678916931152e-01
9.988583922386169434e-01
9.995466470718383789e-01
9.998767375946044922e-01
9.996435642242431641e-01
9.991198182106018066e-01
9.973581433296203613e-01
9.963383674621582031e-01
9.963519573211669922e-01
9.971268773078918457e-01
9.982066750526428223e-01
9.988338351249694824e-01
9.994012713432312012e-01
9.998268485069274902e-01
9.999328255653381348e-01
9.998195767402648926e-01
9.957532882690429688e-01
9.896191358566284180e-01
9.763438105583190918e-01
9.634038209915161133e-01
9.508422017097473145e-01
9.566248059272766113e-01
9.684675931930541992e-01
9.855194091796875000e-01
9.972980022430419922e-01
9.990975260734558105e-01
9.998027086257934570e-01
9.998850226402282715e-01
9.995753765106201172e-01
9.984496235847473145e-01
9.945598840713500977e-01
9.824125170707702637e-01
9.624037742614746094e-01
9.549896121025085449e-01
9.514867663383483887e-01
9.561868906021118164e-01
9.668943881988525391e-01
9.873040318489074707e-01
9.948749542236328125e-01
9.962414503097534180e-01
9.926393628120422363e-01
9.841372966766357422e-01
9.616870880126953125e-01
6.712657809257507324e-01
1.558296978473663330e-01
3.581118583679199219e-02
1.873462370066657803e-19
1.716489416746417860e-18
1.754218683345243335e-04
6.006616167724132538e-04
4.309051146265119314e-04
6.417375516321044415e-06
2.342359766771551222e-05
1.027972772717475891e-01
4.739887416362762451e-01
7.554336190223693848e-01
9.676486253738403320e-01
9.995004534721374512e-01
9.999914169311523438e-01
9.999668002128601074e-01
9.998447895050048828e-01
9.995930194854736328e-01
9.958677291870117188e-01
9.906690716743469238e-01
9.655109643936157227e-01
9.212192893028259277e-01
8.302939534187316895e-01
8.269937038421630859e-01
8.879401683807373047e-01
9.466147422790527344e-01
9.965485334396362305e-01
9.985389709472656250e-01
9.985414743423461914e-01
9.959622025489807129e-01
5.766606926918029785e-01
6.582101195817813277e-05
7.236452802317216992e-05
1.690494120121002197e-01
7.448908686637878418e-01
9.469111561775207520e-01
8.771032691001892090e-01
4.315004944801330566e-01
2.255690842866897583e-02
1.732708215713500977e-01
4.309343695640563965e-01
8.298678398132324219e-01
9.649180769920349121e-01
9.943510293960571289e-01
9.556435942649841309e-01
7.778141498565673828e-01
2.456081360578536987e-01
2.103020995855331421e-01
5.580045580863952637e-01
7.974242568016052246e-01
9.893206954002380371e-01
9.955047369003295898e-01
9.992085099220275879e-01
9.994260668754577637e-01
9.995586276054382324e-01
9.996545314788818359e-01
9.997933506965637207e-01
9.998766183853149414e-01
9.998006224632263184e-01
9.992380738258361816e-01
9.982682466506958008e-01
9.973799586296081543e-01
9.955273270606994629e-01
9.855140447616577148e-01
9.741368293762207031e-01
9.606098532676696777e-01
9.603781700134277344e-01
9.666402339935302734e-01
9.809816479682922363e-01
9.924430847167968750e-01
9.933036565780639648e-01
9.907523989677429199e-01
9.849840402603149414e-01
9.527631998062133789e-01
9.063336849212646484e-01
7.688285112380981445e-01
6.407483220100402832e-01
5.297859907150268555e-01
5.515943169593811035e-01
6.495934724807739258e-01
8.399864435195922852e-01
9.009177684783935547e-01
3.940472304821014404e-01
9.259073436260223389e-02
1.817829348146915436e-02
4.831099882721900940e-02
1.252953410148620605e-01
5.795751810073852539e-01
9.029670953750610352e-01
9.365037083625793457e-01
7.058151960372924805e-01
2.916159033775329590e-01
1.175613701343536377e-01
2.983978716656565666e-03
2.271202765405178070e-02
1.898735612630844116e-01
5.568730831146240234e-01
7.959037423133850098e-01
9.809093475341796875e-01
9.863102436065673828e-01
9.835242033004760742e-01
9.671297669410705566e-01
9.566115140914916992e-01
9.511950612068176270e-01
9.385078549385070801e-01
9.258224368095397949e-01
9.308766722679138184e-01
9.450001716613769531e-01
9.751123189926147461e-01
9.909922480583190918e-01
9.988566040992736816e-01
9.997542500495910645e-01
9.999573826789855957e-01
9.999750852584838867e-01
9.999853968620300293e-01
9.999873638153076172e-01
9.997940063476562500e-01
9.994294643402099609e-01
9.930582046508789062e-01
9.865633845329284668e-01
9.797499775886535645e-01
9.802092313766479492e-01
9.862602353096008301e-01
9.930934906005859375e-01
9.990914463996887207e-01
9.974892735481262207e-01
9.341466426849365234e-01
7.731452584266662598e-01
6.144288182258605957e-01
4.571751058101654053e-01
5.351290106773376465e-01
6.377838850021362305e-01
7.727240920066833496e-01
7.119778394699096680e-01
4.423825442790985107e-01
2.119007855653762817e-01
2.096096185510987198e-09
8.640189119724084321e-10
2.067683663176111963e-10
8.961089648096276505e-10
2.133434861898422241e-01
5.867325663566589355e-01
7.740999460220336914e-01
8.974569439888000488e-01
7.945833802223205566e-01
7.157656550407409668e-01
6.750759482383728027e-01
7.592073082923889160e-01
9.083194732666015625e-01
9.575309753417968750e-01
9.848164319992065430e-01
9.545837044715881348e-01
9.317474365234375000e-01
9.171933531761169434e-01
9.284741282463073730e-01
9.484823942184448242e-01
9.475356936454772949e-01
9.357883930206298828e-01
8.963927626609802246e-01
8.533378839492797852e-01
8.072752952575683594e-01
8.322280049324035645e-01
8.741327524185180664e-01
9.314505457878112793e-01
9.510834813117980957e-01
9.044570326805114746e-01
7.965244054794311523e-01
6.528522372245788574e-01
6.117833256721496582e-01
6.208752393722534180e-01
8.209837079048156738e-01
9.335642457008361816e-01
9.328777790069580078e-01
9.174982309341430664e-01
8.959639072418212891e-01
9.285555481910705566e-01
9.577914476394653320e-01
9.715241193771362305e-01
9.799153208732604980e-01
9.831167459487915039e-01
9.851762652397155762e-01
9.869068861007690430e-01
9.886343479156494141e-01
9.887963533401489258e-01
9.854953289031982422e-01
9.863247871398925781e-01
9.901816844940185547e-01
9.950102567672729492e-01
9.994883537292480469e-01
9.995554089546203613e-01
9.986103177070617676e-01
9.959728121757507324e-01
9.940919876098632812e-01
9.926359653472900391e-01
9.923732280731201172e-01
9.905031919479370117e-01
9.802640080451965332e-01
9.274045228958129883e-01
8.194342255592346191e-01
7.597829103469848633e-01
7.204730510711669922e-01
8.470256328582763672e-01
9.489982128143310547e-01
9.495847821235656738e-01
9.615206718444824219e-01
9.850447177886962891e-01
9.923402667045593262e-01
9.943472743034362793e-01
9.911636710166931152e-01
9.890474677085876465e-01
9.895805120468139648e-01
9.901174902915954590e-01
9.906577467918395996e-01
9.788922667503356934e-01
9.652265310287475586e-01
9.621998071670532227e-01
9.666656851768493652e-01
9.856496453285217285e-01
9.945842027664184570e-01
9.968662261962890625e-01
9.953243732452392578e-01
9.932959675788879395e-01
9.920489788055419922e-01
9.921053051948547363e-01
9.942156672477722168e-01
9.965291023254394531e-01
9.989518523216247559e-01
9.986814260482788086e-01
9.948074221611022949e-01
9.750972986221313477e-01
9.359511733055114746e-01
8.716318011283874512e-01
8.407481908798217773e-01
8.243856430053710938e-01
9.130362272262573242e-01
9.857257604598999023e-01
9.841055274009704590e-01
9.549564123153686523e-01
8.955020308494567871e-01
5.371128916740417480e-01
7.218915969133377075e-02
3.020877018570899963e-02
5.633529553961125202e-08
2.764260784715588670e-07
3.840605169534683228e-02
1.126939654350280762e-01
4.676837027072906494e-01
8.896579146385192871e-01
9.410776495933532715e-01
9.799631237983703613e-01
9.890927672386169434e-01
8.037563562393188477e-01
4.611259400844573975e-01
2.116421908140182495e-01
7.820167126663457531e-21
3.147116884795964595e-21
8.934968331739658803e-26
3.629759798694989056e-25
5.171216093003749847e-03
1.400706823915243149e-02
2.220226377248764038e-01
4.490742981433868408e-01
5.133926272392272949e-01
6.213237643241882324e-01
8.069223761558532715e-01
9.112765192985534668e-01
9.649854302406311035e-01
9.503231048583984375e-01
9.253430366516113281e-01
8.990776538848876953e-01
8.685436248779296875e-01
8.311406970024108887e-01
8.687961697578430176e-01
9.490244984626770020e-01
9.790713787078857422e-01
9.996451139450073242e-01
9.998531937599182129e-01
9.988798499107360840e-01
9.961737990379333496e-01
9.918656349182128906e-01
9.867393970489501953e-01
9.914792180061340332e-01
9.964820146560668945e-01
9.984913468360900879e-01
9.997166991233825684e-01
9.998900294303894043e-01
9.999644756317138672e-01
9.999923110008239746e-01
9.999972581863403320e-01
9.999997019767761230e-01
9.999981522560119629e-01
9.999965429306030273e-01
9.999949336051940918e-01
9.999936223030090332e-01
9.999924898147583008e-01
9.996634125709533691e-01
9.982464909553527832e-01
9.926053881645202637e-01
9.878883957862854004e-01
9.842883348464965820e-01
9.889034032821655273e-01
9.969151020050048828e-01
9.986605644226074219e-01
9.998371005058288574e-01
9.998864531517028809e-01
9.997476339340209961e-01
9.993903040885925293e-01
9.991577267646789551e-01
9.989747405052185059e-01
9.995388388633728027e-01
1.000000000000000000e+00
1.000000000000000000e+00
1.000000000000000000e+00
1.000000000000000000e+00
9.997245073318481445e-01
9.993430376052856445e-01
9.977772831916809082e-01
9.963369965553283691e-01
9.954606294631958008e-01
9.934566617012023926e-01
9.901858568191528320e-01
9.820693135261535645e-01
9.720715284347534180e-01
9.499660730361938477e-01
9.313582777976989746e-01
9.264045357704162598e-01
9.406141638755798340e-01
9.765093326568603516e-01
9.915238618850708008e-01
9.983385205268859863e-01
9.988542199134826660e-01
9.992103576660156250e-01
9.997245073318481445e-01
1.000000000000000000e+00
1.000000000000000000e+00
1.000000000000000000e+00
1.000000000000000000e+00
1.000000000000000000e+00
9.998103976249694824e-01
9.988980889320373535e-01
9.982956051826477051e-01
9.980643391609191895e-01
9.986683130264282227e-01
9.996280670166015625e-01
9.998367428779602051e-01
9.999737143516540527e-01
9.999788403511047363e-01
9.999823570251464844e-01
9.999838471412658691e-01
9.999870061874389648e-01
9.999909996986389160e-01
9.999946355819702148e-01
9.999978542327880859e-01
9.999991059303283691e-01
9.999998211860656738e-01
9.999998211860656738e-01
9.999998807907104492e-01
9.999998807907104492e-01
9.999999403953552246e-01
1.000000000000000000e+00
1.000000000000000000e+00
1.000000000000000000e+00
1.000000000000000000e+00
9.999988675117492676e-01
9.999970793724060059e-01
9.999858736991882324e-01
9.999712705612182617e-01
9.999426603317260742e-01
9.997664093971252441e-01
9.993563294410705566e-01
9.955039024353027344e-01
9.896314740180969238e-01
9.860811829566955566e-01
9.839112162590026855e-01
9.895855784416198730e-01
9.940425753593444824e-01
9.963458776473999023e-01
9.961110353469848633e-01
9.942122697830200195e-01
9.961143136024475098e-01
9.985364675521850586e-01
9.994144439697265625e-01
9.996396303176879883e-01
9.985563755035400391e-01
9.972935914993286133e-01
9.958974123001098633e-01
9.885200858116149902e-01
9.802456498146057129e-01
9.792894721031188965e-01
9.810540080070495605e-01
9.891676306724548340e-01
9.940107464790344238e-01
9.960787296295166016e-01
9.932970404624938965e-01
9.890267252922058105e-01
9.790107011795043945e-01
9.726066589355468750e-01
9.761968255043029785e-01
9.832144379615783691e-01
9.935622215270996094e-01
9.976662993431091309e-01
9.996383786201477051e-01
9.998540878295898438e-01
9.999949336051940918e-01
9.999725222587585449e-01
9.999424815177917480e-01
9.999036788940429688e-01
9.999038577079772949e-01
9.999205470085144043e-01
9.983752965927124023e-01
9.948118925094604492e-01
9.825708866119384766e-01
9.703671932220458984e-01
9.582000970840454102e-01
9.680784940719604492e-01
9.892961382865905762e-01
9.946931600570678711e-01
9.978399276733398438e-01
9.981805682182312012e-01
9.986447095870971680e-01
9.993181228637695312e-01
9.997260570526123047e-01
9.999633431434631348e-01
9.999783039093017578e-01
9.999439120292663574e-01
9.998131394386291504e-01
9.996660351753234863e-01
9.994843602180480957e-01
9.991883635520935059e-01
9.988023042678833008e-01
9.986439347267150879e-01
9.985646009445190430e-01
9.991282224655151367e-01
9.995864629745483398e-01
9.997519254684448242e-01
9.995458722114562988e-01
9.989703893661499023e-01
9.974228739738464355e-01
9.955246448516845703e-01
9.962248802185058594e-01
9.972016811370849609e-01
9.989535212516784668e-01
9.999477267265319824e-01
9.999846220016479492e-01
9.998639822006225586e-01
9.996684193611145020e-01
9.966208338737487793e-01
9.919549822807312012e-01
9.794688224792480469e-01
9.773994088172912598e-01
9.922263622283935547e-01
9.984846115112304688e-01
9.993525743484497070e-01
9.994301795959472656e-01
9.988868236541748047e-01
9.928984642028808594e-01
9.530724883079528809e-01
8.391499519348144531e-01
6.313429474830627441e-01
3.462068140506744385e-01
1.583557277917861938e-01
3.377097018528729677e-04
2.600586973130702972e-02
1.652698218822479248e-01
6.503626108169555664e-01
9.291869997978210449e-01
9.832127094268798828e-01
9.988930821418762207e-01
9.988597035408020020e-01
9.905260205268859863e-01
9.827551841735839844e-01
9.801759719848632812e-01
9.827460050582885742e-01
9.929565787315368652e-01
9.975017905235290527e-01
9.987981319427490234e-01
9.993719458580017090e-01
9.997999668121337891e-01
9.999110102653503418e-01
9.999878406524658203e-01
9.999949932098388672e-01
9.999985098838806152e-01
9.999991059303283691e-01
9.999981522560119629e-01
9.999966025352478027e-01
9.999843835830688477e-01
9.999681115150451660e-01
9.999392032623291016e-01
9.999377727508544922e-01
9.999666810035705566e-01
9.999840259552001953e-01
9.999964833259582520e-01
9.999968409538269043e-01
9.999835491180419922e-01
9.999048709869384766e-01
9.996128678321838379e-01
9.989899396896362305e-01
9.983742833137512207e-01
9.977623224258422852e-01
9.901159405708312988e-01
9.802904725074768066e-01
9.590271115303039551e-01
9.429316520690917969e-01
9.388440847396850586e-01
9.107971787452697754e-01
8.613451719284057617e-01
6.944572329521179199e-01
4.893358051776885986e-01
3.782963156700134277e-01
3.414061069488525391e-01
5.792560577392578125e-01
6.820044517517089844e-01
6.086901426315307617e-01
3.786086738109588623e-01
6.847473978996276855e-02
1.723796501755714417e-02
8.062802255153656006e-03
7.148107886314392090e-02
1.232913807034492493e-01
1.520787924528121948e-01
1.125625520944595337e-01
1.980455778539180756e-02
2.439528856701400628e-10
1.667553988227155060e-05
1.378448796458542347e-03
1.241448149085044861e-01
6.382430791854858398e-01
9.357087016105651855e-01
9.802581071853637695e-01
9.960553050041198730e-01
9.987815022468566895e-01
9.992414116859436035e-01
9.935744404792785645e-01
9.497217535972595215e-01
7.973650097846984863e-01
4.501114487648010254e-01
2.451412230730056763e-01
1.431507617235183716e-01
1.237774714827537537e-01
1.239086538553237915e-01
9.327093511819839478e-02
9.324762970209121704e-02
1.858046352863311768e-01
3.796428143978118896e-01
6.864886283874511719e-01
8.640583157539367676e-01
9.847605824470520020e-01
9.969880580902099609e-01
9.987582564353942871e-01
9.966602325439453125e-01
9.956200122833251953e-01
9.964607357978820801e-01
9.976303577423095703e-01
9.990395307540893555e-01
9.995845556259155273e-01
9.999098181724548340e-01
9.999395608901977539e-01
9.999595284461975098e-01
9.999492764472961426e-01
9.999454617500305176e-01
9.999490380287170410e-01
9.999620318412780762e-01
9.999793171882629395e-01
9.998190999031066895e-01
9.981858730316162109e-01
9.865258336067199707e-01
9.562547206878662109e-01
8.906169533729553223e-01
8.375816941261291504e-01
7.944265604019165039e-01
8.575601577758789062e-01
9.502685070037841797e-01
9.719032049179077148e-01
9.890024662017822266e-01
9.898644089698791504e-01
9.911233186721801758e-01
9.928921461105346680e-01
9.945284128189086914e-01
9.960970878601074219e-01
9.981133937835693359e-01
9.995887279510498047e-01
9.951761960983276367e-01
9.931216239929199219e-01
9.963178038597106934e-01
9.983689785003662109e-01
9.993967413902282715e-01
9.997587800025939941e-01
9.998906254768371582e-01
9.999355077743530273e-01
9.999686479568481445e-01
9.999646544456481934e-01
9.999206662178039551e-01
9.998147487640380859e-01
9.991114139556884766e-01
9.980250000953674316e-01
9.292919635772705078e-01
8.330889940261840820e-01
4.301092028617858887e-01
2.553565502166748047e-01
7.389618158340454102e-01
9.676724672317504883e-01
9.111686944961547852e-01
9.313362836837768555e-01
9.866844415664672852e-01
9.939328432083129883e-01
9.958412647247314453e-01
9.972422122955322266e-01
9.984415173530578613e-01
9.992304444313049316e-01
9.996477961540222168e-01
9.997546076774597168e-01
9.997419714927673340e-01
9.996911287307739258e-01
9.997848272323608398e-01
9.998750686645507812e-01
9.999329447746276855e-01
9.999423027038574219e-01
9.998787641525268555e-01
9.970533251762390137e-01
9.924848079681396484e-01
9.539377689361572266e-01
9.103259444236755371e-01
9.224953055381774902e-01
9.341324567794799805e-01
9.441151022911071777e-01
9.486805796623229980e-01
9.469407796859741211e-01
9.615348577499389648e-01
9.840538501739501953e-01
9.928102493286132812e-01
9.991737008094787598e-01
9.996566772460937500e-01
9.997984170913696289e-01
9.991825222969055176e-01
9.969145059585571289e-01
9.931316971778869629e-01
6.749162077903747559e-01
2.413497865200042725e-01
1.022400707006454468e-01
2.710828894691985624e-09
2.048646052799085737e-08
2.065585926175117493e-02
7.767333835363388062e-02
9.854232519865036011e-02
9.238585084676742554e-02
5.122025683522224426e-02
3.592419088818132877e-04
7.155612907761010888e-13
1.593010097167280037e-06
9.402938303537666798e-06
2.205728739500045776e-01
7.558143734931945801e-01
9.712506532669067383e-01
9.903581142425537109e-01
9.962679743766784668e-01
9.894658923149108887e-01
7.141418457031250000e-01
4.371502697467803955e-01
1.546293646097183228e-01
3.064348828047513962e-03
9.793185628950595856e-03
3.374057412147521973e-01
8.306127190589904785e-01
9.451519846916198730e-01
9.958457946777343750e-01
9.766328930854797363e-01
9.298704862594604492e-01
8.132387399673461914e-01
7.470462918281555176e-01
7.337403893470764160e-01
7.785636782646179199e-01
8.488897681236267090e-01
8.850209712982177734e-01
9.051413536071777344e-01
8.231204748153686523e-01
7.419251799583435059e-01
6.625434160232543945e-01
5.938594937324523926e-01
5.350435972213745117e-01
5.308452844619750977e-01
5.473252534866333008e-01
6.790382266044616699e-01
8.040112853050231934e-01
8.317615389823913574e-01
8.411461114883422852e-01
8.151159286499023438e-01
8.620711565017700195e-01
9.701014161109924316e-01
9.894777536392211914e-01
9.789666533470153809e-01
7.760218381881713867e-01
5.466093420982360840e-01
2.258880585432052612e-01
1.647637411952018738e-02
5.831303074955940247e-03
2.051103413105010986e-01
5.669476389884948730e-01
7.916895151138305664e-01
9.749903082847595215e-01
8.438624143600463867e-01
6.666376590728759766e-01
3.144638836383819580e-01
2.157911360263824463e-01
5.391711592674255371e-01
7.795687913894653320e-01
9.596863985061645508e-01
9.996603131294250488e-01
9.999807476997375488e-01
9.989227056503295898e-01
9.952898621559143066e-01
9.803096055984497070e-01
9.541200995445251465e-01
9.100115895271301270e-01
9.250949025154113770e-01
9.818424582481384277e-01
9.964950084686279297e-01
9.998773336410522461e-01
9.999341964721679688e-01
9.999288320541381836e-01
9.997991919517517090e-01
9.996707439422607422e-01
9.995440840721130371e-01
9.995943903923034668e-01
9.997684955596923828e-01
9.996704459190368652e-01
9.994997382164001465e-01
9.567717909812927246e-01
8.798964619636535645e-01
6.567869782447814941e-01
4.681670963764190674e-01
3.336083292961120605e-01
2.275346219539642334e-01
1.415279209613800049e-01
7.094193249940872192e-02
4.663092084228992462e-03
2.006256952881813049e-03
5.198393948376178741e-03
3.034349344670772552e-02
1.936572194099426270e-01
5.821682214736938477e-01
7.092254161834716797e-01
6.446876525878906250e-01
6.899743676185607910e-01
7.674165964126586914e-01
7.205598354339599609e-01
6.864352822303771973e-01
7.323116064071655273e-01
7.933000922203063965e-01
8.805654048919677734e-01
9.352178573608398438e-01
9.647641777992248535e-01
9.797211885452270508e-01
9.900996088981628418e-01
9.643599987030029297e-01
9.373178482055664062e-01
9.120684266090393066e-01
7.728110551834106445e-01
4.191807806491851807e-01
2.043789327144622803e-01
1.070494428277015686e-01
2.476709038019180298e-01
4.726413190364837646e-01
7.311964035034179688e-01
9.610403180122375488e-01
9.790858030319213867e-01
9.872834682464599609e-01
9.749666452407836914e-01
9.622954130172729492e-01
9.492802023887634277e-01
9.655787348747253418e-01
9.936047196388244629e-01
9.980434179306030273e-01
9.998601675033569336e-01
9.998974204063415527e-01
9.999116063117980957e-01
9.998701214790344238e-01
9.998317360877990723e-01
9.997965097427368164e-01
9.996386766433715820e-01
9.994230866432189941e-01
9.774145483970642090e-01
9.494495391845703125e-01
8.816239237785339355e-01
8.333575129508972168e-01
8.414602279663085938e-01
8.741908669471740723e-01
9.369661211967468262e-01
7.871109843254089355e-01
5.183889865875244141e-01
2.886496186256408691e-01
7.106298208236694336e-02
5.615682154893875122e-02
1.178443804383277893e-01
4.595876932144165039e-01
7.308002114295959473e-01
9.004835486412048340e-01
9.782878160476684570e-01
9.942709207534790039e-01
9.986572265625000000e-01
9.999164938926696777e-01
9.999686479568481445e-01
9.999869465827941895e-01
9.999688267707824707e-01
9.999231696128845215e-01
9.998289346694946289e-01
9.997258782386779785e-01
9.996157884597778320e-01
9.997405409812927246e-01
9.999487400054931641e-01
9.999821782112121582e-01
9.999994635581970215e-01
9.999963045120239258e-01
9.999797940254211426e-01
9.999329447746276855e-01
9.996817111968994141e-01
9.992199540138244629e-01
9.991248846054077148e-01
9.991994500160217285e-01
9.993796348571777344e-01
9.995637536048889160e-01
9.995728135108947754e-01
9.996057152748107910e-01
9.997106790542602539e-01
9.996088147163391113e-01
9.992377161979675293e-01
9.967365264892578125e-01
9.929299354553222656e-01
9.956700801849365234e-01
9.999755620956420898e-01
1.000000000000000000e+00
9.989373683929443359e-01
9.930434226989746094e-01
9.862857460975646973e-01
9.779943823814392090e-01
9.766280651092529297e-01
9.808397293090820312e-01
9.826474785804748535e-01
9.836111068725585938e-01
9.766513109207153320e-01
9.697069525718688965e-01
9.679502844810485840e-01
9.702565670013427734e-01
9.822158813476562500e-01
9.912229180335998535e-01
9.969803094863891602e-01
9.992961287498474121e-01
9.998598694801330566e-01
9.999681115150451660e-01
9.999952316284179688e-01
9.999979138374328613e-01
1.000000000000000000e+00
1.000000000000000000e+00
1.000000000000000000e+00
1.000000000000000000e+00
9.999994039535522461e-01
9.999983310699462891e-01
9.999898076057434082e-01
9.999791383743286133e-01
9.997787475585937500e-01
9.994491338729858398e-01
9.983414411544799805e-01
9.975053668022155762e-01
9.972516298294067383e-01
9.978352785110473633e-01
9.992527365684509277e-01
9.998131394386291504e-01
9.999727606773376465e-01
9.999816417694091797e-01
9.988448023796081543e-01
9.758189320564270020e-01
9.260292053222656250e-01
7.871581315994262695e-01
6.970883607864379883e-01
6.762855648994445801e-01
7.755674123764038086e-01
9.582735300064086914e-01
1.000000000000000000e+00
1.000000000000000000e+00
1.000000000000000000e+00
9.916213750839233398e-01
9.273376464843750000e-01
8.714857101440429688e-01
8.343059420585632324e-01
8.233290910720825195e-01
8.395163416862487793e-01
8.832314014434814453e-01
9.404332041740417480e-01
9.689275622367858887e-01
9.919177889823913574e-01
9.959816932678222656e-01
9.992904663085937500e-01
9.996980428695678711e-01
9.999247789382934570e-01
9.998667240142822266e-01
9.994832873344421387e-01
9.988474845886230469e-01
9.991050362586975098e-01
9.996697306632995605e-01
9.914807081222534180e-01
9.800595045089721680e-01
9.456385374069213867e-01
9.070901870727539062e-01
8.579413294792175293e-01
8.130321502685546875e-01
7.734339237213134766e-01
7.816399335861206055e-01
8.176440596580505371e-01
8.989450931549072266e-01
9.911039471626281738e-01
9.964854121208190918e-01
9.999676346778869629e-01
9.999673962593078613e-01
9.858567714691162109e-01
9.439147114753723145e-01
8.563374280929565430e-01
7.250095009803771973e-01
7.436277866363525391e-01
8.295973539352416992e-01
9.004461169242858887e-01
9.658905863761901855e-01
9.632323980331420898e-01
9.603831171989440918e-01
9.568553566932678223e-01
9.237700104713439941e-01
8.450329899787902832e-01
8.178828954696655273e-01
8.305658102035522461e-01
8.862004280090332031e-01
9.570883512496948242e-01
9.622863531112670898e-01
9.632486701011657715e-01
9.843922853469848633e-01
9.999724626541137695e-01
9.999748468399047852e-01
9.998496174812316895e-01
9.995579123497009277e-01
9.972822666168212891e-01
9.937451481819152832e-01
8.661198019981384277e-01
7.044944167137145996e-01
5.731592774391174316e-01
4.758765995502471924e-01
5.972282290458679199e-01
7.328501939773559570e-01
9.005289077758789062e-01
9.908890128135681152e-01
9.943052530288696289e-01
9.525982141494750977e-01
8.858669996261596680e-01
6.629099845886230469e-01
4.041189253330230713e-01
2.856856286525726318e-01
2.236368358135223389e-01
4.489769041538238525e-01
6.678228974342346191e-01
8.751540780067443848e-01
9.687791466712951660e-01
9.503907561302185059e-01
8.729537129402160645e-01
7.671461105346679688e-01
6.718565821647644043e-01
5.821176767349243164e-01
7.656108140945434570e-01
9.240592718124389648e-01
9.672062993049621582e-01
9.960683584213256836e-01
9.981688261032104492e-01
9.993324279785156250e-01
9.996348023414611816e-01
9.995762705802917480e-01
9.993541240692138672e-01
9.322370886802673340e-01
8.474241495132446289e-01
5.092452168464660645e-01
2.858681082725524902e-01
5.341102480888366699e-01
7.522213459014892578e-01
9.171301126480102539e-01
9.953721165657043457e-01
9.963560700416564941e-01
9.842833876609802246e-01
9.665173888206481934e-01
9.752765297889709473e-01
9.879845380783081055e-01
9.941686987876892090e-01
9.992311596870422363e-01
9.997009038925170898e-01
9.999969005584716797e-01
9.999937415122985840e-01
9.999857544898986816e-01
9.999734163284301758e-01
9.999711513519287109e-01
9.999731183052062988e-01
9.999753236770629883e-01
9.999755024909973145e-01
9.999094605445861816e-01
9.995269179344177246e-01
9.978568553924560547e-01
9.922543168067932129e-01
9.797350168228149414e-01
9.651389718055725098e-01
9.486961364746093750e-01
9.508385658264160156e-01
9.612734913825988770e-01
9.567095637321472168e-01
9.494941234588623047e-01
9.365181326866149902e-01
9.016016721725463867e-01
7.702325582504272461e-01
6.770746111869812012e-01
6.540915369987487793e-01
7.083684206008911133e-01
8.352614641189575195e-01
9.018030762672424316e-01
9.392877817153930664e-01
9.513713717460632324e-01
9.586173295974731445e-01
9.771434664726257324e-01
9.932546019554138184e-01
9.970364570617675781e-01
9.981600642204284668e-01
9.938398003578186035e-01
9.749969244003295898e-01
9.410926699638366699e-01
8.955280780792236328e-01
8.436583280563354492e-01
8.962631821632385254e-01
9.718526601791381836e-01
9.834159612655639648e-01
9.922429919242858887e-01
9.927734136581420898e-01
9.942574501037597656e-01
9.979385733604431152e-01
9.998861551284790039e-01
9.998041987419128418e-01
9.996930956840515137e-01
9.995644688606262207e-01
9.995184540748596191e-01
9.994950890541076660e-01
9.976225495338439941e-01
9.939076304435729980e-01
9.754192233085632324e-01
9.604350328445434570e-01
9.550061821937561035e-01
9.622390270233154297e-01
9.866188764572143555e-01
9.974662065505981445e-01
9.986933469772338867e-01
9.960048198699951172e-01
9.919662475585937500e-01
9.793974757194519043e-01
9.670122265815734863e-01
9.721645712852478027e-01
9.783058166503906250e-01
9.879212379455566406e-01
9.942969083786010742e-01
9.952573776245117188e-01
9.909138083457946777e-01
9.819426536560058594e-01
9.839584231376647949e-01
9.908411502838134766e-01
9.955465793609619141e-01
9.998299479484558105e-01
9.999216794967651367e-01
9.999982118606567383e-01
9.999980926513671875e-01
9.999980926513671875e-01
9.999983906745910645e-01
9.999943375587463379e-01
9.999856352806091309e-01
9.998560547828674316e-01
9.996562004089355469e-01
9.994862079620361328e-01
9.993236660957336426e-01
9.996108412742614746e-01
9.998907446861267090e-01
9.998673200607299805e-01
9.998246431350708008e-01
9.997258186340332031e-01
9.996860027313232422e-01
9.997301101684570312e-01
9.995287060737609863e-01
9.991407990455627441e-01
9.994103312492370605e-01
9.999338984489440918e-01
9.884478449821472168e-01
9.738792777061462402e-01
9.158127307891845703e-01
8.736064434051513672e-01
9.024950265884399414e-01
9.342701435089111328e-01
9.715828299522399902e-01
9.908927679061889648e-01
9.916965961456298828e-01
9.839186072349548340e-01
9.714023470878601074e-01
9.737081527709960938e-01
9.797028899192810059e-01
9.886276125907897949e-01
9.969124197959899902e-01
9.985491633415222168e-01
9.997927546501159668e-01
9.998983144760131836e-01
9.999695420265197754e-01
9.999907016754150391e-01
9.999793767929077148e-01
9.999425411224365234e-01
9.998690485954284668e-01
9.997805356979370117e-01
9.777011275291442871e-01
9.492284059524536133e-01
7.448627948760986328e-01
6.105934381484985352e-01
8.217602372169494629e-01
9.711337089538574219e-01
9.894371628761291504e-01
9.990115165710449219e-01
9.987071752548217773e-01
9.858762025833129883e-01
9.653533101081848145e-01
9.294949173927307129e-01
8.889914751052856445e-01
9.023849368095397949e-01
9.222034811973571777e-01
9.638632535934448242e-01
9.923321008682250977e-01
9.725934863090515137e-01
9.286901950836181641e-01
8.426268696784973145e-01
6.277706623077392578e-01
2.907231748104095459e-01
1.172794923186302185e-01
2.635204419493675232e-02
1.504881680011749268e-02
2.220123447477817535e-02
4.341695904731750488e-01
8.268910050392150879e-01
9.174299240112304688e-01
9.866681694984436035e-01
9.929756522178649902e-01
9.973317384719848633e-01
9.987579584121704102e-01
9.994640946388244629e-01
9.995836615562438965e-01
9.997625946998596191e-01
9.999680519104003906e-01
9.997336864471435547e-01
9.994190931320190430e-01
9.994552731513977051e-01
9.995208382606506348e-01
9.997528791427612305e-01
9.999058246612548828e-01
9.998590350151062012e-01
9.995691180229187012e-01
9.989559054374694824e-01
9.980216622352600098e-01
9.968487620353698730e-01
9.738951325416564941e-01
9.423374533653259277e-01
6.316480636596679688e-01
2.792308628559112549e-01
3.219357728958129883e-01
4.030682146549224854e-01
6.981202363967895508e-01
9.199233055114746094e-01
9.708817005157470703e-01
9.994091987609863281e-01
9.998267889022827148e-01
9.999446272850036621e-01
9.998505115509033203e-01
9.998204112052917480e-01
9.998142123222351074e-01
9.998698234558105469e-01
9.999338984489440918e-01
9.999630451202392578e-01
9.999884963035583496e-01
9.999939203262329102e-01
9.999980330467224121e-01
9.999991655349731445e-01
9.999995231628417969e-01
9.999989271163940430e-01
9.996116757392883301e-01
9.989557266235351562e-01
9.938374161720275879e-01
9.870951771736145020e-01
9.898442029953002930e-01
9.939603805541992188e-01
9.962870478630065918e-01
9.976768493652343750e-01
9.939355850219726562e-01
9.901134371757507324e-01
9.861196875572204590e-01
9.823348522186279297e-01
9.787984490394592285e-01
9.793515801429748535e-01
9.829055070877075195e-01
9.872874617576599121e-01
9.919828772544860840e-01
9.955546259880065918e-01
9.989307522773742676e-01
9.993276596069335938e-01
9.996328353881835938e-01
9.994050264358520508e-01
9.991118907928466797e-01
9.986523985862731934e-01
9.984582662582397461e-01
9.986374974250793457e-01
9.990701079368591309e-01
9.997072219848632812e-01
9.996318221092224121e-01
9.992420673370361328e-01
9.991984963417053223e-01
9.992244243621826172e-01
9.978460073471069336e-01
9.960942268371582031e-01
9.915925860404968262e-01
9.888229966163635254e-01
9.912758469581604004e-01
9.892130494117736816e-01
9.800026416778564453e-01
9.366572499275207520e-01
8.621934652328491211e-01
7.957501411437988281e-01
7.331896424293518066e-01
8.340407609939575195e-01
9.770568609237670898e-01
9.933559298515319824e-01
9.997651576995849609e-01
9.971851110458374023e-01
9.948441386222839355e-01
9.934084415435791016e-01
9.933108091354370117e-01
9.957879185676574707e-01
9.972819089889526367e-01
9.976905584335327148e-01
9.905059337615966797e-01
9.785194993019104004e-01
8.262978792190551758e-01
6.267124414443969727e-01
3.255081474781036377e-01
1.593250595033168793e-02
3.889470547437667847e-02
1.282725930213928223e-01
5.915827751159667969e-01
9.334282279014587402e-01
9.738629460334777832e-01
9.944449663162231445e-01
9.876967668533325195e-01
9.845522642135620117e-01
9.843202829360961914e-01
9.871935844421386719e-01
9.914764761924743652e-01
9.950926899909973145e-01
9.985767602920532227e-01
9.993178844451904297e-01
9.998816847801208496e-01
9.998605847358703613e-01
9.997109174728393555e-01
9.991055727005004883e-01
9.981349706649780273e-01
9.964854717254638672e-01
9.957678914070129395e-01
9.960397481918334961e-01
9.971451163291931152e-01
9.987657666206359863e-01
9.991949796676635742e-01
9.992194771766662598e-01
9.521276950836181641e-01
8.935033679008483887e-01
4.165976047515869141e-01
6.324227899312973022e-03
2.704068319872021675e-03
2.874964266084134579e-04
1.039853668771684170e-03
2.373788738623261452e-03
4.576486069709062576e-03
4.068224225193262100e-03
1.198526471853256226e-03
5.471080075949430466e-03
1.336264237761497498e-02
3.878341913223266602e-01
8.587211370468139648e-01
9.417263865470886230e-01
9.901354908943176270e-01
9.937953352928161621e-01
9.970980286598205566e-01
9.987469911575317383e-01
9.991586208343505859e-01
9.968321919441223145e-01
9.907858967781066895e-01
9.799782633781433105e-01
9.675748348236083984e-01
9.539933204650878906e-01
9.315325617790222168e-01
9.052549004554748535e-01
8.638962507247924805e-01
8.192774057388305664e-01
9.032356739044189453e-01
9.805136322975158691e-01
8.955234289169311523e-01
7.723461389541625977e-01
5.007566213607788086e-01
3.693316578865051270e-01
5.200563073158264160e-01
6.713617444038391113e-01
8.241620063781738281e-01
8.231865167617797852e-01
7.137935757637023926e-01
6.081533432006835938e-01
5.043964982032775879e-01
6.699658632278442383e-01
8.883693218231201172e-01
9.495483636856079102e-01
9.999547600746154785e-01
9.994404911994934082e-01
9.990528821945190430e-01
9.991399049758911133e-01
9.988298416137695312e-01
9.977386593818664551e-01
7.543323040008544922e-01
2.281184047460556030e-01
7.930106483399868011e-03
1.771566807292401791e-03
0.000000000000000000e+00
0.000000000000000000e+00
0.000000000000000000e+00
0.000000000000000000e+00
1.828998996700192947e-08
2.878651395440101624e-02
3.681963384151458740e-01
6.757769584655761719e-01
8.581565618515014648e-01
9.827499389648437500e-01
9.909272193908691406e-01
9.965020418167114258e-01
9.989587664604187012e-01
9.934890270233154297e-01
9.822160601615905762e-01
9.760855436325073242e-01
9.721966981887817383e-01
9.663665294647216797e-01
9.601143002510070801e-01
9.706910848617553711e-01
9.819218516349792480e-01
9.882596731185913086e-01
9.931266307830810547e-01
9.915049672126770020e-01
9.903758764266967773e-01
9.903493523597717285e-01
9.919427037239074707e-01
9.957161545753479004e-01
9.976661801338195801e-01
9.981149435043334961e-01
9.960203170776367188e-01
9.926724433898925781e-01
9.873185753822326660e-01
9.814288616180419922e-01
9.806023836135864258e-01
9.802271127700805664e-01
9.785029292106628418e-01
9.775417447090148926e-01
9.809082746505737305e-01
9.843894243240356445e-01
9.882137179374694824e-01
9.854838252067565918e-01
9.723502397537231445e-01
8.863691687583923340e-01
7.296721935272216797e-01
5.085479617118835449e-01
2.494269460439682007e-01
3.799120187759399414e-01
6.464806795120239258e-01
8.218286037445068359e-01
9.829760193824768066e-01
9.904622435569763184e-01
9.940910935401916504e-01
9.920116662979125977e-01
9.827257990837097168e-01
9.470461010932922363e-01
9.133296608924865723e-01
8.833209872245788574e-01
8.813525438308715820e-01
9.137609004974365234e-01
9.479026794433593750e-01
9.832365512847900391e-01
9.959714412689208984e-01
9.980037212371826172e-01
9.986234307289123535e-01
9.988847374916076660e-01
9.990870952606201172e-01
9.992869496345520020e-01
9.995782971382141113e-01
9.998399615287780762e-01
9.999287724494934082e-01
9.999812245368957520e-01
9.999302625656127930e-01
9.981881380081176758e-01
9.936536550521850586e-01
9.871377348899841309e-01
9.785877466201782227e-01
9.605911970138549805e-01
9.363825321197509766e-01
9.249942302703857422e-01
9.186085462570190430e-01
9.146716594696044922e-01
9.112202525138854980e-01
9.336360096931457520e-01
9.571410417556762695e-01
9.748788475990295410e-01
9.898599982261657715e-01
9.917693138122558594e-01
9.760473370552062988e-01
9.166912436485290527e-01
6.940526962280273438e-01
2.282038182020187378e-01
2.509488549549132586e-04
2.013911143876612186e-04
1.014891862869262695e-01
2.641341388225555420e-01
3.697000741958618164e-01
4.551018476486206055e-01
3.062862455844879150e-01
1.156947985291481018e-01
4.427673220634460449e-01
7.739989757537841797e-01
8.687491416931152344e-01
9.108027815818786621e-01
7.172597050666809082e-01
5.184113383293151855e-01
3.084410429000854492e-01
2.466076910495758057e-01
4.037199616432189941e-01
6.207957267761230469e-01
8.951537013053894043e-01
9.983646869659423828e-01
9.992382526397705078e-01
9.994910359382629395e-01
9.995192885398864746e-01
9.992166161537170410e-01
9.988533258438110352e-01
9.981647133827209473e-01
9.972677826881408691e-01
9.935188293457031250e-01
9.881633520126342773e-01
9.751224517822265625e-01
9.623782038688659668e-01
9.504782557487487793e-01
9.268767237663269043e-01
8.848050236701965332e-01
8.838296532630920410e-01
9.241664409637451172e-01
8.932983279228210449e-01
8.164190053939819336e-01
5.599905252456665039e-01
2.320442497730255127e-01
3.871846497058868408e-01
6.494000554084777832e-01
8.037914633750915527e-01
9.402706623077392578e-01
7.933265566825866699e-01
6.189513802528381348e-01
2.779045104980468750e-01
1.875235699117183685e-02
7.377711124718189240e-03
9.342130273580551147e-02
3.586858808994293213e-01
6.025580167770385742e-01
8.208490014076232910e-01
8.840538859367370605e-01
8.280876874923706055e-01
8.422278165817260742e-01
8.909502029418945312e-01
9.340083599090576172e-01
9.755676388740539551e-01
9.848581552505493164e-01
9.897892475128173828e-01
9.677458405494689941e-01
9.403097629547119141e-01
8.611975312232971191e-01
8.027843832969665527e-01
8.300178050994873047e-01
8.651820421218872070e-01
9.187805056571960449e-01
9.551953673362731934e-01
9.659747481346130371e-01
9.757658243179321289e-01
9.845721125602722168e-01
9.916468262672424316e-01
9.976469874382019043e-01
9.992418289184570312e-01
9.990681409835815430e-01
9.947523474693298340e-01
9.895114302635192871e-01
9.412932991981506348e-01
8.880641460418701172e-01
7.694762349128723145e-01
6.666219234466552734e-01
6.758333444595336914e-01
6.848607659339904785e-01
6.931560635566711426e-01
5.795192718505859375e-01
2.144481539726257324e-01
5.151157733052968979e-03
1.643157447688281536e-03
1.615147040719529465e-16
4.351615222906716931e-17
1.661990135908126831e-01
4.288571774959564209e-01
6.922436952590942383e-01
9.550195336341857910e-01
9.997501969337463379e-01
9.998319745063781738e-01
9.969511032104492188e-01
9.935442805290222168e-01
9.810252785682678223e-01
9.701759815216064453e-01
9.705327153205871582e-01
9.740640521049499512e-01
9.881461262702941895e-01
9.972044229507446289e-01
9.962115287780761719e-01
9.915845394134521484e-01
9.822221398353576660e-01
9.729263782501220703e-01
9.637324213981628418e-01
9.089127182960510254e-01
8.270061612129211426e-01
6.399266123771667480e-01
4.125848412513732910e-01
4.456059634685516357e-01
5.344476699829101562e-01
7.329104542732238770e-01
9.369972348213195801e-01
9.698748588562011719e-01
9.989361763000488281e-01
9.995060563087463379e-01
9.999383091926574707e-01
9.998690485954284668e-01
9.997475743293762207e-01
9.995119571685791016e-01
9.993142485618591309e-01
9.991722106933593750e-01
9.991872310638427734e-01
9.993567466735839844e-01
9.995277523994445801e-01
9.997005462646484375e-01
9.997715353965759277e-01
9.997977018356323242e-01
9.995627999305725098e-01
9.992588758468627930e-01
9.974114894866943359e-01
9.953617453575134277e-01
9.918282032012939453e-01
9.880361557006835938e-01
9.815635681152343750e-01
9.761577844619750977e-01
9.760190248489379883e-01
9.778378605842590332e-01
9.850856661796569824e-01
9.912285804748535156e-01
9.954356551170349121e-01
9.980958104133605957e-01
9.988828301429748535e-01
9.994046092033386230e-01
9.997026920318603516e-01
9.998637437820434570e-01
9.999464750289916992e-01
9.999781250953674316e-01
9.999911189079284668e-01
9.999962449073791504e-01
9.999997019767761230e-01
9.999457597732543945e-01
9.998829960823059082e-01
9.994668364524841309e-01
9.991339445114135742e-01
9.995158910751342773e-01
9.998396635055541992e-01
9.999253749847412109e-01
9.999878406524658203e-01
9.999918937683105469e-01
9.999133348464965820e-01
9.996985793113708496e-01
9.360274076461791992e-01
8.002098202705383301e-01
5.237323641777038574e-01
