9.999362826347351074e-01
9.999935626983642578e-01
9.999898076057434082e-01
9.998302459716796875e-01
9.995535016059875488e-01
9.991340041160583496e-01
9.992499947547912598e-01
9.990063309669494629e-01
9.982549548149108887e-01
9.753239154815673828e-01
9.612023830413818359e-01
9.574776887893676758e-01
9.779489636421203613e-01
9.917259216308593750e-01
9.990062713623046875e-01
9.996137022972106934e-01
9.998942017555236816e-01
9.999024868011474609e-01
9.997617006301879883e-01
9.993647933006286621e-01
9.988878369331359863e-01
9.991459250450134277e-01
9.993667006492614746e-01
9.995542168617248535e-01
9.996747970581054688e-01
9.963472485542297363e-01
9.833474159240722656e-01
9.347359538078308105e-01
9.548339843750000000e-01
9.935129880905151367e-01
9.928127527236938477e-01
9.721744060516357422e-01
9.465859532356262207e-01
9.278119802474975586e-01
9.600076079368591309e-01
9.951239228248596191e-01
9.990161657333374023e-01
9.998952746391296387e-01
9.999291896820068359e-01
9.997649788856506348e-01
9.986053109169006348e-01
9.962594509124755859e-01
9.920572638511657715e-01
8.712539672851562500e-01
5.848686099052429199e-01
5.648206546902656555e-02
2.898044328958349070e-07
2.317795884691428721e-14
5.343139735454645323e-15
1.641511104821802292e-08
2.949551343917846680e-01
9.676292538642883301e-01
9.997356534004211426e-01
9.995967149734497070e-01
9.994552731513977051e-01
9.976395964622497559e-01
8.062601685523986816e-01
4.236685335636138916e-01
4.099809229373931885e-01
5.187827944755554199e-01
7.341141700744628906e-01
8.053361177444458008e-01
8.585299849510192871e-01
8.978995084762573242e-01
9.503536820411682129e-01
9.822065830230712891e-01
9.975695013999938965e-01
9.991931319236755371e-01
9.995827674865722656e-01
9.991596341133117676e-01
9.988030195236206055e-01
9.989504218101501465e-01
9.993913173675537109e-01
9.997808337211608887e-01
9.999448657035827637e-01
9.999809861183166504e-01
9.999808073043823242e-01
9.999541044235229492e-01
9.998198747634887695e-01
9.992724657058715820e-01
9.983665943145751953e-01
9.973256587982177734e-01
9.963650107383728027e-01
9.967782497406005859e-01
9.977992177009582520e-01
9.990488886833190918e-01
9.996238350868225098e-01
9.998195171356201172e-01
9.995900988578796387e-01
9.969984889030456543e-01
9.721695184707641602e-01
8.894742131233215332e-01
6.236430406570434570e-01
4.663938879966735840e-01
7.021618485450744629e-01
8.731597661972045898e-01
9.842514991760253906e-01
9.971327185630798340e-01
9.996834993362426758e-01
9.998655915260314941e-01
9.999663829803466797e-01
9.999908804893493652e-01
9.999972581863403320e-01
9.999978542327880859e-01
9.999094605445861816e-01
9.996559619903564453e-01
9.991380572319030762e-01
9.994555711746215820e-01
9.997906088829040527e-01
9.999442100524902344e-01
9.984863400459289551e-01
9.979490041732788086e-01
9.991739392280578613e-01
9.997211694717407227e-01
9.992694854736328125e-01
9.974724054336547852e-01
9.571261405944824219e-01
8.918166160583496094e-01
7.970328927040100098e-01
8.949604630470275879e-01
9.703492522239685059e-01
9.973632097244262695e-01
9.995937943458557129e-01
9.999735355377197266e-01
9.999969601631164551e-01
9.999991655349731445e-01
9.999992847442626953e-01
9.999981522560119629e-01
9.999787211418151855e-01
9.999781250953674316e-01
9.999994635581970215e-01
1.000000000000000000e+00
1.000000000000000000e+00
1.000000000000000000e+00
9.998455643653869629e-01
9.987579584121704102e-01
9.967080354690551758e-01
9.925044775009155273e-01
9.916352033615112305e-01
9.940364360809326172e-01
9.806371927261352539e-01
9.418509006500244141e-01
8.766191005706787109e-01
6.586220860481262207e-01
4.218621253967285156e-01
1.816979646682739258e-01
6.012998223304748535e-01
8.656160831451416016e-01
9.862904548645019531e-01
9.939523935317993164e-01
9.984158277511596680e-01
1.000000000000000000e+00
1.000000000000000000e+00
1.000000000000000000e+00
1.000000000000000000e+00
1.000000000000000000e+00
9.998077154159545898e-01
9.993623495101928711e-01
9.968720674514770508e-01
9.822761416435241699e-01
9.594700336456298828e-01
9.750926494598388672e-01
9.872227907180786133e-01
9.959627985954284668e-01
9.947420954704284668e-01
9.851452112197875977e-01
9.691596627235412598e-01
9.611538052558898926e-01
9.618998765945434570e-01
9.702423214912414551e-01
9.876367449760437012e-01
9.970917701721191406e-01
1.000000000000000000e+00
1.000000000000000000e+00
9.927157163619995117e-01
9.786245822906494141e-01
9.479484558105468750e-01
9.388626813888549805e-01
9.485229253768920898e-01
9.839052557945251465e-01
9.997606873512268066e-01
9.999971389770507812e-01
9.999852180480957031e-01
9.999616742134094238e-01
9.999243617057800293e-01
9.998087882995605469e-01
9.971490502357482910e-01
9.841058254241943359e-01
8.173556923866271973e-01
6.745749711990356445e-01
5.720310211181640625e-01
8.666466474533081055e-01
9.271911382675170898e-01
7.956506013870239258e-01
6.983141899108886719e-01
7.675292491912841797e-01
9.678948521614074707e-01
9.588505029678344727e-01
9.150569438934326172e-01
8.431518077850341797e-01
8.125478625297546387e-01
8.568888902664184570e-01
9.626051783561706543e-01
9.423732161521911621e-01
6.631743907928466797e-01
1.648588627576828003e-01
7.270732522010803223e-02
2.291228026151657104e-01
6.117234826087951660e-01
8.648713827133178711e-01
9.869977831840515137e-01
9.826288223266601562e-01
7.109464406967163086e-01
4.361405968666076660e-01
1.597385108470916748e-01
2.459697276353836060e-01
5.127454400062561035e-01
9.616341590881347656e-01
9.866045713424682617e-01
9.984320998191833496e-01
9.994870424270629883e-01
9.900478124618530273e-01
7.304850816726684570e-01
1.968320608139038086e-01
1.037711650133132935e-01
2.252798080444335938e-01
5.779749155044555664e-01
8.108709454536437988e-01
9.106640219688415527e-01
8.566825389862060547e-01
8.744529485702514648e-01
9.171022772789001465e-01
9.861924052238464355e-01
9.958228468894958496e-01
9.991770386695861816e-01
9.995064139366149902e-01
9.996750950813293457e-01
9.998088479042053223e-01
9.999123811721801758e-01
9.999226331710815430e-01
9.999269247055053711e-01
9.999364018440246582e-01
9.999395012855529785e-01
9.996768832206726074e-01
9.989929795265197754e-01
9.982197284698486328e-01
9.976281523704528809e-01
9.973665475845336914e-01
9.988026022911071777e-01
9.998525381088256836e-01
9.997031092643737793e-01
9.991389513015747070e-01
9.974413514137268066e-01
9.936391115188598633e-01
8.282734751701354980e-01
6.491321921348571777e-01
5.132929682731628418e-01
5.421804189682006836e-01
6.474887728691101074e-01
8.395410776138305664e-01
9.364110827445983887e-01
9.900531768798828125e-01
9.976996779441833496e-01
9.995145797729492188e-01
9.981786608695983887e-01
9.928399324417114258e-01
9.929041266441345215e-01
9.951294660568237305e-01
9.984874725341796875e-01
9.996856451034545898e-01
9.999938607215881348e-01
9.999894499778747559e-01
9.998922348022460938e-01
9.989838004112243652e-01
9.949274063110351562e-01
9.778536558151245117e-01
9.557175040245056152e-01
9.378117322921752930e-01
9.329068064689636230e-01
9.277866482734680176e-01
8.838778734207153320e-01
7.445002198219299316e-01
6.007854342460632324e-01
8.066079020500183105e-01
9.294209480285644531e-01
9.934448003768920898e-01
9.980061054229736328e-01
9.999194741249084473e-01
9.999645948410034180e-01
9.998168945312500000e-01
9.987478256225585938e-01
9.970417022705078125e-01
9.967567920684814453e-01
9.966101646423339844e-01
9.962050318717956543e-01
9.792231917381286621e-01
8.455616235733032227e-01
5.988681316375732422e-01
4.327908158302307129e-01
4.692311286926269531e-01
7.239335775375366211e-01
9.002553224563598633e-01
9.967872500419616699e-01
9.997898936271667480e-01
9.999701976776123047e-01
9.999539256095886230e-01
9.999215006828308105e-01
9.998074769973754883e-01
9.997620582580566406e-01
9.998363256454467773e-01
9.999201893806457520e-01
9.999806880950927734e-01
9.999971389770507812e-01
9.999991655349731445e-01
9.999610185623168945e-01
9.998461604118347168e-01
9.984468817710876465e-01
9.968521595001220703e-01
9.954962134361267090e-01
9.957203865051269531e-01
9.961031675338745117e-01
9.956924319267272949e-01
9.951545596122741699e-01
9.952009320259094238e-01
9.973571300506591797e-01
9.986960291862487793e-01
9.987641572952270508e-01
9.949346184730529785e-01
9.601668119430541992e-01
9.174097776412963867e-01
9.097655415534973145e-01
9.304145574569702148e-01
9.642373323440551758e-01
9.802094697952270508e-01
9.852640628814697266e-01
9.837117195129394531e-01
9.866125583648681641e-01
9.908400774002075195e-01
9.959137439727783203e-01
9.979318380355834961e-01
9.991629719734191895e-01
9.996967911720275879e-01
9.998541474342346191e-01
9.999527931213378906e-01
9.999911785125732422e-01
9.999915361404418945e-01
9.988611936569213867e-01
9.963847994804382324e-01
9.083567261695861816e-01
8.592271208763122559e-01
8.724724054336547852e-01
9.348489642143249512e-01
9.812495112419128418e-01
9.914077520370483398e-01
9.476329088211059570e-01
7.680178284645080566e-01
3.351881206035614014e-01
2.742844521999359131e-01
3.999812304973602295e-01
7.691742181777954102e-01
9.239597916603088379e-01
9.933342933654785156e-01
9.972829818725585938e-01
9.987487196922302246e-01
9.991244077682495117e-01
9.988834261894226074e-01
9.914609193801879883e-01
9.638932943344116211e-01
8.483645319938659668e-01
6.339340806007385254e-01
3.722197115421295166e-01
1.758684366941452026e-01
1.069981455802917480e-01
1.564114242792129517e-01
6.044638752937316895e-01
8.756990432739257812e-01
9.986779093742370605e-01
9.995107650756835938e-01
9.999151229858398438e-01
9.998942613601684570e-01
9.998068213462829590e-01
9.998009800910949707e-01
9.998947978019714355e-01
9.999354481697082520e-01
9.992964267730712891e-01
9.976726174354553223e-01
9.382748603820800781e-01
8.825728893280029297e-01
8.472254276275634766e-01
8.948504924774169922e-01
9.500133395195007324e-01
9.855657219886779785e-01
9.965882897377014160e-01
9.997610449790954590e-01
9.997131228446960449e-01
9.993789792060852051e-01
9.990386366844177246e-01
9.990709424018859863e-01
9.994683861732482910e-01
9.999510049819946289e-01
9.999793767929077148e-01
9.999939799308776855e-01
9.999994635581970215e-01
9.999958872795104980e-01
9.939696788787841797e-01
9.607735872268676758e-01
5.183648467063903809e-01
2.622078955173492432e-01
1.743672937154769897e-01
3.942180275917053223e-01
6.581083536148071289e-01
9.710022807121276855e-01
9.941901564598083496e-01
9.974461793899536133e-01
9.971091151237487793e-01
9.982761144638061523e-01
9.991599917411804199e-01
9.992139339447021484e-01
9.992600679397583008e-01
9.993941187858581543e-01
9.997298121452331543e-01
9.998927116394042969e-01
9.999793171882629395e-01
9.999839663505554199e-01
9.967187643051147461e-01
9.914490580558776855e-01
9.830625653266906738e-01
9.837475419044494629e-01
9.873839616775512695e-01
9.799699187278747559e-01
8.595403432846069336e-01
6.725019216537475586e-01
5.798154473304748535e-01
5.659893751144409180e-01
6.116972565650939941e-01
2.649205327033996582e-01
5.890926718711853027e-02
2.624729415401816368e-03
1.480182399973273277e-03
1.802390366792678833e-01
6.001285910606384277e-01
8.506848812103271484e-01
9.965029358863830566e-01
9.932908415794372559e-01
9.960416555404663086e-01
9.989014267921447754e-01
9.992042779922485352e-01
9.994757175445556641e-01
9.996338486671447754e-01
9.994606971740722656e-01
9.987848997116088867e-01
9.972986578941345215e-01
9.929547905921936035e-01
9.780323505401611328e-01
9.571375250816345215e-01
9.354770779609680176e-01
9.540594816207885742e-01
1.000000000000000000e+00
1.000000000000000000e+00
9.996173381805419922e-01
9.988713264465332031e-01
9.311209321022033691e-01
8.998200297355651855e-01
9.152123332023620605e-01
9.474564194679260254e-01
9.757095575332641602e-01
9.949031472206115723e-01
9.988230466842651367e-01
9.994842410087585449e-01
9.990981817245483398e-01
9.971908330917358398e-01
9.915497303009033203e-01
9.756507277488708496e-01
9.774575829505920410e-01
9.865697622299194336e-01
9.959040880203247070e-01
9.995648860931396484e-01
9.999964833259582520e-01
9.999989271163940430e-01
9.998493790626525879e-01
9.995761513710021973e-01
9.990402460098266602e-01
9.985468983650207520e-01
9.980958104133605957e-01
9.985788464546203613e-01
9.991264343261718750e-01
9.997129440307617188e-01
9.999005198478698730e-01
9.999912977218627930e-01
9.999946951866149902e-01
9.999067783355712891e-01
9.992694854736328125e-01
9.972913861274719238e-01
9.978588223457336426e-01
9.962201118469238281e-01
9.829555153846740723e-01
9.215156435966491699e-01
8.483549952507019043e-01
8.524188399314880371e-01
8.983789086341857910e-01
9.686603546142578125e-01
9.750723838806152344e-01
9.737957715988159180e-01
9.654413461685180664e-01
9.745329022407531738e-01
9.754990339279174805e-01
9.660542011260986328e-01
8.379091024398803711e-01
8.002490401268005371e-01
9.376506805419921875e-01
9.481467604637145996e-01
9.447430968284606934e-01
9.708073735237121582e-01
9.881938099861145020e-01
9.996524453163146973e-01
9.998944401741027832e-01
9.998971223831176758e-01
9.997164607048034668e-01
9.990984201431274414e-01
9.990733265876770020e-01
9.994469285011291504e-01
9.997310638427734375e-01
9.993572831153869629e-01
9.983601570129394531e-01
7.833086252212524414e-01
7.152195572853088379e-01
8.472715616226196289e-01
9.416571259498596191e-01
8.802674412727355957e-01
5.396786332130432129e-01
4.562165439128875732e-01
5.361430048942565918e-01
8.963543772697448730e-01
9.970187544822692871e-01
9.999777674674987793e-01
9.999923110008239746e-01
9.999965429306030273e-01
9.999952912330627441e-01
9.999950528144836426e-01
9.999961853027343750e-01
9.999984502792358398e-01
9.999985098838806152e-01
9.999985098838806152e-01
9.999985098838806152e-01
9.999994039535522461e-01
1.000000000000000000e+00
1.000000000000000000e+00
1.000000000000000000e+00
9.999713897705078125e-01
9.998781681060791016e-01
9.996390342712402344e-01
9.993549585342407227e-01
9.990715980529785156e-01
9.987198710441589355e-01
9.985101222991943359e-01
9.994623064994812012e-01
9.999096393585205078e-01
9.999960064888000488e-01
9.999978542327880859e-01
9.999861121177673340e-01
9.999607801437377930e-01
9.998820424079895020e-01
9.998531341552734375e-01
9.999007582664489746e-01
9.999582767486572266e-01
9.999988079071044922e-01
9.999997615814208984e-01
1.000000000000000000e+00
9.999809265136718750e-01
9.998965859413146973e-01
9.996999502182006836e-01
9.994791746139526367e-01
9.994446635246276855e-01
9.995543360710144043e-01
9.997472763061523438e-01
9.995350837707519531e-01
9.979191422462463379e-01
9.948735833168029785e-01
9.843493700027465820e-01
9.759135246276855469e-01
9.711328744888305664e-01
9.843495488166809082e-01
9.964108467102050781e-01
9.990488886833190918e-01
9.998368620872497559e-01
1.000000000000000000e+00
1.000000000000000000e+00
9.999976158142089844e-01
9.999945163726806641e-01
9.999951720237731934e-01
9.999964833259582520e-01
9.999982118606567383e-01
9.999939203262329102e-01
9.999901056289672852e-01
9.999867677688598633e-01
9.999572038650512695e-01
9.997237920761108398e-01
9.991552829742431641e-01
9.990341663360595703e-01
9.991496205329895020e-01
9.996354579925537109e-01
9.998751878738403320e-01
9.999946355819702148e-01
9.999841451644897461e-01
9.998615384101867676e-01
9.996500611305236816e-01
9.991738200187683105e-01
9.991539120674133301e-01
9.995397925376892090e-01
9.987612366676330566e-01
9.969336390495300293e-01
9.937425255775451660e-01
9.935273528099060059e-01
9.948372840881347656e-01
9.984267354011535645e-01
9.985740184783935547e-01
9.973347187042236328e-01
9.947353005409240723e-01
9.954254627227783203e-01
9.975906610488891602e-01
9.989184737205505371e-01
9.994796514511108398e-01
9.994672536849975586e-01
9.995108246803283691e-01
9.996618032455444336e-01
9.999347329139709473e-01
9.999781250953674316e-01
9.999849796295166016e-01
9.999648928642272949e-01
9.999237656593322754e-01
9.998790621757507324e-01
9.998382329940795898e-01
9.990137815475463867e-01
9.959209561347961426e-01
9.817921519279479980e-01
9.531051516532897949e-01
9.181114435195922852e-01
9.653032422065734863e-01
9.926563501358032227e-01
9.991743564605712891e-01
9.996521472930908203e-01
9.997123479843139648e-01
9.997859001159667969e-01
9.999012351036071777e-01
9.999807476997375488e-01
9.999401569366455078e-01
9.989895224571228027e-01
9.949383139610290527e-01
9.765233993530273438e-01
9.777476787567138672e-01
9.912534952163696289e-01
9.965938329696655273e-01
9.994400739669799805e-01
9.997577667236328125e-01
9.983258843421936035e-01
9.978001713752746582e-01
9.988963007926940918e-01
9.965502619743347168e-01
9.705001711845397949e-01
8.831455111503601074e-01
7.981370091438293457e-01
7.489383816719055176e-01
8.838197588920593262e-01
9.615189433097839355e-01
9.994413852691650391e-01
9.972134232521057129e-01
9.842588305473327637e-01
9.601587653160095215e-01
9.147292971611022949e-01
9.024334549903869629e-01
9.475132822990417480e-01
9.690337181091308594e-01
9.305284619331359863e-01
7.353926301002502441e-01
4.084565639495849609e-01
8.288662880659103394e-02
9.866973012685775757e-02
3.654276728630065918e-01
8.005235195159912109e-01
8.950841426849365234e-01
9.617245197296142578e-01
9.968705773353576660e-01
9.999877214431762695e-01
9.999833703041076660e-01
9.999548196792602539e-01
9.973593354225158691e-01
9.402398467063903809e-01
7.053328156471252441e-01
3.738230466842651367e-01
3.685378655791282654e-02
2.048436179757118225e-02
2.439942359924316406e-01
6.613727807998657227e-01
8.682614564895629883e-01
9.863358736038208008e-01
9.908130764961242676e-01
9.831584692001342773e-01
9.648699164390563965e-01
9.270259141921997070e-01
8.946362733840942383e-01
8.823873400688171387e-01
9.484688639640808105e-01
9.835409522056579590e-01
9.989668130874633789e-01
9.965111613273620605e-01
9.950673580169677734e-01
9.946158528327941895e-01
9.968648552894592285e-01
9.964795708656311035e-01
9.915595054626464844e-01
9.545007944107055664e-01
9.084773063659667969e-01
8.569675087928771973e-01
5.184397101402282715e-01
1.057855263352394104e-01
3.194536641240119934e-02
1.303314268589019775e-01
3.593000471591949463e-01
4.959972202777862549e-01
5.203821659088134766e-01
4.030331969261169434e-01
6.533454060554504395e-01
8.674274682998657227e-01
8.909340500831604004e-01
9.112691879272460938e-01
9.328226447105407715e-01
9.641278386116027832e-01
9.813565611839294434e-01
9.898189902305603027e-01
9.938997030258178711e-01
9.971266388893127441e-01
9.994785189628601074e-01
9.998384118080139160e-01
9.999768137931823730e-01
9.999961256980895996e-01
1.000000000000000000e+00
9.999949336051940918e-01
9.999731779098510742e-01
9.999104142189025879e-01
9.998331665992736816e-01
9.998057484626770020e-01
9.998275637626647949e-01
9.998916387557983398e-01
9.999101758003234863e-01
9.993016719818115234e-01
9.977748990058898926e-01
9.832690358161926270e-01
9.727165102958679199e-01
9.795515537261962891e-01
9.890379905700683594e-01
9.983272552490234375e-01
9.994340538978576660e-01
9.999325871467590332e-01
9.999737143516540527e-01
9.999905228614807129e-01
9.998966455459594727e-01
9.996606111526489258e-01
9.936510920524597168e-01
9.807562232017517090e-01
9.539749622344970703e-01
9.490250945091247559e-01
9.551774263381958008e-01
9.773877859115600586e-01
9.799638986587524414e-01
9.574587941169738770e-01
5.179807543754577637e-01
1.981757879257202148e-01
1.974288001656532288e-02
9.505723937763832510e-06
6.101832725107669830e-03
2.506709285080432892e-02
4.946613609790802002e-01
9.908878207206726074e-01
9.407235383987426758e-01
8.822751045227050781e-01
8.223871588706970215e-01
8.513278365135192871e-01
8.713009357452392578e-01
8.812016844749450684e-01
9.298621416091918945e-01
9.674450159072875977e-01
9.739412069320678711e-01
9.796361923217773438e-01
9.853035211563110352e-01
9.918999075889587402e-01
9.924982786178588867e-01
9.890614748001098633e-01
9.786708950996398926e-01
9.728307127952575684e-01
9.720260500907897949e-01
8.867197036743164062e-01
8.193587660789489746e-01
8.064948320388793945e-01
8.456987738609313965e-01
8.983296751976013184e-01
9.376888871192932129e-01
9.668159484863281250e-01
9.888410568237304688e-01
9.952390193939208984e-01
9.896503686904907227e-01
9.706075787544250488e-01
4.159502089023590088e-01
2.656818105606362224e-05
5.289351065584924072e-06
1.058619318428100087e-06
7.494104653596878052e-02
4.984446763992309570e-01
5.872041583061218262e-01
4.504451155662536621e-01
1.588633954524993896e-01
1.001698401523754001e-04
1.061439706973033026e-05
1.052687293849885464e-03
4.028546437621116638e-02
1.647667884826660156e-01
3.849742412567138672e-01
6.301566362380981445e-01
8.242398500442504883e-01
9.398330450057983398e-01
9.983659982681274414e-01
9.627124667167663574e-01
6.855926513671875000e-01
9.109514206647872925e-02
2.521137241274118423e-03
8.920823064625937882e-13
4.063630508477356074e-12
2.762815583950972709e-12
3.031799215909183713e-15
5.903674799728492878e-15
1.236236020922660828e-01
3.465865254402160645e-01
1.335927844047546387e-01
4.103743386774105772e-12
6.139334917179550821e-13
3.779296764926749817e-25
1.159954443573951721e-01
5.872076749801635742e-01
8.114845156669616699e-01
8.993979692459106445e-01
8.488306403160095215e-01
8.186079859733581543e-01
8.075997829437255859e-01
8.640005588531494141e-01
9.147441983222961426e-01
9.471187591552734375e-01
9.709829688072204590e-01
9.895013570785522461e-01
9.963428974151611328e-01
9.985449910163879395e-01
9.977461099624633789e-01
9.926702380180358887e-01
9.892600178718566895e-01
9.877594113349914551e-01
9.945349693298339844e-01
9.999600648880004883e-01
9.999909400939941406e-01
9.998934864997863770e-01
9.644675850868225098e-01
7.271455526351928711e-01
4.732945561408996582e-01
2.067878991365432739e-01
1.672703623771667480e-01
2.672142982482910156e-01
5.655108094215393066e-01
8.153582811355590820e-01
9.963429570198059082e-01
9.990072846412658691e-01
9.998022317886352539e-01
9.992793202400207520e-01
9.947339296340942383e-01
9.893348217010498047e-01
9.831041097640991211e-01
9.741982221603393555e-01
9.256619811058044434e-01
8.025432825088500977e-01
6.229991316795349121e-01
5.039810538291931152e-01
7.356461882591247559e-01
8.690381646156311035e-01
9.305742979049682617e-01
6.507706046104431152e-01
5.553584098815917969e-01
7.006598114967346191e-01
8.484987020492553711e-01
9.601972699165344238e-01
9.729647040367126465e-01
9.509364962577819824e-01
9.185402393341064453e-01
9.349080324172973633e-01
9.614358544349670410e-01
9.973298311233520508e-01
9.997946023941040039e-01
9.998597502708435059e-01
9.996467828750610352e-01
9.997926354408264160e-01
9.998290538787841797e-01
9.988975524902343750e-01
9.985339641571044922e-01
9.985614418983459473e-01
9.992577433586120605e-01
9.997423887252807617e-01
9.999464750289916992e-01
9.999871850013732910e-01
9.999934434890747070e-01
9.999870657920837402e-01
9.999822974205017090e-01
9.999791979789733887e-01
9.999849796295166016e-01
9.999895691871643066e-01
9.999928474426269531e-01
9.999707341194152832e-01
9.996212720870971680e-01
9.986143112182617188e-01
9.230829477310180664e-01
7.815574407577514648e-01
4.249313175678253174e-01
3.492352068424224854e-01
4.839286208152770996e-01
7.684344053268432617e-01
9.547938704490661621e-01
9.907523989677429199e-01
9.987090826034545898e-01
9.998724460601806641e-01
9.999611973762512207e-01
9.999951720237731934e-01
9.999974966049194336e-01
9.999893903732299805e-01
9.997368454933166504e-01
9.991969466209411621e-01
9.918527007102966309e-01
9.874373078346252441e-01
9.928634166717529297e-01
9.965041279792785645e-01
9.991175532341003418e-01
9.996708631515502930e-01
9.999563097953796387e-01
9.999955296516418457e-01
9.999922513961791992e-01
9.995988011360168457e-01
9.984608888626098633e-01
9.984268546104431152e-01
9.988129138946533203e-01
9.994887709617614746e-01
9.990478754043579102e-01
9.977730512619018555e-01
9.693927168846130371e-01
9.440560936927795410e-01
9.241612553596496582e-01
9.439076185226440430e-01
9.714607000350952148e-01
9.920175075531005859e-01
9.998649358749389648e-01
9.999985694885253906e-01
9.999982118606567383e-01
9.999929666519165039e-01
9.999815225601196289e-01
9.999788999557495117e-01
9.999816417694091797e-01
9.999954104423522949e-01
9.999758005142211914e-01
9.999414682388305664e-01
9.999331235885620117e-01
9.999293088912963867e-01
9.999303817749023438e-01
9.999004602432250977e-01
9.998213052749633789e-01
9.996352791786193848e-01
9.987714290618896484e-01
9.968777894973754883e-01
9.890728592872619629e-01
9.757137298583984375e-01
9.571852684020996094e-01
9.726082086563110352e-01
9.875494837760925293e-01
9.958347678184509277e-01
9.988756179809570312e-01
9.998936057090759277e-01
9.999669790267944336e-01
9.998852610588073730e-01
9.996771812438964844e-01
9.978383183479309082e-01
9.941182732582092285e-01
9.872173070907592773e-01
9.814094901084899902e-01
9.789164066314697266e-01
9.906902909278869629e-01
9.970189332962036133e-01
9.993531703948974609e-01
9.996618628501892090e-01
9.998475909233093262e-01
9.999004602432250977e-01
9.998350739479064941e-01
9.997364878654479980e-01
9.996296763420104980e-01
9.997426271438598633e-01
1.000000000000000000e+00
1.000000000000000000e+00
9.998546242713928223e-01
9.994978308677673340e-01
9.991818070411682129e-01
9.986732602119445801e-01
9.974270462989807129e-01
9.954986572265625000e-01
9.931601285934448242e-01
9.915004968643188477e-01
9.915124773979187012e-01
9.937905073165893555e-01
9.963332414627075195e-01
9.984566569328308105e-01
9.989902377128601074e-01
9.974319934844970703e-01
9.948183298110961914e-01
9.962911009788513184e-01
9.979092478752136230e-01
9.997098445892333984e-01
9.182867407798767090e-01
8.071249127388000488e-01
6.523822546005249023e-01
6.518985033035278320e-01
7.401838302612304688e-01
8.834270238876342773e-01
9.729743003845214844e-01
9.952874183654785156e-01
9.993959069252014160e-01
9.999222159385681152e-01
9.997113943099975586e-01
9.953420162200927734e-01
9.892385005950927734e-01
9.939739704132080078e-01
9.974719882011413574e-01
9.994449615478515625e-01
9.998807907104492188e-01
9.999978542327880859e-01
9.999960660934448242e-01
9.998748302459716797e-01
9.996731281280517578e-01
9.991504549980163574e-01
9.988385438919067383e-01
9.987915754318237305e-01
9.990727901458740234e-01
9.993400573730468750e-01
9.993727207183837891e-01
9.995365738868713379e-01
9.997698068618774414e-01
9.998831152915954590e-01
9.999486207962036133e-01
9.999521374702453613e-01
9.999645948410034180e-01
9.999791383743286133e-01
9.999943375587463379e-01
9.999984502792358398e-01
9.999959468841552734e-01
9.999921321868896484e-01
9.999915957450866699e-01
9.999955296516418457e-01
9.999971389770507812e-01
9.999969005584716797e-01
9.999920129776000977e-01
9.999862909317016602e-01
9.999801516532897949e-01
9.999794363975524902e-01
9.999127388000488281e-01
9.997490048408508301e-01
9.920555353164672852e-01
9.416564106941223145e-01
7.244522571563720703e-01
5.537559390068054199e-01
4.150931835174560547e-01
7.748996615409851074e-01
1.000000000000000000e+00
1.000000000000000000e+00
9.927759170532226562e-01
9.804680943489074707e-01
9.536423683166503906e-01
9.625759124755859375e-01
9.986115097999572754e-01
9.999858140945434570e-01
9.999985098838806152e-01
9.999963641166687012e-01
9.998701810836791992e-01
9.977012872695922852e-01
9.837297797203063965e-01
9.375173449516296387e-01
8.636153936386108398e-01
8.031557798385620117e-01
8.036711215972900391e-01
9.274092912673950195e-01
9.790261387825012207e-01
1.000000000000000000e+00
1.000000000000000000e+00
1.000000000000000000e+00
1.000000000000000000e+00
9.975063204765319824e-01
9.958917498588562012e-01
9.971295595169067383e-01
9.969019889831542969e-01
9.956870675086975098e-01
9.906733632087707520e-01
9.334031343460083008e-01
8.166735172271728516e-01
5.524688959121704102e-01
4.120189845561981201e-01
7.115411162376403809e-01
8.842660188674926758e-01
9.829035997390747070e-01
9.920364618301391602e-01
9.978048801422119141e-01
9.989759325981140137e-01
9.995765089988708496e-01
9.999557733535766602e-01
9.999871850013732910e-01
1.000000000000000000e+00
1.000000000000000000e+00
1.000000000000000000e+00
9.999339580535888672e-01
9.997577071189880371e-01
9.996676445007324219e-01
9.996325373649597168e-01
9.997541904449462891e-01
9.998564720153808594e-01
9.999424815177917480e-01
9.999705553054809570e-01
9.999883770942687988e-01
9.999935626983642578e-01
9.999905824661254883e-01
9.998939633369445801e-01
9.989435076713562012e-01
9.499992728233337402e-01
8.496853709220886230e-01
9.125248789787292480e-01
9.803419709205627441e-01
9.948868155479431152e-01
1.000000000000000000e+00
1.000000000000000000e+00
1.000000000000000000e+00
9.479030370712280273e-01
8.246041536331176758e-01
6.704442501068115234e-01
5.912084579467773438e-01
8.489362597465515137e-01
9.719712138175964355e-01
9.986751079559326172e-01
9.993672966957092285e-01
9.911606311798095703e-01
9.684089422225952148e-01
6.688195466995239258e-01
2.989282011985778809e-01
9.770064800977706909e-02
1.017219983623363078e-04
9.196513929055072367e-06
2.888441085815429688e-02
1.837681233882904053e-01
6.454219222068786621e-01
8.817098736763000488e-01
1.000000000000000000e+00
1.000000000000000000e+00
1.000000000000000000e+00
1.000000000000000000e+00
9.422561526298522949e-01
8.818198442459106445e-01
8.561608195304870605e-01
8.883512616157531738e-01
9.596247076988220215e-01
9.837568402290344238e-01
9.987859725952148438e-01
9.996129870414733887e-01
9.997084140777587891e-01
9.995809793472290039e-01
9.996131062507629395e-01
9.997324347496032715e-01
9.999341368675231934e-01
9.999397397041320801e-01
9.999290704727172852e-01
9.999343156814575195e-01
9.999623298645019531e-01
9.999814033508300781e-01
9.995830655097961426e-01
9.993243813514709473e-01
9.992512464523315430e-01
9.993005990982055664e-01
9.988951683044433594e-01
9.964684844017028809e-01
9.885306358337402344e-01
9.764848351478576660e-01
9.718369245529174805e-01
9.698642492294311523e-01
9.724882245063781738e-01
9.774971604347229004e-01
9.826099872589111328e-01
9.801359176635742188e-01
9.753153920173645020e-01
9.679609537124633789e-01
9.796961545944213867e-01
9.922127723693847656e-01
9.975547790527343750e-01
9.997361898422241211e-01
9.999990463256835938e-01
9.999948740005493164e-01
9.999569654464721680e-01
9.998643398284912109e-01
9.997764825820922852e-01
9.997130632400512695e-01
9.997904896736145020e-01
9.997127652168273926e-01
9.994916319847106934e-01
9.862788915634155273e-01
9.456520676612854004e-01
8.376862406730651855e-01
8.354716897010803223e-01
8.870729207992553711e-01
9.058481454849243164e-01
8.688477873802185059e-01
7.526336312294006348e-01
7.038944959640502930e-01
7.029285430908203125e-01
8.488273024559020996e-01
9.433164596557617188e-01
9.950662851333618164e-01
9.987183809280395508e-01
9.949845671653747559e-01
9.834076762199401855e-01
9.723142385482788086e-01
9.624641537666320801e-01
9.696875810623168945e-01
9.785987138748168945e-01
9.897236227989196777e-01
9.947932958602905273e-01
9.935542345046997070e-01
9.707692861557006836e-01
7.386064529418945312e-01
3.430496156215667725e-01
2.636699080467224121e-01
3.023541271686553955e-01
5.542263388633728027e-01
7.780488133430480957e-01
9.765960574150085449e-01
9.915250539779663086e-01
8.896819949150085449e-01
6.392992138862609863e-01
2.956664562225341797e-01
6.819797563366591930e-04
2.068706235149875283e-04
6.735243118782818783e-08
1.866403636086033657e-07
5.313646793365478516e-02
1.840635836124420166e-01
4.782783687114715576e-01
6.233231425285339355e-01
6.835569143295288086e-01
4.865567088127136230e-01
4.818339645862579346e-01
7.270880937576293945e-01
7.421460151672363281e-01
6.371739506721496582e-01
2.404705435037612915e-01
5.583036690950393677e-02
4.073530063033103943e-02
1.276669949293136597e-01
2.110501229763031006e-01
2.671803832054138184e-01
3.669635653495788574e-01
4.952926039695739746e-01
7.819097638130187988e-01
9.603653550148010254e-01
9.865719676017761230e-01
9.586499929428100586e-01
9.288101792335510254e-01
9.651162624359130859e-01
9.877264499664306641e-01
9.982554912567138672e-01
9.986752867698669434e-01
9.927809238433837891e-01
9.730163216590881348e-01
8.017980456352233887e-01
5.463452339172363281e-01
2.184366434812545776e-01
1.455138437449932098e-02
8.480456657707691193e-03
4.676957130432128906e-01
9.997565150260925293e-01
9.994559288024902344e-01
9.993401765823364258e-01
9.994120597839355469e-01
9.997045993804931641e-01
9.999552965164184570e-01
9.999629855155944824e-01
9.998986721038818359e-01
9.997876286506652832e-01
9.984272122383117676e-01
9.888626933097839355e-01
9.636287093162536621e-01
9.457514286041259766e-01
9.351292252540588379e-01
9.745628833770751953e-01
9.972798824310302734e-01
9.994232654571533203e-01
9.999009370803833008e-01
9.997988939285278320e-01
9.987925887107849121e-01
9.693654775619506836e-01
9.169061183929443359e-01
5.864844918251037598e-01
4.502838551998138428e-01
8.587906956672668457e-01
9.999933838844299316e-01
9.999998807907104492e-01
9.999999403953552246e-01
1.000000000000000000e+00
1.000000000000000000e+00
9.999997615814208984e-01
9.999977350234985352e-01
9.999826550483703613e-01
9.988492727279663086e-01
9.965344071388244629e-01
5.503685474395751953e-01
1.545478254556655884e-01
2.033167928457260132e-01
4.356150925159454346e-01
7.982021570205688477e-01
9.109696745872497559e-01
9.823086261749267578e-01
9.915335178375244141e-01
9.944540262222290039e-01
9.944383502006530762e-01
9.952321648597717285e-01
9.952650070190429688e-01
9.941986203193664551e-01
9.625145196914672852e-01
9.241819977760314941e-01
9.006700515747070312e-01
9.223127961158752441e-01
9.885916113853454590e-01
9.984338879585266113e-01
9.971979856491088867e-01
9.879466891288757324e-01
9.709882736206054688e-01
9.487388134002685547e-01
9.650491476058959961e-01
9.814416170120239258e-01
9.941049814224243164e-01
9.988344311714172363e-01
9.998093247413635254e-01
9.997066259384155273e-01
9.980338811874389648e-01
9.940828680992126465e-01
9.150989055633544922e-01
7.637980580329895020e-01
2.866832613945007324e-01
3.156923875212669373e-02
3.985850140452384949e-03
2.884710511352750473e-06
6.015419214963912964e-02
3.384083509445190430e-01
6.394358277320861816e-01
9.565079808235168457e-01
9.821470975875854492e-01
9.718852639198303223e-01
9.222702383995056152e-01
8.520956635475158691e-01
7.756889462471008301e-01
8.947446346282958984e-01
8.988290429115295410e-01
7.166948914527893066e-01
6.687763929367065430e-01
6.585116982460021973e-01
5.683065652847290039e-01
6.147397756576538086e-01
8.209667801856994629e-01
9.263210892677307129e-01
9.950085282325744629e-01
9.982022047042846680e-01
9.996230006217956543e-01
9.995282888412475586e-01
9.988304376602172852e-01
9.982858896255493164e-01
9.983751177787780762e-01
9.990076422691345215e-01
9.999769926071166992e-01
1.000000000000000000e+00
9.997043609619140625e-01
9.988205432891845703e-01
9.890195727348327637e-01
9.754443764686584473e-01
9.660491943359375000e-01
9.682888388633728027e-01
9.875547885894775391e-01
9.957792162895202637e-01
9.999931454658508301e-01
9.999969005584716797e-01
9.999768137931823730e-01
9.999305605888366699e-01
9.998918175697326660e-01
9.998744130134582520e-01
9.999417662620544434e-01
9.999808073043823242e-01
9.999966621398925781e-01
9.999985694885253906e-01
9.999990463256835938e-01
9.999997615814208984e-01
1.000000000000000000e+00
1.000000000000000000e+00
9.999982118606567383e-01
9.999943971633911133e-01
9.999866485595703125e-01
9.997282624244689941e-01
9.962030649185180664e-01
9.056078791618347168e-01
8.119490742683410645e-01
7.133761644363403320e-01
7.419548630714416504e-01
8.182372450828552246e-01
9.351815581321716309e-01
9.994428753852844238e-01
9.998895525932312012e-01
9.997403025627136230e-01
9.994847178459167480e-01
9.994214177131652832e-01
9.927280545234680176e-01
9.797109961509704590e-01
6.751572489738464355e-01
3.493300080299377441e-01
1.072365567088127136e-01
5.857003852725028992e-03
9.473466314375400543e-03
1.907040029764175415e-01
2.891002893447875977e-01
1.373495012521743774e-01
5.096036940813064575e-02
2.833275124430656433e-03
2.453797012567520142e-01
5.289140343666076660e-01
8.840385079383850098e-01
9.974198341369628906e-01
9.998422861099243164e-01
9.998961687088012695e-01
9.999048113822937012e-01
9.998426437377929688e-01
9.996975064277648926e-01
9.995300173759460449e-01
9.994295239448547363e-01
9.992501735687255859e-01
9.989723563194274902e-01
9.989761710166931152e-01
9.990806579589843750e-01
9.993480443954467773e-01
9.984337091445922852e-01
9.963099360466003418e-01
8.895894885063171387e-01
7.911332845687866211e-01
8.080545067787170410e-01
8.625066876411437988e-01
9.484376311302185059e-01
9.803820252418518066e-01
9.997342228889465332e-01
9.999198913574218750e-01
9.999953508377075195e-01
9.999952912330627441e-01
9.998713135719299316e-01
9.996361136436462402e-01
9.991481900215148926e-01
9.988829493522644043e-01
9.987442493438720703e-01
9.994563460350036621e-01
9.999514818191528320e-01
9.999839663505554199e-01
9.999892711639404297e-01
9.999817013740539551e-01
9.999694228172302246e-01
9.997218847274780273e-01
9.990850090980529785e-01
9.935698509216308594e-01
9.859337210655212402e-01
9.748889207839965820e-01
9.745123386383056641e-01
9.890412092208862305e-01
9.951207637786865234e-01
9.982561469078063965e-01
9.987493753433227539e-01
9.992551207542419434e-01
9.997746944427490234e-01
9.999169707298278809e-01
9.996869564056396484e-01
9.978330135345458984e-01
9.952521920204162598e-01
9.919286966323852539e-01
9.957550168037414551e-01
9.941673874855041504e-01
9.624803066253662109e-01
7.816351652145385742e-01
4.683983623981475830e-01
2.026386559009552002e-01
4.585388457822858754e-10
1.398751947601084566e-10
1.489282113747827702e-17
4.137940243177733971e-17
8.020539581775665283e-02
2.728589773178100586e-01
7.780991792678833008e-01
9.884063005447387695e-01
9.968556165695190430e-01
9.898449182510375977e-01
9.456056356430053711e-01
8.093894720077514648e-01
7.987233400344848633e-01
8.629756569862365723e-01
9.438728690147399902e-01
8.490323424339294434e-01
3.631992340087890625e-01
1.363071948289871216e-01
4.745261743664741516e-02
2.223513461649417877e-02
3.971324861049652100e-02
1.404844969511032104e-01
4.731825888156890869e-01
9.060242176055908203e-01
9.609504938125610352e-01
9.920344948768615723e-01
9.814711213111877441e-01
9.834164977073669434e-01
9.904715418815612793e-01
9.957192540168762207e-01
9.991726279258728027e-01
9.997894763946533203e-01
9.999762177467346191e-01
9.999799132347106934e-01
9.996876716613769531e-01
9.961494207382202148e-01
9.879132509231567383e-01
9.788296222686767578e-01
9.712924957275390625e-01
9.821646213531494141e-01
9.908976554870605469e-01
9.967923164367675781e-01
9.987416863441467285e-01
9.994466900825500488e-01
9.996442794799804688e-01
9.994319081306457520e-01
9.987149834632873535e-01
9.959849119186401367e-01
9.934831857681274414e-01
9.963530302047729492e-01
9.982655644416809082e-01
9.990697503089904785e-01
9.995077848434448242e-01
9.998017549514770508e-01
9.997727274894714355e-01
9.993419647216796875e-01
9.984737038612365723e-01
9.985642433166503906e-01
9.988907575607299805e-01
9.993312358856201172e-01
9.993449449539184570e-01
9.989181756973266602e-01
9.941395521163940430e-01
9.893310070037841797e-01
9.888968467712402344e-01
9.746768474578857422e-01
9.467353820800781250e-01
9.573556184768676758e-01
9.750681519508361816e-01
9.909651875495910645e-01
9.990815520286560059e-01
9.997311830520629883e-01
9.996265172958374023e-01
9.994518160820007324e-01
9.995736479759216309e-01
9.997242093086242676e-01
9.999012947082519531e-01
9.998850822448730469e-01
9.996875524520874023e-01
9.988516569137573242e-01
9.977485537528991699e-01
9.964011907577514648e-01
9.960595369338989258e-01
9.959127306938171387e-01
9.958758354187011719e-01
9.954863786697387695e-01
9.947792291641235352e-01
9.962705969810485840e-01
9.959151148796081543e-01
9.865019321441650391e-01
8.189298510551452637e-01
5.109260082244873047e-01
2.801578342914581299e-01
1.191022321581840515e-01
1.922484487295150757e-01
3.339724838733673096e-01
5.369085073471069336e-01
3.940545916557312012e-01
2.260767072439193726e-01
1.843731850385665894e-01
3.534506857395172119e-01
7.117249965667724609e-01
8.028442263603210449e-01
8.373846411705017090e-01
8.183636665344238281e-01
8.559241890907287598e-01
9.445570111274719238e-01
9.783429503440856934e-01
9.984612464904785156e-01
9.992961287498474121e-01
9.997453689575195312e-01
9.998369216918945312e-01
9.999138116836547852e-01
9.999588727951049805e-01
9.998722672462463379e-01
9.998296499252319336e-01
9.998291730880737305e-01
9.989039301872253418e-01
9.960682988166809082e-01
9.849181771278381348e-01
9.671859145164489746e-01
9.429544210433959961e-01
9.661749601364135742e-01
9.938247203826904297e-01
9.957820177078247070e-01
9.966974258422851562e-01
9.965353608131408691e-01
9.976841807365417480e-01
9.989688992500305176e-01
9.994041919708251953e-01
9.997367858886718750e-01
9.999573826789855957e-01
9.999942779541015625e-01
9.999730587005615234e-01
9.998622536659240723e-01
9.998360276222229004e-01
9.999071359634399414e-01
9.998995065689086914e-01
9.998663663864135742e-01
9.997964501380920410e-01
9.998104572296142578e-01
9.999276995658874512e-01
9.999691247940063477e-01
9.999372959136962891e-01
9.994569420814514160e-01
9.968551993370056152e-01
9.914292693138122559e-01
9.916835427284240723e-01
9.939172267913818359e-01
9.977363944053649902e-01
9.998850822448730469e-01
9.996256828308105469e-01
9.996930360794067383e-01
9.998213648796081543e-01
9.991250038146972656e-01
9.943600296974182129e-01
9.831807613372802734e-01
9.549044966697692871e-01
9.215607643127441406e-01
9.320823550224304199e-01
9.110640883445739746e-01
8.347630500793457031e-01
8.265343904495239258e-01
8.489659428596496582e-01
8.583272695541381836e-01
8.191328048706054688e-01
6.850150227546691895e-01
5.576671957969665527e-01
4.339873790740966797e-01
4.547526836395263672e-01
5.289023518562316895e-01
7.170311808586120605e-01
8.101444244384765625e-01
8.485986590385437012e-01
7.978330254554748535e-01
7.660963535308837891e-01
7.924965023994445801e-01
8.613755106925964355e-01
9.578219652175903320e-01
9.723942875862121582e-01
9.652251005172729492e-01
9.120551347732543945e-01
9.225662350654602051e-01
9.801415205001831055e-01
9.932152032852172852e-01
9.995466470718383789e-01
9.998416304588317871e-01
9.997979998588562012e-01
9.994685053825378418e-01
9.873021841049194336e-01
9.775019288063049316e-01
9.864304661750793457e-01
9.933840632438659668e-01
9.983915686607360840e-01
9.989705681800842285e-01
9.985353946685791016e-01
9.975850582122802734e-01
9.975184202194213867e-01
9.984502792358398438e-01
9.991270899772644043e-01
9.996064901351928711e-01
9.990523457527160645e-01
9.969612956047058105e-01
9.928528666496276855e-01
9.487965106964111328e-01
8.779161572456359863e-01
6.262243986129760742e-01
5.325284600257873535e-01
6.868339776992797852e-01
8.448516130447387695e-01
1.000000000000000000e+00
1.000000000000000000e+00
9.949573874473571777e-01
9.804499149322509766e-01
8.879139423370361328e-01
7.563171386718750000e-01
8.894557356834411621e-01
9.876065850257873535e-01
9.962996840476989746e-01
9.997231364250183105e-01
9.999395012855529785e-01
9.999409914016723633e-01
9.998140931129455566e-01
9.993564486503601074e-01
9.973307847976684570e-01
9.941405057907104492e-01
9.897553920745849609e-01
9.856404662132263184e-01
9.831292629241943359e-01
9.875832796096801758e-01
9.983146190643310547e-01
1.000000000000000000e+00
1.000000000000000000e+00
1.000000000000000000e+00
9.427196979522705078e-01
8.224517703056335449e-01
4.378465116024017334e-01
3.246786072850227356e-02
4.102204367518424988e-02
1.602012515068054199e-01
4.309470355510711670e-01
7.178565859794616699e-01
9.955310821533203125e-01
9.969608187675476074e-01
9.937368631362915039e-01
9.825059175491333008e-01
9.464583992958068848e-01
8.988020420074462891e-01
9.038291573524475098e-01
9.057132601737976074e-01
9.005011320114135742e-01
9.209179878234863281e-01
9.567095637321472168e-01
4.317148923873901367e-01
1.101678423583507538e-02
3.332293359562754631e-03
8.543447620468214154e-07
2.364664851484121755e-06
1.034558117389678955e-01
2.875680923461914062e-01
7.488094568252563477e-01
9.668675661087036133e-01
9.484504461288452148e-01
9.230959415435791016e-01
9.052850604057312012e-01
9.457427859306335449e-01
9.743535518646240234e-01
9.882442355155944824e-01
9.905304312705993652e-01
9.895375370979309082e-01
9.942649006843566895e-01
9.977331161499023438e-01
9.991472959518432617e-01
9.997020363807678223e-01
9.998748302459716797e-01
9.999340772628784180e-01
9.995733499526977539e-01
9.982937574386596680e-01
9.949826002120971680e-01
9.904583096504211426e-01
9.731755256652832031e-01
9.320557713508605957e-01
8.208795785903930664e-01
6.949932575225830078e-01
5.573362708091735840e-01
6.259160637855529785e-01
7.189883589744567871e-01
7.786090970039367676e-01
7.933647632598876953e-01
7.608357071876525879e-01
6.909123063087463379e-01
6.175042986869812012e-01
5.963659286499023438e-01
6.122667789459228516e-01
6.803082823753356934e-01
8.001760840415954590e-01
9.353705644607543945e-01
9.433199763298034668e-01
9.437366724014282227e-01
9.296662211418151855e-01
9.243882298469543457e-01
9.238662719726562500e-01
8.307453989982604980e-01
7.775707244873046875e-01
8.469359278678894043e-01
8.578358888626098633e-01
8.249318003654479980e-01
9.139813780784606934e-01
9.999002218246459961e-01
9.998859763145446777e-01
9.998940825462341309e-01
9.999251365661621094e-01
9.962192177772521973e-01
9.453909993171691895e-01
5.163711309432983398e-01
2.002660036087036133e-01
4.387184977531433105e-02
3.318456176515383049e-09
3.314477327581027977e-13
3.738237746696987385e-13
3.238966983076102535e-13
8.767099324074809075e-14
1.804378825909225270e-06
4.633296157408040017e-06
1.227224022150039673e-01
2.008006870746612549e-01
1.214596927165985107e-01
9.748329222202301025e-02
1.180787608027458191e-01
3.304429352283477783e-01
5.288520455360412598e-01
4.956149160861968994e-01
4.020032882690429688e-01
2.397328466176986694e-01
2.185289561748504639e-01
2.705046236515045166e-01
7.135294675827026367e-01
9.914289712905883789e-01
9.965817332267761230e-01
9.525350332260131836e-01
8.854974508285522461e-01
9.161355495452880859e-01
9.482778906822204590e-01
9.802523851394653320e-01
9.954431653022766113e-01
9.990803599357604980e-01
9.988327026367187500e-01
9.983712434768676758e-01
9.989169239997863770e-01
9.993924498558044434e-01
9.997972249984741211e-01
9.998728036880493164e-01
9.994472265243530273e-01
9.953379631042480469e-01
9.911721944808959961e-01
9.869226813316345215e-01
9.895366430282592773e-01
9.950091838836669922e-01
9.971975088119506836e-01
9.988009929656982422e-01
9.990943074226379395e-01
9.993235468864440918e-01
9.995118379592895508e-01
9.996196627616882324e-01
9.997234344482421875e-01
9.998418092727661133e-01
9.999213814735412598e-01
9.999634623527526855e-01
9.999616146087646484e-01
9.998165369033813477e-01
9.985810518264770508e-01
9.907574653625488281e-01
9.733551144599914551e-01
9.681128859519958496e-01
9.679995179176330566e-01
9.849988222122192383e-01
9.972420930862426758e-01
9.987666010856628418e-01
9.963924884796142578e-01
9.914898872375488281e-01
8.568564653396606445e-01
6.546905636787414551e-01
2.389923483133316040e-01
2.462033741176128387e-02
1.089309994131326675e-02
8.934902027249336243e-03
9.318755008280277252e-03
3.594538196921348572e-03
9.965932258637621999e-05
2.349820715608075261e-05
1.218359231726492617e-14
3.000829944352112781e-16
4.353724307293305174e-06
9.093875437974929810e-02
4.076694250106811523e-01
6.844934225082397461e-01
9.327273964881896973e-01
9.747734665870666504e-01
9.866925477981567383e-01
9.915769696235656738e-01
9.950721263885498047e-01
9.970028996467590332e-01
9.982514977455139160e-01
9.989134669303894043e-01
9.939411282539367676e-01
9.783765077590942383e-01
9.438279867172241211e-01
9.312130212783813477e-01
9.302219152450561523e-01
9.551645517349243164e-01
9.779944419860839844e-01
9.900791049003601074e-01
9.965381622314453125e-01
9.981452822685241699e-01
9.980229139328002930e-01
9.976249933242797852e-01
9.977520108222961426e-01
9.982320070266723633e-01
9.992009401321411133e-01
9.996276497840881348e-01
9.998346567153930664e-01
9.999094605445861816e-01
9.999667406082153320e-01
9.999829530715942383e-01
9.998790025711059570e-01
9.996925592422485352e-01
9.941885471343994141e-01
9.871221184730529785e-01
9.760644435882568359e-01
9.757606983184814453e-01
9.875871539115905762e-01
9.946812987327575684e-01
9.999952316284179688e-01
9.999900460243225098e-01
9.999737143516540527e-01
9.999362230300903320e-01
9.993042945861816406e-01
9.983327984809875488e-01
9.685369133949279785e-01
9.408188462257385254e-01
9.280244112014770508e-01
9.398373365402221680e-01
9.750470519065856934e-01
9.891104698181152344e-01
9.973126053810119629e-01
9.985834360122680664e-01
9.994990229606628418e-01
9.998428821563720703e-01
9.999724626541137695e-01
9.999984502792358398e-01
9.999957084655761719e-01
9.998736381530761719e-01
9.994015693664550781e-01
9.924821257591247559e-01
9.801490306854248047e-01
9.589279294013977051e-01
9.355038404464721680e-01
9.090240001678466797e-01
6.904876828193664551e-01
1.983982622623443604e-01
1.176762655377388000e-01
2.130699008703231812e-01
5.583025813102722168e-01
8.385044336318969727e-01
9.419661164283752441e-01
9.907272458076477051e-01
9.972928762435913086e-01
9.984370470046997070e-01
9.985914826393127441e-01
9.984453320503234863e-01
9.985499382019042969e-01
9.989885091781616211e-01
9.985339641571044922e-01
9.977266788482666016e-01
9.967833161354064941e-01
9.966127872467041016e-01
9.983260035514831543e-01
9.993669390678405762e-01
9.999127984046936035e-01
9.999889731407165527e-01
9.999870061874389648e-01
9.999637007713317871e-01
9.999564290046691895e-01
9.999699592590332031e-01
9.998718500137329102e-01
9.996338486671447754e-01
9.849718809127807617e-01
9.546060562133789062e-01
8.864877820014953613e-01
8.929563760757446289e-01
9.536616206169128418e-01
9.806499481201171875e-01
9.991809725761413574e-01
9.995577335357666016e-01
9.997178316116333008e-01
9.995917081832885742e-01
9.994140267372131348e-01
9.992155432701110840e-01
9.992088079452514648e-01
9.991797804832458496e-01
9.990931749343872070e-01
9.965739846229553223e-01
9.921765327453613281e-01
9.927952885627746582e-01
9.944779276847839355e-01
9.973092675209045410e-01
9.992042779922485352e-01
9.997836351394653320e-01
9.999521374702453613e-01
9.999435544013977051e-01
9.997641444206237793e-01
9.990152716636657715e-01
9.966659545898437500e-01
9.921689033508300781e-01
9.858719706535339355e-01
9.820114970207214355e-01
9.783483147621154785e-01
9.720533490180969238e-01
9.499919414520263672e-01
9.032883048057556152e-01
8.418339490890502930e-01
7.731751203536987305e-01
8.128565549850463867e-01
8.632386326789855957e-01
9.314125776290893555e-01
9.742412567138671875e-01
9.931720495223999023e-01
9.980064034461975098e-01
9.991002678871154785e-01
9.990798234939575195e-01
9.989519119262695312e-01
9.986289143562316895e-01
9.985270500183105469e-01
9.985523819923400879e-01
9.988290667533874512e-01
9.985808134078979492e-01
9.960771799087524414e-01
9.887996315956115723e-01
9.762820005416870117e-01
9.669055938720703125e-01
9.593193531036376953e-01
9.741190075874328613e-01
9.858233332633972168e-01
9.906569719314575195e-01
9.939864277839660645e-01
9.962711930274963379e-01
9.975174069404602051e-01
9.978646636009216309e-01
9.938979744911193848e-01
9.698485732078552246e-01
9.185783267021179199e-01
8.515611290931701660e-01
7.777783274650573730e-01
8.396982550621032715e-01
9.028589725494384766e-01
9.621469378471374512e-01
9.914850592613220215e-01
9.947909116744995117e-01
9.905284643173217773e-01
9.816963672637939453e-01
9.433472156524658203e-01
9.026644825935363770e-01
8.578225374221801758e-01
8.321733474731445312e-01
8.173307776451110840e-01
4.232663214206695557e-01
6.722935289144515991e-02
2.436486817896366119e-02
1.309585422277450562e-01
4.083278775215148926e-01
7.027004957199096680e-01
9.979184269905090332e-01
9.991204142570495605e-01
9.999729394912719727e-01
9.999807476997375488e-01
9.999573826789855957e-01
9.999099969863891602e-01
9.995502829551696777e-01
9.991767406463623047e-01
9.991581439971923828e-01
9.992710351943969727e-01
9.995920658111572266e-01
9.992851018905639648e-01
9.986572265625000000e-01
9.848378896713256836e-01
9.159950613975524902e-01
6.427381038665771484e-01
3.609717190265655518e-01
7.082754373550415039e-02
4.014775356608879520e-07
7.610157695125963073e-07
2.862640030798502266e-05
4.155326168984174728e-04
1.640283153392374516e-03
2.423821482807397842e-03
2.876372309401631355e-03
2.973584234714508057e-01
6.318963170051574707e-01
8.493922948837280273e-01
9.863453507423400879e-01
9.956393241882324219e-01
9.985879063606262207e-01
9.982418417930603027e-01
9.952013492584228516e-01
9.922392964363098145e-01
9.903797507286071777e-01
9.908618927001953125e-01
9.939755201339721680e-01
9.946268796920776367e-01
9.942579269409179688e-01
9.798385500907897949e-01
9.676498174667358398e-01
9.611532688140869141e-01
9.410041570663452148e-01
9.097719192504882812e-01
9.312800765037536621e-01
9.427449107170104980e-01
7.400779724121093750e-01
6.439970135688781738e-01
7.352332472801208496e-01
8.460983633995056152e-01
9.684064388275146484e-01
9.905056357383728027e-01
9.995387196540832520e-01
9.994270801544189453e-01
9.993953704833984375e-01
9.994670152664184570e-01
9.995188117027282715e-01
9.995621442794799805e-01
9.985759854316711426e-01
9.974948167800903320e-01
9.962055683135986328e-01
9.943037629127502441e-01
9.918136000633239746e-01
9.936923980712890625e-01
9.917818307876586914e-01
8.802574872970581055e-01
6.672573089599609375e-01
2.306604534387588501e-01
4.333092272281646729e-02
3.869703412055969238e-02
2.228633910417556763e-01
4.531460404396057129e-01
7.692288756370544434e-01
9.736484289169311523e-01
9.913381338119506836e-01
9.983627200126647949e-01
9.993772506713867188e-01
9.995397329330444336e-01
9.991807341575622559e-01
9.967269301414489746e-01
9.948751330375671387e-01
9.937986731529235840e-01
9.835951328277587891e-01
9.695382118225097656e-01
9.848808050155639648e-01
9.976875782012939453e-01
9.986169934272766113e-01
9.966811537742614746e-01
9.918209910392761230e-01
9.386112093925476074e-01
8.653151392936706543e-01
5.814956426620483398e-01
3.487423956394195557e-01
2.423353791236877441e-01
4.355936646461486816e-01
8.741122484207153320e-01
9.763686656951904297e-01
9.995071291923522949e-01
9.997952580451965332e-01
9.999868273735046387e-01
9.999911785125732422e-01
9.997906088829040527e-01
9.994551539421081543e-01
9.757363796234130859e-01
9.142026305198669434e-01
6.157475709915161133e-01
3.554161190986633301e-01
1.559886932373046875e-01
1.492166519165039062e-01
2.461309283971786499e-01
5.423731803894042969e-01
8.211568593978881836e-01
9.233449697494506836e-01
9.855593442916870117e-01
9.960001111030578613e-01
9.994594454765319824e-01
9.998830556869506836e-01
9.998627305030822754e-01
9.998106360435485840e-01
9.997147917747497559e-01
9.987472891807556152e-01
9.968202710151672363e-01
9.728629589080810547e-01
9.410555362701416016e-01
8.629973530769348145e-01
7.680529952049255371e-01
6.243613362312316895e-01
5.688309669494628906e-01
5.955054759979248047e-01
7.122700810432434082e-01
8.524149060249328613e-01
9.241527318954467773e-01
9.781302213668823242e-01
9.899423122406005859e-01
9.967394471168518066e-01
9.994801878929138184e-01
9.973476529121398926e-01
9.942207336425781250e-01
9.929990172386169434e-01
9.930206537246704102e-01
9.956066608428955078e-01
9.976000189781188965e-01
9.991680383682250977e-01
9.996423125267028809e-01
9.998735785484313965e-01
9.997556209564208984e-01
9.992642998695373535e-01
9.981063604354858398e-01
9.975122213363647461e-01
9.972695112228393555e-01
9.981390833854675293e-01
9.991071820259094238e-01
9.996181130409240723e-01
9.999478459358215332e-01
9.999861717224121094e-01
9.999999403953552246e-01
9.999999403953552246e-01
9.999901652336120605e-01
9.999781250953674316e-01
9.999592900276184082e-01
9.998533725738525391e-01
9.996196031570434570e-01
9.996915459632873535e-01
9.999191164970397949e-01
9.999690055847167969e-01
9.999908208847045898e-01
9.999539256095886230e-01
9.980465769767761230e-01
9.936212301254272461e-01
9.764046669006347656e-01
9.531566500663757324e-01
9.544181823730468750e-01
9.615015387535095215e-01
9.861935377120971680e-01
1.000000000000000000e+00
1.000000000000000000e+00
9.706367850303649902e-01
9.284135103225708008e-01
9.590658545494079590e-01
9.881476163864135742e-01
9.955018162727355957e-01
9.996324181556701660e-01
9.998994469642639160e-01
9.999440908432006836e-01
9.998967647552490234e-01
9.996256828308105469e-01
9.994618892669677734e-01
9.997356534004211426e-01
9.999121427536010742e-01
9.999758005142211914e-01
9.999962449073791504e-01
9.999993443489074707e-01
9.999966621398925781e-01
9.999950528144836426e-01
9.999978542327880859e-01
9.999994635581970215e-01
9.999998807907104492e-01
9.999763965606689453e-01
9.999436140060424805e-01
9.990010261535644531e-01
9.973852634429931641e-01
9.934821128845214844e-01
9.890240430831909180e-01
9.839376807212829590e-01
8.387811183929443359e-01
6.392459869384765625e-01
2.821212708950042725e-01
3.983551869168877602e-05
6.166521779960021377e-05
4.533373564481735229e-02
1.418115794658660889e-01
4.717635512351989746e-01
8.925561308860778809e-01
9.562669992446899414e-01
9.973835349082946777e-01
9.985920786857604980e-01
9.980751872062683105e-01
9.955730438232421875e-01
9.842062592506408691e-01
9.692616462707519531e-01
9.339413642883300781e-01
9.122810959815979004e-01
9.461856484413146973e-01
9.737357497215270996e-01
9.936706423759460449e-01
9.976087808609008789e-01
9.947508573532104492e-01
9.242534637451171875e-01
8.286297321319580078e-01
6.451949477195739746e-01
5.417231917381286621e-01
5.382314920425415039e-01
5.853068828582763672e-01
6.550142765045166016e-01
8.076481819152832031e-01
9.400119185447692871e-01
9.549231529235839844e-01
9.703841805458068848e-01
9.866067767143249512e-01
9.939658641815185547e-01
9.970050454139709473e-01
9.984928369522094727e-01
9.996468424797058105e-01
9.998183250427246094e-01
9.998821020126342773e-01
9.997900724411010742e-01
9.997387528419494629e-01
9.997090101242065430e-01
9.997621774673461914e-01
9.998220801353454590e-01
9.998666048049926758e-01
9.999073743820190430e-01
9.999420046806335449e-01
9.999514222145080566e-01
9.999460577964782715e-01
9.996441602706909180e-01
9.991153478622436523e-01
9.972139596939086914e-01
9.952531456947326660e-01
9.931871294975280762e-01
9.935646057128906250e-01
9.955441355705261230e-01
9.967835545539855957e-01
9.978802800178527832e-01
9.988655447959899902e-01
9.995452165603637695e-01
9.996131658554077148e-01
9.985815882682800293e-01
9.967386126518249512e-01
9.802629947662353516e-01
9.601375460624694824e-01
9.340711236000061035e-01
9.203653931617736816e-01
9.354422688484191895e-01
9.521559476852416992e-01
9.702584743499755859e-01
9.769496917724609375e-01
9.805161356925964355e-01
9.865086674690246582e-01
9.920445680618286133e-01
9.963168501853942871e-01
9.988386034965515137e-01
9.996448159217834473e-01
9.998612403869628906e-01
9.998763799667358398e-01
9.998855590820312500e-01
9.998961687088012695e-01
9.999119043350219727e-01
9.999399781227111816e-01
9.999824166297912598e-01
9.999969601631164551e-01
9.999996423721313477e-01
9.999932050704956055e-01
9.999829530715942383e-01
9.999578595161437988e-01
9.999464154243469238e-01
9.999537467956542969e-01
9.999698400497436523e-01
9.999904036521911621e-01
9.999943971633911133e-01
9.999960660934448242e-01
9.999942779541015625e-01
9.999845027923583984e-01
9.999610185623168945e-01
9.994990229606628418e-01
9.987550377845764160e-01
9.925169348716735840e-01
9.855775833129882812e-01
9.818585515022277832e-01
9.630381464958190918e-01
9.121589064598083496e-01
6.194935441017150879e-01
1.355987191200256348e-01
2.000775747001171112e-02
1.932746762633996696e-08
8.185674360561279173e-09
4.561153513751352828e-19
2.881275059217743689e-19
7.476932369172573090e-04
2.239074092358350754e-03
3.760838806629180908e-01
8.840087056159973145e-01
9.518894553184509277e-01
9.960038661956787109e-01
9.972518682479858398e-01
9.982085824012756348e-01
9.987978935241699219e-01
9.992868900299072266e-01
9.997285008430480957e-01
9.998499155044555664e-01
9.999063611030578613e-01
9.997638463973999023e-01
9.760168194770812988e-01
9.139261841773986816e-01
8.736727833747863770e-01
8.471564650535583496e-01
8.947400450706481934e-01
9.527748823165893555e-01
9.779843688011169434e-01
9.891008734703063965e-01
9.693571329116821289e-01
7.968755960464477539e-01
4.982202947139739990e-01
4.001586735248565674e-01
3.635331988334655762e-01
6.998732686042785645e-01
9.599029421806335449e-01
9.858681559562683105e-01
9.981928467750549316e-01
9.956516027450561523e-01
9.859521389007568359e-01
9.733037948608398438e-01
9.415101408958435059e-01
9.101932048797607422e-01
8.869068026542663574e-01
8.907447457313537598e-01
9.348182082176208496e-01
9.672659039497375488e-01
9.930630922317504883e-01
9.979259371757507324e-01
9.985473752021789551e-01
9.898315072059631348e-01
9.480965137481689453e-01
8.389093279838562012e-01
7.309546470642089844e-01
6.239727139472961426e-01
6.776500344276428223e-01
7.727789878845214844e-01
7.704604268074035645e-01
7.884652018547058105e-01
8.687165379524230957e-01
8.942533731460571289e-01
8.593593835830688477e-01
7.227303385734558105e-01
5.434699654579162598e-01
5.052294731140136719e-01
5.241315960884094238e-01
7.845108509063720703e-01
9.554407596588134766e-01
9.875956177711486816e-01
9.997449517250061035e-01
9.996643662452697754e-01
9.993346333503723145e-01
9.969420433044433594e-01
9.695144295692443848e-01
9.410926699638366699e-01
9.103226661682128906e-01
9.135580062866210938e-01
9.471336603164672852e-01
9.736059308052062988e-01
9.977656006813049316e-01
9.986866116523742676e-01
9.990667700767517090e-01
9.991418123245239258e-01
9.989720582962036133e-01
9.984831809997558594e-01
9.988801479339599609e-01
9.997311234474182129e-01
9.997321963310241699e-01
9.989337325096130371e-01
9.926345944404602051e-01
9.830526709556579590e-01
9.670473933219909668e-01
9.596112966537475586e-01
9.588546752929687500e-01
9.724963903427124023e-01
9.897381067276000977e-01
9.803305864334106445e-01
9.705925583839416504e-01
9.597895145416259766e-01
9.433031678199768066e-01
9.201520681381225586e-01
7.699775099754333496e-01
5.619347095489501953e-01
7.077004909515380859e-01
8.723216056823730469e-01
9.372474551200866699e-01
9.682929515838623047e-01
9.386540055274963379e-01
8.532428741455078125e-01
7.274658679962158203e-01
6.469366550445556641e-01
5.834913849830627441e-01
7.379391193389892578e-01
8.701801300048828125e-01
9.352662563323974609e-01
9.642515778541564941e-01
9.527026414871215820e-01
9.075952768325805664e-01
8.477258682250976562e-01
7.730826139450073242e-01
6.818827390670776367e-01
4.975144267082214355e-01
4.505057632923126221e-01
6.477586627006530762e-01
8.157172799110412598e-01
9.626707434654235840e-01
9.953943490982055664e-01
9.998506903648376465e-01
9.999216794967651367e-01
9.996538162231445312e-01
9.983273744583129883e-01
9.960227608680725098e-01
9.925878047943115234e-01
9.920688271522521973e-01
9.928923249244689941e-01
9.963058829307556152e-01
9.995393157005310059e-01
9.996940493583679199e-01
9.997975826263427734e-01
9.998036623001098633e-01
9.998406767845153809e-01
9.999015331268310547e-01
9.997754096984863281e-01
9.995967149734497070e-01
9.974994063377380371e-01
9.930430650711059570e-01
9.802153706550598145e-01
9.525499939918518066e-01
9.058231711387634277e-01
9.082512855529785156e-01
9.365138411521911621e-01
9.681221842765808105e-01
9.973616600036621094e-01
9.988593459129333496e-01
9.997451901435852051e-01
9.992689490318298340e-01
9.964268803596496582e-01
9.914626479148864746e-01
9.740970134735107422e-01
9.524444937705993652e-01
7.967264056205749512e-01
6.012016534805297852e-01
2.453493773937225342e-01
2.264440804719924927e-02
6.377303972840309143e-03
4.391362153910449706e-07
6.567267263335452299e-08
1.419681590050458908e-03
1.784717477858066559e-02
3.777741789817810059e-01
6.773194670677185059e-01
8.014850020408630371e-01
8.698958754539489746e-01
8.759200572967529297e-01
9.018521904945373535e-01
9.369443058967590332e-01
9.613369703292846680e-01
9.828321933746337891e-01
9.910362958908081055e-01
9.971618056297302246e-01
9.990500211715698242e-01
9.999362826347351074e-01
9.999851584434509277e-01
9.999479055404663086e-01
9.998831748962402344e-01
9.972377419471740723e-01
9.894396662712097168e-01
9.595804810523986816e-01
9.117814898490905762e-01
8.370586633682250977e-01
8.614676594734191895e-01
9.485945701599121094e-01
9.776806831359863281e-01
9.939562678337097168e-01
9.972022175788879395e-01
9.996479749679565430e-01
9.996793866157531738e-01
9.990507960319519043e-01
9.976539611816406250e-01
9.913181662559509277e-01
9.825836420059204102e-01
9.840448498725891113e-01
9.871808886528015137e-01
9.937734603881835938e-01
9.986007213592529297e-01
9.995134472846984863e-01
9.999058842658996582e-01
9.998226165771484375e-01
9.678435325622558594e-01
9.241632819175720215e-01
4.526163041591644287e-01
2.831422723829746246e-02
1.107439585030078888e-02
4.895605146884918213e-02
1.838712543249130249e-01
4.501953125000000000e-01
8.140349984169006348e-01
9.230216741561889648e-01
9.614293575286865234e-01
9.821178913116455078e-01
9.984524846076965332e-01
9.981642365455627441e-01
9.973205327987670898e-01
9.956842660903930664e-01
9.815976619720458984e-01
9.598403573036193848e-01
9.606759548187255859e-01
9.666367769241333008e-01
9.846556186676025391e-01
9.983644485473632812e-01
9.986726641654968262e-01
9.774188399314880371e-01
9.300335645675659180e-01
7.010170221328735352e-01
3.782683312892913818e-01
3.683700263500213623e-01
4.235983490943908691e-01
6.888370513916015625e-01
8.950157165527343750e-01
9.514096975326538086e-01
9.742752909660339355e-01
9.620385766029357910e-01
9.651638865470886230e-01
9.750289320945739746e-01
9.849112033843994141e-01
9.938395023345947266e-01
9.947044253349304199e-01
9.960671663284301758e-01
9.985233545303344727e-01
9.997748732566833496e-01
9.999072551727294922e-01
9.999494552612304688e-01
9.999575018882751465e-01
9.998568892478942871e-01
9.996418952941894531e-01
9.987512230873107910e-01
9.980653524398803711e-01
9.977729916572570801e-01
9.979133605957031250e-01
9.984158277511596680e-01
9.989671707153320312e-01
9.995340704917907715e-01
9.968593716621398926e-01
9.863242506980895996e-01
9.340366125106811523e-01
8.927428126335144043e-01
8.711506128311157227e-01
8.868700265884399414e-01
9.314823150634765625e-01
9.646243453025817871e-01
9.943166971206665039e-01
9.975801706314086914e-01
9.996626377105712891e-01
9.998171329498291016e-01
9.999030232429504395e-01
9.998748302459716797e-01
9.998509287834167480e-01
9.998300075531005859e-01
9.998557567596435547e-01
9.998946785926818848e-01
9.999398589134216309e-01
9.999725222587585449e-01
9.999490976333618164e-01
9.998126029968261719e-01
9.994951486587524414e-01
9.992045164108276367e-01
9.989333748817443848e-01
9.990326762199401855e-01
9.992311596870422363e-01
9.992638826370239258e-01
9.978718757629394531e-01
9.904386401176452637e-01
8.849575519561767578e-01
6.259586215019226074e-01
3.620462119579315186e-01
9.437645971775054932e-02
5.030247196555137634e-02
6.588740646839141846e-02
5.181285142898559570e-01
9.013347029685974121e-01
9.624951481819152832e-01
9.998471736907958984e-01
9.997014999389648438e-01
9.996872544288635254e-01
9.997656345367431641e-01
9.989092350006103516e-01
9.977996945381164551e-01
9.954935908317565918e-01
9.939812421798706055e-01
9.961177706718444824e-01
9.979501962661743164e-01
9.992799758911132812e-01
9.985780119895935059e-01
9.963873028755187988e-01
9.721611142158508301e-01
9.414646625518798828e-01
8.659991025924682617e-01
8.046911954879760742e-01
8.192303180694580078e-01
8.632766604423522949e-01
9.585380554199218750e-01
9.647901654243469238e-01
9.023861885070800781e-01
9.180745482444763184e-01
9.582710862159729004e-01
9.795083999633789062e-01
9.970209002494812012e-01
9.987866282463073730e-01
9.999502301216125488e-01
9.999816417694091797e-01
9.999955892562866211e-01
9.999948143959045410e-01
9.999843835830688477e-01
9.999704957008361816e-01
9.996183514595031738e-01
9.989184141159057617e-01
9.960445761680603027e-01
9.949299097061157227e-01
9.974800944328308105e-01
9.985741972923278809e-01
9.983200430870056152e-01
9.982486367225646973e-01
9.982502460479736328e-01
9.899871945381164551e-01
9.584973454475402832e-01
7.238988876342773438e-01
5.161765217781066895e-01
3.725541532039642334e-01
3.688334226608276367e-01
5.131888389587402344e-01
7.065271735191345215e-01
9.226952791213989258e-01
9.731398224830627441e-01
9.975759387016296387e-01
9.969769120216369629e-01
9.888750314712524414e-01
9.592759013175964355e-01
8.900368213653564453e-01
7.724190354347229004e-01
7.997843623161315918e-01
9.079148769378662109e-01
9.559503793716430664e-01
9.908251166343688965e-01
9.737851619720458984e-01
9.294579625129699707e-01
7.851041555404663086e-01
5.731464624404907227e-01
2.610314786434173584e-01
9.084361046552658081e-02
1.627370156347751617e-02
6.064091250300407410e-02
1.368018090724945068e-01
5.372006297111511230e-01
8.730395436286926270e-01
8.633758425712585449e-01
7.586266994476318359e-01
4.860213994979858398e-01
2.534363865852355957e-01
5.428546667098999023e-02
1.442453707568347454e-03
9.698935173219069839e-05
3.105611360998817953e-15
1.748546793467475879e-11
1.679774513929643831e-10
9.995312243700027466e-02
4.282456934452056885e-01
7.001829147338867188e-01
9.157288670539855957e-01
9.884945154190063477e-01
9.951139092445373535e-01
9.974061846733093262e-01
9.989515542984008789e-01
9.988629817962646484e-01
9.922229051589965820e-01
9.657784104347229004e-01
9.132441878318786621e-01
8.269730210304260254e-01
7.857592105865478516e-01
7.722994089126586914e-01
8.072980642318725586e-01
8.539270162582397461e-01
8.998565077781677246e-01
9.419543743133544922e-01
9.661363959312438965e-01
9.820390939712524414e-01
9.837781786918640137e-01
9.882806539535522461e-01
9.950312972068786621e-01
9.975038170814514160e-01
9.984760880470275879e-01
9.899502396583557129e-01
9.822934865951538086e-01
9.877920150756835938e-01
9.923852086067199707e-01
9.948148727416992188e-01
9.967004656791687012e-01
9.979859590530395508e-01
9.962990880012512207e-01
9.931036233901977539e-01
9.934960007667541504e-01
9.943966269493103027e-01
9.916654825210571289e-01
9.536284804344177246e-01
7.889409661293029785e-01
5.377828478813171387e-01
1.569686681032180786e-01
0.000000000000000000e+00
0.000000000000000000e+00
8.673083021208326216e-18
1.991220768837047745e-17
3.516103839501738548e-03
6.239748559892177582e-03
2.747698919847607613e-03
2.784451935440301895e-03
1.036257203668355942e-02
2.286126911640167236e-01
6.562760472297668457e-01
7.554748654365539551e-01
7.011924982070922852e-01
7.153402566909790039e-01
7.447304725646972656e-01
8.646363019943237305e-01
9.622665047645568848e-01
9.846203923225402832e-01
9.975795745849609375e-01
9.971783161163330078e-01
9.942979812622070312e-01
9.896919727325439453e-01
9.814042448997497559e-01
9.720496535301208496e-01
9.581568241119384766e-01
9.439314007759094238e-01
9.287755489349365234e-01
9.259124398231506348e-01
9.500801563262939453e-01
9.673254489898681641e-01
9.773232340812683105e-01
9.450838565826416016e-01
8.921092748641967773e-01
8.957312107086181641e-01
9.101604223251342773e-01
9.550938010215759277e-01
9.917994141578674316e-01
9.968882799148559570e-01
9.995076060295104980e-01
9.982323050498962402e-01
9.967287182807922363e-01
9.950428009033203125e-01
9.948480129241943359e-01
9.951674342155456543e-01
9.968600273132324219e-01
9.985697865486145020e-01
9.993959665298461914e-01
9.999934434890747070e-01
9.999969601631164551e-01
9.999924302101135254e-01
9.999783039093017578e-01
9.999413490295410156e-01
9.998911619186401367e-01
9.998381137847900391e-01
9.997842311859130859e-01
9.998461604118347168e-01
9.999085068702697754e-01
9.999635815620422363e-01
1.000000000000000000e+00
1.000000000000000000e+00
1.000000000000000000e+00
1.000000000000000000e+00
9.996338486671447754e-01
9.991039633750915527e-01
9.971104264259338379e-01
9.949362874031066895e-01
9.937900900840759277e-01
9.928544759750366211e-01
9.926762580871582031e-01
9.930332899093627930e-01
9.942185282707214355e-01
9.959492087364196777e-01
9.980973601341247559e-01
9.991807341575622559e-01
9.998940825462341309e-01
9.999763965606689453e-01
9.999975562095642090e-01
9.999987483024597168e-01
9.999994039535522461e-01
9.999987483024597168e-01
9.999985098838806152e-01
9.999986886978149414e-01
9.999991655349731445e-01
9.999998807907104492e-01
1.000000000000000000e+00
1.000000000000000000e+00
1.000000000000000000e+00
9.999879002571105957e-01
9.998951554298400879e-01
9.961432814598083496e-01
9.839203953742980957e-01
9.206846356391906738e-01
8.004215359687805176e-01
6.965425014495849609e-01
6.012981534004211426e-01
7.507913112640380859e-01
9.558222293853759766e-01
9.806352257728576660e-01
9.996159076690673828e-01
9.998282790184020996e-01
9.999545812606811523e-01
9.999077916145324707e-01
9.975236058235168457e-01
9.928473234176635742e-01
9.875102043151855469e-01
9.818717837333679199e-01
9.897322058677673340e-01
1.000000000000000000e+00
1.000000000000000000e+00
9.709561467170715332e-01
8.110638856887817383e-01
6.433768272399902344e-01
4.619207382202148438e-01
3.847475647926330566e-01
4.036871492862701416e-01
5.343875885009765625e-01
7.161538600921630859e-01
8.433696031570434570e-01
9.584869146347045898e-01
9.711177349090576172e-01
9.820660948753356934e-01
9.861992001533508301e-01
9.907006621360778809e-01
9.958348870277404785e-01
9.987281560897827148e-01
9.996197819709777832e-01
9.996855854988098145e-01
9.993903636932373047e-01
9.984422326087951660e-01
9.974583387374877930e-01
9.985587000846862793e-01
9.994118213653564453e-01
9.992554187774658203e-01
9.989120960235595703e-01
9.982426166534423828e-01
9.984599351882934570e-01
9.994559884071350098e-01
9.998450875282287598e-01
9.999743103981018066e-01
9.995474815368652344e-01
9.990540742874145508e-01
9.991626739501953125e-01
9.991424083709716797e-01
9.985978603363037109e-01
9.985162019729614258e-01
9.992536902427673340e-01
9.990028142929077148e-01
9.978582262992858887e-01
9.919959902763366699e-01
9.840101003646850586e-01
9.804385304450988770e-01
9.692233204841613770e-01
5.713837146759033203e-01
2.259320318698883057e-01
1.051475256681442261e-01
2.176173962652683258e-02
7.113018073141574860e-03
2.195746637880802155e-03
6.453666370362043381e-03
3.737508654594421387e-01
9.130711555480957031e-01
9.999839067459106445e-01
9.999707937240600586e-01
9.996907711029052734e-01
9.993693232536315918e-01
9.988448619842529297e-01
9.978983998298645020e-01
9.960932135581970215e-01
9.851176142692565918e-01
9.646360874176025391e-01
9.243866205215454102e-01
8.735861778259277344e-01
8.186320066452026367e-01
7.628929615020751953e-01
4.905731976032257080e-01
2.358967214822769165e-01
1.138237193226814270e-01
4.980160295963287354e-02
1.198885589838027954e-01
2.630777060985565186e-01
4.906631112098693848e-01
5.328249335289001465e-01
4.619771838188171387e-01
6.001700758934020996e-01
7.963727116584777832e-01
8.985446095466613770e-01
9.861232042312622070e-01
9.939291477203369141e-01
9.996793866157531738e-01
9.997961521148681641e-01
9.996159672737121582e-01
9.990336298942565918e-01
9.977943897247314453e-01
9.960924386978149414e-01
9.893858432769775391e-01
9.809644818305969238e-01
5.012331008911132812e-01
1.331074163317680359e-03
5.858186050318181515e-04
1.319709583185613155e-03
7.344554178416728973e-03
1.450235992670059204e-01
5.011481642723083496e-01
7.610688805580139160e-01
9.386045336723327637e-01
9.955599904060363770e-01
9.993793368339538574e-01
9.998028278350830078e-01
9.996316432952880859e-01
9.988684058189392090e-01
9.979991912841796875e-01
9.965752959251403809e-01
9.947801828384399414e-01
9.922064542770385742e-01
9.887031316757202148e-01
9.841968417167663574e-01
9.777170419692993164e-01
9.700949192047119141e-01
8.104948401451110840e-01
6.098690629005432129e-01
2.923236489295959473e-01
1.262985279026906937e-06
5.376242597776581533e-07
9.349750325782224536e-05
4.581808461807668209e-04
1.198511198163032532e-01
4.097392857074737549e-01
5.527189373970031738e-01
5.834687948226928711e-01
3.607155084609985352e-01
4.042107611894607544e-02
1.253749011084437370e-03
6.640473380684852600e-03
1.392242461442947388e-01
2.494249343872070312e-01
2.586191892623901367e-01
3.165212869644165039e-01
4.701637625694274902e-01
6.535944342613220215e-01
8.687171936035156250e-01
9.613487720489501953e-01
9.871205091476440430e-01
9.951189160346984863e-01
9.986675977706909180e-01
9.990917444229125977e-01
9.987628459930419922e-01
9.932694435119628906e-01
9.752796888351440430e-01
9.212596416473388672e-01
8.950352072715759277e-01
9.092668890953063965e-01
9.279972314834594727e-01
9.502410888671875000e-01
9.622545838356018066e-01
9.701846837997436523e-01
8.048925399780273438e-01
6.117114424705505371e-01
4.032009541988372803e-01
2.208443284034729004e-01
1.654485315084457397e-01
1.359227746725082397e-01
1.615233719348907471e-01
1.908940225839614868e-01
2.244495153427124023e-01
2.203194797039031982e-01
1.929127871990203857e-01
4.845587909221649170e-01
8.731820583343505859e-01
9.510279893875122070e-01
9.980245232582092285e-01
9.987739920616149902e-01
9.988384246826171875e-01
9.964119791984558105e-01
9.742537140846252441e-01
9.177609086036682129e-01
8.277273178100585938e-01
7.057104706764221191e-01
6.094795465469360352e-01
5.264223217964172363e-01
5.002136826515197754e-01
4.872361421585083008e-01
5.869981050491333008e-01
6.971964836120605469e-01
8.532274961471557617e-01
9.720768332481384277e-01
9.810954928398132324e-01
9.500727653503417969e-01
8.593704104423522949e-01
7.795505523681640625e-01
7.082873582839965820e-01
7.446739673614501953e-01
8.280026912689208984e-01
9.056741595268249512e-01
9.821166396141052246e-01
7.941870093345642090e-01
5.996823310852050781e-01
3.750598132610321045e-01
2.206028103828430176e-01
2.433422207832336426e-01
4.229595959186553955e-01
8.111825585365295410e-01
9.837750196456909180e-01
9.946281909942626953e-01
9.196912050247192383e-01
8.109169006347656250e-01
7.771544456481933594e-01
7.560831904411315918e-01
8.463837504386901855e-01
9.220433235168457031e-01
9.179008007049560547e-01
9.101360440254211426e-01
8.937690854072570801e-01
8.752091526985168457e-01
8.539530634880065918e-01
7.589725255966186523e-01
6.123703122138977051e-01
5.638222694396972656e-01
5.518935322761535645e-01
6.867384910583496094e-01
8.420655131340026855e-01
9.266231060028076172e-01
9.980881214141845703e-01
9.990637898445129395e-01
9.996713995933532715e-01
9.994329810142517090e-01
9.987164139747619629e-01
9.973991513252258301e-01
9.955056309700012207e-01
9.932150244712829590e-01
9.935335516929626465e-01
9.948105812072753906e-01
9.955077171325683594e-01
9.960884451866149902e-01
9.946020841598510742e-01
9.915241003036499023e-01
9.798154234886169434e-01
9.665884375572204590e-01
9.498042464256286621e-01
9.137326478958129883e-01
8.525522351264953613e-01
8.205263018608093262e-01
8.097413182258605957e-01
8.385437130928039551e-01
8.827718496322631836e-01
9.233129620552062988e-01
9.631305932998657227e-01
9.758963584899902344e-01
9.867579340934753418e-01
9.862347245216369629e-01
9.866319894790649414e-01
9.894080758094787598e-01
9.928323626518249512e-01
9.971549510955810547e-01
9.984872937202453613e-01
9.974359273910522461e-01
9.967616796493530273e-01
9.962512254714965820e-01
9.859327077865600586e-01
9.736737012863159180e-01
9.650364518165588379e-01
9.590353369712829590e-01
9.735937714576721191e-01
9.851289391517639160e-01
9.875317811965942383e-01
9.870445132255554199e-01
9.819772839546203613e-01
9.767225384712219238e-01
9.713080525398254395e-01
9.722351431846618652e-01
9.764302372932434082e-01
9.853013157844543457e-01
9.953973889350891113e-01
9.978343844413757324e-01
9.995896220207214355e-01
9.996972680091857910e-01
9.986396431922912598e-01
9.930195212364196777e-01
9.734642505645751953e-01
9.271435737609863281e-01
9.187892079353332520e-01
9.520993828773498535e-01
9.754096865653991699e-01
9.923457503318786621e-01
9.979241490364074707e-01
9.997250437736511230e-01
9.997261762619018555e-01
9.994572997093200684e-01
9.973438382148742676e-01
9.957649707794189453e-01
9.971593022346496582e-01
9.299424886703491211e-01
6.902382373809814453e-01
4.269396364688873291e-01
1.318617165088653564e-01
7.032045722007751465e-02
1.968901604413986206e-01
4.990856051445007324e-01
8.808467388153076172e-01
9.083089232444763184e-01
8.598911166191101074e-01
5.005024075508117676e-01
1.526317894458770752e-01
7.354624569416046143e-02
1.064291782677173615e-02
4.178420640528202057e-03
5.199401016398041975e-07
1.767780588579626055e-07
1.863857089857073402e-16
5.698631204846039446e-16
3.049012124538421631e-01
7.986825108528137207e-01
8.966422677040100098e-01
8.602021932601928711e-01
7.644412517547607422e-01
6.630294919013977051e-01
7.858805656433105469e-01
8.959444761276245117e-01
9.275093078613281250e-01
9.435799717903137207e-01
9.187214970588684082e-01
9.128353595733642578e-01
9.349905252456665039e-01
9.530290365219116211e-01
9.674358367919921875e-01
9.751019477844238281e-01
9.793093800544738770e-01
9.846491217613220215e-01
9.902839660644531250e-01
9.947729110717773438e-01
9.989623427391052246e-01
9.992328286170959473e-01
9.987945556640625000e-01
9.951513409614562988e-01
9.578856825828552246e-01
8.458433747291564941e-01
6.681373715400695801e-01
4.059897363185882568e-01
4.612135887145996094e-01
7.566168308258056641e-01
9.020451307296752930e-01
9.811636805534362793e-01
9.970687627792358398e-01
9.992079138755798340e-01
9.992771148681640625e-01
9.992162585258483887e-01
9.988885521888732910e-01
9.979799389839172363e-01
9.948043227195739746e-01
9.725696444511413574e-01
9.116730690002441406e-01
8.417516350746154785e-01
7.607774138450622559e-01
7.957838177680969238e-01
9.124770760536193848e-01
9.551507234573364258e-01
9.676724672317504883e-01
9.829713702201843262e-01
9.988086223602294922e-01
9.997040033340454102e-01
9.912429451942443848e-01
8.916579484939575195e-01
7.862061262130737305e-01
6.598892807960510254e-01
6.004275679588317871e-01
6.716535091400146484e-01
7.570089697837829590e-01
8.592311739921569824e-01
9.227896332740783691e-01
9.592199921607971191e-01
9.352978467941284180e-01
8.871690630912780762e-01
5.943062901496887207e-01
2.540185749530792236e-01
1.425809562206268311e-01
5.719658359885215759e-02
1.593301445245742798e-01
3.068278133869171143e-01
6.272752285003662109e-01
8.692890405654907227e-01
9.538305401802062988e-01
1.000000000000000000e+00
1.000000000000000000e+00
9.967672824859619141e-01
9.911701679229736328e-01
9.910212755203247070e-01
9.932252764701843262e-01
9.914338588714599609e-01
9.887685179710388184e-01
9.870532155036926270e-01
9.858416318893432617e-01
9.909860491752624512e-01
9.956240057945251465e-01
9.979962706565856934e-01
9.996912479400634766e-01
9.998711943626403809e-01
9.999361038208007812e-01
9.998471736907958984e-01
9.924549460411071777e-01
9.790870547294616699e-01
6.630335450172424316e-01
1.980925500392913818e-01
2.307525724172592163e-01
3.971682488918304443e-01
6.964954733848571777e-01
9.835720658302307129e-01
4.523421525955200195e-01
2.158093095463339586e-27
9.101342101101483437e-28
0.000000000000000000e+00
0.000000000000000000e+00
1.944687710420112126e-06
6.983410457905847579e-06
1.803300529718399048e-01
5.357741713523864746e-01
6.122261285781860352e-01
5.200957655906677246e-01
3.482772111892700195e-01
1.487484723329544067e-01
7.836444675922393799e-02
2.858950570225715637e-02
5.653949081897735596e-02
1.188261434435844421e-01
4.849507808685302734e-01
7.974088191986083984e-01
9.176481366157531738e-01
9.965819716453552246e-01
9.928584694862365723e-01
9.927323460578918457e-01
9.970163106918334961e-01
9.958629608154296875e-01
9.905123710632324219e-01
9.634131193161010742e-01
9.260594844818115234e-01
8.805410861968994141e-01
8.328006267547607422e-01
9.029481410980224609e-01
9.825417399406433105e-01
9.910161495208740234e-01
9.983117580413818359e-01
9.987122416496276855e-01
9.990122914314270020e-01
9.990285038948059082e-01
9.992289543151855469e-01
9.997336864471435547e-01
9.999340772628784180e-01
9.998161196708679199e-01
9.998349547386169434e-01
9.999440908432006836e-01
9.999592900276184082e-01
9.999376535415649414e-01
9.999050498008728027e-01
9.998700618743896484e-01
9.999034404754638672e-01
9.999336004257202148e-01
9.998501539230346680e-01
9.996881484985351562e-01
9.991455674171447754e-01
9.988801479339599609e-01
9.993017315864562988e-01
9.996182322502136230e-01
9.997752904891967773e-01
9.995443224906921387e-01
9.989430308341979980e-01
9.991410970687866211e-01
9.998207688331604004e-01
9.949854612350463867e-01
9.881519079208374023e-01
9.754413962364196777e-01
9.617045521736145020e-01
9.328049421310424805e-01
9.040262103080749512e-01
8.847349286079406738e-01
8.732705116271972656e-01
8.968114256858825684e-01
9.224148988723754883e-01
9.527718424797058105e-01
9.752768874168395996e-01
9.861076474189758301e-01
9.927839040756225586e-01
9.955943822860717773e-01
9.975020289421081543e-01
9.988751411437988281e-01
9.994634389877319336e-01
9.997672438621520996e-01
9.961524009704589844e-01
9.918188452720642090e-01
9.502988457679748535e-01
9.059353470802307129e-01
8.474166989326477051e-01
8.087456822395324707e-01
8.665128946304321289e-01
9.201893210411071777e-01
9.629909992218017578e-01
9.896871447563171387e-01
9.913331270217895508e-01
9.885748028755187988e-01
9.813749194145202637e-01
9.797771573066711426e-01
9.818091988563537598e-01
9.889445900917053223e-01
9.981132745742797852e-01
9.998739957809448242e-01
9.999904632568359375e-01
9.999774098396301270e-01
9.998767971992492676e-01
9.975568056106567383e-01
9.941353201866149902e-01
9.839671850204467773e-01
9.786938428878784180e-01
9.883316159248352051e-01
9.955010414123535156e-01
9.981942176818847656e-01
9.996410012245178223e-01
9.996284246444702148e-01
9.992592930793762207e-01
9.986182451248168945e-01
9.972854852676391602e-01
9.956129789352416992e-01
9.949495196342468262e-01
9.945751428604125977e-01
9.958295226097106934e-01
9.973087906837463379e-01
9.961773753166198730e-01
9.940111041069030762e-01
9.816056489944458008e-01
9.674414396286010742e-01
9.457582831382751465e-01
9.348703026771545410e-01
9.492174386978149414e-01
9.274361133575439453e-01
8.523507118225097656e-01
6.488099694252014160e-01
3.207580745220184326e-01
1.348418891429901123e-01
3.871356323361396790e-02
3.088383190333843231e-02
5.858598649501800537e-02
6.834441423416137695e-02
7.402574270963668823e-02
5.247994512319564819e-02
2.875426039099693298e-02
1.655610650777816772e-02
1.334547251462936401e-02
7.401522994041442871e-02
1.900217235088348389e-01
4.955378770828247070e-01
7.439832687377929688e-01
8.732233643531799316e-01
9.544687867164611816e-01
9.724052548408508301e-01
9.751623868942260742e-01
9.644958376884460449e-01
9.428606033325195312e-01
9.148854017257690430e-01
9.057235121726989746e-01
9.035212397575378418e-01
9.297153949737548828e-01
9.617082476615905762e-01
9.786850810050964355e-01
9.897156953811645508e-01
8.534100651741027832e-01
6.843090653419494629e-01
3.012606501579284668e-01
6.820853333920240402e-03
2.728145802393555641e-03
1.269448995590209961e-01
5.104929208755493164e-01
7.884138822555541992e-01
9.276969432830810547e-01
9.944807887077331543e-01
9.967170953750610352e-01
9.982236623764038086e-01
9.992936253547668457e-01
9.994813203811645508e-01
9.993371963500976562e-01
9.975055456161499023e-01
9.953073859214782715e-01
9.961708188056945801e-01
9.972987174987792969e-01
9.987341165542602539e-01
1.000000000000000000e+00
1.000000000000000000e+00
9.999878406524658203e-01
9.999313950538635254e-01
9.998800158500671387e-01
9.998402595520019531e-01
9.998174905776977539e-01
9.998193979263305664e-01
9.996488094329833984e-01
9.993076324462890625e-01
9.986258745193481445e-01
9.977133274078369141e-01
9.961637258529663086e-01
9.943385720252990723e-01
9.880436658859252930e-01
9.805755019187927246e-01
9.719939231872558594e-01
9.632685780525207520e-01
9.679540991783142090e-01
9.733677506446838379e-01
9.843388795852661133e-01
9.940474629402160645e-01
9.974831342697143555e-01
1.000000000000000000e+00
1.000000000000000000e+00
1.000000000000000000e+00
1.000000000000000000e+00
9.992482066154479980e-01
9.975911378860473633e-01
9.971941709518432617e-01
9.978503584861755371e-01
9.981456398963928223e-01
9.982349872589111328e-01
9.967328310012817383e-01
9.946432113647460938e-01
9.808992743492126465e-01
9.646402597427368164e-01
8.392533063888549805e-01
7.034807205200195312e-01
4.773005843162536621e-01
2.766097486019134521e-01
2.924921512603759766e-01
3.426339626312255859e-01
5.322487354278564453e-01
6.795706748962402344e-01
7.206243276596069336e-01
7.885541915893554688e-01
9.006314277648925781e-01
9.698055386543273926e-01
9.907860159873962402e-01
1.000000000000000000e+00
