7.864661216735839844e-01
9.333297610282897949e-01
9.714759588241577148e-01
9.800149798393249512e-01
9.760969281196594238e-01
9.596046209335327148e-01
9.626300334930419922e-01
9.745038151741027832e-01
9.954879879951477051e-01
9.984707832336425781e-01
9.997493624687194824e-01
9.999336004257202148e-01
9.999189972877502441e-01
9.982069134712219238e-01
9.782198667526245117e-01
5.398233532905578613e-01
2.424857169389724731e-01
1.158737838268280029e-01
7.072286605834960938e-01
9.664213061332702637e-01
9.962663650512695312e-01
9.959985017776489258e-01
9.866533279418945312e-01
9.439477920532226562e-01
7.409452199935913086e-01
5.435964465141296387e-01
4.295277297496795654e-01
6.762536168098449707e-01
8.674303293228149414e-01
9.979063272476196289e-01
9.967049956321716309e-01
9.872433543205261230e-01
9.736741781234741211e-01
9.567625522613525391e-01
9.661424756050109863e-01
9.778329730033874512e-01
9.754430651664733887e-01
9.699431657791137695e-01
9.663746953010559082e-01
9.686886072158813477e-01
9.497421979904174805e-01
9.209568500518798828e-01
8.817484378814697266e-01
9.219218492507934570e-01
9.577401280403137207e-01
9.655349850654602051e-01
9.375962018966674805e-01
9.128067493438720703e-01
8.987650275230407715e-01
9.588100910186767578e-01
9.970885515213012695e-01
9.997557401657104492e-01
9.999233484268188477e-01
9.998545050621032715e-01
9.996592998504638672e-01
9.924582839012145996e-01
9.572346210479736328e-01
8.941894769668579102e-01
9.253937602043151855e-01
9.590386748313903809e-01
9.938004016876220703e-01
9.978954792022705078e-01
9.998313188552856445e-01
9.999883174896240234e-01
9.999965429306030273e-01
9.999997615814208984e-01
9.999988079071044922e-01
9.999915957450866699e-01
9.996317028999328613e-01
9.952861666679382324e-01
9.616205096244812012e-01
8.525373339653015137e-01
7.059413194656372070e-01
6.071208119392395020e-01
7.505146861076354980e-01
9.815039634704589844e-01
9.952787756919860840e-01
9.998497962951660156e-01
9.999476075172424316e-01
9.998648762702941895e-01
9.997249841690063477e-01
9.996507167816162109e-01
9.999229907989501953e-01
1.000000000000000000e+00
1.000000000000000000e+00
1.000000000000000000e+00
9.999223351478576660e-01
9.997328519821166992e-01
9.992882013320922852e-01
9.979346394538879395e-01
9.950550198554992676e-01
9.888377189636230469e-01
9.853336215019226074e-01
9.849226474761962891e-01
9.902215003967285156e-01
9.780144691467285156e-01
9.577679038047790527e-01
9.293423891067504883e-01
9.576410651206970215e-01
9.883329272270202637e-01
9.976466894149780273e-01
9.996424913406372070e-01
1.000000000000000000e+00
1.000000000000000000e+00
1.000000000000000000e+00
9.998506903648376465e-01
9.994377493858337402e-01
9.991674423217773438e-01
9.991400241851806641e-01
9.994793534278869629e-01
9.997426867485046387e-01
9.999115467071533203e-01
9.999487400054931641e-01
9.997743964195251465e-01
9.994736909866333008e-01
9.990230202674865723e-01
9.950470924377441406e-01
9.802301526069641113e-01
9.509055614471435547e-01
9.624457955360412598e-01
9.780192971229553223e-01
9.947741627693176270e-01
9.984318614006042480e-01
9.949123859405517578e-01
9.835392832756042480e-01
9.491150379180908203e-01
8.740895986557006836e-01
7.524194717407226562e-01
6.683321595191955566e-01
6.335452198982238770e-01
6.525455713272094727e-01
8.307749629020690918e-01
9.482589960098266602e-01
9.961211681365966797e-01
9.987784624099731445e-01
9.998593330383300781e-01
9.998802542686462402e-01
9.989512562751770020e-01
9.959848523139953613e-01
9.909656643867492676e-01
9.799281358718872070e-01
9.632478952407836914e-01
9.402099847793579102e-01
8.447393774986267090e-01
5.323389172554016113e-01
2.805420197546482086e-02
9.032620117068290710e-03
7.050468298075429630e-07
5.665615200996398926e-03
2.007425129413604736e-01
5.362365841865539551e-01
9.810083508491516113e-01
9.922662377357482910e-01
9.758715629577636719e-01
9.262499809265136719e-01
6.420871019363403320e-01
3.762399554252624512e-01
1.449354588985443115e-01
3.468073606491088867e-01
6.315114498138427734e-01
9.698733091354370117e-01
9.904205799102783203e-01
9.958378076553344727e-01
9.865483045578002930e-01
9.348735213279724121e-01
8.976451754570007324e-01
8.774860501289367676e-01
9.546639919281005859e-01
9.905232787132263184e-01
9.877506494522094727e-01
8.952519893646240234e-01
7.560150027275085449e-01
5.901681184768676758e-01
6.117089390754699707e-01
7.615170478820800781e-01
9.989613294601440430e-01
9.996808767318725586e-01
9.999994039535522461e-01
9.999913573265075684e-01
9.998609423637390137e-01
9.964055418968200684e-01
9.906222820281982422e-01
9.905272126197814941e-01
9.934602975845336914e-01
9.985580444335937500e-01
9.989736080169677734e-01
9.991994500160217285e-01
9.992711544036865234e-01
9.993326663970947266e-01
9.986144900321960449e-01
9.971952438354492188e-01
9.945019483566284180e-01
9.928572177886962891e-01
9.914687871932983398e-01
9.774141907691955566e-01
9.357715845108032227e-01
8.699437379837036133e-01
7.806769609451293945e-01
7.523581385612487793e-01
7.806354761123657227e-01
9.224557280540466309e-01
9.926127791404724121e-01
9.999651312828063965e-01
9.999850988388061523e-01
9.999758601188659668e-01
9.998955726623535156e-01
9.981076121330261230e-01
8.973385095596313477e-01
7.056031823158264160e-01
5.198939442634582520e-01
4.926359951496124268e-01
6.159908771514892578e-01
8.197051286697387695e-01
9.042089581489562988e-01
8.719208836555480957e-01
7.665833234786987305e-01
7.443498373031616211e-01
8.059423565864562988e-01
9.208372831344604492e-01
9.860618114471435547e-01
9.993244409561157227e-01
9.998065829277038574e-01
9.990782141685485840e-01
9.972555041313171387e-01
8.874680399894714355e-01
8.126847147941589355e-01
7.813889980316162109e-01
8.435724377632141113e-01
8.777990341186523438e-01
8.738428950309753418e-01
8.883253931999206543e-01
9.180121421813964844e-01
9.655550122261047363e-01
9.870550632476806641e-01
9.986602663993835449e-01
9.995294213294982910e-01
9.991596341133117676e-01
9.986099004745483398e-01
9.979513883590698242e-01
9.987550377845764160e-01
9.994921684265136719e-01
9.999093413352966309e-01
9.999446868896484375e-01
9.998733401298522949e-01
9.997052550315856934e-01
9.995517730712890625e-01
9.994313716888427734e-01
9.993638992309570312e-01
9.972290396690368652e-01
9.922685623168945312e-01
9.827420711517333984e-01
9.709444046020507812e-01
9.250381588935852051e-01
8.120527267456054688e-01
4.248189926147460938e-01
1.132779940962791443e-01
8.856762945652008057e-02
4.418902993202209473e-01
8.010594248771667480e-01
9.618404507637023926e-01
9.978411793708801270e-01
9.999260902404785156e-01
9.999861717224121094e-01
9.994918107986450195e-01
9.972250461578369141e-01
9.903873801231384277e-01
9.605150818824768066e-01
9.329101443290710449e-01
9.371891021728515625e-01
9.604533910751342773e-01
9.864348173141479492e-01
9.967629909515380859e-01
9.998878836631774902e-01
9.999907612800598145e-01
9.999569654464721680e-01
9.990884065628051758e-01
9.979599118232727051e-01
9.974092245101928711e-01
9.980438351631164551e-01
9.991859793663024902e-01
9.997835159301757812e-01
1.000000000000000000e+00
9.999826550483703613e-01
9.998435378074645996e-01
9.998114109039306641e-01
9.998500943183898926e-01
9.999211430549621582e-01
9.998663067817687988e-01
9.987844228744506836e-01
9.864482283592224121e-01
8.782820701599121094e-01
7.035856246948242188e-01
6.713175177574157715e-01
7.346370816230773926e-01
8.790787458419799805e-01
9.593951106071472168e-01
9.992759227752685547e-01
9.999853372573852539e-01
9.999942779541015625e-01
9.999932050704956055e-01
9.999862313270568848e-01
9.999522566795349121e-01
9.998794794082641602e-01
9.997607469558715820e-01
9.992749094963073730e-01
9.984952211380004883e-01
9.973475933074951172e-01
9.973081350326538086e-01
9.979832172393798828e-01
9.995901584625244141e-01
9.997522234916687012e-01
9.017478227615356445e-01
6.293022036552429199e-01
4.407472312450408936e-01
4.243845641613006592e-01
7.276107072830200195e-01
8.798390626907348633e-01
9.650139808654785156e-01
9.737449288368225098e-01
9.857328534126281738e-01
9.959757328033447266e-01
9.987806677818298340e-01
9.995724558830261230e-01
9.994346499443054199e-01
9.984782338142395020e-01
9.918781518936157227e-01
9.851382970809936523e-01
9.872907400131225586e-01
9.922779202461242676e-01
9.727112054824829102e-01
8.174944519996643066e-01
7.473428249359130859e-01
7.195419073104858398e-01
6.571198701858520508e-01
6.790266633033752441e-01
7.632144689559936523e-01
9.285381436347961426e-01
9.974234700202941895e-01
9.932248592376708984e-01
9.876069426536560059e-01
9.856196045875549316e-01
9.862423539161682129e-01
9.415947794914245605e-01
9.204422235488891602e-01
9.233933687210083008e-01
9.703251719474792480e-01
9.975009560585021973e-01
9.998252391815185547e-01
9.999511837959289551e-01
9.999299049377441406e-01
9.999107718467712402e-01
9.999271035194396973e-01
9.999437332153320312e-01
9.999540448188781738e-01
9.999027252197265625e-01
9.997553229331970215e-01
9.994369745254516602e-01
9.974561333656311035e-01
9.940627813339233398e-01
9.881905913352966309e-01
9.847176671028137207e-01
9.841589331626892090e-01
9.902032613754272461e-01
9.947622418403625488e-01
9.979278445243835449e-01
9.978945851325988770e-01
9.473833441734313965e-01
8.475458025932312012e-01
6.119289398193359375e-01
4.646511971950531006e-01
4.007235765457153320e-01
5.920590162277221680e-01
7.838854789733886719e-01
9.641256332397460938e-01
9.879624247550964355e-01
9.991255402565002441e-01
9.998697042465209961e-01
9.995696544647216797e-01
9.947493672370910645e-01
9.854647517204284668e-01
7.174755334854125977e-01
5.475805997848510742e-01
5.022342205047607422e-01
6.985284090042114258e-01
8.694030642509460449e-01
9.771352410316467285e-01
9.951716661453247070e-01
9.988154768943786621e-01
9.980580210685729980e-01
9.978601932525634766e-01
9.980987310409545898e-01
9.990606307983398438e-01
9.988478422164916992e-01
9.976651668548583984e-01
9.946408271789550781e-01
9.925367236137390137e-01
9.916798472404479980e-01
9.943071603775024414e-01
9.968520402908325195e-01
9.990269541740417480e-01
9.994423985481262207e-01
9.996707439422607422e-01
9.988362193107604980e-01
9.898165464401245117e-01
6.209696531295776367e-01
2.347610704600811005e-02
7.558663375675678253e-03
1.145663077838464322e-26
1.474131906801233499e-29
2.189116546767981421e-29
3.083609342575073242e-01
9.629635810852050781e-01
6.393151879310607910e-01
5.735745429992675781e-01
9.515542387962341309e-01
9.969620108604431152e-01
9.993239641189575195e-01
9.987387061119079590e-01
9.925855994224548340e-01
9.865171313285827637e-01
9.831083416938781738e-01
9.895502924919128418e-01
9.970160722732543945e-01
9.990960955619812012e-01
9.997932314872741699e-01
9.999325275421142578e-01
9.999777078628540039e-01
9.999960064888000488e-01
9.999999403953552246e-01
1.000000000000000000e+00
9.999999403953552246e-01
9.999998807907104492e-01
9.999996423721313477e-01
9.999939799308776855e-01
9.999831318855285645e-01
9.999286532402038574e-01
9.998781681060791016e-01
9.998317956924438477e-01
9.999176859855651855e-01
9.999761581420898438e-01
9.999887347221374512e-01
9.999787211418151855e-01
9.999076128005981445e-01
9.997332096099853516e-01
9.994767308235168457e-01
9.994258284568786621e-01
9.998924136161804199e-01
9.999936223030090332e-01
9.999601244926452637e-01
9.998468756675720215e-01
9.998705983161926270e-01
9.996601343154907227e-01
9.980677962303161621e-01
9.855931997299194336e-01
9.683883190155029297e-01
9.619031548500061035e-01
9.726873040199279785e-01
9.951277971267700195e-01
9.960515499114990234e-01
9.927226901054382324e-01
9.853562116622924805e-01
5.636173486709594727e-01
2.308746129274368286e-01
1.808954775333404541e-02
0.000000000000000000e+00
0.000000000000000000e+00
0.000000000000000000e+00
6.230540578909191107e-14
1.720587536692619324e-02
7.227190583944320679e-02
5.147786140441894531e-01
9.283577799797058105e-01
9.080938696861267090e-01
8.137749433517456055e-01
7.388950586318969727e-01
8.972776532173156738e-01
9.728422760963439941e-01
9.983867406845092773e-01
9.933921098709106445e-01
9.773840308189392090e-01
9.543344378471374512e-01
9.656631946563720703e-01
9.794729351997375488e-01
9.957993626594543457e-01
3.717677593231201172e-01
1.783977932063862681e-04
1.757496829668525606e-05
7.431092630127977827e-09
2.227706015110015869e-01
8.491759896278381348e-01
9.822642207145690918e-01
9.971929192543029785e-01
9.883688688278198242e-01
9.279477596282958984e-01
8.413653969764709473e-01
7.219079732894897461e-01
8.064562678337097168e-01
9.671386480331420898e-01
9.730696678161621094e-01
9.826992750167846680e-01
9.942442178726196289e-01
9.963712096214294434e-01
9.975005388259887695e-01
9.977130293846130371e-01
9.916625022888183594e-01
9.502050876617431641e-01
8.649941086769104004e-01
6.496119499206542969e-01
5.210208296775817871e-01
5.634624361991882324e-01
7.379925847053527832e-01
9.023655652999877930e-01
9.759186506271362305e-01
9.970511794090270996e-01
9.999885559082031250e-01
9.999958872795104980e-01
9.999852180480957031e-01
9.999448657035827637e-01
9.997682571411132812e-01
9.992889761924743652e-01
9.985449910163879395e-01
9.967980384826660156e-01
9.951528906822204590e-01
9.936020970344543457e-01
9.931408166885375977e-01
9.941964149475097656e-01
9.972022175788879395e-01
9.988352060317993164e-01
9.998102188110351562e-01
9.998744130134582520e-01
9.997280240058898926e-01
9.994941949844360352e-01
9.991567730903625488e-01
9.992074966430664062e-01
9.993505477905273438e-01
9.992672801017761230e-01
9.992933273315429688e-01
9.994006752967834473e-01
9.996951222419738770e-01
9.998733997344970703e-01
9.999594092369079590e-01
9.999520182609558105e-01
9.999641180038452148e-01
9.999977946281433105e-01
9.997044205665588379e-01
9.989382624626159668e-01
9.974723458290100098e-01
9.972007274627685547e-01
9.974526166915893555e-01
9.984053969383239746e-01
9.990698099136352539e-01
9.994921088218688965e-01
9.993692636489868164e-01
9.858237504959106445e-01
9.399958252906799316e-01
7.220292091369628906e-01
6.586080789566040039e-01
7.076904177665710449e-01
8.307501077651977539e-01
9.218491911888122559e-01
9.807545542716979980e-01
9.923443198204040527e-01
9.966832399368286133e-01
9.939281940460205078e-01
9.970415234565734863e-01
9.997686147689819336e-01
9.996790885925292969e-01
9.976288080215454102e-01
9.900125265121459961e-01
9.653708934783935547e-01
9.325831532478332520e-01
9.072712063789367676e-01
9.553678631782531738e-01
9.835368990898132324e-01
9.777209162712097168e-01
5.157135725021362305e-01
1.920652389526367188e-01
9.314917959272861481e-03
1.020901585491174046e-08
6.198264124179786450e-09
2.154711609136938932e-08
2.703841403126716614e-02
2.284580320119857788e-01
8.127698302268981934e-01
9.738017916679382324e-01
9.947168827056884766e-01
9.888615012168884277e-01
9.588342308998107910e-01
9.123029708862304688e-01
8.339456319808959961e-01
8.143869638442993164e-01
8.408851623535156250e-01
9.412001371383666992e-01
9.957707524299621582e-01
9.994295835494995117e-01
9.998496174812316895e-01
9.992461800575256348e-01
9.973751306533813477e-01
8.993977904319763184e-01
6.916487812995910645e-01
2.502312064170837402e-01
7.031274586915969849e-02
2.773864660412073135e-03
2.159884897992014885e-03
2.127469144761562347e-02
6.218051165342330933e-02
2.209277749061584473e-01
4.282879233360290527e-01
6.791300177574157715e-01
8.600311875343322754e-01
9.725499153137207031e-01
9.960165619850158691e-01
9.993968605995178223e-01
9.994298815727233887e-01
9.983212947845458984e-01
9.953992366790771484e-01
9.926031231880187988e-01
9.920451045036315918e-01
9.932264089584350586e-01
9.946028590202331543e-01
9.913780689239501953e-01
9.889346361160278320e-01
9.871743321418762207e-01
9.901807904243469238e-01
9.930278658866882324e-01
9.956982135772705078e-01
9.913077354431152344e-01
9.846836328506469727e-01
9.752603173255920410e-01
9.786471128463745117e-01
9.844018220901489258e-01
9.882342815399169922e-01
9.744868278503417969e-01
9.246719479560852051e-01
7.118517756462097168e-01
3.859345018863677979e-01
6.648881480941781774e-06
2.251624891869141720e-06
2.460792508301557857e-17
7.491351291419144501e-17
1.103799045085906982e-01
3.710320591926574707e-01
8.650135993957519531e-01
7.682148218154907227e-01
5.007702112197875977e-01
1.121165305376052856e-01
8.005901472643017769e-04
9.243190288543701172e-03
6.696386635303497314e-02
4.338651001453399658e-01
9.723129868507385254e-01
9.758686423301696777e-01
9.259311556816101074e-01
8.216239809989929199e-01
6.070965528488159180e-01
3.679900765419006348e-01
1.005457192659378052e-01
2.582919225096702576e-02
9.391914308071136475e-02
4.363978505134582520e-01
7.444782257080078125e-01
9.927166700363159180e-01
9.971422553062438965e-01
9.992357492446899414e-01
9.997695088386535645e-01
9.998856186866760254e-01
9.999341368675231934e-01
9.999123215675354004e-01
9.997472763061523438e-01
9.997254014015197754e-01
9.999576807022094727e-01
9.916148781776428223e-01
9.544554352760314941e-01
8.403369784355163574e-01
7.941695451736450195e-01
7.952005267143249512e-01
9.060058593750000000e-01
9.689369797706604004e-01
9.972343444824218750e-01
9.989773631095886230e-01
9.999256134033203125e-01
9.999772310256958008e-01
9.999741315841674805e-01
9.999722838401794434e-01
9.999824166297912598e-01
9.999862909317016602e-01
9.999895095825195312e-01
9.999960660934448242e-01
9.999457597732543945e-01
9.992040395736694336e-01
9.932645559310913086e-01
9.838961362838745117e-01
9.717564582824707031e-01
9.774042367935180664e-01
9.847549796104431152e-01
9.941697120666503906e-01
9.963418245315551758e-01
9.974300265312194824e-01
9.984404444694519043e-01
9.961482882499694824e-01
9.925369024276733398e-01
9.879441261291503906e-01
9.902642369270324707e-01
9.964212179183959961e-01
9.988148808479309082e-01
9.997355341911315918e-01
9.992116689682006836e-01
9.986465573310852051e-01
9.973518848419189453e-01
9.948827028274536133e-01
9.957737326622009277e-01
9.971895813941955566e-01
9.979917407035827637e-01
9.964472055435180664e-01
9.921671152114868164e-01
9.766404032707214355e-01
9.030199050903320312e-01
7.854819893836975098e-01
7.293142676353454590e-01
7.599526643753051758e-01
9.002133607864379883e-01
9.622138738632202148e-01
9.964730143547058105e-01
9.939227700233459473e-01
9.962329864501953125e-01
9.994786977767944336e-01
9.998330473899841309e-01
9.999747276306152344e-01
9.999853372573852539e-01
9.999528527259826660e-01
9.993326663970947266e-01
9.981099367141723633e-01
9.956114888191223145e-01
9.947236776351928711e-01
9.968286156654357910e-01
9.973209500312805176e-01
9.977535009384155273e-01
9.993252158164978027e-01
9.961345791816711426e-01
9.894115924835205078e-01
9.725347161293029785e-01
9.608311057090759277e-01
9.535663723945617676e-01
9.490949511528015137e-01
9.191741347312927246e-01
8.517711758613586426e-01
7.389271855354309082e-01
6.651998162269592285e-01
7.203811407089233398e-01
8.379612565040588379e-01
9.650487899780273438e-01
9.883005023002624512e-01
9.988353252410888672e-01
9.998065829277038574e-01
9.998871088027954102e-01
9.999513030052185059e-01
9.999943971633911133e-01
9.997864961624145508e-01
9.995757937431335449e-01
9.994465708732604980e-01
9.994638562202453613e-01
9.994294643402099609e-01
9.988603591918945312e-01
9.955635070800781250e-01
9.894893169403076172e-01
9.503226280212402344e-01
7.090330123901367188e-01
2.289717495441436768e-01
7.612973451614379883e-02
3.301864780951291323e-04
9.075521375052630901e-04
1.856774240732192993e-01
3.769385814666748047e-01
3.250581920146942139e-01
4.535826146602630615e-01
6.941229104995727539e-01
8.843090534210205078e-01
9.750283360481262207e-01
9.538659453392028809e-01
7.717726230621337891e-01
5.086514353752136230e-01
1.170611754059791565e-01
1.182032283395528793e-02
1.015673038062344269e-16
6.274781692079434451e-17
3.515321168379159644e-06
4.327353555709123611e-03
9.562241286039352417e-02
2.723817825317382812e-01
5.429794788360595703e-01
6.519569754600524902e-01
7.665155529975891113e-01
9.272240996360778809e-01
9.790360331535339355e-01
9.836269021034240723e-01
9.338410496711730957e-01
6.668172478675842285e-01
2.739919722080230713e-01
1.149469241499900818e-01
2.205819264054298401e-02
3.255840623751282692e-03
5.765258683823049068e-04
2.256210912543465952e-10
4.491798252792555957e-11
8.084827764176346856e-21
3.527652808427563487e-23
1.002894093822943074e-23
0.000000000000000000e+00
0.000000000000000000e+00
0.000000000000000000e+00
0.000000000000000000e+00
0.000000000000000000e+00
2.418547140337068413e-09
4.893387085758149624e-05
2.075259835692122579e-04
1.941800713539123535e-01
4.744729101657867432e-01
8.405629992485046387e-01
9.795497655868530273e-01
9.540112614631652832e-01
6.760730743408203125e-01
3.782205581665039062e-01
5.419304594397544861e-02
3.812099341303110123e-03
1.419198606163263321e-02
6.225179508328437805e-02
4.712190330028533936e-01
9.620087146759033203e-01
9.879525303840637207e-01
9.996343255043029785e-01
9.998810887336730957e-01
9.999437332153320312e-01
9.999788999557495117e-01
9.999791383743286133e-01
9.999575614929199219e-01
9.999297857284545898e-01
9.998971819877624512e-01
9.996077418327331543e-01
9.988508224487304688e-01
9.947423934936523438e-01
9.904841780662536621e-01
9.860844612121582031e-01
9.888248443603515625e-01
9.880216121673583984e-01
9.800515174865722656e-01
9.837368726730346680e-01
9.906333684921264648e-01
9.974110126495361328e-01
9.999671578407287598e-01
9.998790621757507324e-01
9.977412819862365723e-01
9.041681289672851562e-01
7.057623267173767090e-01
2.993113100528717041e-01
1.192430431729007978e-06
2.546363475630641915e-07
1.457403364671130753e-24
9.091197669393381265e-20
7.020758521565529559e-19
3.469725549221038818e-01
9.550396800041198730e-01
9.780430793762207031e-01
9.882557988166809082e-01
9.880539178848266602e-01
9.647204875946044922e-01
8.975042104721069336e-01
7.119915485382080078e-01
4.213707745075225830e-01
1.031628996133804321e-01
4.754931107163429260e-02
5.624597147107124329e-02
1.275822520256042480e-01
6.063760519027709961e-01
9.376983046531677246e-01
9.259592294692993164e-01
9.351418614387512207e-01
9.480991959571838379e-01
9.490499496459960938e-01
8.457276225090026855e-01
6.718208193778991699e-01
4.371682703495025635e-01
4.246062338352203369e-01
7.019718885421752930e-01
8.540951609611511230e-01
9.574464559555053711e-01
9.884445071220397949e-01
9.989232420921325684e-01
9.997563958168029785e-01
9.984687566757202148e-01
8.057650923728942871e-01
4.369474053382873535e-01
1.691270321607589722e-01
1.409695934067530864e-19
2.648405331402482700e-20
6.194483148647123016e-08
2.080146409571170807e-02
1.341716796159744263e-01
3.288682401180267334e-01
5.777384042739868164e-01
7.819467186927795410e-01
9.242529869079589844e-01
9.844988584518432617e-01
9.928282499313354492e-01
9.916350841522216797e-01
9.904323220252990723e-01
9.923224449157714844e-01
9.956144690513610840e-01
9.981247186660766602e-01
9.995226860046386719e-01
9.998211264610290527e-01
9.992896318435668945e-01
9.969880580902099609e-01
9.912565350532531738e-01
9.925357103347778320e-01
9.960297346115112305e-01
9.985119700431823730e-01
9.997024536132812500e-01
9.999255537986755371e-01
9.999698996543884277e-01
9.999672770500183105e-01
9.998983740806579590e-01
9.999138712882995605e-01
9.999440908432006836e-01
9.999576210975646973e-01
9.998932480812072754e-01
9.997553825378417969e-01
9.990460872650146484e-01
9.872620701789855957e-01
9.624524116516113281e-01
5.179767608642578125e-01
2.202044725418090820e-01
4.441863298416137695e-01
6.991102695465087891e-01
9.426800012588500977e-01
9.811218380928039551e-01
9.992391467094421387e-01
9.986745119094848633e-01
9.665998220443725586e-01
8.812265992164611816e-01
6.979459524154663086e-01
7.911797761917114258e-01
9.511571526527404785e-01
9.842929244041442871e-01
9.989712238311767578e-01
9.998191595077514648e-01
9.998665452003479004e-01
9.998755455017089844e-01
9.998468160629272461e-01
9.957788586616516113e-01
9.256009459495544434e-01
6.157438755035400391e-01
6.911345720291137695e-01
9.905561804771423340e-01
9.824914336204528809e-01
9.758062958717346191e-01
9.708663225173950195e-01
9.854636192321777344e-01
9.979400634765625000e-01
9.940315485000610352e-01
9.717111587524414062e-01
9.404855370521545410e-01
9.139661788940429688e-01
9.140964150428771973e-01
9.430059790611267090e-01
9.716051816940307617e-01
9.926419854164123535e-01
9.959535598754882812e-01
9.975719451904296875e-01
9.984927773475646973e-01
9.995097517967224121e-01
1.000000000000000000e+00
1.000000000000000000e+00
9.955356121063232422e-01
9.910052418708801270e-01
9.870982170104980469e-01
9.903914928436279297e-01
9.954164028167724609e-01
9.955213665962219238e-01
9.945433735847473145e-01
9.926841855049133301e-01
9.960968494415283203e-01
9.987442493438720703e-01
9.996358156204223633e-01
9.998902678489685059e-01
9.999434351921081543e-01
9.999606609344482422e-01
9.999746680259704590e-01
9.999861717224121094e-01
9.999940395355224609e-01
9.999990463256835938e-01
9.999998211860656738e-01
1.000000000000000000e+00
9.999957084655761719e-01
9.999738335609436035e-01
9.999465346336364746e-01
9.999155998229980469e-01
9.998686909675598145e-01
9.994975328445434570e-01
9.986546039581298828e-01
9.895880818367004395e-01
9.824658036231994629e-01
9.894101023674011230e-01
9.949695467948913574e-01
9.995810985565185547e-01
9.998466372489929199e-01
9.999995827674865723e-01
9.999998807907104492e-01
9.999999403953552246e-01
9.999995827674865723e-01
9.999978542327880859e-01
9.999371170997619629e-01
9.997354745864868164e-01
9.966402649879455566e-01
9.838456511497497559e-01
9.586067795753479004e-01
9.472258687019348145e-01
9.460405707359313965e-01
9.687325358390808105e-01
9.853075742721557617e-01
9.979176521301269531e-01
9.991551041603088379e-01
9.998797774314880371e-01
9.999623298645019531e-01
9.998145699501037598e-01
9.992668032646179199e-01
9.976286292076110840e-01
9.933365583419799805e-01
9.878691434860229492e-01
9.879082441329956055e-01
9.909121394157409668e-01
9.975870251655578613e-01
9.989891052246093750e-01
9.992958903312683105e-01
9.991899728775024414e-01
9.993699193000793457e-01
9.997006058692932129e-01
9.998898506164550781e-01
9.999964833259582520e-01
9.999991059303283691e-01
9.999866485595703125e-01
9.999056458473205566e-01
9.996188282966613770e-01
9.993913769721984863e-01
9.992095232009887695e-01
9.993419647216796875e-01
9.983958601951599121e-01
9.960494637489318848e-01
9.941511154174804688e-01
9.932433366775512695e-01
9.953485727310180664e-01
9.886679649353027344e-01
9.763668179512023926e-01
9.479804635047912598e-01
9.342216849327087402e-01
9.404749870300292969e-01
9.565703272819519043e-01
9.408800005912780762e-01
8.026328086853027344e-01
6.720718741416931152e-01
5.484387874603271484e-01
6.234701871871948242e-01
7.264290452003479004e-01
8.705010414123535156e-01
9.164535999298095703e-01
9.304479956626892090e-01
9.142464399337768555e-01
9.078838229179382324e-01
9.082980751991271973e-01
9.395872950553894043e-01
9.539172649383544922e-01
9.405194520950317383e-01
4.883555769920349121e-01
1.097252685576677322e-02
3.303927602246403694e-03
3.108958117081783712e-05
8.575381798436865211e-05
1.147986054420471191e-01
3.274968266487121582e-01
7.096646428108215332e-01
7.609689235687255859e-01
6.470695137977600098e-01
2.042405009269714355e-01
4.829575558412151472e-28
2.995723843183583268e-29
0.000000000000000000e+00
0.000000000000000000e+00
0.000000000000000000e+00
2.998947501182556152e-01
6.924606561660766602e-01
8.955595493316650391e-01
9.960237145423889160e-01
9.961026310920715332e-01
9.964659810066223145e-01
9.960339665412902832e-01
9.935798645019531250e-01
9.538726210594177246e-01
8.905326724052429199e-01
7.488490343093872070e-01
6.636002659797668457e-01
6.429490447044372559e-01
7.624235749244689941e-01
8.629721999168395996e-01
8.391086459159851074e-01
8.609098196029663086e-01
9.072027802467346191e-01
9.255232214927673340e-01
9.423575997352600098e-01
9.571613073348999023e-01
9.698182940483093262e-01
9.811574816703796387e-01
9.893526434898376465e-01
9.942941069602966309e-01
9.970085620880126953e-01
9.978682398796081543e-01
9.985774159431457520e-01
9.990886449813842773e-01
9.994555711746215820e-01
9.996848702430725098e-01
9.993993639945983887e-01
9.990772008895874023e-01
9.987238049507141113e-01
9.981408119201660156e-01
9.977451562881469727e-01
9.977871179580688477e-01
9.982931613922119141e-01
9.988997578620910645e-01
9.986444115638732910e-01
9.774357080459594727e-01
9.337999820709228516e-01
5.422233343124389648e-01
1.878817677497863770e-01
8.295898884534835815e-02
4.252279177308082581e-02
4.712874069809913635e-02
3.211168050765991211e-01
5.818998217582702637e-01
8.246353864669799805e-01
9.074327349662780762e-01
9.162864089012145996e-01
7.770459055900573730e-01
5.484983325004577637e-01
2.560789585113525391e-01
3.166980445384979248e-01
4.478271901607513428e-01
6.856253147125244141e-01
8.303140401840209961e-01
9.330350160598754883e-01
9.698067307472229004e-01
9.887028932571411133e-01
9.907746911048889160e-01
9.936149716377258301e-01
9.960345029830932617e-01
9.971928000450134277e-01
9.913790225982666016e-01
9.799049496650695801e-01
9.308882355690002441e-01
8.881101608276367188e-01
8.532284498214721680e-01
9.013403058052062988e-01
9.571282267570495605e-01
9.768829941749572754e-01
9.846760630607604980e-01
9.843878149986267090e-01
9.837370514869689941e-01
9.857733845710754395e-01
9.924944043159484863e-01
9.942566752433776855e-01
9.516957998275756836e-01
6.246653199195861816e-01
3.233748674392700195e-01
4.599629342555999756e-02
3.750193119049072266e-02
1.699336022138595581e-01
5.860764384269714355e-01
8.343380093574523926e-01
9.871056675910949707e-01
9.197509288787841797e-01
6.590383648872375488e-01
1.408216953277587891e-01
2.703468315303325653e-02
1.447169762104749680e-02
3.427574783563613892e-02
4.174466431140899658e-02
4.005007073283195496e-02
7.850459218025207520e-02
2.067957371473312378e-01
5.083013772964477539e-01
7.610018849372863770e-01
9.732111692428588867e-01
9.906297326087951660e-01
9.997676014900207520e-01
9.999631643295288086e-01
9.999730587005615234e-01
9.998814463615417480e-01
9.995667338371276855e-01
9.984659552574157715e-01
9.968877434730529785e-01
9.950687289237976074e-01
9.942390918731689453e-01
9.950181841850280762e-01
9.967470765113830566e-01
9.986082911491394043e-01
9.994449019432067871e-01
9.998953342437744141e-01
9.999873638153076172e-01
9.997737407684326172e-01
9.975059628486633301e-01
9.899979233741760254e-01
9.797958135604858398e-01
9.693220853805541992e-01
9.886381626129150391e-01
9.999799132347106934e-01
9.999963045120239258e-01
9.999991059303283691e-01
9.999979734420776367e-01
9.999948740005493164e-01
9.999926686286926270e-01
9.999911785125732422e-01
9.999775886535644531e-01
9.999734163284301758e-01
9.999935626983642578e-01
9.998048543930053711e-01
9.993700981140136719e-01
9.964534640312194824e-01
9.937872886657714844e-01
9.914433360099792480e-01
9.925403594970703125e-01
9.945465326309204102e-01
9.969917535781860352e-01
9.985719323158264160e-01
9.994795322418212891e-01
9.997633099555969238e-01
9.999380707740783691e-01
9.999648928642272949e-01
9.999790191650390625e-01
9.999871253967285156e-01
9.999909996986389160e-01
9.999707937240600586e-01
9.999199509620666504e-01
9.996929168701171875e-01
9.993058443069458008e-01
9.984076619148254395e-01
9.979273080825805664e-01
9.977689981460571289e-01
9.987047314643859863e-01
9.995007514953613281e-01
9.998347163200378418e-01
9.999622106552124023e-01
9.999444484710693359e-01
9.991447925567626953e-01
9.973142147064208984e-01
9.941434264183044434e-01
9.928731322288513184e-01
9.930329322814941406e-01
9.975680708885192871e-01
9.996158480644226074e-01
9.996750950813293457e-01
9.719287753105163574e-01
8.436442017555236816e-01
4.863489270210266113e-01
2.801607251167297363e-01
1.712270975112915039e-01
5.761646032333374023e-01
8.521996140480041504e-01
9.466050863265991211e-01
9.291355609893798828e-01
8.883765339851379395e-01
8.829541802406311035e-01
9.019235372543334961e-01
9.422730803489685059e-01
9.409026503562927246e-01
9.152551293373107910e-01
8.370723128318786621e-01
7.725071907043457031e-01
7.180989980697631836e-01
8.247556090354919434e-01
8.824050426483154297e-01
8.618893027305603027e-01
8.454813957214355469e-01
8.449940085411071777e-01
9.452435970306396484e-01
9.965010285377502441e-01
9.980133771896362305e-01
9.991282224655151367e-01
9.998652935028076172e-01
9.995893836021423340e-01
9.984462261199951172e-01
9.967387914657592773e-01
9.922580122947692871e-01
9.895114302635192871e-01
9.902225732803344727e-01
9.933480024337768555e-01
9.972556233406066895e-01
9.988068342208862305e-01
9.997198581695556641e-01
9.998474121093750000e-01
9.998868107795715332e-01
9.998893141746520996e-01
9.998161792755126953e-01
9.997226595878601074e-01
9.996123909950256348e-01
9.990601539611816406e-01
9.960155487060546875e-01
9.868445992469787598e-01
9.301832914352416992e-01
8.487786650657653809e-01
7.864525318145751953e-01
7.827575802803039551e-01
8.721915483474731445e-01
9.331074357032775879e-01
9.796801209449768066e-01
9.891580343246459961e-01
9.952693581581115723e-01
9.978355169296264648e-01
9.990098476409912109e-01
9.997617602348327637e-01
9.998577833175659180e-01
9.998372793197631836e-01
9.997341036796569824e-01
9.990006685256958008e-01
9.984298944473266602e-01
9.982827305793762207e-01
9.988895654678344727e-01
9.998089075088500977e-01
9.997833967208862305e-01
9.988438487052917480e-01
9.965839385986328125e-01
9.858356714248657227e-01
9.765872359275817871e-01
9.922258257865905762e-01
9.983030557632446289e-01
9.949285387992858887e-01
9.968318343162536621e-01
9.990034103393554688e-01
9.993457198143005371e-01
9.981533288955688477e-01
9.959072470664978027e-01
9.286822080612182617e-01
8.862544894218444824e-01
9.034506082534790039e-01
9.394865036010742188e-01
9.734891057014465332e-01
7.733060121536254883e-01
4.914801120758056641e-01
9.175863116979598999e-02
1.342434138059616089e-01
2.621747255325317383e-01
8.809668570756912231e-02
4.056649371786945788e-36
1.224949630911881485e-35
3.648373065516352654e-03
6.676965206861495972e-02
3.432956933975219727e-01
5.877822041511535645e-01
8.082844018936157227e-01
9.016193747520446777e-01
9.665980339050292969e-01
9.846444129943847656e-01
9.934235215187072754e-01
9.973270297050476074e-01
9.974053502082824707e-01
9.977539777755737305e-01
9.985404610633850098e-01
9.990929961204528809e-01
9.994328618049621582e-01
9.986237883567810059e-01
9.970773458480834961e-01
9.946684837341308594e-01
9.945532679557800293e-01
9.954152703285217285e-01
9.984344840049743652e-01
9.998797178268432617e-01
9.999793767929077148e-01
9.999796748161315918e-01
9.999625086784362793e-01
9.999276399612426758e-01
9.995250105857849121e-01
9.988943338394165039e-01
9.980136752128601074e-01
9.293251633644104004e-01
7.257288694381713867e-01
3.840688467025756836e-01
5.319916507318112053e-09
1.981551589480545772e-09
6.487455412690313825e-15
2.247799792435764554e-14
1.483603729866445065e-03
3.148017451167106628e-02
2.693526148796081543e-01
5.156753659248352051e-01
7.715839743614196777e-01
8.757737278938293457e-01
9.396695494651794434e-01
9.609991312026977539e-01
9.801444411277770996e-01
9.975058436393737793e-01
9.996384382247924805e-01
9.973462224006652832e-01
9.870265126228332520e-01
9.734027385711669922e-01
9.576910734176635742e-01
9.712546467781066895e-01
9.846545457839965820e-01
9.957487583160400391e-01
9.995643496513366699e-01
9.999397993087768555e-01
9.997698068618774414e-01
9.955354928970336914e-01
9.849284291267395020e-01
9.305529594421386719e-01
8.648647069931030273e-01
8.317216634750366211e-01
7.752832174301147461e-01
6.905235052108764648e-01
8.328424096107482910e-01
9.923691749572753906e-01
9.554417133331298828e-01
8.815195560455322266e-01
7.722680568695068359e-01
8.790524601936340332e-01
9.897648692131042480e-01
9.964669942855834961e-01
9.994639754295349121e-01
9.996967315673828125e-01
9.987475872039794922e-01
9.958443641662597656e-01
9.881339073181152344e-01
9.700070619583129883e-01
9.457436800003051758e-01
9.030070304870605469e-01
8.725950121879577637e-01
8.673691749572753906e-01
5.187545418739318848e-01
3.060470335185527802e-02
1.160220894962549210e-02
1.147332932305289432e-05
4.093460665899328887e-05
3.427979052066802979e-01
7.755931615829467773e-01
9.116815328598022461e-01
9.879089593887329102e-01
9.893378019332885742e-01
9.924709796905517578e-01
9.957655072212219238e-01
9.973706007003784180e-01
9.986575841903686523e-01
9.996190667152404785e-01
9.998603463172912598e-01
9.997606873512268066e-01
9.988004565238952637e-01
9.819758534431457520e-01
9.518451094627380371e-01
9.606569409370422363e-01
9.683108329772949219e-01
9.579048752784729004e-01
7.976740598678588867e-01
5.348284840583801270e-01
5.005692839622497559e-01
5.438469648361206055e-01
7.422140240669250488e-01
8.842791318893432617e-01
9.943385124206542969e-01
9.982520341873168945e-01
9.997714757919311523e-01
9.997537136077880859e-01
9.996516704559326172e-01
9.995083808898925781e-01
9.993007779121398926e-01
9.992697834968566895e-01
9.995318651199340820e-01
9.992786645889282227e-01
9.985365271568298340e-01
9.939665198326110840e-01
8.853747248649597168e-01
6.317737102508544922e-01
3.099743127822875977e-01
1.696409657597541809e-02
1.336705386638641357e-01
3.357642590999603271e-01
6.396641731262207031e-01
4.414593577384948730e-01
1.595628112554550171e-01
1.176422238349914551e-01
2.976910173892974854e-01
7.060407996177673340e-01
8.863549232482910156e-01
9.978911280632019043e-01
9.991334676742553711e-01
9.997038245201110840e-01
9.996745586395263672e-01
9.998015165328979492e-01
9.999264478683471680e-01
9.999625682830810547e-01
9.999796748161315918e-01
9.999819397926330566e-01
9.999828934669494629e-01
9.999825954437255859e-01
9.999792575836181641e-01
9.998443722724914551e-01
9.996199011802673340e-01
9.946612119674682617e-01
9.898786544799804688e-01
9.863282442092895508e-01
9.855366349220275879e-01
9.863922595977783203e-01
9.920639395713806152e-01
9.967254400253295898e-01
9.988037347793579102e-01
9.996436238288879395e-01
9.998238086700439453e-01
9.984213113784790039e-01
9.866383671760559082e-01
9.544836282730102539e-01
8.444058895111083984e-01
7.017202377319335938e-01
7.317755818367004395e-01
7.730461955070495605e-01
8.339074850082397461e-01
8.627085685729980469e-01
8.786306977272033691e-01
9.047116041183471680e-01
8.872765898704528809e-01
8.010493516921997070e-01
7.180005311965942383e-01
6.484830975532531738e-01
7.445557713508605957e-01
8.475117683410644531e-01
9.604300260543823242e-01
9.761217236518859863e-01
9.376242160797119141e-01
6.805132627487182617e-01
4.039326608180999756e-01
1.015176028013229370e-01
6.405602395534515381e-02
1.367746740579605103e-01
4.594118893146514893e-01
7.056914567947387695e-01
8.579933047294616699e-01
7.624749541282653809e-01
6.190413236618041992e-01
6.094504594802856445e-01
6.574823856353759766e-01
7.722282409667968750e-01
8.665658235549926758e-01
9.473031759262084961e-01
9.766598939895629883e-01
9.940858483314514160e-01
9.985143542289733887e-01
9.996162056922912598e-01
9.998770356178283691e-01
9.996317625045776367e-01
9.857184290885925293e-01
9.576947093009948730e-01
8.883391618728637695e-01
7.943248152732849121e-01
6.185063719749450684e-01
4.252170622348785400e-01
2.145383507013320923e-01
2.849373221397399902e-01
4.364697039127349854e-01
7.141447067260742188e-01
8.889849185943603516e-01
9.651407599449157715e-01
9.755057096481323242e-01
9.095314145088195801e-01
5.569654107093811035e-01
2.666886448860168457e-01
3.421227261424064636e-02
1.422903733327984810e-04
2.791466191411018372e-02
1.747618168592453003e-01
2.378255277872085571e-01
2.242769747972488403e-01
4.160627126693725586e-01
6.427263021469116211e-01
8.727526068687438965e-01
9.870559573173522949e-01
9.970849752426147461e-01
9.901794791221618652e-01
9.790187478065490723e-01
9.616212248802185059e-01
9.577972888946533203e-01
9.660255312919616699e-01
9.797953963279724121e-01
9.923264384269714355e-01
9.962238073348999023e-01
9.982572197914123535e-01
9.986270070075988770e-01
9.989539980888366699e-01
9.992822408676147461e-01
9.996460080146789551e-01
9.998731613159179688e-01
9.999777674674987793e-01
9.999853968620300293e-01
9.999018907546997070e-01
9.995039105415344238e-01
9.981816411018371582e-01
9.960249662399291992e-01
9.921863675117492676e-01
9.892795085906982422e-01
9.915658235549926758e-01
9.929503798484802246e-01
9.934986829757690430e-01
9.925599098205566406e-01
9.886730313301086426e-01
9.726082682609558105e-01
9.511556625366210938e-01
9.245474338531494141e-01
9.260284900665283203e-01
9.356765747070312500e-01
9.591011404991149902e-01
9.782415032386779785e-01
9.931517839431762695e-01
9.968432784080505371e-01
9.978854060173034668e-01
9.968506693840026855e-01
9.719352722167968750e-01
9.223220348358154297e-01
7.660825848579406738e-01
6.101692318916320801e-01
5.874142646789550781e-01
5.960217118263244629e-01
6.388459801673889160e-01
7.353038191795349121e-01
8.409698009490966797e-01
9.246215224266052246e-01
9.776355028152465820e-01
9.953833222389221191e-01
9.994884133338928223e-01
9.998312592506408691e-01
9.986755251884460449e-01
9.645563960075378418e-01
8.898780941963195801e-01
8.978286385536193848e-01
9.261445403099060059e-01
9.229365587234497070e-01
9.309725761413574219e-01
9.539772272109985352e-01
9.455966353416442871e-01
9.257568120956420898e-01
8.912711143493652344e-01
7.910239100456237793e-01
5.959737896919250488e-01
3.752962052822113037e-01
1.585847288370132446e-01
1.303819715976715088e-01
1.876864284276962280e-01
3.797962367534637451e-01
6.661525368690490723e-01
9.779118895530700684e-01
9.904087781906127930e-01
9.987025260925292969e-01
9.996289014816284180e-01
9.999501109123229980e-01
9.999958872795104980e-01
9.999830722808837891e-01
9.996880292892456055e-01
9.988412261009216309e-01
9.890299439430236816e-01
9.746896624565124512e-01
9.178521633148193359e-01
8.923972249031066895e-01
9.370881319046020508e-01
9.666793346405029297e-01
9.875558018684387207e-01
9.910644292831420898e-01
9.941792488098144531e-01
9.981747269630432129e-01
9.998311996459960938e-01
9.999587535858154297e-01
9.980942010879516602e-01
9.845141172409057617e-01
9.365371465682983398e-01
8.733526468276977539e-01
7.990575432777404785e-01
7.839699387550354004e-01
7.922524809837341309e-01
8.593893051147460938e-01
9.212039709091186523e-01
9.783849716186523438e-01
9.892253875732421875e-01
9.881187677383422852e-01
9.665418863296508789e-01
9.217467904090881348e-01
8.543778657913208008e-01
8.217426538467407227e-01
8.142160177230834961e-01
9.094187021255493164e-01
9.708322882652282715e-01
9.939131736755371094e-01
9.986923933029174805e-01
9.955931901931762695e-01
9.683227539062500000e-01
7.591337561607360840e-01
3.110659420490264893e-01
1.295997798442840576e-01
4.121937975287437439e-02
1.565121300518512726e-02
1.182177849113941193e-02
4.208662733435630798e-02
3.447632193565368652e-01
7.518801689147949219e-01
8.937122225761413574e-01
9.889948964118957520e-01
9.964060187339782715e-01
9.985930919647216797e-01
9.981649518013000488e-01
9.988236427307128906e-01
9.994098544120788574e-01
9.997909665107727051e-01
9.999571442604064941e-01
9.999925494194030762e-01
9.999874830245971680e-01
9.999775290489196777e-01
9.999613761901855469e-01
9.999063611030578613e-01
9.998224973678588867e-01
9.994198083877563477e-01
9.990379810333251953e-01
9.988855719566345215e-01
9.990320205688476562e-01
9.994479417800903320e-01
9.996214509010314941e-01
9.988719224929809570e-01
9.935514926910400391e-01
9.723193049430847168e-01
9.335897564888000488e-01
8.945025801658630371e-01
8.630318641662597656e-01
8.962853550910949707e-01
9.315453767776489258e-01
9.695544838905334473e-01
9.880437254905700684e-01
9.854469299316406250e-01
7.292740345001220703e-01
4.442915320396423340e-01
1.097415536642074585e-01
2.081455430015921593e-03
2.355411379539873451e-05
2.265397459268569946e-01
4.722098708152770996e-01
7.592099905014038086e-01
8.967759609222412109e-01
9.450101256370544434e-01
9.668565392494201660e-01
9.843247532844543457e-01
9.938309192657470703e-01
9.986103773117065430e-01
9.997722506523132324e-01
9.999352097511291504e-01
9.997012615203857422e-01
9.983786940574645996e-01
9.338960051536560059e-01
8.078476190567016602e-01
4.029523432254791260e-01
1.533502290840260684e-05
5.469195912155555561e-06
4.357087433245079159e-24
1.414611880968733795e-23
4.869222539127804339e-05
1.286831218749284744e-03
1.839852146804332733e-02
1.248801127076148987e-01
3.775715231895446777e-01
4.128986001014709473e-01
3.527858555316925049e-01
6.600619554519653320e-01
8.830083012580871582e-01
9.218295812606811523e-01
8.296480774879455566e-01
6.593262553215026855e-01
5.214039683341979980e-01
4.456967115402221680e-01
5.527973771095275879e-01
7.026395201683044434e-01
8.864731192588806152e-01
9.340298175811767578e-01
9.593577384948730469e-01
9.785778522491455078e-01
9.913868904113769531e-01
9.974527955055236816e-01
9.986343383789062500e-01
9.983111023902893066e-01
9.958473443984985352e-01
9.905260205268859863e-01
9.811750650405883789e-01
9.761703610420227051e-01
9.729698300361633301e-01
9.741078615188598633e-01
9.781566262245178223e-01
9.878132939338684082e-01
9.943472743034362793e-01
9.991921186447143555e-01
9.996974468231201172e-01
9.999080300331115723e-01
9.998536705970764160e-01
9.972077608108520508e-01
9.926201701164245605e-01
9.714591503143310547e-01
9.485889673233032227e-01
9.280766248703002930e-01
9.301159977912902832e-01
9.552182555198669434e-01
9.696452617645263672e-01
9.779356718063354492e-01
9.577746987342834473e-01
9.337320923805236816e-01
9.041992425918579102e-01
8.945791721343994141e-01
8.916076421737670898e-01
8.467406034469604492e-01
8.070410490036010742e-01
7.777711749076843262e-01
8.350129127502441406e-01
9.414324760437011719e-01
9.596537351608276367e-01
9.581544995307922363e-01
9.130852222442626953e-01
8.435325622558593750e-01
7.544455528259277344e-01
7.634888887405395508e-01
7.876009941101074219e-01
8.070706129074096680e-01
8.344799280166625977e-01
8.708788752555847168e-01
9.283402562141418457e-01
9.877318143844604492e-01
9.928441643714904785e-01
9.962215423583984375e-01
9.967316389083862305e-01
9.979789853096008301e-01
9.995709061622619629e-01
9.997897148132324219e-01
9.999251961708068848e-01
9.999074339866638184e-01
9.998782277107238770e-01
9.998411536216735840e-01
9.997929334640502930e-01
9.997376799583435059e-01
9.996596574783325195e-01
9.996705055236816406e-01
9.997708797454833984e-01
9.998820424079895020e-01
9.999854564666748047e-01
9.999943375587463379e-01
9.999983310699462891e-01
9.999949932098388672e-01
9.999907016754150391e-01
9.999859929084777832e-01
9.999775886535644531e-01
9.999591112136840820e-01
9.999178051948547363e-01
9.998223185539245605e-01
9.996919035911560059e-01
9.989208579063415527e-01
9.970557093620300293e-01
9.912995696067810059e-01
9.830172657966613770e-01
9.722830653190612793e-01
9.667193889617919922e-01
9.652181863784790039e-01
9.870666861534118652e-01
9.849123358726501465e-01
9.478917121887207031e-01
9.330824017524719238e-01
9.275796413421630859e-01
9.459580183029174805e-01
9.633862376213073730e-01
9.786916375160217285e-01
9.889668226242065430e-01
9.959902167320251465e-01
9.981073737144470215e-01
9.992541670799255371e-01
9.986197352409362793e-01
9.913239479064941406e-01
9.773718118667602539e-01
9.678065180778503418e-01
9.620615839958190918e-01
9.820682406425476074e-01
9.951806068420410156e-01
9.977247714996337891e-01
9.990866780281066895e-01
9.999210238456726074e-01
9.996901154518127441e-01
9.917024374008178711e-01
9.644818305969238281e-01
9.425829052925109863e-01
9.244965314865112305e-01
9.530734419822692871e-01
9.831598401069641113e-01
9.900363087654113770e-01
9.924437403678894043e-01
9.898191094398498535e-01
8.975974917411804199e-01
7.655510306358337402e-01
4.444840848445892334e-01
3.946297764778137207e-01
8.308550715446472168e-01
9.541847705841064453e-01
9.117987155914306641e-01
9.020367264747619629e-01
8.186409473419189453e-01
5.017262697219848633e-01
3.413645029067993164e-01
3.159780204296112061e-01
4.831266701221466064e-01
6.843601465225219727e-01
8.510359525680541992e-01
9.593219757080078125e-01
9.862007498741149902e-01
9.964156746864318848e-01
9.998810887336730957e-01
9.997996091842651367e-01
9.997680187225341797e-01
9.998531937599182129e-01
9.979052543640136719e-01
9.945625662803649902e-01
9.955587983131408691e-01
9.968774318695068359e-01
9.970900416374206543e-01
9.846289753913879395e-01
9.578721523284912109e-01
8.393394947052001953e-01
7.051417231559753418e-01
8.025909066200256348e-01
8.895987868309020996e-01
9.568474292755126953e-01
9.875746965408325195e-01
9.975255131721496582e-01
9.986332654953002930e-01
9.975168108940124512e-01
9.909202456474304199e-01
9.545664787292480469e-01
8.898924589157104492e-01
6.006017923355102539e-01
2.729209065437316895e-01
1.043572798371315002e-01
2.756953763309866190e-04
6.775455403840169311e-05
6.070205368216289774e-18
2.148813606138456099e-19
1.625240838620811701e-04
1.448596417903900146e-01
7.173539400100708008e-01
9.851761460304260254e-01
9.977781176567077637e-01
9.998754262924194336e-01
9.996857047080993652e-01
9.981856346130371094e-01
9.974641799926757812e-01
9.978488087654113770e-01
9.987071752548217773e-01
9.997683763504028320e-01
9.998683929443359375e-01
9.998511075973510742e-01
9.995586276054382324e-01
9.926629066467285156e-01
9.806734919548034668e-01
9.671651124954223633e-01
9.584550261497497559e-01
9.804268479347229004e-01
9.919369816780090332e-01
9.895132184028625488e-01
9.523451924324035645e-01
9.008319973945617676e-01
7.223871350288391113e-01
5.508137941360473633e-01
3.959882557392120361e-01
2.797982990741729736e-01
1.921783983707427979e-01
2.101048082113265991e-01
2.833642363548278809e-01
5.775108337402343750e-01
8.038498759269714355e-01
9.414955973625183105e-01
9.873375296592712402e-01
9.976140260696411133e-01
9.987514615058898926e-01
9.994128346443176270e-01
9.989229440689086914e-01
9.937596321105957031e-01
9.851980209350585938e-01
9.577018618583679199e-01
9.326201677322387695e-01
9.390546679496765137e-01
9.357849955558776855e-01
9.196971654891967773e-01
9.143537282943725586e-01
9.133107662200927734e-01
9.516177773475646973e-01
9.805359840393066406e-01
9.853747487068176270e-01
9.778826832771301270e-01
9.608758091926574707e-01
9.453963637351989746e-01
9.351065754890441895e-01
9.570002555847167969e-01
9.629115462303161621e-01
9.463366270065307617e-01
8.991975188255310059e-01
8.388549685478210449e-01
6.101879477500915527e-01
3.793382942676544189e-01
1.517310142517089844e-01
4.353986680507659912e-02
3.506238758563995361e-02
1.265566051006317139e-01
2.577800750732421875e-01
5.442773103713989258e-01
7.673375606536865234e-01
8.918423056602478027e-01
9.560740590095520020e-01
9.908671379089355469e-01
9.906978607177734375e-01
9.574677944183349609e-01
8.221521973609924316e-01
7.003931403160095215e-01
5.914164185523986816e-01
6.597648262977600098e-01
7.747495770454406738e-01
9.010625481605529785e-01
9.860555529594421387e-01
9.960029125213623047e-01
9.994032382965087891e-01
9.990378618240356445e-01
9.974068999290466309e-01
9.961100220680236816e-01
9.966669678688049316e-01
9.975991249084472656e-01
9.989423155784606934e-01
9.995787143707275391e-01
9.999731779098510742e-01
9.999793171882629395e-01
9.999784827232360840e-01
9.999623298645019531e-01
9.998806118965148926e-01
9.997534751892089844e-01
9.994728565216064453e-01
9.992125034332275391e-01
9.992082715034484863e-01
9.990775585174560547e-01
9.987753629684448242e-01
9.987199306488037109e-01
9.987691640853881836e-01
9.994570016860961914e-01
9.999761581420898438e-01
9.999778270721435547e-01
9.995547533035278320e-01
9.987613558769226074e-01
9.958584904670715332e-01
9.928768873214721680e-01
9.942085146903991699e-01
9.957060813903808594e-01
9.974977374076843262e-01
9.980235099792480469e-01
9.978357553482055664e-01
9.984201192855834961e-01
9.990481138229370117e-01
9.995551109313964844e-01
9.996163845062255859e-01
9.991688728332519531e-01
9.973426461219787598e-01
9.951086044311523438e-01
9.970229268074035645e-01
9.986385703086853027e-01
9.995346069335937500e-01
9.999471902847290039e-01
9.999879598617553711e-01
9.999959468841552734e-01
9.999919533729553223e-01
9.999436140060424805e-01
9.976959824562072754e-01
9.919694662094116211e-01
9.854668974876403809e-01
9.785788655281066895e-01
9.861272573471069336e-01
9.936920404434204102e-01
9.975736737251281738e-01
9.988056421279907227e-01
9.972045421600341797e-01
9.791900515556335449e-01
9.556909203529357910e-01
9.256371855735778809e-01
9.154931902885437012e-01
9.519383907318115234e-01
9.760521650314331055e-01
9.909151792526245117e-01
9.962021708488464355e-01
9.992907643318176270e-01
9.991838932037353516e-01
9.915791749954223633e-01
9.720905423164367676e-01
6.880245208740234375e-01
2.660925984382629395e-01
2.032185643911361694e-01
2.261326313018798828e-01
4.833847582340240479e-01
7.176446318626403809e-01
9.263585209846496582e-01
9.870750308036804199e-01
9.951969981193542480e-01
8.984920382499694824e-01
7.308172583580017090e-01
3.813565969467163086e-01
2.904904186725616455e-01
4.090807437896728516e-01
6.477271914482116699e-01
8.941323757171630859e-01
9.585247635841369629e-01
9.996155500411987305e-01
9.997985959053039551e-01
9.998940825462341309e-01
9.999386668205261230e-01
9.999546408653259277e-01
9.999476671218872070e-01
9.998429417610168457e-01
9.992590546607971191e-01
9.980551600456237793e-01
9.970961809158325195e-01
9.962419271469116211e-01
9.976647496223449707e-01
9.989033937454223633e-01
9.993537068367004395e-01
9.996227025985717773e-01
9.997155666351318359e-01
9.997881650924682617e-01
9.998520016670227051e-01
9.998511672019958496e-01
9.998704195022583008e-01
9.999341964721679688e-01
9.999716877937316895e-01
9.999899864196777344e-01
9.999697208404541016e-01
9.999274015426635742e-01
9.997634291648864746e-01
9.995827674865722656e-01
9.993743300437927246e-01
9.943913221359252930e-01
9.867077469825744629e-01
9.425513148307800293e-01
9.059054255485534668e-01
9.238634705543518066e-01
9.472378492355346680e-01
9.776360988616943359e-01
9.914212226867675781e-01
9.982091784477233887e-01
9.992877840995788574e-01
9.999707937240600586e-01
9.999892711639404297e-01
9.999917745590209961e-01
9.999781250953674316e-01
9.998014569282531738e-01
9.995806217193603516e-01
9.997072219848632812e-01
9.995203018188476562e-01
9.985529184341430664e-01
9.978978037834167480e-01
9.974982738494873047e-01
9.978573322296142578e-01
9.983721375465393066e-01
9.986813068389892578e-01
9.988480210304260254e-01
9.987388849258422852e-01
9.982984662055969238e-01
9.976403117179870605e-01
9.975603818893432617e-01
9.976582527160644531e-01
9.983614683151245117e-01
9.988600611686706543e-01
9.990344643592834473e-01
9.983599185943603516e-01
9.972285628318786621e-01
9.953220486640930176e-01
9.931977391242980957e-01
9.904116392135620117e-01
9.856728315353393555e-01
9.784051179885864258e-01
9.586867094039916992e-01
9.335229396820068359e-01
9.334216117858886719e-01
9.395053982734680176e-01
9.638984799385070801e-01
9.822239875793457031e-01
9.939001202583312988e-01
9.980956912040710449e-01
9.996311068534851074e-01
9.985210895538330078e-01
9.944333434104919434e-01
9.817132949829101562e-01
9.615777730941772461e-01
9.344995617866516113e-01
9.407760500907897949e-01
9.568755626678466797e-01
9.789256453514099121e-01
9.953507184982299805e-01
9.984193444252014160e-01
9.998379945755004883e-01
9.999220371246337891e-01
9.997825026512145996e-01
9.911959171295166016e-01
8.694172501564025879e-01
7.765676975250244141e-01
7.433821558952331543e-01
7.677166461944580078e-01
8.328824639320373535e-01
9.189937710762023926e-01
9.999896883964538574e-01
9.999891519546508789e-01
9.993862509727478027e-01
9.977074861526489258e-01
9.251066446304321289e-01
8.082950711250305176e-01
8.686135411262512207e-01
9.479376077651977539e-01
9.777141213417053223e-01
9.868170022964477539e-01
9.626527428627014160e-01
6.655570864677429199e-01
2.134601324796676636e-01
1.083674132823944092e-01
8.525583148002624512e-02
2.958553433418273926e-01
5.539643168449401855e-01
8.820179700851440430e-01
9.952950477600097656e-01
9.993343353271484375e-01
9.997749328613281250e-01
9.998801350593566895e-01
9.999225735664367676e-01
9.999160766601562500e-01
9.998438358306884766e-01
9.996126890182495117e-01
9.993066191673278809e-01
9.991446137428283691e-01
9.990538358688354492e-01
9.992261528968811035e-01
9.990714788436889648e-01
9.985021352767944336e-01
9.976151585578918457e-01
9.965900778770446777e-01
9.968289136886596680e-01
9.972845315933227539e-01
9.983266592025756836e-01
9.989757537841796875e-01
9.991532564163208008e-01
9.991903901100158691e-01
9.991695880889892578e-01
9.996245503425598145e-01
9.998727440834045410e-01
9.992709755897521973e-01
9.974229931831359863e-01
9.941284060478210449e-01
9.494080543518066406e-01
8.880310654640197754e-01
8.752128481864929199e-01
8.785920143127441406e-01
9.340608119964599609e-01
9.728839993476867676e-01
9.929195642471313477e-01
9.980121850967407227e-01
9.973615407943725586e-01
9.979105591773986816e-01
9.985281229019165039e-01
9.992645382881164551e-01
9.997401237487792969e-01
9.999239444732666016e-01
9.999701380729675293e-01
9.999629855155944824e-01
9.998852610588073730e-01
9.998192191123962402e-01
9.998018145561218262e-01
9.998301863670349121e-01
9.999102354049682617e-01
9.999527931213378906e-01
9.999805688858032227e-01
9.999759793281555176e-01
9.998472332954406738e-01
9.992747902870178223e-01
9.947373270988464355e-01
9.856463670730590820e-01
9.691511988639831543e-01
9.496676325798034668e-01
9.627348184585571289e-01
9.772282242774963379e-01
9.918381571769714355e-01
9.998533725738525391e-01
9.999654293060302734e-01
9.999989867210388184e-01
9.999991059303283691e-01
9.999986290931701660e-01
9.999942779541015625e-01
9.999741315841674805e-01
9.999155402183532715e-01
9.998089075088500977e-01
9.997914433479309082e-01
9.998138546943664551e-01
9.997939467430114746e-01
9.992775321006774902e-01
9.965237975120544434e-01
9.875709414482116699e-01
9.703032970428466797e-01
9.719976782798767090e-01
9.829338788986206055e-01
9.905986785888671875e-01
9.970348477363586426e-01
9.987492561340332031e-01
9.996903538703918457e-01
9.995129108428955078e-01
9.989395141601562500e-01
9.981579184532165527e-01
9.977161884307861328e-01
9.975464940071105957e-01
9.987847208976745605e-01
9.996024966239929199e-01
9.997501969337463379e-01
9.991669654846191406e-01
9.981547594070434570e-01
9.885764718055725098e-01
9.772872924804687500e-01
9.625961780548095703e-01
9.607239961624145508e-01
9.815307259559631348e-01
9.931260943412780762e-01
9.986980557441711426e-01
9.997021555900573730e-01
9.998522400856018066e-01
9.995913505554199219e-01
9.988895654678344727e-01
9.973030686378479004e-01
9.957404136657714844e-01
9.941939115524291992e-01
9.956512451171875000e-01
9.960212111473083496e-01
9.675062298774719238e-01
8.277168869972229004e-01
4.280670881271362305e-01
2.779975533485412598e-01
3.396984934806823730e-01
6.396010518074035645e-01
9.964452981948852539e-01
9.984894394874572754e-01
9.999913573265075684e-01
9.999931454658508301e-01
9.999793767929077148e-01
9.999504089355468750e-01
9.998468756675720215e-01
9.997178316116333008e-01
9.989607334136962891e-01
9.979995489120483398e-01
9.963717460632324219e-01
9.964129924774169922e-01
9.983868598937988281e-01
9.993709921836853027e-01
9.999362826347351074e-01
9.966856837272644043e-01
9.799259901046752930e-01
9.032497406005859375e-01
8.886821866035461426e-01
9.598646759986877441e-01
9.899412393569946289e-01
9.989050030708312988e-01
9.999107718467712402e-01
9.999712705612182617e-01
9.998288154602050781e-01
9.997082948684692383e-01
9.996246695518493652e-01
9.996647834777832031e-01
9.997845888137817383e-01
9.997987151145935059e-01
9.997886419296264648e-01
9.997249841690063477e-01
9.995194077491760254e-01
9.990125894546508789e-01
9.936164021492004395e-01
9.843521118164062500e-01
9.670058488845825195e-01
9.485499262809753418e-01
9.610403180122375488e-01
9.733281135559082031e-01
9.850014448165893555e-01
9.928002357482910156e-01
9.967452883720397949e-01
9.979016184806823730e-01
9.980586767196655273e-01
9.965298771858215332e-01
9.950911998748779297e-01
9.941830039024353027e-01
9.876723289489746094e-01
9.740658998489379883e-01
6.782613992691040039e-01
2.483057826757431030e-01
1.026489064097404480e-01
8.598588407039642334e-03
5.608231201767921448e-02
2.561966180801391602e-01
7.043398022651672363e-01
9.196695089340209961e-01
9.885441660881042480e-01
9.958125352859497070e-01
9.918549656867980957e-01
9.870555996894836426e-01
9.767268896102905273e-01
9.542901515960693359e-01
8.296380639076232910e-01
6.205684542655944824e-01
3.209043741226196289e-01
1.736406738928053528e-05
7.464554983016569167e-06
1.620538537777701095e-16
8.176422274735562021e-16
2.084395848214626312e-02
6.440440565347671509e-02
3.198937475681304932e-01
6.626479029655456543e-01
7.902690768241882324e-01
8.958970904350280762e-01
9.600871205329895020e-01
9.982444047927856445e-01
9.978364109992980957e-01
9.976882934570312500e-01
9.976892471313476562e-01
9.979059696197509766e-01
9.981768131256103516e-01
9.986417889595031738e-01
9.990940690040588379e-01
9.995216131210327148e-01
9.997573494911193848e-01
9.998417496681213379e-01
9.998877048492431641e-01
9.999225735664367676e-01
9.999190568923950195e-01
9.990757107734680176e-01
9.956599473953247070e-01
9.448137283325195312e-01
8.417689800262451172e-01
5.668029785156250000e-01
2.197945415973663330e-01
5.928453803062438965e-01
9.532380104064941406e-01
9.821500778198242188e-01
9.996910691261291504e-01
9.995905756950378418e-01
9.996024966239929199e-01
9.996832609176635742e-01
9.998084306716918945e-01
9.999341368675231934e-01
9.999670982360839844e-01
9.999815225601196289e-01
9.999527335166931152e-01
9.998511672019958496e-01
9.996845126152038574e-01
9.995206594467163086e-01
9.993576407432556152e-01
9.996044039726257324e-01
9.998149871826171875e-01
9.998578429222106934e-01
9.993106126785278320e-01
9.979942440986633301e-01
9.829830527305603027e-01
9.609691500663757324e-01
9.255223870277404785e-01
8.928728103637695312e-01
8.960673213005065918e-01
9.101973176002502441e-01
9.457886219024658203e-01
9.714843630790710449e-01
9.894667267799377441e-01
9.929527044296264648e-01
9.904612302780151367e-01
8.232907056808471680e-01
6.953890919685363770e-01
6.940659284591674805e-01
7.730275392532348633e-01
9.459517002105712891e-01
8.870124816894531250e-01
7.225625514984130859e-01
7.410258054733276367e-01
7.819215059280395508e-01
8.532053232192993164e-01
8.246784806251525879e-01
6.171146631240844727e-01
5.001218318939208984e-01
4.486811161041259766e-01
5.652756094932556152e-01
7.225789427757263184e-01
8.648651242256164551e-01
9.755345582962036133e-01
9.905923604965209961e-01
9.988391399383544922e-01
9.994313120841979980e-01
9.994285106658935547e-01
9.991639852523803711e-01
9.993484616279602051e-01
9.986596703529357910e-01
9.923332333564758301e-01
9.410364627838134766e-01
8.097704648971557617e-01
6.619796156883239746e-01
5.020436048507690430e-01
5.342028737068176270e-01
6.166580319404602051e-01
8.261477947235107422e-01
9.866935610771179199e-01
9.945532083511352539e-01
9.985384941101074219e-01
9.980655312538146973e-01
9.968364834785461426e-01
9.952593445777893066e-01
9.812793135643005371e-01
9.664873480796813965e-01
9.549176096916198730e-01
9.575271606445312500e-01
9.870814085006713867e-01
9.380829930305480957e-01
8.283218741416931152e-01
7.216137647628784180e-01
6.157631278038024902e-01
5.346401333808898926e-01
4.599178433418273926e-01
4.083917737007141113e-01
3.791840970516204834e-01
3.786481022834777832e-01
4.705910980701446533e-01
6.112449765205383301e-01
7.650932669639587402e-01
9.105843901634216309e-01
9.562053084373474121e-01
9.888849854469299316e-01
9.927738904953002930e-01
9.951236844062805176e-01
9.960975646972656250e-01
9.975144267082214355e-01
9.990844726562500000e-01
9.996069073677062988e-01
9.999949932098388672e-01
9.999666213989257812e-01
9.999517202377319336e-01
9.999576807022094727e-01
9.999681711196899414e-01
9.999815225601196289e-01
9.999502301216125488e-01
9.998674392700195312e-01
9.988022446632385254e-01
9.965074658393859863e-01
9.906813502311706543e-01
9.862736463546752930e-01
9.834531545639038086e-01
9.782603979110717773e-01
9.719735980033874512e-01
9.621729254722595215e-01
9.547677636146545410e-01
9.687705039978027344e-01
9.818506240844726562e-01
9.930624961853027344e-01
9.912893176078796387e-01
9.786493778228759766e-01
9.817239046096801758e-01
9.898127317428588867e-01
9.907615184783935547e-01
9.915149807929992676e-01
9.923152923583984375e-01
9.924299716949462891e-01
9.915155172348022461e-01
9.511749148368835449e-01
8.859515190124511719e-01
6.282876133918762207e-01
3.427632153034210205e-01
3.946297168731689453e-01
4.930961728096008301e-01
7.309899330139160156e-01
8.897641301155090332e-01
9.564484357833862305e-01
9.831531047821044922e-01
9.905366897583007812e-01
9.898802042007446289e-01
9.887537956237792969e-01
9.926251769065856934e-01
9.959738254547119141e-01
9.981657862663269043e-01
9.992938041687011719e-01
9.994491934776306152e-01
9.965814948081970215e-01
9.926046729087829590e-01
8.536739349365234375e-01
7.154355049133300781e-01
6.266672611236572266e-01
6.114879250526428223e-01
7.258513569831848145e-01
8.435814976692199707e-01
9.635738134384155273e-01
9.936792850494384766e-01
9.988914728164672852e-01
9.972032308578491211e-01
9.952484965324401855e-01
9.924556016921997070e-01
9.909613132476806641e-01
9.913198351860046387e-01
9.933713078498840332e-01
9.964659810066223145e-01
9.975484013557434082e-01
9.982064366340637207e-01
9.986444115638732910e-01
9.990575313568115234e-01
9.993939995765686035e-01
9.994920492172241211e-01
9.993016719818115234e-01
9.992917776107788086e-01
9.993749856948852539e-01
9.995871186256408691e-01
9.997888803482055664e-01
9.996281266212463379e-01
9.995745420455932617e-01
9.997928738594055176e-01
9.997986555099487305e-01
9.995821714401245117e-01
9.992607831954956055e-01
9.988933801651000977e-01
9.991906285285949707e-01
9.995346665382385254e-01
9.996529221534729004e-01
9.995852112770080566e-01
9.991092085838317871e-01
9.986844062805175781e-01
9.983066916465759277e-01
9.986759424209594727e-01
9.993281960487365723e-01
9.995965361595153809e-01
9.998154640197753906e-01
9.999022483825683594e-01
9.999267458915710449e-01
9.998309612274169922e-01
9.998241662979125977e-01
9.998918175697326660e-01
9.999448657035827637e-01
9.999929070472717285e-01
9.999972581863403320e-01
9.999907016754150391e-01
9.999365806579589844e-01
9.988791942596435547e-01
9.960402250289916992e-01
9.848528504371643066e-01
9.672008156776428223e-01
8.971413373947143555e-01
8.110497593879699707e-01
6.551169753074645996e-01
5.706444978713989258e-01
8.349394202232360840e-01
7.913084030151367188e-01
2.348131239414215088e-01
3.125857328996062279e-04
3.368138277437537909e-04
5.705991014838218689e-02
1.298258453607559204e-01
5.745713710784912109e-01
9.484145045280456543e-01
9.767990112304687500e-01
9.951128363609313965e-01
9.973279237747192383e-01
9.987332224845886230e-01
9.995651841163635254e-01
9.998506903648376465e-01
9.999899268150329590e-01
9.999952316284179688e-01
9.999975562095642090e-01
9.999930858612060547e-01
9.999915957450866699e-01
9.999949336051940918e-01
9.999114274978637695e-01
9.997670650482177734e-01
9.980300664901733398e-01
9.958674311637878418e-01
9.904125332832336426e-01
9.866990447044372559e-01
9.907165169715881348e-01
9.942248463630676270e-01
9.969365596771240234e-01
9.984325766563415527e-01
9.990721940994262695e-01
9.967480301856994629e-01
9.936206936836242676e-01
8.606588840484619141e-01
7.459322214126586914e-01
7.220068573951721191e-01
7.555257081985473633e-01
8.827817440032958984e-01
9.534689784049987793e-01
9.827023148536682129e-01
9.684320688247680664e-01
9.414288997650146484e-01
7.664527893066406250e-01
6.309351325035095215e-01
7.100579738616943359e-01
7.992905378341674805e-01
9.061607122421264648e-01
9.560968875885009766e-01
9.621610641479492188e-01
9.477258324623107910e-01
9.268572330474853516e-01
9.594780802726745605e-01
9.899118542671203613e-01
9.947304725646972656e-01
9.958692789077758789e-01
9.900889992713928223e-01
9.862496852874755859e-01
9.840547442436218262e-01
9.898446202278137207e-01
9.984650611877441406e-01
9.995133280754089355e-01
9.999549388885498047e-01
9.999549984931945801e-01
9.999475479125976562e-01
9.999244213104248047e-01
9.999122023582458496e-01
9.999100565910339355e-01
9.999290108680725098e-01
9.999563694000244141e-01
9.999727606773376465e-01
9.999867081642150879e-01
9.999887347221374512e-01
9.999904036521911621e-01
9.999912977218627930e-01
9.999895691871643066e-01
9.999849796295166016e-01
9.999614357948303223e-01
9.999288320541381836e-01
9.998794794082641602e-01
9.998319745063781738e-01
9.998459815979003906e-01
9.998720884323120117e-01
9.999328851699829102e-01
9.999735355377197266e-01
9.999896883964538574e-01
9.999633431434631348e-01
9.999133944511413574e-01
9.982237219810485840e-01
9.957891106605529785e-01
9.767609834671020508e-01
9.640440344810485840e-01
9.742012023925781250e-01
9.803017377853393555e-01
9.805057048797607422e-01
9.795027375221252441e-01
9.776926636695861816e-01
9.653559327125549316e-01
9.502313137054443359e-01
6.057358980178833008e-01
2.846122086048126221e-01
1.111945286393165588e-01
1.001913771033287048e-01
3.771861195564270020e-01
6.533375978469848633e-01
9.282396435737609863e-01
9.985630512237548828e-01
9.968669414520263672e-01
9.324461817741394043e-01
8.589000701904296875e-01
7.543956041336059570e-01
7.149956226348876953e-01
8.234874010086059570e-01
9.052821993827819824e-01
9.601300358772277832e-01
9.730867743492126465e-01
9.666569828987121582e-01
9.712758660316467285e-01
9.777150750160217285e-01
9.874458909034729004e-01
9.954739809036254883e-01
9.983310103416442871e-01
9.998975396156311035e-01
9.997719526290893555e-01
9.988209605216979980e-01
9.973642230033874512e-01
9.886973500251770020e-01
9.782896041870117188e-01
9.397731423377990723e-01
8.952172994613647461e-01
8.243669271469116211e-01
7.703366875648498535e-01
7.449367046356201172e-01
7.796676158905029297e-01
8.630383014678955078e-01
9.295831918716430664e-01
9.900888800621032715e-01
9.970418214797973633e-01
9.993906021118164062e-01
9.996683597564697266e-01
9.998849630355834961e-01
9.999557733535766602e-01
9.999945163726806641e-01
9.999983310699462891e-01
9.999995827674865723e-01
9.999995231628417969e-01
9.999972581863403320e-01
9.999943971633911133e-01
9.999845027923583984e-01
9.999755620956420898e-01
9.999700784683227539e-01
9.999667406082153320e-01
9.999666810035705566e-01
9.999365806579589844e-01
9.998852014541625977e-01
9.989469647407531738e-01
9.977464079856872559e-01
9.586809873580932617e-01
9.146502017974853516e-01
8.501393795013427734e-01
8.154141306877136230e-01
8.444287180900573730e-01
8.974878191947937012e-01
9.743105769157409668e-01
9.992325305938720703e-01
9.998922348022460938e-01
9.999896287918090820e-01
1.000000000000000000e+00
1.000000000000000000e+00
9.999952912330627441e-01
9.999747872352600098e-01
9.995698928833007812e-01
9.986127018928527832e-01
9.822497963905334473e-01
9.551693201065063477e-01
9.330751895904541016e-01
9.125071167945861816e-01
9.408855438232421875e-01
9.697930216789245605e-01
9.859567284584045410e-01
9.974837899208068848e-01
9.987896084785461426e-01
9.993160367012023926e-01
9.990335106849670410e-01
9.775661230087280273e-01
9.457049965858459473e-01
9.587503671646118164e-01
9.793246388435363770e-01
9.908541440963745117e-01
9.625825285911560059e-01
7.832747101783752441e-01
5.705282688140869141e-01
3.034771680831909180e-01
3.431949913501739502e-01
6.194026470184326172e-01
8.079219460487365723e-01
9.657760262489318848e-01
9.878315925598144531e-01
9.972324371337890625e-01
9.983447194099426270e-01
9.987375736236572266e-01
9.972655177116394043e-01
9.890968203544616699e-01
9.729627966880798340e-01
9.454373717308044434e-01
9.113241434097290039e-01
9.228966236114501953e-01
9.452075362205505371e-01
9.631020426750183105e-01
9.791992902755737305e-01
9.860407710075378418e-01
9.848346114158630371e-01
9.678047895431518555e-01
9.540839791297912598e-01
9.434398412704467773e-01
9.463995695114135742e-01
9.554667472839355469e-01
9.761177301406860352e-01
9.976661801338195801e-01
9.986311793327331543e-01
9.991557002067565918e-01
9.980988502502441406e-01
9.962188601493835449e-01
9.930734038352966309e-01
9.912361502647399902e-01
9.904112219810485840e-01
9.933007955551147461e-01
9.975032210350036621e-01
9.988364577293395996e-01
9.998145103454589844e-01
9.998679757118225098e-01
9.995735883712768555e-01
9.982931613922119141e-01
9.842726588249206543e-01
9.536288976669311523e-01
9.143452644348144531e-01
8.696399927139282227e-01
8.888732790946960449e-01
9.257705807685852051e-01
9.596986770629882812e-01
9.898319840431213379e-01
9.954438805580139160e-01
9.985691905021667480e-01
9.958918094635009766e-01
8.398550152778625488e-01
5.122845768928527832e-01
2.569312751293182373e-01
4.040613397955894470e-02
3.985626390203833580e-04
4.956011252943426371e-06
2.511638158466666937e-04
4.277668776921927929e-04
1.983064285013824701e-04
4.969565998180769384e-05
6.347576709231361747e-05
1.243370100855827332e-01
3.704679012298583984e-01
6.416680812835693359e-01
9.240497350692749023e-01
9.725311398506164551e-01
9.768807888031005859e-01
9.779484272003173828e-01
9.797212481498718262e-01
9.846566319465637207e-01
9.894642829895019531e-01
9.940119981765747070e-01
9.969848394393920898e-01
9.985147118568420410e-01
9.986465573310852051e-01
9.981459975242614746e-01
9.187293648719787598e-01
8.170316815376281738e-01
3.639308810234069824e-01
1.858232501206202869e-08
7.228579068652152273e-09
4.186707389193068353e-32
1.568172705593005775e-31
8.470612578094005585e-03
2.441805787384510040e-02
3.984394967555999756e-01
9.285529851913452148e-01
9.999084472656250000e-01
9.998846650123596191e-01
9.997228384017944336e-01
9.994888305664062500e-01
9.989650845527648926e-01
8.013162016868591309e-01
2.606599628925323486e-01
6.254888139665126801e-03
1.699011307209730148e-03
2.008747495710849762e-02
4.821884632110595703e-02
4.196178019046783447e-01
8.306756615638732910e-01
8.355720639228820801e-01
8.469514846801757812e-01
8.846943378448486328e-01
9.265282750129699707e-01
9.753147363662719727e-01
9.988073706626892090e-01
9.993621110916137695e-01
9.961262941360473633e-01
9.911893010139465332e-01
9.369970560073852539e-01
8.656627535820007324e-01
3.911232650279998779e-01
5.221187137067317963e-03
2.052933210507035255e-03
6.282397359609603882e-02
2.425310015678405762e-01
5.160685777664184570e-01
8.772905468940734863e-01
6.276021003723144531e-01
8.711147308349609375e-02
2.353019955882795929e-32
0.000000000000000000e+00
0.000000000000000000e+00
6.155193021939453502e-10
4.304299139334943902e-09
9.644288569688796997e-02
3.897134959697723389e-01
5.556087493896484375e-01
5.910472273826599121e-01
3.884375095367431641e-01
5.982382968068122864e-02
1.015144371194764972e-04
1.180836989078670740e-05
9.071457199752330780e-03
7.787719368934631348e-02
5.148361921310424805e-01
7.898682951927185059e-01
6.905818581581115723e-01
6.216379404067993164e-01
5.884020328521728516e-01
6.127994656562805176e-01
6.722667813301086426e-01
7.323240041732788086e-01
7.927309870719909668e-01
7.782370448112487793e-01
7.492034435272216797e-01
6.338360905647277832e-01
5.129910707473754883e-01
3.758805692195892334e-01
4.168591499328613281e-01
6.986635923385620117e-01
8.741540312767028809e-01
9.738458991050720215e-01
9.994703531265258789e-01
9.993062019348144531e-01
9.906421303749084473e-01
9.726989865303039551e-01
8.254634141921997070e-01
6.856955885887145996e-01
5.742440223693847656e-01
5.133269429206848145e-01
5.367201566696166992e-01
4.723569750785827637e-01
3.314653635025024414e-01
1.799643486738204956e-01
2.323613315820693970e-02
2.024022303521633148e-02
4.646178334951400757e-02
3.986182510852813721e-01
7.125840187072753906e-01
8.360117077827453613e-01
9.130954742431640625e-01
8.922555446624755859e-01
7.482493519783020020e-01
4.697153866291046143e-01
2.497068196535110474e-01
6.416362524032592773e-02
6.760638207197189331e-02
1.214609891176223755e-01
4.508165121078491211e-01
7.748240232467651367e-01
9.015722274780273438e-01
9.960939288139343262e-01
9.983498454093933105e-01
9.982836246490478516e-01
9.949047565460205078e-01
9.816316366195678711e-01
9.608557224273681641e-01
9.491705894470214844e-01
9.410499334335327148e-01
9.488568902015686035e-01
9.491462707519531250e-01
6.335693001747131348e-01
3.396950662136077881e-01
1.462420821189880371e-01
3.151179105043411255e-02
7.252067327499389648e-02
2.587490975856781006e-01
5.959582328796386719e-01
7.947916388511657715e-01
9.184513688087463379e-01
9.419181942939758301e-01
9.403536915779113770e-01
9.391989707946777344e-01
8.858404159545898438e-01
3.776664733886718750e-01
4.566163531949946454e-29
1.700235029029356652e-29
5.864346531024861031e-23
2.019604833965342499e-22
1.591643244028091431e-01
4.436090290546417236e-01
7.075137495994567871e-01
9.640427827835083008e-01
9.985476136207580566e-01
9.982072710990905762e-01
9.906693696975708008e-01
9.792564511299133301e-01
9.484733343124389648e-01
8.507456183433532715e-01
6.090290546417236328e-01
5.049617290496826172e-01
5.565572381019592285e-01
7.082690596580505371e-01
9.212627410888671875e-01
9.780346155166625977e-01
9.871739745140075684e-01
9.003856182098388672e-01
7.995866537094116211e-01
6.267483830451965332e-01
5.029683113098144531e-01
5.586339831352233887e-01
6.412846446037292480e-01
7.712405323982238770e-01
8.567884564399719238e-01
9.009621739387512207e-01
7.512050271034240723e-01
5.045023560523986816e-01
5.722730159759521484e-01
7.125960588455200195e-01
8.583651185035705566e-01
9.890092611312866211e-01
9.930587410926818848e-01
9.743540287017822266e-01
8.893107771873474121e-01
6.563851237297058105e-01
2.034790813922882080e-01
8.874931954778730869e-04
2.374931471422314644e-03
2.936845123767852783e-01
7.120532393455505371e-01
8.639803528785705566e-01
9.665743112564086914e-01
8.653751015663146973e-01
7.534804940223693848e-01
5.836210250854492188e-01
5.344530344009399414e-01
7.895517349243164062e-01
9.488361477851867676e-01
9.791805148124694824e-01
9.804471731185913086e-01
9.599435329437255859e-01
9.530392885208129883e-01
9.514350891113281250e-01
9.721321463584899902e-01
9.962231516838073730e-01
9.973758459091186523e-01
9.982925057411193848e-01
9.979180097579956055e-01
9.975138306617736816e-01
9.970362782478332520e-01
9.966778159141540527e-01
9.964691996574401855e-01
9.969655275344848633e-01
9.979571700096130371e-01
9.988808631896972656e-01
9.997783899307250977e-01
9.999379515647888184e-01
9.999710917472839355e-01
9.987994432449340820e-01
9.969047307968139648e-01
9.911925792694091797e-01
9.853380918502807617e-01
9.791070818901062012e-01
9.786596894264221191e-01
9.854290485382080078e-01
9.907848834991455078e-01
9.951421022415161133e-01
9.977474808692932129e-01
9.996998906135559082e-01
9.999501705169677734e-01
9.999454021453857422e-01
9.996238946914672852e-01
9.992852210998535156e-01
9.988588094711303711e-01
9.979560375213623047e-01
9.959184527397155762e-01
9.946170449256896973e-01
9.942591190338134766e-01
9.959318637847900391e-01
9.991006851196289062e-01
9.999955296516418457e-01
9.999980330467224121e-01
9.999935030937194824e-01
9.999878406524658203e-01
9.998549818992614746e-01
9.996991753578186035e-01
9.994053840637207031e-01
9.991995096206665039e-01
9.992231726646423340e-01
9.993318915367126465e-01
9.995598196983337402e-01
9.996733665466308594e-01
9.996960163116455078e-01
9.995583295822143555e-01
9.993494749069213867e-01
9.925840497016906738e-01
9.845211505889892578e-01
9.369423389434814453e-01
8.875389695167541504e-01
8.318759799003601074e-01
7.892062664031982422e-01
7.857673168182373047e-01
7.332922220230102539e-01
6.033892035484313965e-01
3.892795443534851074e-01
9.864363819360733032e-02
7.435040606651455164e-05
1.260866338270716369e-05
4.265137314796447754e-01
9.635821580886840820e-01
4.993493556976318359e-01
4.643954810055793744e-19
7.314639042798216093e-18
7.906140759587287903e-03
4.677730798721313477e-02
2.395952045917510986e-01
7.281554341316223145e-01
9.774665832519531250e-01
9.632179737091064453e-01
9.220913648605346680e-01
8.639919161796569824e-01
8.737818598747253418e-01
9.062926769256591797e-01
9.517571926116943359e-01
9.982525110244750977e-01
9.991920590400695801e-01
9.999882578849792480e-01
9.999936223030090332e-01
9.999977946281433105e-01
9.999992251396179199e-01
1.000000000000000000e+00
1.000000000000000000e+00
9.999933242797851562e-01
9.999813437461853027e-01
9.998882412910461426e-01
9.997583627700805664e-01
9.989416003227233887e-01
9.979752302169799805e-01
9.942641854286193848e-01
9.897838830947875977e-01
9.787814617156982422e-01
9.714748859405517578e-01
9.771369099617004395e-01
9.837496280670166016e-01
9.921572804450988770e-01
9.966511726379394531e-01
9.969860315322875977e-01
9.946232438087463379e-01
9.905880689620971680e-01
9.805682897567749023e-01
9.685260057449340820e-01
9.745471477508544922e-01
9.830473661422729492e-01
9.921656250953674316e-01
1.000000000000000000e+00
1.000000000000000000e+00
9.969012141227722168e-01
9.855604171752929688e-01
9.579343795776367188e-01
9.060403108596801758e-01
9.025790691375732422e-01
9.413366913795471191e-01
9.688759446144104004e-01
9.906046986579895020e-01
9.968950748443603516e-01
9.991108179092407227e-01
9.991382956504821777e-01
9.989339709281921387e-01
9.978371858596801758e-01
9.968836903572082520e-01
9.965895414352416992e-01
9.945206642150878906e-01
9.885039925575256348e-01
9.726999402046203613e-01
9.443691372871398926e-01
9.527615308761596680e-01
9.889404177665710449e-01
1.000000000000000000e+00
1.000000000000000000e+00
1.000000000000000000e+00
1.000000000000000000e+00
8.919150829315185547e-01
7.889013290405273438e-01
8.170453310012817383e-01
8.554568886756896973e-01
9.337225556373596191e-01
9.883289933204650879e-01
9.955492019653320312e-01
9.994181990623474121e-01
9.993420839309692383e-01
9.969638586044311523e-01
9.929683208465576172e-01
9.832915663719177246e-01
9.713450074195861816e-01
9.604144096374511719e-01
9.496886730194091797e-01
9.290408492088317871e-01
9.096438288688659668e-01
9.077636003494262695e-01
9.130548834800720215e-01
9.449722766876220703e-01
9.721641540527343750e-01
9.902851581573486328e-01
1.000000000000000000e+00
1.000000000000000000e+00
9.985744953155517578e-01
9.961580634117126465e-01
9.962054491043090820e-01
9.972443580627441406e-01
9.982430338859558105e-01
9.992334246635437012e-01
9.994499087333679199e-01
9.996100664138793945e-01
9.994843006134033203e-01
9.993559718132019043e-01
9.992192983627319336e-01
9.990515112876892090e-01
9.988194108009338379e-01
9.971435666084289551e-01
9.937121272087097168e-01
9.893355965614318848e-01
9.842761158943176270e-01
9.869962930679321289e-01
9.930658340454101562e-01
9.967139959335327148e-01
9.998300075531005859e-01
9.999079704284667969e-01
9.995360970497131348e-01
9.953195452690124512e-01
9.891524314880371094e-01
9.745153784751892090e-01
9.506662487983703613e-01
9.058394432067871094e-01
8.963733911514282227e-01
9.342454075813293457e-01
9.357722401618957520e-01
9.074679017066955566e-01
8.231620788574218750e-01
7.114040255546569824e-01
7.411968708038330078e-01
8.090252876281738281e-01
8.861593008041381836e-01
9.621727466583251953e-01
9.677948951721191406e-01
9.729424118995666504e-01
9.753347635269165039e-01
9.803503155708312988e-01
9.925428628921508789e-01
1.000000000000000000e+00
1.000000000000000000e+00
1.000000000000000000e+00
1.000000000000000000e+00
9.990389943122863770e-01
9.975020885467529297e-01
9.957783818244934082e-01
9.939908385276794434e-01
9.926978349685668945e-01
9.914808869361877441e-01
9.940809011459350586e-01
9.966770410537719727e-01
9.984211325645446777e-01
9.998096823692321777e-01
9.999167919158935547e-01
9.999896883964538574e-01
9.999940991401672363e-01
9.999955892562866211e-01
9.999936223030090332e-01
9.999404549598693848e-01
9.998479485511779785e-01
9.998502135276794434e-01
9.998972415924072266e-01
9.999461174011230469e-01
9.999956488609313965e-01
1.000000000000000000e+00
1.000000000000000000e+00
1.000000000000000000e+00
9.999603629112243652e-01
9.996840953826904297e-01
9.994561672210693359e-01
9.993642568588256836e-01
9.989012479782104492e-01
9.978258609771728516e-01
9.866103529930114746e-01
9.648760557174682617e-01
9.513109922409057617e-01
9.431649446487426758e-01
9.488525986671447754e-01
9.599996209144592285e-01
9.060661196708679199e-01
8.387643694877624512e-01
6.122956275939941406e-01
3.922482728958129883e-01
4.164503812789916992e-01
4.738920331001281738e-01
6.923449039459228516e-01
8.712263703346252441e-01
9.516537785530090332e-01
1.000000000000000000e+00
1.000000000000000000e+00
1.000000000000000000e+00
1.000000000000000000e+00
9.656109809875488281e-01
9.104002118110656738e-01
8.977087736129760742e-01
9.002572894096374512e-01
9.336434602737426758e-01
9.724963903427124023e-01
9.869209527969360352e-01
9.993377923965454102e-01
9.996073246002197266e-01
9.992219805717468262e-01
9.959111809730529785e-01
9.928600788116455078e-01
9.904594421386718750e-01
9.905821681022644043e-01
9.944301247596740723e-01
9.972913265228271484e-01
9.992403388023376465e-01
9.999743103981018066e-01
9.999817609786987305e-01
9.999874830245971680e-01
9.999924898147583008e-01
9.999962449073791504e-01
9.999998211860656738e-01
9.999854564666748047e-01
9.999608397483825684e-01
9.997974038124084473e-01
9.992791414260864258e-01
9.970541596412658691e-01
9.639128446578979492e-01
8.513426184654235840e-01
6.531438827514648438e-01
3.196258544921875000e-01
1.696401238441467285e-01
2.034364640712738037e-01
4.447386860847473145e-01
8.197581171989440918e-01
9.462792277336120605e-01
9.721711277961730957e-01
9.834605455398559570e-01
9.915047287940979004e-01
9.956815838813781738e-01
9.994455575942993164e-01
9.997432827949523926e-01
9.999973177909851074e-01
9.999779462814331055e-01
9.999675750732421875e-01
9.999845623970031738e-01
9.999926090240478516e-01
9.999841451644897461e-01
9.995521903038024902e-01
9.986265301704406738e-01
9.942336082458496094e-01
9.872013330459594727e-01
9.892934560775756836e-01
9.958861470222473145e-01
9.983776807785034180e-01
9.996935129165649414e-01
9.998381733894348145e-01
9.998241066932678223e-01
9.320317506790161133e-01
8.287053704261779785e-01
3.695214986801147461e-01
0.000000000000000000e+00
0.000000000000000000e+00
5.721933999395485182e-20
2.479159299000988882e-19
4.521557129919528961e-03
1.570338197052478790e-02
1.976376622915267944e-01
5.452918410301208496e-01
7.803478240966796875e-01
9.446262717247009277e-01
9.943937659263610840e-01
9.982172250747680664e-01
9.978625178337097168e-01
9.965648651123046875e-01
9.958114624023437500e-01
9.951637387275695801e-01
9.973399043083190918e-01
9.992959499359130859e-01
9.996832609176635742e-01
9.999858736991882324e-01
9.999935030937194824e-01
9.999974966049194336e-01
9.999939203262329102e-01
9.999250769615173340e-01
9.997692108154296875e-01
9.954714775085449219e-01
9.874876141548156738e-01
9.306818246841430664e-01
8.455600738525390625e-01
7.911690473556518555e-01
7.482777237892150879e-01
8.157657384872436523e-01
9.058110117912292480e-01
9.509268999099731445e-01
9.916290044784545898e-01
9.940117001533508301e-01
9.935637116432189941e-01
9.744212627410888672e-01
8.848416209220886230e-01
5.610458850860595703e-01
2.850087285041809082e-01
1.031232848763465881e-01
2.516198147212463704e-39
8.056036845434086844e-40
0.000000000000000000e+00
0.000000000000000000e+00
3.698566928505897522e-02
9.593950957059860229e-02
4.493972957134246826e-01
9.150232076644897461e-01
9.974460005760192871e-01
9.981007575988769531e-01
9.922858476638793945e-01
9.853034615516662598e-01
9.448109269142150879e-01
9.113020300865173340e-01
9.303454160690307617e-01
9.496477246284484863e-01
9.698448181152343750e-01
9.823532700538635254e-01
9.778425097465515137e-01
9.778733849525451660e-01
9.845039844512939453e-01
9.903468489646911621e-01
9.954432845115661621e-01
9.979156255722045898e-01
9.986415505409240723e-01
9.985141158103942871e-01
9.980127811431884766e-01
9.919955134391784668e-01
9.845249056816101074e-01
6.407869458198547363e-01
2.529407441616058350e-01
1.192950308322906494e-01
1.419516320311231539e-05
2.009554154938086867e-04
6.260444223880767822e-02
4.277047812938690186e-01
7.253434658050537109e-01
8.392122983932495117e-01
9.262937307357788086e-01
9.660207629203796387e-01
9.855864644050598145e-01
9.807763695716857910e-01
9.552903771400451660e-01
9.126666188240051270e-01
8.487460613250732422e-01
7.727859616279602051e-01
8.133930563926696777e-01
8.967975974082946777e-01
9.477718472480773926e-01
9.920120239257812500e-01
9.975755810737609863e-01
9.996514320373535156e-01
9.996427297592163086e-01
9.995225071907043457e-01
9.984313249588012695e-01
9.976025223731994629e-01
9.978446960449218750e-01
9.968860149383544922e-01
9.929536581039428711e-01
9.744307398796081543e-01
9.318670034408569336e-01
9.124624729156494141e-01
9.191663861274719238e-01
9.370267987251281738e-01
