2.443068623542785645e-01
1.887671351432800293e-01
3.107632398605346680e-01
7.222471237182617188e-01
9.927082061767578125e-01
9.992613792419433594e-01
9.997503161430358887e-01
9.997493028640747070e-01
9.997611641883850098e-01
9.978666305541992188e-01
9.919102787971496582e-01
9.816627502441406250e-01
9.796862602233886719e-01
9.563013911247253418e-01
9.130790233612060547e-01
8.680448532104492188e-01
9.018250107765197754e-01
9.914815425872802734e-01
9.973568916320800781e-01
9.998382329940795898e-01
9.999834299087524414e-01
9.998787641525268555e-01
9.983522891998291016e-01
9.925659298896789551e-01
9.671933054924011230e-01
8.738377094268798828e-01
7.446047067642211914e-01
6.076691150665283203e-01
6.835951805114746094e-01
8.394898772239685059e-01
9.543167352676391602e-01
9.921820163726806641e-01
9.251923561096191406e-01
6.276480555534362793e-01
2.693970203399658203e-01
2.516417282882876805e-11
1.107591934834672998e-10
3.613021690398454666e-03
1.590253598988056183e-02
4.498017206788063049e-02
1.974759995937347412e-01
4.533306956291198730e-01
8.569083809852600098e-01
9.622451663017272949e-01
9.983543753623962402e-01
9.994926452636718750e-01
9.998093247413635254e-01
9.999544024467468262e-01
9.999933242797851562e-01
9.999981522560119629e-01
9.999994635581970215e-01
9.999996423721313477e-01
9.999951720237731934e-01
9.999427795410156250e-01
9.998359084129333496e-01
9.905122518539428711e-01
9.514356255531311035e-01
8.821932077407836914e-01
8.273057937622070312e-01
8.698319792747497559e-01
9.966481924057006836e-01
9.986592531204223633e-01
9.984287619590759277e-01
9.961384534835815430e-01
9.906181097030639648e-01
9.922125935554504395e-01
9.984977245330810547e-01
9.991315007209777832e-01
9.949384331703186035e-01
9.889689087867736816e-01
9.941296577453613281e-01
9.975556731224060059e-01
9.995997548103332520e-01
9.994909763336181641e-01
9.964033961296081543e-01
9.893708229064941406e-01
9.702795147895812988e-01
9.597975611686706543e-01
9.595888853073120117e-01
9.861290454864501953e-01
9.899210333824157715e-01
9.688494801521301270e-01
8.904623985290527344e-01
8.151236772537231445e-01
7.850588560104370117e-01
9.031814932823181152e-01
9.647923707962036133e-01
9.959772825241088867e-01
9.956366419792175293e-01
9.914181828498840332e-01
9.841287732124328613e-01
9.718578457832336426e-01
9.739147424697875977e-01
9.822046160697937012e-01
9.958505630493164062e-01
9.988472461700439453e-01
9.719133377075195312e-01
8.835908174514770508e-01
6.781003475189208984e-01
5.371255874633789062e-01
5.835499763488769531e-01
7.905576825141906738e-01
9.589664340019226074e-01
9.925223588943481445e-01
9.108569025993347168e-01
6.906685233116149902e-01
2.609273195266723633e-01
2.082146704196929932e-01
3.219273090362548828e-01
6.164721846580505371e-01
8.132160902023315430e-01
9.429457187652587891e-01
9.883185625076293945e-01
9.936149716377258301e-01
9.948310852050781250e-01
9.967244267463684082e-01
9.980921149253845215e-01
9.983690381050109863e-01
9.972106814384460449e-01
9.971774220466613770e-01
9.977129101753234863e-01
9.988751411437988281e-01
9.994698762893676758e-01
9.996767044067382812e-01
9.994469285011291504e-01
9.807453155517578125e-01
9.152947068214416504e-01
7.956640124320983887e-01
7.901559472084045410e-01
8.177536725997924805e-01
8.777837753295898438e-01
9.399046897888183594e-01
9.806239008903503418e-01
9.982514977455139160e-01
9.994552731513977051e-01
9.999560713768005371e-01
9.999371170997619629e-01
9.995043277740478516e-01
9.946612715721130371e-01
9.853096604347229004e-01
9.512724876403808594e-01
9.306430220603942871e-01
9.235157966613769531e-01
9.597820639610290527e-01
9.846890568733215332e-01
9.987527132034301758e-01
9.994723796844482422e-01
9.996541142463684082e-01
9.993484020233154297e-01
9.990218281745910645e-01
9.987462162971496582e-01
9.984965920448303223e-01
9.976899623870849609e-01
9.964351654052734375e-01
9.948542714118957520e-01
9.947862029075622559e-01
9.951198697090148926e-01
9.955512881278991699e-01
9.903855323791503906e-01
9.859079122543334961e-01
9.824848175048828125e-01
9.889010787010192871e-01
9.947986602783203125e-01
9.999131560325622559e-01
9.981946349143981934e-01
9.965867400169372559e-01
9.931690692901611328e-01
9.548664689064025879e-01
8.820295333862304688e-01
7.732699513435363770e-01
5.218810439109802246e-01
2.665764093399047852e-01
2.771279402077198029e-02
1.246711015701293945e-01
2.406967878341674805e-01
3.532654047012329102e-01
1.588364839553833008e-01
2.238193750381469727e-01
4.933565557003021240e-01
7.257007360458374023e-01
8.918464183807373047e-01
9.989306926727294922e-01
9.995665550231933594e-01
9.998635649681091309e-01
9.998889565467834473e-01
9.999442696571350098e-01
9.999792575836181641e-01
9.999968409538269043e-01
9.999961256980895996e-01
9.999914169311523438e-01
9.999815225601196289e-01
9.999322295188903809e-01
9.997161030769348145e-01
9.993403553962707520e-01
9.985213279724121094e-01
9.981611371040344238e-01
9.982017874717712402e-01
9.985986948013305664e-01
9.988837242126464844e-01
9.990628361701965332e-01
9.989944696426391602e-01
9.990158677101135254e-01
9.991222023963928223e-01
9.994304180145263672e-01
9.995364546775817871e-01
9.994210004806518555e-01
9.977044463157653809e-01
9.922997355461120605e-01
9.831768274307250977e-01
9.567788839340209961e-01
9.127554893493652344e-01
8.522538542747497559e-01
8.110833168029785156e-01
8.307403922080993652e-01
9.097113609313964844e-01
9.672091007232666016e-01
9.972884654998779297e-01
9.997112751007080078e-01
9.998273253440856934e-01
9.998979568481445312e-01
9.999371767044067383e-01
9.999266266822814941e-01
9.998420476913452148e-01
9.996771812438964844e-01
9.998258352279663086e-01
9.999350309371948242e-01
9.999891519546508789e-01
9.999946355819702148e-01
9.999852180480957031e-01
9.999604225158691406e-01
9.996705651283264160e-01
9.971303343772888184e-01
9.917826056480407715e-01
4.310432970523834229e-01
6.511831283569335938e-02
4.658620804548263550e-03
3.874451124374900246e-07
1.240518596023321152e-02
4.232663288712501526e-02
3.688942492008209229e-01
6.790104508399963379e-01
9.197513461112976074e-01
9.761391878128051758e-01
9.978806376457214355e-01
9.996575713157653809e-01
9.999436140060424805e-01
9.999941587448120117e-01
9.999958872795104980e-01
9.999905228614807129e-01
9.999875426292419434e-01
9.999907612800598145e-01
9.999953508377075195e-01
9.999988079071044922e-01
9.999998211860656738e-01
1.000000000000000000e+00
9.999999403953552246e-01
9.999996423721313477e-01
9.999926090240478516e-01
9.999874234199523926e-01
9.999904036521911621e-01
9.999945163726806641e-01
9.999943375587463379e-01
9.999825954437255859e-01
9.999859929084777832e-01
9.991722106933593750e-01
9.960221648216247559e-01
9.723528623580932617e-01
9.533036947250366211e-01
9.709839820861816406e-01
9.864175915718078613e-01
9.980838298797607422e-01
9.991897344589233398e-01
9.993917346000671387e-01
9.992848038673400879e-01
9.994480013847351074e-01
9.994940757751464844e-01
9.994473457336425781e-01
9.992147088050842285e-01
9.993878602981567383e-01
9.997393488883972168e-01
9.999306797981262207e-01
9.998838305473327637e-01
9.996978640556335449e-01
9.994854331016540527e-01
9.986248016357421875e-01
9.962430596351623535e-01
9.839572906494140625e-01
8.495916128158569336e-01
6.324833035469055176e-01
4.507133364677429199e-01
4.209711849689483643e-01
5.137423276901245117e-01
7.038390636444091797e-01
8.534751534461975098e-01
9.656789302825927734e-01
9.870718121528625488e-01
9.983149170875549316e-01
9.997256994247436523e-01
9.998701810836791992e-01
9.994808435440063477e-01
9.985231757164001465e-01
9.991452693939208984e-01
9.996247887611389160e-01
9.998641014099121094e-01
9.998360276222229004e-01
9.987719655036926270e-01
9.963186383247375488e-01
9.786212444305419922e-01
9.715136289596557617e-01
9.833260178565979004e-01
9.789295792579650879e-01
9.656230211257934570e-01
9.405444860458374023e-01
9.659810662269592285e-01
9.887478947639465332e-01
9.870020151138305664e-01
9.918993115425109863e-01
9.968385696411132812e-01
9.982348680496215820e-01
9.991309642791748047e-01
9.994935393333435059e-01
9.987553954124450684e-01
9.876303076744079590e-01
9.680023193359375000e-01
9.317864179611206055e-01
9.260692000389099121e-01
9.388556480407714844e-01
9.771900773048400879e-01
9.940658807754516602e-01
9.996160268783569336e-01
9.996079802513122559e-01
9.994879961013793945e-01
9.993352293968200684e-01
9.993880987167358398e-01
9.984028935432434082e-01
9.959501028060913086e-01
9.852737784385681152e-01
9.667635560035705566e-01
9.430614113807678223e-01
9.336299300193786621e-01
9.493889212608337402e-01
9.869341850280761719e-01
9.952003955841064453e-01
9.992980360984802246e-01
9.991182684898376465e-01
9.948102235794067383e-01
9.927973747253417969e-01
9.936423897743225098e-01
9.967485070228576660e-01
9.989771246910095215e-01
9.997692108154296875e-01
9.998290538787841797e-01
9.995954036712646484e-01
9.990133643150329590e-01
9.943429231643676758e-01
9.863980412483215332e-01
9.732985496520996094e-01
9.572532176971435547e-01
9.312937855720520020e-01
8.830590844154357910e-01
8.741682767868041992e-01
8.919690847396850586e-01
9.548074007034301758e-01
9.852002263069152832e-01
9.997013807296752930e-01
9.998749494552612305e-01
9.969311356544494629e-01
9.834709167480468750e-01
9.225636124610900879e-01
8.226732611656188965e-01
6.695231795310974121e-01
2.795973718166351318e-01
7.393374294042587280e-02
5.309958250876434249e-09
1.649219760757603126e-09
4.120014225617030235e-12
1.661126152612268925e-04
6.506919860839843750e-03
3.336075544357299805e-01
9.775373935699462891e-01
9.968543052673339844e-01
9.999431371688842773e-01
9.998513460159301758e-01
9.985222816467285156e-01
9.947984218597412109e-01
9.877169132232666016e-01
8.580586910247802734e-01
6.470295786857604980e-01
3.190341889858245850e-01
1.576314568519592285e-01
5.581002309918403625e-02
1.334647927433252335e-02
3.369889920577406883e-03
3.210887545719742775e-03
5.648182705044746399e-03
1.389964222908020020e-01
3.672301769256591797e-01
7.762750983238220215e-01
9.480047821998596191e-01
9.991981983184814453e-01
9.989616870880126953e-01
9.990002512931823730e-01
9.992265701293945312e-01
9.996809959411621094e-01
9.999024868011474609e-01
9.999464154243469238e-01
9.998273253440856934e-01
9.972832798957824707e-01
9.925407171249389648e-01
9.224796891212463379e-01
8.718644380569458008e-01
8.431786298751831055e-01
8.355057239532470703e-01
6.664083600044250488e-01
2.698819041252136230e-01
4.515979588031768799e-01
7.041708230972290039e-01
9.548320770263671875e-01
9.983727335929870605e-01
9.999892711639404297e-01
9.999973177909851074e-01
9.999973773956298828e-01
9.999945163726806641e-01
9.999896287918090820e-01
9.999886751174926758e-01
9.999890923500061035e-01
9.999891519546508789e-01
9.999871253967285156e-01
9.999849796295166016e-01
9.999890923500061035e-01
9.999582171440124512e-01
9.998389482498168945e-01
9.989051818847656250e-01
9.976032972335815430e-01
9.960248470306396484e-01
9.961775541305541992e-01
9.965372085571289062e-01
9.971170425415039062e-01
9.948875904083251953e-01
9.924806356430053711e-01
9.900143742561340332e-01
9.899632930755615234e-01
9.912813305854797363e-01
9.945083856582641602e-01
9.977390170097351074e-01
9.985761046409606934e-01
9.938369393348693848e-01
9.917271137237548828e-01
9.913473129272460938e-01
9.939671158790588379e-01
9.949161410331726074e-01
9.861925840377807617e-01
9.348365068435668945e-01
6.453996300697326660e-01
2.802084386348724365e-01
3.741533756256103516e-01
5.868322253227233887e-01
8.767514824867248535e-01
9.563418030738830566e-01
9.964504837989807129e-01
9.991556406021118164e-01
9.996045827865600586e-01
9.998359680175781250e-01
9.998549818992614746e-01
9.991014599800109863e-01
9.980490207672119141e-01
9.966266155242919922e-01
9.927498102188110352e-01
9.860476255416870117e-01
9.741300940513610840e-01
9.723809957504272461e-01
9.770544767379760742e-01
9.926708936691284180e-01
9.984561800956726074e-01
9.998534321784973145e-01
9.996232986450195312e-01
9.970949888229370117e-01
9.932558536529541016e-01
9.892155528068542480e-01
9.921039342880249023e-01
9.999145865440368652e-01
9.999644756317138672e-01
9.999582767486572266e-01
9.998956322669982910e-01
9.997714161872863770e-01
9.997632503509521484e-01
9.999140501022338867e-01
9.999625682830810547e-01
9.999744296073913574e-01
9.999422430992126465e-01
9.997015595436096191e-01
9.992803931236267090e-01
9.985186457633972168e-01
9.986649751663208008e-01
9.962095618247985840e-01
9.827390313148498535e-01
9.223479628562927246e-01
8.526706099510192871e-01
8.720643520355224609e-01
9.156126379966735840e-01
9.730092883110046387e-01
9.905817508697509766e-01
9.993295669555664062e-01
9.999663829803466797e-01
9.999789595603942871e-01
9.999845027923583984e-01
9.999935030937194824e-01
9.999831318855285645e-01
9.998753666877746582e-01
9.996052384376525879e-01
9.965855479240417480e-01
9.951232075691223145e-01
9.988387227058410645e-01
9.998781085014343262e-01
9.999920725822448730e-01
9.999696016311645508e-01
9.625011682510375977e-01
8.352552652359008789e-01
2.407595962285995483e-01
9.826134919421747327e-05
3.307458013296127319e-02
6.314874291419982910e-01
9.482406377792358398e-01
9.986879825592041016e-01
9.449588060379028320e-01
9.240719676017761230e-01
9.498838782310485840e-01
9.739061594009399414e-01
9.774357676506042480e-01
9.434837698936462402e-01
8.756861090660095215e-01
8.214598894119262695e-01
8.256048560142517090e-01
8.622545003890991211e-01
9.105268716812133789e-01
9.568734765052795410e-01
9.837193489074707031e-01
9.983020424842834473e-01
9.991316199302673340e-01
9.996137022972106934e-01
9.998233914375305176e-01
9.999392628669738770e-01
1.000000000000000000e+00
1.000000000000000000e+00
9.997849464416503906e-01
9.988926649093627930e-01
9.969701766967773438e-01
9.921742677688598633e-01
9.873660802841186523e-01
9.837133884429931641e-01
9.901897907257080078e-01
9.979941844940185547e-01
9.993602037429809570e-01
9.998589754104614258e-01
9.999305605888366699e-01
9.999502897262573242e-01
9.999505281448364258e-01
9.999370574951171875e-01
9.999248981475830078e-01
9.999449253082275391e-01
9.999974966049194336e-01
1.000000000000000000e+00
1.000000000000000000e+00
1.000000000000000000e+00
9.999940395355224609e-01
9.999592304229736328e-01
9.998645186424255371e-01
9.997279047966003418e-01
9.995027184486389160e-01
9.990181326866149902e-01
9.982179403305053711e-01
9.975841045379638672e-01
9.989941716194152832e-01
9.997318983078002930e-01
9.999564290046691895e-01
9.992688298225402832e-01
9.530758857727050781e-01
8.605424761772155762e-01
4.438763558864593506e-01
3.337070047855377197e-01
7.009006142616271973e-01
8.899225592613220215e-01
1.000000000000000000e+00
1.000000000000000000e+00
9.971628785133361816e-01
9.909125566482543945e-01
9.753279685974121094e-01
9.705760478973388672e-01
9.727133512496948242e-01
9.854992032051086426e-01
9.940459132194519043e-01
9.992663860321044922e-01
9.988957643508911133e-01
9.980053305625915527e-01
9.965401291847229004e-01
9.979850649833679199e-01
9.992650747299194336e-01
9.998822212219238281e-01
9.999951124191284180e-01
9.999998807907104492e-01
9.999999403953552246e-01
9.999999403953552246e-01
9.999999403953552246e-01
9.999998807907104492e-01
9.999998807907104492e-01
9.999998807907104492e-01
9.999996423721313477e-01
9.999861717224121094e-01
9.999608397483825684e-01
9.991573095321655273e-01
9.859551191329956055e-01
9.563006162643432617e-01
8.100186586380004883e-01
6.818337440490722656e-01
6.246379017829895020e-01
7.577600479125976562e-01
9.174774289131164551e-01
9.796642661094665527e-01
9.999856352806091309e-01
9.999858140945434570e-01
9.999663829803466797e-01
9.999632239341735840e-01
9.999719858169555664e-01
9.999729394912719727e-01
9.999527931213378906e-01
9.999086260795593262e-01
9.998607039451599121e-01
9.998503327369689941e-01
9.999070167541503906e-01
9.989375472068786621e-01
9.910133481025695801e-01
9.634920358657836914e-01
9.073374271392822266e-01
8.442302942276000977e-01
8.115501403808593750e-01
7.987280488014221191e-01
7.940138578414916992e-01
6.658496260643005371e-01
4.759742617607116699e-01
2.219749242067337036e-01
2.425088584423065186e-01
2.760090231895446777e-01
2.990565896034240723e-01
3.099532723426818848e-01
2.858061790466308594e-01
1.741103231906890869e-01
4.738221764564514160e-01
8.734648823738098145e-01
9.391494393348693848e-01
8.899849653244018555e-01
7.533758282661437988e-01
3.775866329669952393e-01
1.334079056978225708e-01
2.254820428788661957e-02
2.280959300696849823e-02
1.215232238173484802e-01
3.665868639945983887e-01
7.007478475570678711e-01
9.648100733757019043e-01
9.910181760787963867e-01
9.985876083374023438e-01
9.988640546798706055e-01
9.996700882911682129e-01
9.999935626983642578e-01
9.999974370002746582e-01
9.999750256538391113e-01
9.998601675033569336e-01
9.996493458747863770e-01
9.995650649070739746e-01
9.995856881141662598e-01
9.997651576995849609e-01
9.998878240585327148e-01
9.999734163284301758e-01
9.999894499778747559e-01
9.999938607215881348e-01
9.999554157257080078e-01
9.996904134750366211e-01
9.923412203788757324e-01
9.792749881744384766e-01
9.426733851432800293e-01
9.316387176513671875e-01
9.494437575340270996e-01
9.757949113845825195e-01
9.946532845497131348e-01
9.981596469879150391e-01
9.993076920509338379e-01
9.997152090072631836e-01
9.997138381004333496e-01
9.929882884025573730e-01
9.769701361656188965e-01
9.137224555015563965e-01
8.499474525451660156e-01
7.857462763786315918e-01
6.778990030288696289e-01
4.823919534683227539e-01
1.727163344621658325e-01
1.248587369918823242e-01
2.205360680818557739e-01
5.487658977508544922e-01
7.814021706581115723e-01
9.505896568298339844e-01
9.830508232116699219e-01
9.753108620643615723e-01
9.204295873641967773e-01
5.413163304328918457e-01
2.898283004760742188e-01
1.634937077760696411e-01
3.380654454231262207e-01
5.678732395172119141e-01
8.569093346595764160e-01
8.788564801216125488e-01
8.215387463569641113e-01
7.049174904823303223e-01
7.005852460861206055e-01
7.491803765296936035e-01
8.212879300117492676e-01
8.166502714157104492e-01
7.540043592453002930e-01
7.746766805648803711e-01
8.163653016090393066e-01
8.846470713615417480e-01
7.310476899147033691e-01
5.445455908775329590e-01
3.533063530921936035e-01
3.640282154083251953e-01
3.823733925819396973e-01
1.456780135631561279e-01
1.486195027828216553e-01
3.136853873729705811e-01
7.518925070762634277e-01
9.811499714851379395e-01
9.962154030799865723e-01
9.776287674903869629e-01
9.664770364761352539e-01
9.729119539260864258e-01
9.830386638641357422e-01
9.760869741439819336e-01
9.099483489990234375e-01
8.269001245498657227e-01
7.577605843544006348e-01
8.802076578140258789e-01
9.580408334732055664e-01
9.975938796997070312e-01
9.992806315422058105e-01
9.995575547218322754e-01
9.994181990623474121e-01
9.993938803672790527e-01
9.994887709617614746e-01
9.998450279235839844e-01
9.999721646308898926e-01
9.999994039535522461e-01
9.999997615814208984e-01
9.999980330467224121e-01
9.999921917915344238e-01
9.994740486145019531e-01
9.810193777084350586e-01
9.395341277122497559e-01
6.767984628677368164e-01
4.093635976314544678e-01
2.088288515806198120e-01
2.889811098575592041e-01
4.559122323989868164e-01
5.442386865615844727e-01
4.525327384471893311e-01
2.439208924770355225e-01
2.173391878604888916e-01
3.255255818367004395e-01
5.929160714149475098e-01
8.367930650711059570e-01
9.784707427024841309e-01
9.115552306175231934e-01
9.226822257041931152e-01
9.580754041671752930e-01
9.873005747795104980e-01
9.991519451141357422e-01
9.999883174896240234e-01
9.999912381172180176e-01
9.999301433563232422e-01
9.997967481613159180e-01
9.913275241851806641e-01
8.607332110404968262e-01
4.843865931034088135e-01
2.035704553127288818e-01
5.751105491071939468e-03
3.452111408114433289e-02
5.027763172984123230e-02
5.906768888235092163e-02
8.878792822360992432e-02
2.121821790933609009e-01
4.386092722415924072e-01
3.023461401462554932e-01
1.824003309011459351e-01
1.736842542886734009e-01
2.394688278436660767e-01
3.206959962844848633e-01
3.666428029537200928e-01
4.771156609058380127e-01
6.301520466804504395e-01
8.316800594329833984e-01
9.565045237541198730e-01
9.954546689987182617e-01
9.996756911277770996e-01
9.998008012771606445e-01
9.995879530906677246e-01
9.989266991615295410e-01
9.978642463684082031e-01
9.956276416778564453e-01
9.908035397529602051e-01
9.845975041389465332e-01
9.891715049743652344e-01
9.937040209770202637e-01
9.981870055198669434e-01
9.994039535522460938e-01
9.998686909675598145e-01
9.996289610862731934e-01
9.995278716087341309e-01
9.994603991508483887e-01
9.993051886558532715e-01
9.986944794654846191e-01
9.977265000343322754e-01
9.926820397377014160e-01
9.887266755104064941e-01
9.862027168273925781e-01
9.917865991592407227e-01
9.972351789474487305e-01
9.988801479339599609e-01
9.994109869003295898e-01
9.993948936462402344e-01
9.988295435905456543e-01
9.965385794639587402e-01
9.928604960441589355e-01
9.945394992828369141e-01
9.966540932655334473e-01
9.992440938949584961e-01
9.998542070388793945e-01
9.999927878379821777e-01
9.999818801879882812e-01
9.992903470993041992e-01
9.966096282005310059e-01
9.776380658149719238e-01
9.335224628448486328e-01
8.656597137451171875e-01
6.710688471794128418e-01
4.490109384059906006e-01
1.940814703702926636e-01
1.365790814161300659e-01
1.845061779022216797e-01
4.304702877998352051e-01
3.167260885238647461e-01
1.571539905853569508e-03
5.471549229696393013e-04
7.924372850209217845e-23
8.088209793892759345e-24
1.700498251011595130e-04
1.359480433166027069e-02
5.674948915839195251e-02
3.821823373436927795e-02
2.607355359941720963e-03
7.825797656551003456e-04
1.459464151412248611e-02
4.017164558172225952e-02
2.623300850391387939e-01
4.865587949752807617e-01
7.113489508628845215e-01
8.647592663764953613e-01
9.684808850288391113e-01
9.661324620246887207e-01
9.469893574714660645e-01
9.254336953163146973e-01
9.662271142005920410e-01
9.904423952102661133e-01
9.985101222991943359e-01
9.995427131652832031e-01
9.998654127120971680e-01
9.999147653579711914e-01
9.990360140800476074e-01
9.978387951850891113e-01
9.964947104454040527e-01
9.958204030990600586e-01
9.950146079063415527e-01
9.602752327919006348e-01
6.844912767410278320e-01
9.403596818447113037e-02
2.714825095608830452e-03
1.631072809686884284e-04
7.411797414533793926e-04
3.189089894294738770e-01
7.517052888870239258e-01
9.145627617835998535e-01
8.553124666213989258e-01
5.918943285942077637e-01
2.450693100690841675e-01
1.300656050443649292e-02
2.457286464050412178e-03
8.713021088624373078e-06
4.493414321182775950e-12
1.925989099108016411e-12
1.468132808804512024e-02
4.773319140076637268e-02
6.426743865013122559e-01
9.859949350357055664e-01
9.957546591758728027e-01
9.979093074798583984e-01
9.904999732971191406e-01
9.600027203559875488e-01
8.784508109092712402e-01
7.686766386032104492e-01
6.203185915946960449e-01
6.122584342956542969e-01
7.424686551094055176e-01
8.778579831123352051e-01
9.513297080993652344e-01
8.986021876335144043e-01
8.479574322700500488e-01
8.112411499023437500e-01
8.442184925079345703e-01
8.946025371551513672e-01
9.580225944519042969e-01
9.811971187591552734e-01
9.958896040916442871e-01
9.987939596176147461e-01
9.996681213378906250e-01
9.999825358390808105e-01
9.999859929084777832e-01
9.998451471328735352e-01
9.995402693748474121e-01
9.976294040679931641e-01
9.951648116111755371e-01
9.920467138290405273e-01
9.927640557289123535e-01
9.940875172615051270e-01
9.955336451530456543e-01
9.969033002853393555e-01
9.981926679611206055e-01
9.990858435630798340e-01
9.996117949485778809e-01
9.998002052307128906e-01
9.999072551727294922e-01
9.999723434448242188e-01
9.999678134918212891e-01
9.999209642410278320e-01
9.998612403869628906e-01
9.998071193695068359e-01
9.996050000190734863e-01
9.992926120758056641e-01
9.949195384979248047e-01
9.913926720619201660e-01
9.892845153808593750e-01
9.925578236579895020e-01
9.966087341308593750e-01
9.986744523048400879e-01
9.975011348724365234e-01
9.937087893486022949e-01
9.690657854080200195e-01
9.345084428787231445e-01
8.872801661491394043e-01
8.217087984085083008e-01
7.567976713180541992e-01
7.033278346061706543e-01
7.638996243476867676e-01
8.788511157035827637e-01
9.553779363632202148e-01
9.965511560440063477e-01
9.995960593223571777e-01
9.999662637710571289e-01
9.999952316284179688e-01
9.999954104423522949e-01
9.999961853027343750e-01
9.999971389770507812e-01
9.999970793724060059e-01
9.999717473983764648e-01
9.999228119850158691e-01
9.984750747680664062e-01
9.854491353034973145e-01
9.493193626403808594e-01
7.095934152603149414e-01
4.636167287826538086e-01
6.107203960418701172e-01
7.721399068832397461e-01
9.448804259300231934e-01
9.796359539031982422e-01
9.980039596557617188e-01
9.982987046241760254e-01
9.975516200065612793e-01
9.965654015541076660e-01
9.959433674812316895e-01
9.961472749710083008e-01
9.969571232795715332e-01
9.981943964958190918e-01
9.991574287414550781e-01
9.996753334999084473e-01
9.155597686767578125e-01
7.497099041938781738e-01
3.389832973480224609e-01
3.922492265701293945e-01
7.520352005958557129e-01
9.069020748138427734e-01
9.989421367645263672e-01
9.997997283935546875e-01
9.998795986175537109e-01
9.995604157447814941e-01
9.984399080276489258e-01
9.956625699996948242e-01
9.919763803482055664e-01
9.937720894813537598e-01
9.960991740226745605e-01
9.991465806961059570e-01
9.998401403427124023e-01
9.999961256980895996e-01
9.999968409538269043e-01
9.999432563781738281e-01
9.994618296623229980e-01
9.882468581199645996e-01
9.561472535133361816e-01
8.972656130790710449e-01
9.091959595680236816e-01
9.377124905586242676e-01
9.756802916526794434e-01
9.870961904525756836e-01
9.838562607765197754e-01
9.855053424835205078e-01
9.897973537445068359e-01
9.973984956741333008e-01
9.992612004280090332e-01
9.998795390129089355e-01
9.999174475669860840e-01
9.999393224716186523e-01
9.999518990516662598e-01
9.999533295631408691e-01
9.999595284461975098e-01
9.999717473983764648e-01
9.999867677688598633e-01
9.999621510505676270e-01
9.998134374618530273e-01
9.552327990531921387e-01
8.818652629852294922e-01
7.143691778182983398e-01
6.807603836059570312e-01
8.156616687774658203e-01
4.293299615383148193e-01
5.360682308673858643e-02
1.420173980295658112e-02
1.707535183283382871e-23
2.411358524113893509e-03
6.593023985624313354e-02
3.430458605289459229e-01
8.974693417549133301e-01
9.911244511604309082e-01
9.917331933975219727e-01
9.917514324188232422e-01
9.935128092765808105e-01
9.960341453552246094e-01
9.878457784652709961e-01
9.706943035125732422e-01
9.413540363311767578e-01
9.295492768287658691e-01
9.301132559776306152e-01
9.614806771278381348e-01
9.669825434684753418e-01
9.555612206459045410e-01
8.816253542900085449e-01
7.996163964271545410e-01
7.057226896286010742e-01
8.178170323371887207e-01
9.551922678947448730e-01
9.864773750305175781e-01
9.995130896568298340e-01
9.999788999557495117e-01
9.999936819076538086e-01
9.999940395355224609e-01
9.999802708625793457e-01
9.965602755546569824e-01
9.876411557197570801e-01
9.570909142494201660e-01
9.290369153022766113e-01
9.028482437133789062e-01
9.606657624244689941e-01
9.983085989952087402e-01
9.935545325279235840e-01
9.943338036537170410e-01
9.968108534812927246e-01
9.985044598579406738e-01
9.994147419929504395e-01
9.996548295021057129e-01
9.997286200523376465e-01
9.997408986091613770e-01
9.996509552001953125e-01
9.993487596511840820e-01
9.989863634109497070e-01
9.988014698028564453e-01
9.985557198524475098e-01
9.982504248619079590e-01
9.989553689956665039e-01
9.996217489242553711e-01
9.999088644981384277e-01
9.994513988494873047e-01
9.986800551414489746e-01
9.983099699020385742e-01
9.980480670928955078e-01
9.979102611541748047e-01
9.974451065063476562e-01
9.972440004348754883e-01
9.979878067970275879e-01
9.988082647323608398e-01
9.996070861816406250e-01
9.985406994819641113e-01
9.918418526649475098e-01
9.774466753005981445e-01
9.758650660514831543e-01
9.794272780418395996e-01
9.915487170219421387e-01
9.977385401725769043e-01
9.998683333396911621e-01
9.999624490737915039e-01
9.999914169311523438e-01
9.999685883522033691e-01
9.998797774314880371e-01
9.995479583740234375e-01
9.979857802391052246e-01
9.826619029045104980e-01
9.557382464408874512e-01
7.042229175567626953e-01
4.898879230022430420e-01
3.907983899116516113e-01
4.643538892269134521e-01
6.050970554351806641e-01
7.074192166328430176e-01
7.644563913345336914e-01
7.731493115425109863e-01
7.041612267494201660e-01
6.680877804756164551e-01
7.574480175971984863e-01
8.395189642906188965e-01
9.153810739517211914e-01
9.283348917961120605e-01
9.370112419128417969e-01
9.398415684700012207e-01
9.670155644416809082e-01
9.942737221717834473e-01
9.981767535209655762e-01
9.998743534088134766e-01
9.999946355819702148e-01
9.999966025352478027e-01
9.999948740005493164e-01
9.999931454658508301e-01
9.999940991401672363e-01
9.999957084655761719e-01
9.999962449073791504e-01
9.999906420707702637e-01
9.999791383743286133e-01
9.998800754547119141e-01
9.983734488487243652e-01
9.933754801750183105e-01
9.914281964302062988e-01
9.910622239112854004e-01
9.920679330825805664e-01
9.936782121658325195e-01
9.960536956787109375e-01
9.964942336082458496e-01
9.968426823616027832e-01
9.983624219894409180e-01
9.993327260017395020e-01
9.999319314956665039e-01
9.991155266761779785e-01
9.910724163055419922e-01
9.705051779747009277e-01
9.088371992111206055e-01
8.507550954818725586e-01
9.089525938034057617e-01
9.541774392127990723e-01
9.872282743453979492e-01
9.926462173461914062e-01
9.938835501670837402e-01
9.925056099891662598e-01
9.941701889038085938e-01
9.972647428512573242e-01
9.981364011764526367e-01
9.963106513023376465e-01
9.908948540687561035e-01
8.510735630989074707e-01
6.282009482383728027e-01
1.880581974983215332e-01
3.082166949752718210e-04
1.298993265663739294e-05
4.135364773327158266e-15
3.270328452344983816e-04
1.297878567129373550e-03
4.245228171348571777e-01
9.345422983169555664e-01
7.232714295387268066e-01
4.361980855464935303e-01
6.726680696010589600e-02
7.760239299386739731e-03
4.343872889876365662e-02
2.208014279603958130e-01
5.037480592727661133e-01
8.504086732864379883e-01
9.302945733070373535e-01
9.832513928413391113e-01
9.923243522644042969e-01
9.954990744590759277e-01
9.956276416778564453e-01
9.884281158447265625e-01
9.638075828552246094e-01
9.231286644935607910e-01
8.847153186798095703e-01
8.764779567718505859e-01
9.458659291267395020e-01
8.861545324325561523e-01
7.679107785224914551e-01
8.786613941192626953e-01
9.434658885002136230e-01
9.430165290832519531e-01
7.623749971389770508e-01
5.192094445228576660e-01
2.017450928688049316e-01
4.712243750691413879e-02
2.787784300744533539e-02
5.287660956382751465e-01
9.252440333366394043e-01
9.816474318504333496e-01
9.998541474342346191e-01
9.999880194664001465e-01
9.999944567680358887e-01
9.999845623970031738e-01
9.999532103538513184e-01
9.986469745635986328e-01
9.939603209495544434e-01
9.756773114204406738e-01
9.471763372421264648e-01
9.106850028038024902e-01
9.579486250877380371e-01
9.953765273094177246e-01
9.988802671432495117e-01
9.999797940254211426e-01
9.999926090240478516e-01
9.999161362648010254e-01
9.982692003250122070e-01
9.946243166923522949e-01
9.574708342552185059e-01
9.244281053543090820e-01
9.404955506324768066e-01
9.058353900909423828e-01
8.319630026817321777e-01
8.208989500999450684e-01
8.429834246635437012e-01
9.289669394493103027e-01
9.729599356651306152e-01
9.964072704315185547e-01
9.984189867973327637e-01
9.996344447135925293e-01
9.998147487640380859e-01
9.994149804115295410e-01
9.989488720893859863e-01
9.988040924072265625e-01
9.990748763084411621e-01
9.996778368949890137e-01
9.993565678596496582e-01
9.975156188011169434e-01
9.923048019409179688e-01
9.880664348602294922e-01
9.845836162567138672e-01
9.872396588325500488e-01
9.789551496505737305e-01
9.553477168083190918e-01
8.350695371627807617e-01
6.776940822601318359e-01
4.618185460567474365e-01
3.631706535816192627e-01
3.677119910717010498e-01
3.652596771717071533e-01
4.197815656661987305e-01
6.268087029457092285e-01
8.127092123031616211e-01
9.840759038925170898e-01
9.936349987983703613e-01
9.996197223663330078e-01
9.999033808708190918e-01
9.997341632843017578e-01
9.990001916885375977e-01
9.953715205192565918e-01
9.886431694030761719e-01
9.787675142288208008e-01
9.820672869682312012e-01
9.881491065025329590e-01
9.966493844985961914e-01
1.000000000000000000e+00
1.000000000000000000e+00
9.990236163139343262e-01
9.982976317405700684e-01
9.980999231338500977e-01
9.945937991142272949e-01
9.887858033180236816e-01
9.717483520507812500e-01
9.606318473815917969e-01
9.567976593971252441e-01
9.512906670570373535e-01
9.470651745796203613e-01
9.502403736114501953e-01
9.617122411727905273e-01
9.799105525016784668e-01
9.904409050941467285e-01
9.978618025779724121e-01
9.991967082023620605e-01
9.997884631156921387e-01
9.999840259552001953e-01
9.999939203262329102e-01
9.999987483024597168e-01
9.999955892562866211e-01
9.999718070030212402e-01
9.993363618850708008e-01
9.942866563796997070e-01
9.821053743362426758e-01
9.623836278915405273e-01
9.493556618690490723e-01
9.109370112419128418e-01
7.788913249969482422e-01
7.851288914680480957e-01
8.893286585807800293e-01
9.541093111038208008e-01
9.976386427879333496e-01
9.994023442268371582e-01
9.999803304672241211e-01
9.999980926513671875e-01
9.999961256980895996e-01
9.999929070472717285e-01
9.999878406524658203e-01
9.999911785125732422e-01
9.999960064888000488e-01
9.999945759773254395e-01
9.999781250953674316e-01
9.999468326568603516e-01
9.998388886451721191e-01
9.997573494911193848e-01
9.998038411140441895e-01
9.997680783271789551e-01
9.996757507324218750e-01
9.988434314727783203e-01
9.980314373970031738e-01
9.973397254943847656e-01
9.948706626892089844e-01
9.903313517570495605e-01
9.589722156524658203e-01
9.077926278114318848e-01
8.279399871826171875e-01
8.648449182510375977e-01
9.307972192764282227e-01
9.593098163604736328e-01
9.623139500617980957e-01
9.392390847206115723e-01
6.683924794197082520e-01
4.238809943199157715e-01
4.263967871665954590e-01
5.507086515426635742e-01
7.639690041542053223e-01
8.803777098655700684e-01
9.197395443916320801e-01
7.933248281478881836e-01
7.111274003982543945e-01
6.562511324882507324e-01
8.034836053848266602e-01
9.186093807220458984e-01
9.817320704460144043e-01
9.988807439804077148e-01
9.999098181724548340e-01
9.999555945396423340e-01
9.999814033508300781e-01
9.999839067459106445e-01
9.999715089797973633e-01
9.999023079872131348e-01
9.995896220207214355e-01
9.990900754928588867e-01
9.984307885169982910e-01
9.988372325897216797e-01
9.992805123329162598e-01
9.994844198226928711e-01
9.988288879394531250e-01
9.976405501365661621e-01
9.910668730735778809e-01
9.817396998405456543e-01
9.671775698661804199e-01
9.265271425247192383e-01
8.792424201965332031e-01
9.320604801177978516e-01
9.441877007484436035e-01
8.968038558959960938e-01
8.213279843330383301e-01
7.591803073883056641e-01
8.605885505676269531e-01
9.369107484817504883e-01
9.858556389808654785e-01
9.969534277915954590e-01
9.998360276222229004e-01
9.999092817306518555e-01
9.998579621315002441e-01
9.997037053108215332e-01
9.994000196456909180e-01
9.991743564605712891e-01
9.992204308509826660e-01
9.994717836380004883e-01
9.998523592948913574e-01
9.999442100524902344e-01
1.000000000000000000e+00
1.000000000000000000e+00
9.999777078628540039e-01
9.999389052391052246e-01
9.997327327728271484e-01
9.963868260383605957e-01
9.881179332733154297e-01
9.064714312553405762e-01
8.068778514862060547e-01
7.710597515106201172e-01
8.089218735694885254e-01
9.361883401870727539e-01
9.778152704238891602e-01
9.958747029304504395e-01
9.978524446487426758e-01
9.989554882049560547e-01
9.992268681526184082e-01
9.973541498184204102e-01
9.961789250373840332e-01
9.986521601676940918e-01
9.998102188110351562e-01
9.999870657920837402e-01
9.979222416877746582e-01
9.936151504516601562e-01
9.839724898338317871e-01
9.793102145195007324e-01
9.775657653808593750e-01
9.677813649177551270e-01
9.447055459022521973e-01
8.954355716705322266e-01
8.171297311782836914e-01
7.314396500587463379e-01
7.983739972114562988e-01
8.557618260383605957e-01
8.981825709342956543e-01
9.085035324096679688e-01
9.100157618522644043e-01
9.351099729537963867e-01
9.627715945243835449e-01
9.936412572860717773e-01
1.000000000000000000e+00
9.986881017684936523e-01
9.896225929260253906e-01
9.867671132087707520e-01
9.902676343917846680e-01
9.950268864631652832e-01
9.991533160209655762e-01
9.996590614318847656e-01
9.999160170555114746e-01
9.999644160270690918e-01
9.999772906303405762e-01
9.999817013740539551e-01
9.999727606773376465e-01
9.999136924743652344e-01
9.998202919960021973e-01
9.994235634803771973e-01
9.991618990898132324e-01
9.992780685424804688e-01
9.995274543762207031e-01
9.998525381088256836e-01
9.999236464500427246e-01
9.999526739120483398e-01
9.999051094055175781e-01
9.998565316200256348e-01
9.997997879981994629e-01
9.994738101959228516e-01
9.659997820854187012e-01
8.776519298553466797e-01
5.032032132148742676e-01
5.202010273933410645e-02
2.479656040668487549e-02
2.211133539676666260e-01
7.291595935821533203e-01
9.176405668258666992e-01
9.971768856048583984e-01
9.964997172355651855e-01
9.290633797645568848e-01
7.817879915237426758e-01
3.883231878280639648e-01
2.095514349639415741e-02
1.627681553363800049e-01
4.606008827686309814e-01
9.184796214103698730e-01
9.941176176071166992e-01
9.948751330375671387e-01
9.898707866668701172e-01
9.908593893051147461e-01
9.971817135810852051e-01
9.970259070396423340e-01
9.847033023834228516e-01
9.319261312484741211e-01
6.524831652641296387e-01
1.967001855373382568e-01
9.382785856723785400e-02
9.763163328170776367e-02
3.118486702442169189e-01
5.938136577606201172e-01
9.214688539505004883e-01
9.692928791046142578e-01
9.907845854759216309e-01
9.917925596237182617e-01
9.908770918846130371e-01
9.888159036636352539e-01
9.903591871261596680e-01
9.925042390823364258e-01
9.957277178764343262e-01
9.976677298545837402e-01
9.989221096038818359e-01
9.995421767234802246e-01
9.999434947967529297e-01
9.999207258224487305e-01
9.999234676361083984e-01
9.999346733093261719e-01
9.997872114181518555e-01
9.996650815010070801e-01
9.995870590209960938e-01
9.997034072875976562e-01
9.998939633369445801e-01
9.999562501907348633e-01
9.999939799308776855e-01
9.999927878379821777e-01
9.998981952667236328e-01
9.997735619544982910e-01
9.997130036354064941e-01
9.997566938400268555e-01
9.999511241912841797e-01
9.982751011848449707e-01
9.959213137626647949e-01
9.930260777473449707e-01
9.920121431350708008e-01
9.934943914413452148e-01
9.959692358970642090e-01
9.985234737396240234e-01
9.993588328361511230e-01
9.997776150703430176e-01
9.996837377548217773e-01
9.994323849678039551e-01
9.991634488105773926e-01
9.990668892860412598e-01
9.978066086769104004e-01
9.951991438865661621e-01
9.883334040641784668e-01
9.822136163711547852e-01
9.870274662971496582e-01
9.925502538681030273e-01
9.988453984260559082e-01
9.996302127838134766e-01
9.991818666458129883e-01
9.987543821334838867e-01
9.971591830253601074e-01
9.943585395812988281e-01
9.857717752456665039e-01
9.773243069648742676e-01
9.755816459655761719e-01
9.796521067619323730e-01
9.895085692405700684e-01
9.933330416679382324e-01
9.933719635009765625e-01
9.810577034950256348e-01
9.707577824592590332e-01
9.623907804489135742e-01
9.736306071281433105e-01
9.872543811798095703e-01
9.957311153411865234e-01
9.998093247413635254e-01
9.998059868812561035e-01
9.998897910118103027e-01
9.999699592590332031e-01
9.999703168869018555e-01
9.999604821205139160e-01
9.999414086341857910e-01
9.999330043792724609e-01
9.999320507049560547e-01
9.999545812606811523e-01
9.999735355377197266e-01
9.999891519546508789e-01
9.999935030937194824e-01
9.999907016754150391e-01
9.999659061431884766e-01
9.999560713768005371e-01
9.999595284461975098e-01
9.887111783027648926e-01
9.544468522071838379e-01
8.330217003822326660e-01
8.314234614372253418e-01
9.367817044258117676e-01
9.740478396415710449e-01
9.955875277519226074e-01
9.977419376373291016e-01
9.990500211715698242e-01
9.995983839035034180e-01
9.998186826705932617e-01
9.999573826789855957e-01
9.999805688858032227e-01
9.999937415122985840e-01
9.999979138374328613e-01
9.999992251396179199e-01
9.999999403953552246e-01
9.999998807907104492e-01
9.999993443489074707e-01
9.999983310699462891e-01
9.999965429306030273e-01
9.999951124191284180e-01
9.999958276748657227e-01
9.999972581863403320e-01
9.999994635581970215e-01
9.999998807907104492e-01
9.999998807907104492e-01
9.999992847442626953e-01
9.999940395355224609e-01
9.999842047691345215e-01
9.999496340751647949e-01
9.998943209648132324e-01
9.997576475143432617e-01
9.996535778045654297e-01
9.995832443237304688e-01
9.997816085815429688e-01
1.000000000000000000e+00
1.000000000000000000e+00
9.998248815536499023e-01
9.994586706161499023e-01
9.993598461151123047e-01
9.993714690208435059e-01
9.996767044067382812e-01
9.998795390129089355e-01
9.999644160270690918e-01
9.999883770942687988e-01
9.999933838844299316e-01
9.999753832817077637e-01
9.979775547981262207e-01
9.935435652732849121e-01
8.531898856163024902e-01
6.870051622390747070e-01
6.380773782730102539e-01
6.712400913238525391e-01
8.136859536170959473e-01
9.170101284980773926e-01
1.000000000000000000e+00
1.000000000000000000e+00
9.951255917549133301e-01
9.832242131233215332e-01
9.864953756332397461e-01
9.947569370269775391e-01
9.965748190879821777e-01
9.980996847152709961e-01
9.991623759269714355e-01
9.996709823608398438e-01
9.999448657035827637e-01
9.999447464942932129e-01
9.996821284294128418e-01
9.989595413208007812e-01
9.979391098022460938e-01
9.968095421791076660e-01
9.973947405815124512e-01
9.944708943367004395e-01
9.846872091293334961e-01
9.885824322700500488e-01
9.994088411331176758e-01
9.543325304985046387e-01
9.166346192359924316e-01
8.965613842010498047e-01
9.225837588310241699e-01
9.749866724014282227e-01
9.897972345352172852e-01
9.991713762283325195e-01
9.987778663635253906e-01
9.959052801132202148e-01
9.914215803146362305e-01
9.895409941673278809e-01
9.895221590995788574e-01
9.944476485252380371e-01
9.977188706398010254e-01
9.997599124908447266e-01
9.999837875366210938e-01
9.999967217445373535e-01
9.999904632568359375e-01
9.999789595603942871e-01
9.999631047248840332e-01
9.996711611747741699e-01
9.977591633796691895e-01
9.888759255409240723e-01
9.875904917716979980e-01
9.937304258346557617e-01
9.971437454223632812e-01
9.995773434638977051e-01
9.996497631072998047e-01
9.996234178543090820e-01
9.994855523109436035e-01
9.986258149147033691e-01
9.956912994384765625e-01
9.777787923812866211e-01
9.723379611968994141e-01
9.833295345306396484e-01
9.919397830963134766e-01
9.992422461509704590e-01
9.996431469917297363e-01
9.999008178710937500e-01
9.999333024024963379e-01
9.999579191207885742e-01
9.999784827232360840e-01
9.999725818634033203e-01
9.998816847801208496e-01
9.996312260627746582e-01
9.992065429687500000e-01
9.986946582794189453e-01
9.982489943504333496e-01
9.970487952232360840e-01
9.941263794898986816e-01
9.907604455947875977e-01
9.871246814727783203e-01
9.924725890159606934e-01
9.973464608192443848e-01
9.991209506988525391e-01
9.998643398284912109e-01
9.998418688774108887e-01
9.997584819793701172e-01
9.996987581253051758e-01
9.997572302818298340e-01
9.974375367164611816e-01
9.929745793342590332e-01
9.538468718528747559e-01
9.042779207229614258e-01
8.343222737312316895e-01
8.425534963607788086e-01
9.367620944976806641e-01
9.761971235275268555e-01
9.986096620559692383e-01
9.994206428527832031e-01
9.999105334281921387e-01
9.999604821205139160e-01
9.999793171882629395e-01
9.999722838401794434e-01
9.996988773345947266e-01
9.962671995162963867e-01
9.874016046524047852e-01
9.822627305984497070e-01
9.788542985916137695e-01
9.860070347785949707e-01
9.921476840972900391e-01
9.960253834724426270e-01
9.978674650192260742e-01
9.984925985336303711e-01
9.986641407012939453e-01
9.987834095954895020e-01
9.988336563110351562e-01
9.921561479568481445e-01
9.803128838539123535e-01
7.785772681236267090e-01
5.333051681518554688e-01
2.139444798231124878e-01
6.820137798786163330e-02
9.129889309406280518e-02
4.762828648090362549e-01
8.873094320297241211e-01
9.595531225204467773e-01
9.997022151947021484e-01
9.999274611473083496e-01
9.999796748161315918e-01
9.999716877937316895e-01
9.998953938484191895e-01
9.998047351837158203e-01
9.996904730796813965e-01
9.997805953025817871e-01
9.999610185623168945e-01
9.999772310256958008e-01
9.999617934226989746e-01
9.998770356178283691e-01
9.997509717941284180e-01
9.996002912521362305e-01
9.998028278350830078e-01
9.999740123748779297e-01
9.999780654907226562e-01
9.999684691429138184e-01
9.999480843544006348e-01
9.999733567237854004e-01
1.000000000000000000e+00
1.000000000000000000e+00
9.957615137100219727e-01
9.870486259460449219e-01
9.264203906059265137e-01
8.644618391990661621e-01
9.051226973533630371e-01
9.278680682182312012e-01
9.254459738731384277e-01
9.125534296035766602e-01
8.977912068367004395e-01
9.442856907844543457e-01
9.795356988906860352e-01
9.932410717010498047e-01
9.987676739692687988e-01
9.998701810836791992e-01
9.999579787254333496e-01
9.999885559082031250e-01
9.999896883964538574e-01
9.999930858612060547e-01
9.999982118606567383e-01
9.999782443046569824e-01
9.999395608901977539e-01
9.998344182968139648e-01
9.997233748435974121e-01
9.996064305305480957e-01
9.996073842048645020e-01
9.996342062950134277e-01
9.996346235275268555e-01
9.993641376495361328e-01
9.987106323242187500e-01
9.973918795585632324e-01
9.958516955375671387e-01
9.956311583518981934e-01
9.884909391403198242e-01
9.673844575881958008e-01
7.376936674118041992e-01
3.896076381206512451e-01
1.850647926330566406e-01
3.901999816298484802e-02
4.375677183270454407e-02
1.606840044260025024e-01
3.675672411918640137e-01
6.365000009536743164e-01
8.727610707283020020e-01
8.896815776824951172e-01
6.510577797889709473e-01
1.214136257767677307e-01
4.568044978773297491e-16
1.956356219601565471e-13
2.841382944901438279e-12
3.158705567329889163e-06
1.150745902123162523e-05
3.401143550872802734e-01
8.391435146331787109e-01
9.294880032539367676e-01
9.909005165100097656e-01
9.964266419410705566e-01
9.980183839797973633e-01
9.969017505645751953e-01
9.961780309677124023e-01
9.954822659492492676e-01
9.947152137756347656e-01
9.387596249580383301e-01
8.272011876106262207e-01
5.267440080642700195e-01
2.030651718378067017e-01
9.617783129215240479e-02
3.950102254748344421e-02
5.709113553166389465e-02
1.602681130170822144e-01
3.010295629501342773e-01
6.534920334815979004e-01
9.154001474380493164e-01
9.744374752044677734e-01
9.925586581230163574e-01
9.844577312469482422e-01
9.234990477561950684e-01
8.694210052490234375e-01
8.610312342643737793e-01
8.235128521919250488e-01
7.577913999557495117e-01
6.357172727584838867e-01
5.255441069602966309e-01
6.219595074653625488e-01
7.324994802474975586e-01
8.636901974678039551e-01
9.334559440612792969e-01
9.777382612228393555e-01
9.857817888259887695e-01
9.921124577522277832e-01
9.945850372314453125e-01
9.968380928039550781e-01
9.989507198333740234e-01
9.995970726013183594e-01
9.999882578849792480e-01
9.999855756759643555e-01
9.997594952583312988e-01
9.993103146553039551e-01
9.980240464210510254e-01
9.967786073684692383e-01
9.979392886161804199e-01
9.989337325096130371e-01
9.996745586395263672e-01
9.999424815177917480e-01
9.999993443489074707e-01
9.999996423721313477e-01
9.999933838844299316e-01
9.999725222587585449e-01
9.999135732650756836e-01
9.998275041580200195e-01
9.997913241386413574e-01
9.997646808624267578e-01
9.997500777244567871e-01
9.995798468589782715e-01
9.992344975471496582e-01
9.987706542015075684e-01
9.983650445938110352e-01
9.993607997894287109e-01
9.999869465827941895e-01
9.999504685401916504e-01
9.998299479484558105e-01
9.996652007102966309e-01
9.996029138565063477e-01
9.993141293525695801e-01
9.983069896697998047e-01
9.974036216735839844e-01
9.965915679931640625e-01
9.977560043334960938e-01
9.991610646247863770e-01
9.994445443153381348e-01
9.996231198310852051e-01
9.996554851531982422e-01
9.997473955154418945e-01
9.998630285263061523e-01
9.999273419380187988e-01
9.999767541885375977e-01
9.999911189079284668e-01
9.999980330467224121e-01
9.999998211860656738e-01
1.000000000000000000e+00
1.000000000000000000e+00
1.000000000000000000e+00
9.999992847442626953e-01
9.999977350234985352e-01
9.999857544898986816e-01
9.999610781669616699e-01
9.997730851173400879e-01
9.995504617691040039e-01
9.992623925209045410e-01
9.991272091865539551e-01
9.990791082382202148e-01
9.987865686416625977e-01
9.970834851264953613e-01
9.904886484146118164e-01
9.291182160377502441e-01
8.156238794326782227e-01
5.866538882255554199e-01
3.692054450511932373e-01
5.369321703910827637e-01
7.209360599517822266e-01
9.314175844192504883e-01
8.285037875175476074e-01
5.739701390266418457e-01
7.664745450019836426e-01
9.342688322067260742e-01
9.787686467170715332e-01
9.990002512931823730e-01
9.989015460014343262e-01
9.988574385643005371e-01
9.988927841186523438e-01
9.994186758995056152e-01
9.994277358055114746e-01
9.987016320228576660e-01
9.968956708908081055e-01
9.946273565292358398e-01
9.973027110099792480e-01
9.993941783905029297e-01
9.998111128807067871e-01
9.999881386756896973e-01
9.999800324440002441e-01
9.998279809951782227e-01
9.996746778488159180e-01
9.996641874313354492e-01
9.997124671936035156e-01
9.998389482498168945e-01
9.999189972877502441e-01
9.999802708625793457e-01
9.999905228614807129e-01
9.999973177909851074e-01
9.999957084655761719e-01
9.999704360961914062e-01
9.999278187751770020e-01
9.998333454132080078e-01
9.997470974922180176e-01
9.997552633285522461e-01
9.996582269668579102e-01
9.994249939918518066e-01
9.988760352134704590e-01
9.982050657272338867e-01
9.975489377975463867e-01
9.972254633903503418e-01
9.977055191993713379e-01
9.978222846984863281e-01
9.976749420166015625e-01
9.883834123611450195e-01
9.743996262550354004e-01
9.417818188667297363e-01
9.197066426277160645e-01
9.115571379661560059e-01
9.418991208076477051e-01
9.877080321311950684e-01
9.943369030952453613e-01
9.983050823211669922e-01
9.956367015838623047e-01
8.870618939399719238e-01
6.967129111289978027e-01
3.997662067413330078e-01
1.884990781545639038e-01
6.612015962600708008e-01
9.524710178375244141e-01
9.887495636940002441e-01
9.997631907463073730e-01
9.998888969421386719e-01
9.973745942115783691e-01
9.650605916976928711e-01
8.486409187316894531e-01
6.424583792686462402e-01
3.610295653343200684e-01
5.363834500312805176e-01
7.926372289657592773e-01
9.215166568756103516e-01
1.000000000000000000e+00
1.000000000000000000e+00
9.663184881210327148e-01
9.161861538887023926e-01
8.735251426696777344e-01
8.417103886604309082e-01
8.438442945480346680e-01
8.630207180976867676e-01
8.982665538787841797e-01
9.314579963684082031e-01
9.616397023200988770e-01
9.620319604873657227e-01
9.574230313301086426e-01
9.437308907508850098e-01
9.070738554000854492e-01
8.573014736175537109e-01
8.439058661460876465e-01
8.525224924087524414e-01
9.379606246948242188e-01
9.874649047851562500e-01
9.972596764564514160e-01
9.998049139976501465e-01
9.999935626983642578e-01
9.998005032539367676e-01
9.996831417083740234e-01
9.997330904006958008e-01
9.992747902870178223e-01
9.984633922576904297e-01
9.986202120780944824e-01
9.989446997642517090e-01
9.993844628334045410e-01
9.994486570358276367e-01
9.990038871765136719e-01
9.950137138366699219e-01
9.895138740539550781e-01
9.766476750373840332e-01
9.656507968902587891e-01
9.604065418243408203e-01
9.701035022735595703e-01
9.928170442581176758e-01
9.971372485160827637e-01
9.972911477088928223e-01
9.984611868858337402e-01
9.993735551834106445e-01
9.998331069946289062e-01
9.999862909317016602e-01
9.999668002128601074e-01
9.992927312850952148e-01
9.985930919647216797e-01
9.980444908142089844e-01
9.944978356361389160e-01
9.875236749649047852e-01
9.786322116851806641e-01
9.694216847419738770e-01
9.803912639617919922e-01
9.887416958808898926e-01
9.907662868499755859e-01
9.888749718666076660e-01
9.839728474617004395e-01
9.865027666091918945e-01
9.905195832252502441e-01
9.950483441352844238e-01
9.886353015899658203e-01
9.649149775505065918e-01
9.309018254280090332e-01
8.916805982589721680e-01
9.091272354125976562e-01
9.321342110633850098e-01
9.614436030387878418e-01
9.735471606254577637e-01
9.672435522079467773e-01
9.705408811569213867e-01
9.770663380622863770e-01
9.881384968757629395e-01
9.959967732429504395e-01
9.963092207908630371e-01
9.896849989891052246e-01
9.778569936752319336e-01
9.513879418373107910e-01
9.268280267715454102e-01
9.381358623504638672e-01
9.333961009979248047e-01
9.032211303710937500e-01
8.855205178260803223e-01
8.742821812629699707e-01
8.259047269821166992e-01
7.868970632553100586e-01
7.959114909172058105e-01
6.433535218238830566e-01
3.090808987617492676e-01
2.276051491498947144e-01
2.370285391807556152e-01
5.147376656532287598e-01
7.526220083236694336e-01
8.889021873474121094e-01
9.430167675018310547e-01
9.306038022041320801e-01
8.791216611862182617e-01
8.238645195960998535e-01
8.154102563858032227e-01
7.159525752067565918e-01
4.561729729175567627e-01
3.203772604465484619e-01
2.568599879741668701e-01
5.272727608680725098e-01
7.990739345550537109e-01
8.953385353088378906e-01
9.225592613220214844e-01
8.604326844215393066e-01
8.920139074325561523e-01
9.629629254341125488e-01
9.795212745666503906e-01
9.796810746192932129e-01
9.327999949455261230e-01
8.479431867599487305e-01
7.265363335609436035e-01
5.666260719299316406e-01
3.967431783676147461e-01
2.510868906974792480e-01
2.728033065795898438e-01
6.646078228950500488e-01
8.844446539878845215e-01
9.782410860061645508e-01
9.787495136260986328e-01
9.623486399650573730e-01
9.506176114082336426e-01
9.512233138084411621e-01
9.724594354629516602e-01
9.835160374641418457e-01
9.888414144515991211e-01
9.935467839241027832e-01
9.976400732994079590e-01
9.990812540054321289e-01
9.999172687530517578e-01
9.999727606773376465e-01
9.999877810478210449e-01
9.999856948852539062e-01
9.999708533287048340e-01
9.999496340751647949e-01
9.999085068702697754e-01
9.998705387115478516e-01
9.998356699943542480e-01
9.998539090156555176e-01
9.998890161514282227e-01
9.999234080314636230e-01
9.998657107353210449e-01
9.995786547660827637e-01
9.948605895042419434e-01
9.865160584449768066e-01
9.755596518516540527e-01
9.657241106033325195e-01
9.759913086891174316e-01
9.818024635314941406e-01
9.789792299270629883e-01
9.741684794425964355e-01
9.680554270744323730e-01
8.667945265769958496e-01
7.680045962333679199e-01
7.897896170616149902e-01
8.349416255950927734e-01
9.167801141738891602e-01
9.596907496452331543e-01
9.816505312919616699e-01
9.836429357528686523e-01
9.843983650207519531e-01
9.884714484214782715e-01
9.926109313964843750e-01
9.968364238739013672e-01
9.988169670104980469e-01
9.998223185539245605e-01
9.999356269836425781e-01
9.999940395355224609e-01
9.999967813491821289e-01
9.999951124191284180e-01
9.999884963035583496e-01
9.999706149101257324e-01
9.999487400054931641e-01
9.999346733093261719e-01
9.999112486839294434e-01
9.998604655265808105e-01
9.989114999771118164e-01
9.971233606338500977e-01
9.906745553016662598e-01
9.828951954841613770e-01
9.754065871238708496e-01
9.692489504814147949e-01
9.662451744079589844e-01
9.626984596252441406e-01
9.587125778198242188e-01
9.676188826560974121e-01
9.793155789375305176e-01
9.881900548934936523e-01
9.867587685585021973e-01
9.640725255012512207e-01
9.109571576118469238e-01
8.363251686096191406e-01
8.382341265678405762e-01
8.602331876754760742e-01
9.343637824058532715e-01
9.779973626136779785e-01
9.669153690338134766e-01
9.157384634017944336e-01
8.395675420761108398e-01
8.373801112174987793e-01
8.548229336738586426e-01
9.315420389175415039e-01
9.834727048873901367e-01
9.955150485038757324e-01
9.999138116836547852e-01
9.999872446060180664e-01
9.999934434890747070e-01
9.999925494194030762e-01
9.999960660934448242e-01
9.999983906745910645e-01
9.999990463256835938e-01
9.999991059303283691e-01
9.999988675117492676e-01
9.999981522560119629e-01
9.999972581863403320e-01
9.999958276748657227e-01
9.999936223030090332e-01
9.999904632568359375e-01
9.999258518218994141e-01
9.998323917388916016e-01
9.997887611389160156e-01
9.992659091949462891e-01
9.966506958007812500e-01
9.957247972488403320e-01
9.969415664672851562e-01
9.940618276596069336e-01
9.893857240676879883e-01
9.605295658111572266e-01
9.387959837913513184e-01
9.503288865089416504e-01
9.606602191925048828e-01
9.695279598236083984e-01
9.769159555435180664e-01
9.836920499801635742e-01
9.899978637695312500e-01
9.949852824211120605e-01
9.950942397117614746e-01
9.949403405189514160e-01
9.944812059402465820e-01
9.960783720016479492e-01
9.985015988349914551e-01
9.976643323898315430e-01
9.965244531631469727e-01
9.947017431259155273e-01
9.944201707839965820e-01
9.958822131156921387e-01
9.952570199966430664e-01
9.938288927078247070e-01
5.656576752662658691e-01
1.942463070154190063e-01
6.713819503784179688e-02
8.709633902981295250e-09
2.717799318929792207e-08
1.081155613064765930e-01
2.582041025161743164e-01
6.432900428771972656e-01
9.467600584030151367e-01
9.363241791725158691e-01
9.353345632553100586e-01
9.450345039367675781e-01
9.629318714141845703e-01
9.840079545974731445e-01
9.921861886978149414e-01
9.984492063522338867e-01
9.993066787719726562e-01
9.998210668563842773e-01
9.999390244483947754e-01
9.993620514869689941e-01
9.985045790672302246e-01
9.937922358512878418e-01
9.907065629959106445e-01
9.944705367088317871e-01
9.971989989280700684e-01
9.986863732337951660e-01
9.975243806838989258e-01
9.952346086502075195e-01
9.959809780120849609e-01
9.969856142997741699e-01
9.983945488929748535e-01
9.993403553962707520e-01
9.997076392173767090e-01
9.998548030853271484e-01
9.999036788940429688e-01
9.998375177383422852e-01
9.997935295104980469e-01
9.998853802680969238e-01
9.992269277572631836e-01
9.975627660751342773e-01
9.965153932571411133e-01
9.957686066627502441e-01
9.967224001884460449e-01
9.966428875923156738e-01
9.905092716217041016e-01
9.759241342544555664e-01
9.491149783134460449e-01
9.434109330177307129e-01
9.488700628280639648e-01
9.429945349693298340e-01
9.217139482498168945e-01
8.153722286224365234e-01
7.603726983070373535e-01
7.870493531227111816e-01
8.530966639518737793e-01
9.422475099563598633e-01
9.764212369918823242e-01
9.995926618576049805e-01
9.997800588607788086e-01
9.998416304588317871e-01
9.996805787086486816e-01
9.990843534469604492e-01
9.982020258903503418e-01
9.933144450187683105e-01
9.825037717819213867e-01
9.202761054039001465e-01
8.647234439849853516e-01
8.224839568138122559e-01
8.388087153434753418e-01
8.983116745948791504e-01
9.424348473548889160e-01
9.812103509902954102e-01
9.890444278717041016e-01
9.947357773780822754e-01
9.954470396041870117e-01
9.918748140335083008e-01
9.846681356430053711e-01
9.792823791503906250e-01
9.747592210769653320e-01
9.841461181640625000e-01
9.921025633811950684e-01
9.961009025573730469e-01
9.963204264640808105e-01
9.928491115570068359e-01
9.844288825988769531e-01
9.743188619613647461e-01
9.675302505493164062e-01
9.612643718719482422e-01
9.566584825515747070e-01
9.507365822792053223e-01
9.432910084724426270e-01
9.459407925605773926e-01
9.528775215148925781e-01
9.763653874397277832e-01
9.925850033760070801e-01
9.714408516883850098e-01
9.674013257026672363e-01
9.869772791862487793e-01
9.959560632705688477e-01
9.994927644729614258e-01
9.999153614044189453e-01
9.999687671661376953e-01
9.999474287033081055e-01
9.999120235443115234e-01
9.998530149459838867e-01
9.998439550399780273e-01
9.998670816421508789e-01
9.996498227119445801e-01
9.992732405662536621e-01
9.976235628128051758e-01
9.971373677253723145e-01
9.991211891174316406e-01
1.000000000000000000e+00
1.000000000000000000e+00
9.981284737586975098e-01
9.958804845809936523e-01
9.970000386238098145e-01
9.980427026748657227e-01
9.988684654235839844e-01
9.994189739227294922e-01
9.996956586837768555e-01
9.997690916061401367e-01
9.997696876525878906e-01
9.987426400184631348e-01
9.972807168960571289e-01
9.942652583122253418e-01
9.936486482620239258e-01
9.960662126541137695e-01
9.975012540817260742e-01
9.984706640243530273e-01
9.990267753601074219e-01
9.995081424713134766e-01
9.997854828834533691e-01
9.999662637710571289e-01
9.999905824661254883e-01
9.999881982803344727e-01
9.999688863754272461e-01
9.999715089797973633e-01
9.999693036079406738e-01
9.998670816421508789e-01
9.995465278625488281e-01
9.987478852272033691e-01
9.987119436264038086e-01
9.993081092834472656e-01
9.996449351310729980e-01
9.998976588249206543e-01
9.993163943290710449e-01
9.821100831031799316e-01
9.142752289772033691e-01
8.038226962089538574e-01
6.469239592552185059e-01
7.285020947456359863e-01
9.080250859260559082e-01
9.437726736068725586e-01
9.638599157333374023e-01
9.516463875770568848e-01
9.564096927642822266e-01
9.863588213920593262e-01
9.979875087738037109e-01
9.991083145141601562e-01
9.994240403175354004e-01
9.996125102043151855e-01
9.997784495353698730e-01
9.999032020568847656e-01
9.999442696571350098e-01
9.997637867927551270e-01
9.994083642959594727e-01
9.907528162002563477e-01
9.788728952407836914e-01
9.105936884880065918e-01
8.381726145744323730e-01
7.530661225318908691e-01
7.635656595230102539e-01
8.795184493064880371e-01
9.451493024826049805e-01
9.896930456161499023e-01
9.905629158020019531e-01
9.860975742340087891e-01
9.702836871147155762e-01
9.375615119934082031e-01
8.786070346832275391e-01
7.476295828819274902e-01
5.724090933799743652e-01
4.535524845123291016e-01
3.428512513637542725e-01
2.088712006807327271e-01
1.761380583047866821e-01
3.790031969547271729e-01
6.266477704048156738e-01
9.145106077194213867e-01
9.855806231498718262e-01
9.860698580741882324e-01
9.498789906501770020e-01
8.846402168273925781e-01
7.113812565803527832e-01
5.057229995727539062e-01
2.578424811363220215e-01
1.739519685506820679e-01
1.744012534618377686e-01
3.769576549530029297e-01
6.035434007644653320e-01
8.167517781257629395e-01
9.545925259590148926e-01
9.436700940132141113e-01
8.847149610519409180e-01
7.883190512657165527e-01
7.927537560462951660e-01
8.253449797630310059e-01
9.180139303207397461e-01
9.902070760726928711e-01
9.963989853858947754e-01
9.997818470001220703e-01
9.998846054077148438e-01
9.997143149375915527e-01
9.994197487831115723e-01
9.861105680465698242e-01
9.596372842788696289e-01
8.562064170837402344e-01
7.235696315765380859e-01
5.382722020149230957e-01
4.433027803897857666e-01
4.137096703052520752e-01
4.466370344161987305e-01
4.953933954238891602e-01
5.634217262268066406e-01
6.448001265525817871e-01
7.665501236915588379e-01
8.652557134628295898e-01
9.378796219825744629e-01
9.710485935211181641e-01
9.868617653846740723e-01
9.932557940483093262e-01
9.981746673583984375e-01
9.992137551307678223e-01
9.998396039009094238e-01
9.997306466102600098e-01
9.990076422691345215e-01
9.978391528129577637e-01
9.936870932579040527e-01
9.883911013603210449e-01
9.652927517890930176e-01
8.851581215858459473e-01
6.267661452293395996e-01
3.811985552310943604e-01
1.500613093376159668e-01
8.348000794649124146e-02
9.266273677349090576e-02
3.949095606803894043e-01
7.069500684738159180e-01
8.778619766235351562e-01
9.917784333229064941e-01
9.973864555358886719e-01
9.998603463172912598e-01
9.999004006385803223e-01
9.996438622474670410e-01
9.993046522140502930e-01
9.989034533500671387e-01
9.986338615417480469e-01
9.988342523574829102e-01
9.981716871261596680e-01
9.964005947113037109e-01
9.845840930938720703e-01
9.674742221832275391e-01
9.276131987571716309e-01
8.862487673759460449e-01
8.618775010108947754e-01
8.013802170753479004e-01
6.603261232376098633e-01
5.369198918342590332e-01
4.291860759258270264e-01
6.190298199653625488e-01
9.117400050163269043e-01
9.642263054847717285e-01
9.990686178207397461e-01
9.996377229690551758e-01
9.999771118164062500e-01
9.999603629112243652e-01
9.998403191566467285e-01
9.996541142463684082e-01
9.996123909950256348e-01
9.996062517166137695e-01
9.997173547744750977e-01
9.997651576995849609e-01
9.996303915977478027e-01
9.983873963356018066e-01
9.959042668342590332e-01
9.596705436706542969e-01
9.079169034957885742e-01
7.378643155097961426e-01
5.527965426445007324e-01
3.521963059902191162e-01
2.781049907207489014e-01
4.622915983200073242e-01
6.614285111427307129e-01
8.732782602310180664e-01
9.382278323173522949e-01
9.563028812408447266e-01
9.457877874374389648e-01
9.329938292503356934e-01
9.138136506080627441e-01
9.044159054756164551e-01
9.096994996070861816e-01
9.360601902008056641e-01
9.757136106491088867e-01
9.899550080299377441e-01
9.985035061836242676e-01
9.991598129272460938e-01
9.996076822280883789e-01
9.994273781776428223e-01
9.990607500076293945e-01
9.984772801399230957e-01
9.976569414138793945e-01
9.967209100723266602e-01
9.449664354324340820e-01
8.430724740028381348e-01
3.446262180805206299e-01
1.137133105657994747e-03
1.335852546617388725e-03
5.765518546104431152e-02
1.654076874256134033e-01
5.075592994689941406e-01
9.357011914253234863e-01
9.684767723083496094e-01
9.766923189163208008e-01
9.851945638656616211e-01
9.911603927612304688e-01
9.926613569259643555e-01
9.920383691787719727e-01
9.898315072059631348e-01
9.921749830245971680e-01
9.957786202430725098e-01
9.955408573150634766e-01
9.928926825523376465e-01
9.809458255767822266e-01
7.931395769119262695e-01
3.544257581233978271e-01
1.227112784981727600e-01
1.796131022274494171e-02
1.460979888179281261e-07
7.476355414837598801e-03
2.160814255475997925e-01
4.580888748168945312e-01
8.043742179870605469e-01
9.954204559326171875e-01
9.988369941711425781e-01
1.000000000000000000e+00
1.000000000000000000e+00
9.999891519546508789e-01
9.999783635139465332e-01
9.999889731407165527e-01
9.999954700469970703e-01
9.999915957450866699e-01
9.999563694000244141e-01
9.998884797096252441e-01
9.998775124549865723e-01
9.998915791511535645e-01
9.998854398727416992e-01
9.998524785041809082e-01
9.996147155761718750e-01
9.993183612823486328e-01
9.988931417465209961e-01
9.988976120948791504e-01
9.993018507957458496e-01
9.995679855346679688e-01
9.997819066047668457e-01
9.998939037322998047e-01
9.999853372573852539e-01
9.999941587448120117e-01
9.999815225601196289e-01
9.999272823333740234e-01
9.998880028724670410e-01
9.998612403869628906e-01
9.998903274536132812e-01
9.999381899833679199e-01
9.999683499336242676e-01
9.999935030937194824e-01
9.999958872795104980e-01
9.999566078186035156e-01
9.998432397842407227e-01
9.800125360488891602e-01
9.449134469032287598e-01
5.429807901382446289e-01
2.893724106252193451e-02
6.572948303073644638e-03
5.671389953931793571e-05
3.572778077796101570e-04
1.518468093127012253e-02
5.422275885939598083e-02
1.977823078632354736e-01
4.176655709743499756e-01
6.934295892715454102e-01
9.850050210952758789e-01
9.947623610496520996e-01
9.981817603111267090e-01
9.979208111763000488e-01
9.977212548255920410e-01
9.976198673248291016e-01
9.967738986015319824e-01
9.954052567481994629e-01
9.927143454551696777e-01
9.896694421768188477e-01
9.924600720405578613e-01
9.951598644256591797e-01
9.972101449966430664e-01
9.963179230690002441e-01
9.908186197280883789e-01
9.237375259399414062e-01
8.135211467742919922e-01
4.906776845455169678e-01
1.109830588102340698e-01
4.845808073878288269e-02
4.201429430395364761e-03
2.282873913645744324e-02
2.009968310594558716e-01
6.312637329101562500e-01
8.693675994873046875e-01
9.720973968505859375e-01
9.962722659111022949e-01
9.990263581275939941e-01
9.979400634765625000e-01
9.947749972343444824e-01
9.825292229652404785e-01
9.574490189552307129e-01
9.114822149276733398e-01
8.669547438621520996e-01
8.234821557998657227e-01
8.113313913345336914e-01
8.083207607269287109e-01
7.822877764701843262e-01
7.610502243041992188e-01
7.666058540344238281e-01
7.888570427894592285e-01
8.400829434394836426e-01
8.422380089759826660e-01
8.065418601036071777e-01
6.452134847640991211e-01
4.444572627544403076e-01
3.871036767959594727e-01
3.894637227058410645e-01
6.872981190681457520e-01
9.009107947349548340e-01
9.561584591865539551e-01
9.813781976699829102e-01
9.812368750572204590e-01
8.226606249809265137e-01
6.079223752021789551e-01
3.293694257736206055e-01
1.169698089361190796e-01
3.830406069755554199e-01
6.348113417625427246e-01
8.567925691604614258e-01
9.737872481346130371e-01
9.936178922653198242e-01
9.993884563446044922e-01
9.995408058166503906e-01
9.992955327033996582e-01
9.989120364189147949e-01
9.976444840431213379e-01
9.964126348495483398e-01
9.952632188796997070e-01
9.819530844688415527e-01
9.557716846466064453e-01
8.392320871353149414e-01
6.801474094390869141e-01
6.241200566291809082e-01
5.985074639320373535e-01
7.937878966331481934e-01
9.471079707145690918e-01
9.792646169662475586e-01
9.974092841148376465e-01
9.985049366950988770e-01
9.987757802009582520e-01
9.985887408256530762e-01
9.987322688102722168e-01
9.989369511604309082e-01
9.989295005798339844e-01
9.987019896507263184e-01
9.976693987846374512e-01
9.536573886871337891e-01
8.465164303779602051e-01
5.378177165985107422e-01
9.466963261365890503e-02
3.657959168776869774e-04
7.622456905664876103e-06
1.870993077754974365e-01
4.073536694049835205e-01
7.671658992767333984e-01
9.980905055999755859e-01
9.989653825759887695e-01
9.993869066238403320e-01
9.994340538978576660e-01
9.996401071548461914e-01
9.999030232429504395e-01
9.999227523803710938e-01
9.999272227287292480e-01
9.999592900276184082e-01
9.999831914901733398e-01
9.999887347221374512e-01
9.999729394912719727e-01
9.999352693557739258e-01
9.996700882911682129e-01
9.993004202842712402e-01
9.982262253761291504e-01
9.967035651206970215e-01
9.896841049194335938e-01
9.803136587142944336e-01
9.638532996177673340e-01
9.541074633598327637e-01
9.531750679016113281e-01
9.636052250862121582e-01
9.810031652450561523e-01
9.858621954917907715e-01
9.877539873123168945e-01
8.745306730270385742e-01
7.345065474510192871e-01
4.768987894058227539e-01
3.317867219448089600e-01
3.795977532863616943e-01
5.604966878890991211e-01
8.495094776153564453e-01
9.396328330039978027e-01
9.600695371627807617e-01
9.776507019996643066e-01
9.934750795364379883e-01
9.972677826881408691e-01
9.999485611915588379e-01
9.999793171882629395e-01
9.999935030937194824e-01
9.999895691871643066e-01
9.999924898147583008e-01
9.999990463256835938e-01
9.998559951782226562e-01
9.995889067649841309e-01
9.965659379959106445e-01
9.833997488021850586e-01
9.338671565055847168e-01
8.710226416587829590e-01
7.880713343620300293e-01
7.703270316123962402e-01
7.984248995780944824e-01
8.855559825897216797e-01
9.900841712951660156e-01
9.963194131851196289e-01
9.968973994255065918e-01
9.931811690330505371e-01
9.897094964981079102e-01
9.867691397666931152e-01
9.875379800796508789e-01
9.920088052749633789e-01
9.938463568687438965e-01
9.944522976875305176e-01
9.861440062522888184e-01
9.750796556472778320e-01
9.375726580619812012e-01
9.051491618156433105e-01
8.899872899055480957e-01
8.747953176498413086e-01
8.594701290130615234e-01
8.157840967178344727e-01
7.523118257522583008e-01
7.027339935302734375e-01
6.573794484138488770e-01
6.105416417121887207e-01
5.755540728569030762e-01
6.192300915718078613e-01
7.030885815620422363e-01
8.750777840614318848e-01
9.713715314865112305e-01
9.888722300529479980e-01
9.902028441429138184e-01
9.835787415504455566e-01
9.859578609466552734e-01
9.899306893348693848e-01
9.947156906127929688e-01
9.977585673332214355e-01
9.941509366035461426e-01
9.184641838073730469e-01
7.281392216682434082e-01
5.259437561035156250e-01
3.137287199497222900e-01
3.104665279388427734e-01
3.791886568069458008e-01
6.100417375564575195e-01
8.390829563140869141e-01
9.294048547744750977e-01
9.940686821937561035e-01
9.920917749404907227e-01
9.606939554214477539e-01
8.942774534225463867e-01
7.627447843551635742e-01
5.935178399085998535e-01
4.906476736068725586e-01
4.030136168003082275e-01
4.666686356067657471e-01
5.515842437744140625e-01
7.350510954856872559e-01
8.792344927787780762e-01
9.472642540931701660e-01
9.575660824775695801e-01
9.131008386611938477e-01
8.370544910430908203e-01
7.469987869262695312e-01
7.617222070693969727e-01
7.891167998313903809e-01
7.278007268905639648e-01
6.125829219818115234e-01
3.043119609355926514e-01
1.458018273115158081e-01
2.206267416477203369e-01
4.207931756973266602e-01
7.172420024871826172e-01
8.744766712188720703e-01
9.833875894546508789e-01
9.940558671951293945e-01
9.941082596778869629e-01
9.795838594436645508e-01
9.515528082847595215e-01
8.850862383842468262e-01
8.265434503555297852e-01
7.779616117477416992e-01
7.510889768600463867e-01
7.381457090377807617e-01
6.730818748474121094e-01
5.937728285789489746e-01
7.590803503990173340e-01
9.182012677192687988e-01
9.605404138565063477e-01
9.832623004913330078e-01
9.602207541465759277e-01
9.325988292694091797e-01
8.999165296554565430e-01
8.243270516395568848e-01
7.248060703277587891e-01
4.146871864795684814e-01
5.623413622379302979e-02
2.383532002568244934e-02
3.160091000609099865e-05
2.259776192659046501e-05
8.173072128556668758e-04
3.243104321882128716e-03
3.221811493858695030e-03
7.948226411826908588e-04
1.018649834622076256e-11
1.394385366719486097e-12
4.043745546744581532e-11
1.574053196236491203e-03
1.250458657741546631e-01
3.006909489631652832e-01
7.097249627113342285e-01
9.799044728279113770e-01
9.899997115135192871e-01
9.908152818679809570e-01
9.830495715141296387e-01
9.179606437683105469e-01
8.266864418983459473e-01
7.898606657981872559e-01
7.519950270652770996e-01
3.349623382091522217e-01
1.240521783074655104e-06
4.825666337637812831e-07
3.313821522380132583e-17
1.241192582418596544e-16
5.312124639749526978e-02
1.531314998865127563e-01
1.872397959232330322e-01
1.925102919340133667e-01
1.768156737089157104e-01
1.697054803371429443e-01
5.229108929634094238e-01
8.102015852928161621e-01
8.277334570884704590e-01
7.818313241004943848e-01
6.256693005561828613e-01
5.698123574256896973e-01
6.016578078269958496e-01
7.082762718200683594e-01
8.465318083763122559e-01
7.823022603988647461e-01
6.890465617179870605e-01
6.677078008651733398e-01
6.880148649215698242e-01
8.778055310249328613e-01
9.994146227836608887e-01
9.996241331100463867e-01
9.996533989906311035e-01
9.995193481445312500e-01
9.993206262588500977e-01
9.990922808647155762e-01
9.982059001922607422e-01
9.970450401306152344e-01
9.884207844734191895e-01
9.803712964057922363e-01
9.747310280799865723e-01
9.747521281242370605e-01
9.852669239044189453e-01
9.922080039978027344e-01
9.957672357559204102e-01
9.962037205696105957e-01
9.951474666595458984e-01
9.929966926574707031e-01
9.906576275825500488e-01
9.934427738189697266e-01
9.960894584655761719e-01
9.980038404464721680e-01
9.993789792060852051e-01
9.996442198753356934e-01
9.981554746627807617e-01
9.948516488075256348e-01
9.726441502571105957e-01
9.404076933860778809e-01
9.118371009826660156e-01
8.841472268104553223e-01
8.108905553817749023e-01
7.045086622238159180e-01
3.981094360351562500e-01
2.075749039649963379e-01
2.848637998104095459e-01
4.733777940273284912e-01
7.904558181762695312e-01
9.389603137969970703e-01
9.845611453056335449e-01
9.911102652549743652e-01
9.869233369827270508e-01
9.765426516532897949e-01
9.676203131675720215e-01
9.744966030120849609e-01
9.815660119056701660e-01
9.892346858978271484e-01
9.844375252723693848e-01
9.627720117568969727e-01
8.794982433319091797e-01
7.527507543563842773e-01
7.441717386245727539e-01
7.766302227973937988e-01
6.471368670463562012e-01
4.927121996879577637e-01
2.306492775678634644e-01
2.583514526486396790e-02
2.840832807123661041e-02
1.595501452684402466e-01
5.040312409400939941e-01
5.120634436607360840e-01
2.278579771518707275e-01
9.533725678920745850e-02
2.944481000304222107e-02
4.615299999713897705e-01
9.750210642814636230e-01
9.874734282493591309e-01
9.972041845321655273e-01
9.931676983833312988e-01
9.876057505607604980e-01
9.788403511047363281e-01
9.744692444801330566e-01
9.749463796615600586e-01
9.823559522628784180e-01
9.938003420829772949e-01
9.963833093643188477e-01
9.966109395027160645e-01
9.881595969200134277e-01
9.743051528930664062e-01
9.169787168502807617e-01
8.532000184059143066e-01
7.701614499092102051e-01
7.623029947280883789e-01
8.616378903388977051e-01
9.308544993400573730e-01
9.769651889801025391e-01
9.904450178146362305e-01
9.912267923355102539e-01
9.941354990005493164e-01
9.960170984268188477e-01
9.549864530563354492e-01
9.085397720336914062e-01
8.386238813400268555e-01
8.149458765983581543e-01
8.825313448905944824e-01
9.316577911376953125e-01
9.619548320770263672e-01
9.692652821540832520e-01
9.639908075332641602e-01
9.176943302154541016e-01
8.612856864929199219e-01
8.962078690528869629e-01
9.353887438774108887e-01
9.721081256866455078e-01
9.994786381721496582e-01
9.997945427894592285e-01
9.999822378158569336e-01
9.999828934669494629e-01
9.999883174896240234e-01
9.999973773956298828e-01
1.000000000000000000e+00
1.000000000000000000e+00
9.999921321868896484e-01
9.999826550483703613e-01
9.999522566795349121e-01
9.999029636383056641e-01
9.997591376304626465e-01
9.992900490760803223e-01
9.981213212013244629e-01
9.961364865303039551e-01
9.932352304458618164e-01
9.912937879562377930e-01
9.899532198905944824e-01
9.907012581825256348e-01
9.920849800109863281e-01
9.940077066421508789e-01
9.959626197814941406e-01
9.976218342781066895e-01
9.990025162696838379e-01
9.993581771850585938e-01
9.996654391288757324e-01
9.998909235000610352e-01
1.000000000000000000e+00
1.000000000000000000e+00
9.998130798339843750e-01
9.995328187942504883e-01
9.935826063156127930e-01
9.863384366035461426e-01
9.386764764785766602e-01
8.886991143226623535e-01
8.340433239936828613e-01
8.006712198257446289e-01
8.298369050025939941e-01
8.544815182685852051e-01
8.722850084304809570e-01
8.939526677131652832e-01
9.188809990882873535e-01
9.467190504074096680e-01
9.759201407432556152e-01
9.877423644065856934e-01
9.963421225547790527e-01
9.976204037666320801e-01
9.986940622329711914e-01
9.989079236984252930e-01
9.992048144340515137e-01
9.997102022171020508e-01
1.000000000000000000e+00
1.000000000000000000e+00
1.000000000000000000e+00
1.000000000000000000e+00
9.997484683990478516e-01
9.993976354598999023e-01
9.991981983184814453e-01
9.989350438117980957e-01
9.882043004035949707e-01
9.585219025611877441e-01
8.235039114952087402e-01
7.347928285598754883e-01
7.545101642608642578e-01
8.093885779380798340e-01
9.080870151519775391e-01
9.630884528160095215e-01
9.870303273200988770e-01
9.923390746116638184e-01
9.906926751136779785e-01
9.613867998123168945e-01
9.290685057640075684e-01
9.619872570037841797e-01
9.799202680587768555e-01
9.179984927177429199e-01
8.380190730094909668e-01
7.156466841697692871e-01
6.539236903190612793e-01
6.675667166709899902e-01
7.290775179862976074e-01
8.238086104393005371e-01
7.896932363510131836e-01
7.083086371421813965e-01
6.493106484413146973e-01
5.966764092445373535e-01
7.472258210182189941e-01
8.648329377174377441e-01
8.009598851203918457e-01
6.357165575027465820e-01
2.287802398204803467e-01
8.606129142663121456e-09
2.554028322165891041e-09
2.314657194801839069e-07
6.336272804219333921e-07
3.866703808307647705e-01
9.237535595893859863e-01
7.883968949317932129e-01
5.424842834472656250e-01
6.745520234107971191e-01
7.999115586280822754e-01
8.808378577232360840e-01
9.471206068992614746e-01
9.749197959899902344e-01
9.930627346038818359e-01
9.975864887237548828e-01
9.997072219848632812e-01
9.999169707298278809e-01
9.999862313270568848e-01
9.999938607215881348e-01
9.999943375587463379e-01
9.999934434890747070e-01
9.999379515647888184e-01
9.998925924301147461e-01
9.999433159828186035e-01
9.999839663505554199e-01
9.999938607215881348e-01
9.998397231101989746e-01
9.994263052940368652e-01
9.952906370162963867e-01
9.877603650093078613e-01
9.242482185363769531e-01
8.316823244094848633e-01
7.392183542251586914e-01
6.464965939521789551e-01
6.847276687622070312e-01
7.351604700088500977e-01
8.241102099418640137e-01
9.009743928909301758e-01
9.315710067749023438e-01
9.594032168388366699e-01
9.818484783172607422e-01
9.932849407196044922e-01
9.925940632820129395e-01
9.922186136245727539e-01
9.920436143875122070e-01
9.952089190483093262e-01
9.995009899139404297e-01
1.000000000000000000e+00
9.995161294937133789e-01
9.716132283210754395e-01
9.468057155609130859e-01
9.389574527740478516e-01
9.351878762245178223e-01
9.416057467460632324e-01
9.239163994789123535e-01
8.731437325477600098e-01
7.806448936462402344e-01
6.549914479255676270e-01
7.144010663032531738e-01
8.579391241073608398e-01
9.253218173980712891e-01
9.765768647193908691e-01
9.605392813682556152e-01
9.371455907821655273e-01
8.695604205131530762e-01
8.346838951110839844e-01
9.149079918861389160e-01
9.727646708488464355e-01
9.898743629455566406e-01
9.990290999412536621e-01
9.997301101684570312e-01
9.968868494033813477e-01
9.918451905250549316e-01
9.908440709114074707e-01
9.912148714065551758e-01
9.946852922439575195e-01
9.985294938087463379e-01
9.975889325141906738e-01
9.964938163757324219e-01
9.944857954978942871e-01
9.939380884170532227e-01
9.972565770149230957e-01
9.993039369583129883e-01
9.994823932647705078e-01
9.986997246742248535e-01
9.970812797546386719e-01
9.934919476509094238e-01
9.889127612113952637e-01
9.577371478080749512e-01
9.195689558982849121e-01
6.378323435783386230e-01
3.466819822788238525e-01
2.671130299568176270e-01
2.419894635677337646e-01
4.637077748775482178e-01
6.651551723480224609e-01
8.232802748680114746e-01
8.213579654693603516e-01
6.160137057304382324e-01
3.671569526195526123e-01
8.595950901508331299e-02
2.392869902223537792e-09
1.858931564235888345e-09
4.506969708018004894e-04
9.992405539378523827e-04
6.499426811933517456e-02
1.497432142496109009e-01
4.404197931289672852e-01
7.015134096145629883e-01
8.442281484603881836e-01
9.221236705780029297e-01
8.696653246879577637e-01
7.074531912803649902e-01
4.144980311393737793e-01
2.014732360839843750e-01
4.532299190759658813e-02
2.488658938091248274e-04
3.567938983906060457e-04
1.499412059783935547e-01
3.288209438323974609e-01
6.751424074172973633e-01
9.968491196632385254e-01
9.866478443145751953e-01
9.765019416809082031e-01
9.666539430618286133e-01
9.585084319114685059e-01
9.536430835723876953e-01
9.578335881233215332e-01
9.725673794746398926e-01
9.782226085662841797e-01
9.775305986404418945e-01
9.300191998481750488e-01
8.638281822204589844e-01
9.028534293174743652e-01
9.623089432716369629e-01
9.753385782241821289e-01
9.858500361442565918e-01
9.884659647941589355e-01
9.912989139556884766e-01
9.949394464492797852e-01
9.809104204177856445e-01
9.308981299400329590e-01
8.486933708190917969e-01
7.271009683609008789e-01
7.440620660781860352e-01
8.626557588577270508e-01
9.264476299285888672e-01
9.663557410240173340e-01
9.817587137222290039e-01
9.917875528335571289e-01
9.955438971519470215e-01
9.987635612487792969e-01
9.994031786918640137e-01
9.999316930770874023e-01
9.999682903289794922e-01
9.999593496322631836e-01
9.998475313186645508e-01
9.994224905967712402e-01
9.985752105712890625e-01
9.950597286224365234e-01
9.893630146980285645e-01
9.343135356903076172e-01
8.550007939338684082e-01
4.949160814285278320e-01
5.958359688520431519e-02
3.662356734275817871e-02
6.425482034683227539e-02
4.118518531322479248e-01
6.694743037223815918e-01
4.147453606128692627e-01
1.962979584932327271e-01
7.449929416179656982e-02
1.116191560868173838e-05
2.527792275941465050e-05
2.620224282145500183e-02
7.778798043727874756e-02
3.802967369556427002e-01
8.329751491546630859e-01
9.697897434234619141e-01
9.960708618164062500e-01
9.805595278739929199e-01
9.582701921463012695e-01
7.211503386497497559e-01
5.072985291481018066e-01
5.582178831100463867e-01
6.177427172660827637e-01
7.093358635902404785e-01
7.672243118286132812e-01
7.576177716255187988e-01
6.388369798660278320e-01
3.865194618701934814e-01
2.034548223018646240e-01
7.470452785491943359e-02
1.532899290323257446e-01
3.298407495021820068e-01
6.152063608169555664e-01
9.292007684707641602e-01
9.771678447723388672e-01
9.991156458854675293e-01
9.994725584983825684e-01
9.997854828834533691e-01
9.998420476913452148e-01
9.998527169227600098e-01
9.997326731681823730e-01
9.988178014755249023e-01
9.965909123420715332e-01
9.956215023994445801e-01
9.959683418273925781e-01
9.970242381095886230e-01
9.985468387603759766e-01
9.993194937705993652e-01
9.997999072074890137e-01
9.999222755432128906e-01
9.999723434448242188e-01
9.999814629554748535e-01
9.999870061874389648e-01
9.999728798866271973e-01
9.999514818191528320e-01
9.998948574066162109e-01
9.998425841331481934e-01
9.998012781143188477e-01
9.997859597206115723e-01
9.998095631599426270e-01
9.996885657310485840e-01
9.994295835494995117e-01
9.685124158859252930e-01
9.190313816070556641e-01
5.719277262687683105e-01
1.167005151510238647e-01
2.612220309674739838e-02
1.369996462017297745e-03
2.290666336193680763e-03
2.126699499785900116e-02
2.684132158756256104e-01
4.639121294021606445e-01
4.281288385391235352e-01
4.888068437576293945e-01
7.812487483024597168e-01
9.639870524406433105e-01
9.840908050537109375e-01
9.936589002609252930e-01
9.933885931968688965e-01
9.900912642478942871e-01
9.849638342857360840e-01
9.821754693984985352e-01
9.802375435829162598e-01
9.819796085357666016e-01
9.844014644622802734e-01
9.854333996772766113e-01
9.865874648094177246e-01
9.906082153320312500e-01
9.944168329238891602e-01
9.971462488174438477e-01
9.989322423934936523e-01
9.982768297195434570e-01
9.927636981010437012e-01
9.796097874641418457e-01
8.624332547187805176e-01
6.401011347770690918e-01
3.989849984645843506e-01
1.462991982698440552e-01
7.453379034996032715e-02
7.596228271722793579e-02
3.439013361930847168e-01
6.708132028579711914e-01
8.398395776748657227e-01
9.917810559272766113e-01
9.957367777824401855e-01
9.989668130874633789e-01
9.976702928543090820e-01
9.966962933540344238e-01
9.966988563537597656e-01
9.970326423645019531e-01
9.979761242866516113e-01
9.987828135490417480e-01
9.994277358055114746e-01
9.997940659523010254e-01
9.999453425407409668e-01
9.999886155128479004e-01
9.999786615371704102e-01
9.962821602821350098e-01
9.915102720260620117e-01
9.841125607490539551e-01
9.763374924659729004e-01
9.863002896308898926e-01
9.958076477050781250e-01
9.980940222740173340e-01
9.999361634254455566e-01
9.999474883079528809e-01
9.997212290763854980e-01
9.989406466484069824e-01
9.971327781677246094e-01
9.938163161277770996e-01
9.896634817123413086e-01
9.847065806388854980e-01
9.677091240882873535e-01
9.429745078086853027e-01
8.077062964439392090e-01
6.274610757827758789e-01
3.387085199356079102e-01
2.614953555166721344e-02
9.490727825323119760e-05
0.000000000000000000e+00
0.000000000000000000e+00
0.000000000000000000e+00
0.000000000000000000e+00
1.445501763373613358e-02
7.858549058437347412e-02
2.702504098415374756e-01
7.245351076126098633e-01
9.863653182983398438e-01
9.939675331115722656e-01
9.974203109741210938e-01
9.972158670425415039e-01
9.918312430381774902e-01
9.834405779838562012e-01
9.589499235153198242e-01
9.286112785339355469e-01
9.525895714759826660e-01
9.876726865768432617e-01
9.942973852157592773e-01
9.986764788627624512e-01
9.971004128456115723e-01
9.928753972053527832e-01
9.712170362472534180e-01
9.584290981292724609e-01
9.748830199241638184e-01
9.858832359313964844e-01
9.859806299209594727e-01
9.855250120162963867e-01
9.843481779098510742e-01
9.860711693763732910e-01
9.903556108474731445e-01
9.937377572059631348e-01
9.965777397155761719e-01
9.970119595527648926e-01
9.965410232543945312e-01
9.963071942329406738e-01
9.961234331130981445e-01
9.975392222404479980e-01
9.990655779838562012e-01
9.994119405746459961e-01
9.996442794799804688e-01
9.990121722221374512e-01
9.977338314056396484e-01
9.941084384918212891e-01
9.881780743598937988e-01
9.772211909294128418e-01
8.545498847961425781e-01
5.699732303619384766e-01
3.251598775386810303e-01
1.182710900902748108e-01
1.358696073293685913e-01
3.038010895252227783e-01
5.083830952644348145e-01
7.285346388816833496e-01
7.733967900276184082e-01
7.713446617126464844e-01
5.874176621437072754e-01
3.796334564685821533e-01
4.288879036903381348e-01
4.941125810146331787e-01
6.916674971580505371e-01
8.569627404212951660e-01
8.629566431045532227e-01
8.087721467018127441e-01
5.877152085304260254e-01
4.146350622177124023e-01
3.262510001659393311e-01
3.060305118560791016e-01
3.681103885173797607e-01
4.836300313472747803e-01
6.432225108146667480e-01
7.809756398200988770e-01
9.061000347137451172e-01
9.584136009216308594e-01
9.842542409896850586e-01
9.539641141891479492e-01
9.116672277450561523e-01
7.860620617866516113e-01
6.544225811958312988e-01
6.261770129203796387e-01
6.217582821846008301e-01
8.241237401962280273e-01
9.879718422889709473e-01
9.944751262664794922e-01
9.989697337150573730e-01
9.984384179115295410e-01
9.975651502609252930e-01
9.961303472518920898e-01
9.958260059356689453e-01
9.967994689941406250e-01
9.979739189147949219e-01
