9.159572720527648926e-01
8.615100979804992676e-01
8.026246428489685059e-01
8.570113778114318848e-01
9.123245477676391602e-01
9.469572305679321289e-01
8.490126132965087891e-01
5.525877475738525391e-01
2.013409137725830078e-02
1.915927859954535961e-04
3.061874972315470345e-12
6.348919123411178589e-05
3.668853342533111572e-01
7.035884857177734375e-01
9.997946619987487793e-01
9.999356865882873535e-01
9.999835491180419922e-01
9.999336004257202148e-01
9.995934963226318359e-01
9.985167980194091797e-01
9.971433877944946289e-01
9.973662495613098145e-01
9.982345700263977051e-01
9.993524551391601562e-01
9.997273683547973633e-01
9.977796673774719238e-01
9.440625309944152832e-01
6.633776426315307617e-01
3.133867979049682617e-01
1.413681451231241226e-02
3.244229126721620560e-03
1.738327991915866733e-04
1.535001281638415094e-08
2.883769889550080734e-09
2.924994773299827155e-13
4.664977085178101390e-11
2.104687812920502665e-10
4.613872170448303223e-01
8.858064413070678711e-01
9.785011410713195801e-01
9.661984443664550781e-01
8.341029286384582520e-01
5.162428021430969238e-01
2.406621724367141724e-01
6.174143031239509583e-02
3.009048476815223694e-02
8.951547741889953613e-02
9.953431040048599243e-02
2.203964255750179291e-02
3.424410223960876465e-01
6.729181408882141113e-01
9.747462272644042969e-01
9.957195520401000977e-01
9.993029236793518066e-01
9.991539120674133301e-01
9.984878897666931152e-01
9.978234767913818359e-01
9.971882700920104980e-01
9.987465739250183105e-01
9.995999932289123535e-01
9.996556043624877930e-01
9.955617785453796387e-01
9.873651266098022461e-01
9.766092896461486816e-01
9.778056144714355469e-01
9.866036772727966309e-01
9.997435808181762695e-01
9.999143481254577637e-01
9.999187588691711426e-01
9.994032382965087891e-01
9.956886172294616699e-01
9.911755919456481934e-01
9.867995977401733398e-01
9.862782359123229980e-01
9.826833009719848633e-01
9.796898365020751953e-01
9.882605671882629395e-01
9.910165071487426758e-01
9.891247153282165527e-01
9.791795015335083008e-01
9.700441360473632812e-01
9.577256441116333008e-01
9.318683743476867676e-01
8.966784477233886719e-01
8.733857870101928711e-01
9.023918509483337402e-01
9.510949850082397461e-01
9.940340518951416016e-01
9.986422657966613770e-01
9.995112419128417969e-01
9.994134306907653809e-01
9.998763799667358398e-01
9.999893903732299805e-01
9.999983906745910645e-01
9.999941587448120117e-01
9.999262094497680664e-01
9.998308420181274414e-01
9.997098445892333984e-01
9.998518824577331543e-01
9.999873638153076172e-01
9.999873042106628418e-01
9.997298121452331543e-01
9.993619918823242188e-01
9.988799691200256348e-01
9.990763068199157715e-01
9.993391036987304688e-01
9.995130896568298340e-01
9.995747804641723633e-01
9.995930194854736328e-01
9.995675683021545410e-01
9.995828866958618164e-01
9.995708465576171875e-01
9.995077252388000488e-01
9.992378354072570801e-01
9.981415271759033203e-01
9.958720803260803223e-01
9.897454977035522461e-01
9.842388033866882324e-01
9.800835847854614258e-01
9.784595966339111328e-01
9.805192351341247559e-01
9.871093630790710449e-01
9.945791363716125488e-01
9.990857243537902832e-01
9.998421669006347656e-01
9.996603131294250488e-01
9.880675673484802246e-01
9.630409479141235352e-01
8.455533385276794434e-01
8.030864596366882324e-01
8.488119840621948242e-01
9.170433282852172852e-01
9.662473201751708984e-01
9.943875074386596680e-01
9.973985552787780762e-01
9.984915256500244141e-01
9.979188442230224609e-01
9.930363893508911133e-01
9.644673466682434082e-01
9.119350314140319824e-01
7.777435779571533203e-01
6.448259949684143066e-01
5.113369822502136230e-01
2.331542819738388062e-01
9.073803573846817017e-02
8.811026811599731445e-02
7.054677009582519531e-01
9.990933537483215332e-01
9.999425411224365234e-01
9.994608759880065918e-01
9.982062578201293945e-01
9.962828159332275391e-01
9.947670102119445801e-01
9.827234745025634766e-01
9.583515524864196777e-01
8.524850010871887207e-01
7.744320631027221680e-01
7.261597514152526855e-01
8.170914053916931152e-01
8.970522880554199219e-01
9.654620289802551270e-01
9.834560751914978027e-01
9.940072894096374512e-01
9.982659816741943359e-01
9.991890788078308105e-01
9.997281432151794434e-01
9.998972415924072266e-01
9.990177154541015625e-01
9.888499975204467773e-01
9.667327404022216797e-01
8.665357232093811035e-01
7.095293402671813965e-01
5.031568408012390137e-01
2.324278503656387329e-01
7.080487906932830811e-02
3.929018930648453534e-05
1.206516299134818837e-05
1.798242032527923584e-01
5.043005943298339844e-01
8.473899364471435547e-01
9.998628497123718262e-01
9.999990463256835938e-01
9.999970793724060059e-01
9.999949336051940918e-01
9.999928474426269531e-01
9.999964237213134766e-01
9.999983906745910645e-01
9.999988675117492676e-01
9.999974966049194336e-01
9.999973773956298828e-01
9.999981522560119629e-01
9.999989867210388184e-01
9.861239194869995117e-01
9.325054883956909180e-01
2.923666536808013916e-01
6.100504101880233065e-09
9.928526123985648155e-04
2.543413452804088593e-02
3.596511483192443848e-01
9.176789522171020508e-01
3.975377082824707031e-01
9.999516606330871582e-02
3.689301956910640001e-04
1.145885698497295380e-02
3.276996016502380371e-01
9.013062715530395508e-01
9.655561447143554688e-01
9.975687265396118164e-01
9.999540448188781738e-01
9.999586343765258789e-01
9.996416568756103516e-01
9.988305568695068359e-01
9.784923195838928223e-01
9.219441413879394531e-01
8.304793834686279297e-01
8.819376230239868164e-01
9.356411695480346680e-01
9.916094541549682617e-01
9.965562820434570312e-01
9.990348219871520996e-01
9.992958307266235352e-01
9.901171922683715820e-01
9.334403872489929199e-01
8.248406052589416504e-01
7.829614281654357910e-01
8.052079677581787109e-01
8.986304402351379395e-01
9.632142186164855957e-01
9.982755184173583984e-01
9.993064999580383301e-01
9.984824657440185547e-01
9.935151338577270508e-01
9.834701418876647949e-01
9.697433710098266602e-01
9.717180132865905762e-01
9.947385191917419434e-01
9.985370635986328125e-01
9.998435974121093750e-01
9.998998045921325684e-01
9.999530911445617676e-01
9.999882578849792480e-01
9.999967813491821289e-01
9.999920725822448730e-01
9.998745918273925781e-01
9.995804429054260254e-01
9.919327497482299805e-01
9.632152915000915527e-01
9.004032611846923828e-01
6.752899289131164551e-01
3.934986889362335205e-01
5.503700301051139832e-02
4.676955938339233398e-02
2.486449182033538818e-01
7.475841641426086426e-01
9.084392786026000977e-01
9.752033948898315430e-01
9.918161034584045410e-01
9.975308775901794434e-01
9.997678399085998535e-01
9.999235272407531738e-01
9.996756315231323242e-01
9.976820945739746094e-01
9.914923310279846191e-01
9.902598857879638672e-01
9.916551113128662109e-01
9.963104128837585449e-01
9.986643791198730469e-01
9.998731017112731934e-01
9.998832345008850098e-01
9.999049901962280273e-01
9.999335408210754395e-01
9.999708533287048340e-01
9.999893903732299805e-01
9.999982118606567383e-01
9.999994039535522461e-01
9.999989271163940430e-01
9.999839663505554199e-01
9.999035000801086426e-01
9.993906617164611816e-01
9.985488057136535645e-01
9.970890283584594727e-01
9.902487993240356445e-01
9.805385470390319824e-01
9.721297025680541992e-01
9.752210974693298340e-01
9.854175448417663574e-01
9.944611191749572754e-01
9.885348081588745117e-01
9.737336635589599609e-01
9.783409237861633301e-01
9.603399634361267090e-01
9.266777038574218750e-01
9.272757172584533691e-01
9.531043171882629395e-01
9.996531605720520020e-01
9.998679161071777344e-01
9.996911287307739258e-01
9.991350173950195312e-01
9.988930821418762207e-01
9.990144371986389160e-01
9.995263814926147461e-01
9.997688531875610352e-01
9.998703002929687500e-01
9.998120069503784180e-01
9.997465610504150391e-01
9.995705485343933105e-01
9.992443323135375977e-01
9.961554408073425293e-01
9.939365983009338379e-01
9.935185313224792480e-01
9.960937500000000000e-01
9.984752535820007324e-01
9.997557997703552246e-01
9.999720454216003418e-01
9.999205470085144043e-01
9.997255206108093262e-01
9.993345141410827637e-01
9.990476369857788086e-01
9.991159439086914062e-01
9.994471073150634766e-01
9.996994137763977051e-01
9.995253682136535645e-01
9.994144439697265625e-01
9.988452196121215820e-01
9.966654181480407715e-01
9.737638235092163086e-01
9.536722898483276367e-01
9.800112843513488770e-01
9.923247694969177246e-01
9.788508415222167969e-01
8.654544353485107422e-01
6.982946395874023438e-01
5.448221564292907715e-01
6.962858438491821289e-01
8.394541144371032715e-01
9.655261635780334473e-01
9.692733287811279297e-01
9.733319878578186035e-01
9.779623746871948242e-01
9.887194633483886719e-01
9.957685470581054688e-01
9.995105266571044922e-01
9.997887611389160156e-01
9.999485015869140625e-01
9.999865293502807617e-01
9.999946951866149902e-01
9.999985694885253906e-01
9.999981522560119629e-01
9.999930858612060547e-01
9.999818801879882812e-01
9.999625682830810547e-01
9.999401569366455078e-01
9.999310970306396484e-01
9.999448060989379883e-01
9.999563694000244141e-01
9.999501705169677734e-01
9.999093413352966309e-01
9.996812343597412109e-01
9.994329214096069336e-01
9.992416501045227051e-01
9.988008737564086914e-01
9.984362125396728516e-01
9.985215067863464355e-01
9.990037679672241211e-01
9.994441866874694824e-01
9.991558194160461426e-01
9.994248747825622559e-01
9.998729825019836426e-01
9.999078512191772461e-01
9.964114427566528320e-01
9.792374372482299805e-01
8.734329938888549805e-01
7.845931053161621094e-01
7.206446528434753418e-01
8.286435604095458984e-01
9.004247188568115234e-01
9.347171783447265625e-01
6.792850494384765625e-01
4.679650664329528809e-01
3.008387982845306396e-01
5.095319747924804688e-01
7.119384407997131348e-01
8.969842791557312012e-01
9.544700980186462402e-01
9.395187497138977051e-01
8.330628871917724609e-01
3.454808592796325684e-01
1.140835981239263219e-09
1.613450900661561604e-10
0.000000000000000000e+00
0.000000000000000000e+00
0.000000000000000000e+00
0.000000000000000000e+00
3.022850933120935224e-06
1.465281093260273337e-05
3.587042093276977539e-01
7.802689671516418457e-01
9.453211426734924316e-01
9.986835122108459473e-01
9.996478557586669922e-01
9.994547963142395020e-01
9.985801577568054199e-01
9.975706338882446289e-01
9.988304972648620605e-01
9.995838999748229980e-01
9.999498724937438965e-01
9.999377727508544922e-01
9.999386668205261230e-01
9.999513626098632812e-01
9.987977743148803711e-01
9.763964414596557617e-01
9.301388263702392578e-01
9.247390031814575195e-01
9.420377016067504883e-01
9.876538515090942383e-01
9.891656041145324707e-01
9.860358834266662598e-01
9.843983650207519531e-01
9.904410839080810547e-01
9.964032173156738281e-01
9.987700581550598145e-01
9.991650581359863281e-01
9.990496635437011719e-01
9.990901350975036621e-01
9.990049600601196289e-01
9.973039627075195312e-01
9.889639616012573242e-01
9.350161552429199219e-01
8.654820322990417480e-01
8.471015095710754395e-01
8.815161585807800293e-01
9.479595422744750977e-01
9.817019701004028320e-01
9.974851012229919434e-01
9.980474710464477539e-01
9.853078126907348633e-01
9.825054407119750977e-01
9.902729392051696777e-01
9.944572448730468750e-01
9.967483282089233398e-01
9.967083930969238281e-01
9.986176490783691406e-01
9.999898672103881836e-01
9.999983310699462891e-01
9.999997615814208984e-01
9.999990463256835938e-01
9.999967813491821289e-01
9.998875260353088379e-01
9.993406534194946289e-01
9.975059628486633301e-01
9.966682195663452148e-01
9.966350793838500977e-01
9.984576106071472168e-01
9.994332790374755859e-01
9.998878836631774902e-01
9.999666810035705566e-01
9.999312758445739746e-01
9.998175501823425293e-01
9.998182058334350586e-01
9.998652935028076172e-01
9.999563694000244141e-01
9.999834895133972168e-01
9.999979734420776367e-01
9.999984502792358398e-01
9.999648928642272949e-01
9.999237656593322754e-01
9.998756051063537598e-01
9.999036192893981934e-01
9.999457001686096191e-01
9.999880790710449219e-01
9.999986290931701660e-01
9.999996423721313477e-01
9.999991655349731445e-01
9.999880194664001465e-01
9.998899102210998535e-01
9.994032979011535645e-01
9.978021979331970215e-01
9.955849051475524902e-01
9.934343099594116211e-01
9.933615922927856445e-01
9.948504567146301270e-01
9.964107871055603027e-01
9.952728748321533203e-01
9.914147257804870605e-01
9.194345474243164062e-01
8.445720672607421875e-01
7.693218588829040527e-01
8.453627824783325195e-01
9.280834794044494629e-01
9.889504909515380859e-01
9.999740123748779297e-01
9.999970197677612305e-01
9.999961853027343750e-01
9.998669624328613281e-01
9.992159008979797363e-01
9.967545866966247559e-01
9.903907179832458496e-01
9.845412969589233398e-01
9.944747090339660645e-01
9.989813566207885742e-01
9.997869133949279785e-01
9.999257922172546387e-01
9.999930262565612793e-01
9.999944567680358887e-01
9.999768733978271484e-01
9.999486804008483887e-01
9.999077916145324707e-01
9.999529123306274414e-01
9.999895691871643066e-01
9.999968409538269043e-01
9.999898076057434082e-01
9.999812841415405273e-01
9.999762773513793945e-01
9.999834299087524414e-01
9.999923706054687500e-01
9.999931454658508301e-01
9.999535083770751953e-01
9.997695684432983398e-01
9.987716078758239746e-01
9.965004324913024902e-01
9.934682846069335938e-01
9.923005700111389160e-01
9.887724518775939941e-01
9.830049872398376465e-01
9.865307211875915527e-01
9.913861751556396484e-01
9.976592063903808594e-01
9.992673993110656738e-01
9.999520778656005859e-01
9.999765157699584961e-01
9.982941150665283203e-01
9.935773015022277832e-01
9.817048907279968262e-01
9.668416380882263184e-01
9.370386004447937012e-01
8.473892807960510254e-01
5.420305728912353516e-01
1.518366932868957520e-01
5.076392367482185364e-02
1.041914373636245728e-01
2.836727797985076904e-01
7.536314129829406738e-01
9.936348795890808105e-01
9.802399277687072754e-01
9.829330444335937500e-01
9.889442324638366699e-01
9.983542561531066895e-01
9.998988509178161621e-01
9.999956488609313965e-01
9.999988079071044922e-01
9.999951124191284180e-01
9.999342560768127441e-01
9.996773600578308105e-01
9.991821050643920898e-01
9.983331561088562012e-01
9.958877563476562500e-01
9.537295103073120117e-01
8.871698379516601562e-01
9.079661369323730469e-01
6.705138683319091797e-01
1.717282682657241821e-01
2.555007636547088623e-01
4.889600872993469238e-01
8.981651663780212402e-01
9.794319272041320801e-01
9.996536374092102051e-01
9.999295473098754883e-01
9.999829530715942383e-01
9.999724030494689941e-01
9.999682903289794922e-01
9.999782443046569824e-01
9.999930262565612793e-01
9.999962449073791504e-01
9.999977946281433105e-01
9.999980926513671875e-01
9.999964833259582520e-01
9.999898672103881836e-01
9.999782443046569824e-01
9.999660253524780273e-01
9.999690055847167969e-01
9.999945759773254395e-01
9.999989271163940430e-01
9.999983906745910645e-01
9.999946951866149902e-01
9.999749660491943359e-01
9.999332427978515625e-01
9.998288750648498535e-01
9.996477365493774414e-01
9.994659423828125000e-01
9.995722174644470215e-01
9.997212290763854980e-01
9.998998641967773438e-01
9.999600648880004883e-01
9.999937415122985840e-01
9.999979734420776367e-01
9.999986886978149414e-01
9.999981522560119629e-01
9.999960660934448242e-01
9.999845623970031738e-01
9.999312162399291992e-01
9.997738003730773926e-01
9.992554187774658203e-01
9.988353252410888672e-01
9.994955658912658691e-01
9.998390078544616699e-01
9.999837875366210938e-01
9.999849796295166016e-01
9.999879598617553711e-01
9.999925494194030762e-01
9.998464584350585938e-01
9.997363090515136719e-01
9.996777772903442383e-01
9.997855424880981445e-01
9.998975396156311035e-01
9.999704957008361816e-01
9.999933242797851562e-01
9.999997019767761230e-01
9.999993443489074707e-01
9.999510049819946289e-01
9.998893737792968750e-01
9.998982548713684082e-01
9.999381303787231445e-01
1.000000000000000000e+00
1.000000000000000000e+00
9.999835491180419922e-01
9.999485015869140625e-01
9.999682307243347168e-01
9.999851584434509277e-01
9.999879598617553711e-01
9.999908804893493652e-01
9.999927878379821777e-01
9.999918937683105469e-01
9.999753832817077637e-01
9.999402761459350586e-01
9.998372197151184082e-01
9.998084902763366699e-01
9.998325109481811523e-01
9.999098777770996094e-01
9.999640583992004395e-01
9.999937415122985840e-01
9.999982714653015137e-01
1.000000000000000000e+00
1.000000000000000000e+00
9.999855160713195801e-01
9.999597668647766113e-01
9.999120235443115234e-01
9.999160766601562500e-01
9.999423623085021973e-01
9.999769330024719238e-01
9.999936819076538086e-01
9.999979734420776367e-01
9.999854564666748047e-01
9.993889331817626953e-01
9.981988668441772461e-01
9.783969521522521973e-01
9.429348707199096680e-01
8.842890262603759766e-01
8.378808498382568359e-01
8.343518376350402832e-01
9.386135339736938477e-01
9.828395247459411621e-01
9.997810125350952148e-01
9.984061121940612793e-01
9.916207194328308105e-01
9.822837114334106445e-01
9.930784702301025391e-01
9.971697926521301270e-01
9.942958354949951172e-01
9.786983728408813477e-01
9.710341095924377441e-01
9.779982566833496094e-01
9.897774457931518555e-01
9.993453621864318848e-01
9.995367527008056641e-01
9.994276165962219238e-01
9.992868900299072266e-01
9.997158646583557129e-01
9.999336004257202148e-01
9.999998807907104492e-01
9.999954104423522949e-01
9.998534321784973145e-01
9.995563626289367676e-01
9.951988458633422852e-01
9.923083186149597168e-01
9.928464293479919434e-01
9.959702491760253906e-01
9.988333582878112793e-01
9.986035227775573730e-01
9.990845322608947754e-01
9.998288750648498535e-01
9.999334216117858887e-01
9.999699592590332031e-01
9.999514818191528320e-01
9.997903704643249512e-01
9.997825026512145996e-01
9.999755620956420898e-01
9.543690085411071777e-01
7.345744967460632324e-01
1.458698660135269165e-01
1.342075499505698898e-26
3.018803515338839889e-35
1.891943349174716268e-34
4.910239204764366150e-02
1.583947539329528809e-01
6.993708610534667969e-01
9.769606590270996094e-01
9.962651729583740234e-01
9.988775849342346191e-01
9.998977780342102051e-01
9.999746084213256836e-01
9.928255081176757812e-01
9.839488267898559570e-01
9.746673703193664551e-01
9.807130694389343262e-01
9.923617839813232422e-01
9.966142773628234863e-01
9.918059110641479492e-01
9.795486927032470703e-01
8.367723226547241211e-01
7.118051052093505859e-01
6.091258525848388672e-01
7.546827793121337891e-01
8.110367059707641602e-01
5.971376299858093262e-01
4.231291711330413818e-01
2.574536204338073730e-01
7.121266424655914307e-02
6.585082155652344227e-04
5.709187244065105915e-04
9.954422712326049805e-03
1.308250278234481812e-01
3.659798502922058105e-01
6.870365142822265625e-01
9.188013076782226562e-01
9.819849133491516113e-01
9.972562193870544434e-01
9.997175931930541992e-01
9.997599124908447266e-01
9.997683763504028320e-01
9.997516870498657227e-01
9.996634721755981445e-01
9.990972280502319336e-01
9.981207251548767090e-01
9.918403029441833496e-01
9.837914705276489258e-01
9.733667969703674316e-01
9.769163727760314941e-01
9.842080473899841309e-01
9.943174123764038086e-01
9.984553456306457520e-01
9.998801350593566895e-01
9.999263882637023926e-01
9.996799230575561523e-01
9.992153048515319824e-01
9.992516040802001953e-01
9.994076490402221680e-01
9.997174739837646484e-01
9.998328685760498047e-01
9.998750686645507812e-01
9.998148679733276367e-01
9.998211264610290527e-01
9.998493790626525879e-01
9.998670816421508789e-01
9.993858933448791504e-01
9.986034631729125977e-01
9.991148114204406738e-01
9.987722039222717285e-01
9.974206686019897461e-01
9.951688051223754883e-01
9.941104054450988770e-01
9.957970976829528809e-01
9.961630702018737793e-01
9.960182905197143555e-01
9.955273270606994629e-01
9.959217905998229980e-01
9.968232512474060059e-01
9.964933991432189941e-01
9.959098696708679199e-01
9.950399398803710938e-01
9.960483908653259277e-01
9.973922371864318848e-01
9.989983439445495605e-01
9.996821880340576172e-01
9.999931454658508301e-01
9.999571442604064941e-01
9.997902512550354004e-01
9.995331168174743652e-01
9.990801215171813965e-01
9.987856149673461914e-01
9.986667037010192871e-01
9.993264079093933105e-01
9.984232783317565918e-01
9.941940307617187500e-01
9.728848934173583984e-01
9.462511539459228516e-01
9.199182391166687012e-01
9.412224292755126953e-01
9.891109466552734375e-01
9.629561901092529297e-01
9.213407039642333984e-01
8.623244762420654297e-01
9.383059740066528320e-01
9.982092380523681641e-01
9.926768541336059570e-01
9.636318683624267578e-01
8.349427580833435059e-01
2.790240049362182617e-01
3.591430932283401489e-02
5.612651875708252192e-05
1.928962534293532372e-03
2.892113924026489258e-01
9.174627661705017090e-01
9.964101314544677734e-01
9.999214410781860352e-01
9.998784661293029785e-01
9.996191263198852539e-01
9.992924332618713379e-01
9.990233182907104492e-01
9.991033077239990234e-01
9.994313120841979980e-01
9.996231794357299805e-01
9.997153878211975098e-01
9.996767044067382812e-01
9.975610375404357910e-01
9.937866926193237305e-01
9.866573810577392578e-01
9.891168475151062012e-01
9.949919581413269043e-01
9.968838691711425781e-01
9.856593012809753418e-01
9.638966917991638184e-01
8.782414793968200684e-01
8.384336829185485840e-01
8.694856762886047363e-01
9.284805655479431152e-01
9.809121489524841309e-01
9.949256777763366699e-01
9.997450709342956543e-01
9.999433755874633789e-01
9.995337724685668945e-01
9.877063632011413574e-01
9.650953412055969238e-01
9.330005049705505371e-01
9.188682436943054199e-01
9.379066228866577148e-01
9.674968123435974121e-01
9.930507540702819824e-01
9.912817478179931641e-01
9.675434231758117676e-01
9.218034148216247559e-01
6.906359791755676270e-01
4.239971339702606201e-01
1.166895478963851929e-01
5.001237615942955017e-02
1.145643219351768494e-01
4.044967889785766602e-01
7.122889757156372070e-01
9.814476966857910156e-01
9.918115735054016113e-01
9.925215840339660645e-01
9.859765768051147461e-01
9.786866903305053711e-01
9.722518920898437500e-01
9.670540690422058105e-01
9.732668995857238770e-01
9.819282293319702148e-01
9.909126758575439453e-01
9.955319762229919434e-01
9.978439211845397949e-01
9.987374544143676758e-01
9.993072152137756348e-01
9.995614886283874512e-01
9.997118115425109863e-01
9.998197555541992188e-01
9.998630285263061523e-01
9.999136924743652344e-01
9.999118447303771973e-01
9.996629357337951660e-01
9.964947700500488281e-01
9.889417886734008789e-01
8.389532566070556641e-01
6.072936654090881348e-01
2.690167427062988281e-01
1.479954272508621216e-01
1.494338661432266235e-01
3.799032270908355713e-01
5.689001083374023438e-01
7.357984781265258789e-01
8.758334517478942871e-01
9.601451158523559570e-01
9.933454990386962891e-01
9.977290034294128418e-01
9.994055032730102539e-01
9.996677637100219727e-01
9.994069933891296387e-01
9.986102581024169922e-01
9.961293935775756836e-01
9.759141802787780762e-01
9.397684931755065918e-01
6.392015218734741211e-01
3.469004929065704346e-01
6.555718928575515747e-02
5.424413457512855530e-02
2.166674435138702393e-01
7.299491763114929199e-01
9.186356663703918457e-01
9.517799019813537598e-01
9.817098975181579590e-01
9.974759221076965332e-01
9.992464780807495117e-01
9.996801614761352539e-01
9.998877048492431641e-01
9.998807907104492188e-01
9.998524188995361328e-01
9.998112320899963379e-01
9.997408986091613770e-01
9.997372031211853027e-01
9.997832775115966797e-01
9.998644590377807617e-01
9.999332427978515625e-01
9.999827146530151367e-01
9.999954104423522949e-01
9.999988079071044922e-01
9.999993443489074707e-01
9.999995231628417969e-01
9.999993443489074707e-01
9.999986886978149414e-01
9.999949932098388672e-01
9.999877810478210449e-01
9.997704029083251953e-01
9.990610480308532715e-01
9.971928000450134277e-01
9.975859522819519043e-01
9.988945126533508301e-01
9.996169209480285645e-01
9.999644756317138672e-01
9.999675750732421875e-01
9.999824166297912598e-01
9.999930858612060547e-01
9.999939799308776855e-01
9.999881982803344727e-01
9.999356865882873535e-01
9.996525645256042480e-01
9.990532994270324707e-01
9.982190132141113281e-01
9.975479245185852051e-01
9.972566962242126465e-01
9.975484609603881836e-01
9.984169602394104004e-01
9.993033409118652344e-01
9.997387528419494629e-01
9.998608827590942383e-01
9.997962117195129395e-01
9.998339414596557617e-01
9.996362924575805664e-01
9.991386532783508301e-01
9.985662102699279785e-01
9.982877969741821289e-01
9.989048838615417480e-01
9.994745254516601562e-01
9.999817013740539551e-01
9.999936819076538086e-01
9.999999403953552246e-01
1.000000000000000000e+00
9.999956488609313965e-01
9.999911785125732422e-01
9.999874234199523926e-01
9.999586343765258789e-01
9.995696544647216797e-01
9.964013099670410156e-01
9.800892472267150879e-01
9.515441656112670898e-01
9.521211981773376465e-01
9.626119732856750488e-01
9.882587194442749023e-01
9.966008067131042480e-01
9.984974861145019531e-01
9.986407756805419922e-01
9.988692998886108398e-01
9.991669058799743652e-01
9.988906383514404297e-01
9.960353970527648926e-01
9.886901974678039551e-01
9.932466745376586914e-01
9.935087561607360840e-01
9.558750987052917480e-01
8.859274387359619141e-01
7.922755479812622070e-01
7.095633149147033691e-01
6.422854661941528320e-01
5.989817976951599121e-01
6.819369792938232422e-01
7.994371056556701660e-01
9.220924973487854004e-01
9.036540985107421875e-01
7.912342548370361328e-01
5.909621119499206543e-01
4.393402040004730225e-01
3.582276105880737305e-01
3.696587681770324707e-01
4.431768953800201416e-01
6.653900146484375000e-01
8.468954563140869141e-01
9.994623661041259766e-01
9.746889472007751465e-01
9.318078160285949707e-01
8.643809556961059570e-01
8.232208490371704102e-01
8.086507320404052734e-01
8.643780350685119629e-01
9.300202727317810059e-01
9.988269209861755371e-01
9.985470771789550781e-01
9.883951544761657715e-01
9.655694365501403809e-01
9.491435289382934570e-01
9.447051882743835449e-01
9.743651747703552246e-01
9.905679225921630859e-01
9.988625645637512207e-01
9.993982315063476562e-01
9.995878934860229492e-01
9.993442893028259277e-01
9.988783001899719238e-01
9.978083968162536621e-01
9.950215220451354980e-01
9.901026487350463867e-01
9.845139384269714355e-01
9.889736771583557129e-01
9.936773180961608887e-01
9.986897706985473633e-01
9.996244907379150391e-01
9.995750784873962402e-01
9.987822175025939941e-01
9.989603757858276367e-01
9.996503591537475586e-01
9.998616576194763184e-01
9.998742938041687012e-01
9.996368288993835449e-01
9.977412223815917969e-01
9.946671128273010254e-01
9.888709187507629395e-01
9.778025150299072266e-01
9.624935388565063477e-01
9.154582023620605469e-01
8.634192943572998047e-01
8.048841357231140137e-01
8.768831491470336914e-01
9.539265632629394531e-01
9.595050215721130371e-01
9.257709383964538574e-01
8.693225383758544922e-01
8.362042903900146484e-01
8.239417672157287598e-01
8.401910066604614258e-01
8.362206220626831055e-01
8.238555192947387695e-01
7.971585392951965332e-01
7.542279362678527832e-01
6.978418827056884766e-01
2.813062667846679688e-01
2.487717568874359131e-02
4.146594554185867310e-03
3.192745623437076574e-08
2.181774470955133438e-05
1.327520585618913174e-04
6.678615696728229523e-03
1.765672117471694946e-02
1.776605546474456787e-01
4.495375156402587891e-01
8.979706168174743652e-01
9.975571632385253906e-01
9.984590411186218262e-01
9.985737204551696777e-01
9.990238547325134277e-01
9.997285604476928711e-01
9.996631741523742676e-01
9.989506006240844727e-01
9.971202015876770020e-01
9.964540600776672363e-01
9.965525865554809570e-01
9.988909959793090820e-01
9.999432563781738281e-01
9.998944997787475586e-01
9.997513294219970703e-01
9.996169209480285645e-01
9.995141625404357910e-01
9.994701743125915527e-01
9.992844462394714355e-01
9.978156089782714844e-01
9.861891269683837891e-01
9.646276235580444336e-01
9.357892870903015137e-01
9.173316359519958496e-01
9.263617992401123047e-01
9.574955701828002930e-01
9.954602122306823730e-01
9.906271100044250488e-01
9.888845086097717285e-01
9.906719326972961426e-01
9.788033366203308105e-01
9.721157550811767578e-01
9.874827861785888672e-01
9.925154447555541992e-01
9.917466044425964355e-01
9.901962280273437500e-01
9.851853847503662109e-01
9.754459261894226074e-01
9.588096737861633301e-01
9.482626914978027344e-01
9.676330089569091797e-01
9.815815091133117676e-01
9.918188452720642090e-01
9.778265953063964844e-01
8.790745735168457031e-01
6.395673155784606934e-01
4.314891993999481201e-01
2.797659039497375488e-01
3.856488764286041260e-01
6.121260523796081543e-01
9.403472542762756348e-01
9.828936457633972168e-01
9.978072047233581543e-01
9.991826415061950684e-01
9.996057152748107910e-01
9.984004497528076172e-01
9.855133295059204102e-01
9.612026214599609375e-01
9.246494770050048828e-01
9.268659949302673340e-01
9.427766799926757812e-01
9.815109968185424805e-01
9.970251321792602539e-01
9.998518228530883789e-01
9.999384284019470215e-01
9.999881982803344727e-01
9.999877810478210449e-01
9.997140169143676758e-01
9.993705749511718750e-01
9.990085959434509277e-01
9.987255334854125977e-01
9.984989166259765625e-01
9.974948167800903320e-01
9.969172477722167969e-01
9.971554279327392578e-01
9.974014163017272949e-01
9.975051283836364746e-01
9.966390132904052734e-01
9.966638684272766113e-01
9.975250959396362305e-01
9.988536238670349121e-01
9.998592734336853027e-01
9.999307394027709961e-01
9.999417662620544434e-01
9.999209046363830566e-01
9.998629689216613770e-01
9.998103380203247070e-01
9.997643232345581055e-01
9.997935295104980469e-01
9.998193979263305664e-01
9.997739791870117188e-01
9.994645118713378906e-01
9.989765882492065430e-01
9.971380233764648438e-01
9.953283667564392090e-01
9.936101436614990234e-01
9.949697256088256836e-01
9.972893595695495605e-01
9.990915060043334961e-01
9.999095201492309570e-01
9.998009800910949707e-01
9.994865655899047852e-01
9.987231492996215820e-01
9.968633055686950684e-01
9.964112043380737305e-01
9.967489242553710938e-01
9.986883997917175293e-01
9.998410344123840332e-01
9.999484419822692871e-01
9.999786019325256348e-01
9.999895691871643066e-01
9.999948740005493164e-01
9.999977350234985352e-01
9.999987483024597168e-01
9.999986886978149414e-01
9.999988675117492676e-01
9.999997615814208984e-01
1.000000000000000000e+00
9.999978542327880859e-01
9.999763369560241699e-01
9.995918869972229004e-01
9.988154768943786621e-01
9.971728920936584473e-01
9.961306452751159668e-01
9.973978400230407715e-01
9.985354542732238770e-01
9.995931386947631836e-01
9.997346401214599609e-01
9.994029402732849121e-01
9.983040690422058105e-01
9.968749284744262695e-01
9.958962798118591309e-01
9.983288645744323730e-01
9.996560215950012207e-01
9.999573826789855957e-01
9.999939799308776855e-01
9.999991059303283691e-01
9.999994635581970215e-01
9.999997019767761230e-01
9.999997019767761230e-01
9.999970197677612305e-01
9.999436140060424805e-01
9.998180866241455078e-01
9.995611310005187988e-01
9.993649721145629883e-01
9.996376037597656250e-01
9.998341202735900879e-01
9.999673366546630859e-01
9.999694824218750000e-01
9.999021291732788086e-01
9.996992349624633789e-01
9.992703199386596680e-01
9.987466931343078613e-01
9.984266757965087891e-01
9.985454082489013672e-01
9.992361664772033691e-01
9.996627569198608398e-01
9.998703002929687500e-01
9.993860125541687012e-01
9.982770085334777832e-01
9.966800212860107422e-01
9.967481493949890137e-01
9.972485899925231934e-01
9.984554052352905273e-01
9.875169992446899414e-01
9.649869203567504883e-01
8.544982075691223145e-01
6.773111820220947266e-01
4.151352345943450928e-01
5.335142016410827637e-01
7.324474453926086426e-01
9.128052592277526855e-01
9.938783049583435059e-01
9.983866214752197266e-01
9.992814064025878906e-01
9.997651576995849609e-01
9.998579025268554688e-01
9.993487596511840820e-01
9.984003901481628418e-01
9.949494004249572754e-01
9.924532771110534668e-01
9.911984205245971680e-01
9.953053593635559082e-01
9.997379779815673828e-01
9.999148249626159668e-01
9.999864697456359863e-01
9.999740123748779297e-01
9.993355274200439453e-01
9.949765205383300781e-01
9.820677042007446289e-01
9.627830386161804199e-01
9.409766197204589844e-01
9.320500493049621582e-01
9.336857199668884277e-01
9.501328468322753906e-01
9.691051244735717773e-01
9.850825071334838867e-01
9.817945957183837891e-01
9.761574268341064453e-01
9.684697985649108887e-01
8.039333224296569824e-01
7.035889029502868652e-01
8.165550827980041504e-01
9.093725681304931641e-01
9.896973371505737305e-01
9.925121665000915527e-01
9.771032333374023438e-01
9.326279759407043457e-01
6.529793143272399902e-01
3.252615332603454590e-01
1.882767826318740845e-01
3.479180932044982910e-01
8.087435364723205566e-01
9.228668212890625000e-01
9.609485864639282227e-01
9.271807074546813965e-01
9.192594885826110840e-01
9.281550049781799316e-01
9.571861028671264648e-01
9.806723594665527344e-01
9.925547242164611816e-01
9.976786971092224121e-01
9.998707771301269531e-01
9.999517202377319336e-01
9.999971389770507812e-01
9.999989271163940430e-01
9.999871253967285156e-01
9.996920228004455566e-01
9.981461167335510254e-01
9.905278682708740234e-01
9.779872298240661621e-01
9.571242332458496094e-01
9.472413659095764160e-01
9.665473103523254395e-01
9.766750931739807129e-01
9.816532135009765625e-01
9.718979001045227051e-01
9.663441777229309082e-01
9.674578309059143066e-01
9.773553609848022461e-01
9.885265231132507324e-01
9.880965948104858398e-01
9.866078495979309082e-01
9.839999079704284668e-01
9.883787631988525391e-01
9.934013485908508301e-01
9.964963793754577637e-01
9.975929260253906250e-01
9.972750544548034668e-01
9.979113340377807617e-01
9.986497759819030762e-01
9.995036125183105469e-01
9.998595714569091797e-01
9.999759793281555176e-01
9.999898672103881836e-01
9.999984502792358398e-01
9.999995827674865723e-01
9.999971389770507812e-01
9.998430609703063965e-01
9.987539052963256836e-01
9.964079260826110840e-01
9.928196072578430176e-01
9.928088188171386719e-01
9.934021830558776855e-01
9.941723942756652832e-01
9.884884953498840332e-01
9.783738255500793457e-01
9.580166935920715332e-01
9.445452094078063965e-01
9.468591213226318359e-01
9.570098519325256348e-01
9.685640931129455566e-01
9.313429594039916992e-01
9.135317802429199219e-01
9.240033030509948730e-01
9.598728418350219727e-01
9.977034926414489746e-01
9.989734292030334473e-01
9.990371465682983398e-01
9.978678822517395020e-01
9.965221881866455078e-01
9.956827163696289062e-01
9.967864155769348145e-01
9.974997639656066895e-01
9.979257583618164062e-01
9.618164896965026855e-01
8.516925573348999023e-01
5.736233592033386230e-01
5.952972769737243652e-01
7.705466151237487793e-01
9.052899479866027832e-01
9.860904812812805176e-01
9.795201420783996582e-01
9.793823957443237305e-01
9.808351397514343262e-01
9.766014218330383301e-01
9.732675552368164062e-01
9.709860682487487793e-01
9.801152944564819336e-01
9.906800985336303711e-01
9.964518547058105469e-01
9.993899464607238770e-01
9.999055862426757812e-01
9.999564290046691895e-01
9.999552965164184570e-01
9.999563097953796387e-01
9.999662637710571289e-01
9.999817609786987305e-01
9.999906420707702637e-01
9.999966621398925781e-01
9.999973773956298828e-01
9.999903440475463867e-01
9.998008608818054199e-01
9.960429668426513672e-01
9.889802932739257812e-01
9.770700335502624512e-01
9.751875400543212891e-01
9.779752492904663086e-01
9.922110438346862793e-01
9.997485876083374023e-01
9.999591112136840820e-01
9.999871850013732910e-01
9.990977644920349121e-01
9.944528341293334961e-01
9.815013408660888672e-01
9.616792798042297363e-01
9.537039399147033691e-01
9.567538499832153320e-01
9.879460930824279785e-01
9.998971819877624512e-01
9.997600913047790527e-01
9.984970688819885254e-01
9.961881041526794434e-01
9.917641878128051758e-01
9.804095625877380371e-01
9.636115431785583496e-01
8.865904211997985840e-01
6.847958564758300781e-01
2.872754037380218506e-01
1.021728068590164185e-01
2.696892013773322105e-03
2.589761465787887573e-02
2.228569537401199341e-01
6.307884454727172852e-01
7.935581803321838379e-01
8.878096938133239746e-01
9.304158091545104980e-01
9.649005532264709473e-01
9.916914105415344238e-01
9.964563250541687012e-01
9.940021634101867676e-01
9.779230952262878418e-01
9.776994585990905762e-01
9.893202781677246094e-01
9.954022765159606934e-01
9.995608329772949219e-01
9.998761415481567383e-01
9.999954700469970703e-01
9.999999403953552246e-01
9.999935626983642578e-01
9.999881386756896973e-01
9.999849200248718262e-01
9.999599456787109375e-01
9.998710155487060547e-01
9.984219074249267578e-01
9.969549775123596191e-01
9.954599142074584961e-01
9.962515830993652344e-01
9.978071451187133789e-01
9.989886879920959473e-01
9.993747472763061523e-01
9.987667798995971680e-01
9.883943200111389160e-01
9.685820341110229492e-01
9.080586433410644531e-01
8.949163556098937988e-01
9.302688241004943848e-01
9.686138629913330078e-01
1.000000000000000000e+00
1.000000000000000000e+00
1.000000000000000000e+00
1.000000000000000000e+00
9.887162446975708008e-01
8.546193242073059082e-01
3.443000316619873047e-01
1.021890565752983093e-01
4.377333074808120728e-02
5.379477143287658691e-01
9.264764785766601562e-01
9.708153009414672852e-01
9.870298504829406738e-01
9.872566461563110352e-01
9.940134286880493164e-01
9.988533258438110352e-01
9.996352791786193848e-01
9.994338750839233398e-01
9.969726204872131348e-01
9.321803450584411621e-01
9.163841009140014648e-01
9.819086194038391113e-01
1.000000000000000000e+00
1.000000000000000000e+00
1.000000000000000000e+00
1.000000000000000000e+00
1.000000000000000000e+00
1.000000000000000000e+00
9.343221783638000488e-01
3.299410641193389893e-01
3.419325003051199019e-05
5.826726010127458721e-06
2.370320435147732496e-04
1.562574645504355431e-03
8.893955498933792114e-03
1.803286001086235046e-02
2.901184745132923126e-02
2.018456608057022095e-01
4.347102046012878418e-01
7.955661416053771973e-01
9.759079813957214355e-01
9.951065182685852051e-01
9.987666606903076172e-01
9.998862147331237793e-01
9.999637603759765625e-01
9.999984502792358398e-01
9.999997019767761230e-01
9.999998807907104492e-01
1.000000000000000000e+00
1.000000000000000000e+00
1.000000000000000000e+00
1.000000000000000000e+00
9.999884366989135742e-01
9.983058571815490723e-01
9.923816323280334473e-01
9.116678833961486816e-01
7.864949703216552734e-01
8.487532734870910645e-01
9.130947589874267578e-01
9.687240719795227051e-01
9.919438958168029785e-01
9.978963732719421387e-01
9.983921647071838379e-01
9.984174966812133789e-01
9.975664019584655762e-01
9.957693219184875488e-01
9.936645627021789551e-01
9.974932074546813965e-01
9.999438524246215820e-01
9.999872446060180664e-01
9.980861544609069824e-01
9.938522577285766602e-01
9.589886665344238281e-01
7.195559144020080566e-01
1.567307710647583008e-01
1.867805025540292263e-03
1.079537138528501375e-16
4.011761450794405087e-17
5.025757849216461182e-02
1.732534468173980713e-01
5.203520655632019043e-01
9.062885046005249023e-01
9.298842549324035645e-01
9.552523493766784668e-01
9.829721450805664062e-01
9.940872192382812500e-01
9.995750784873962402e-01
9.998192787170410156e-01
9.997653365135192871e-01
9.993445873260498047e-01
9.986299276351928711e-01
9.978734254837036133e-01
9.973731637001037598e-01
9.910721778869628906e-01
9.780551791191101074e-01
9.074308872222900391e-01
8.438604474067687988e-01
9.098386764526367188e-01
9.592961072921752930e-01
9.907556772232055664e-01
9.885754585266113281e-01
9.453968405723571777e-01
7.209135890007019043e-01
4.348480105400085449e-01
8.520781248807907104e-02
2.465267330408096313e-01
4.858637452125549316e-01
5.851147770881652832e-01
7.437516450881958008e-01
9.614973664283752441e-01
9.984574317932128906e-01
9.999384284019470215e-01
9.999727010726928711e-01
9.999853372573852539e-01
9.999772310256958008e-01
9.997012019157409668e-01
9.989621043205261230e-01
9.963764548301696777e-01
9.937970638275146484e-01
9.912235140800476074e-01
9.936028122901916504e-01
9.963612556457519531e-01
9.970889091491699219e-01
9.973225593566894531e-01
9.971044063568115234e-01
9.959864616394042969e-01
9.949927330017089844e-01
9.951497316360473633e-01
9.955691695213317871e-01
9.962251186370849609e-01
9.899141192436218262e-01
9.621839523315429688e-01
8.509484529495239258e-01
8.330364227294921875e-01
8.979877233505249023e-01
9.502128362655639648e-01
9.916240572929382324e-01
9.972892403602600098e-01
9.999731183052062988e-01
9.999958276748657227e-01
9.999761581420898438e-01
9.994043111801147461e-01
9.965741038322448730e-01
8.994143009185791016e-01
7.175843119621276855e-01
4.384939074516296387e-01
2.073852121829986572e-01
2.414503693580627441e-01
3.730801939964294434e-01
5.927751660346984863e-01
7.356004118919372559e-01
8.561025261878967285e-01
9.365289807319641113e-01
9.827739596366882324e-01
9.973197579383850098e-01
9.997328519821166992e-01
9.999428391456604004e-01
9.999372959136962891e-01
9.999341368675231934e-01
9.999333024024963379e-01
9.998118877410888672e-01
9.985779523849487305e-01
9.921284914016723633e-01
9.201309084892272949e-01
7.834119796752929688e-01
5.406280755996704102e-01
3.176356256008148193e-01
3.029779791831970215e-01
4.504870474338531494e-01
7.657120227813720703e-01
8.915637135505676270e-01
9.620774984359741211e-01
9.550333023071289062e-01
9.475924372673034668e-01
9.397188425064086914e-01
9.531927704811096191e-01
9.714386463165283203e-01
9.876908063888549805e-01
9.957035779953002930e-01
9.942321777343750000e-01
9.714041352272033691e-01
9.400427341461181641e-01
8.869637250900268555e-01
7.042994499206542969e-01
3.621895909309387207e-01
2.064054161310195923e-01
1.413615942001342773e-01
3.952984809875488281e-01
6.498723626136779785e-01
9.052942395210266113e-01
9.745301604270935059e-01
9.651317000389099121e-01
7.533991336822509766e-01
5.558515191078186035e-01
3.787532448768615723e-01
4.989769458770751953e-01
7.211237549781799316e-01
8.793199062347412109e-01
9.793489575386047363e-01
9.876753687858581543e-01
9.912996292114257812e-01
9.930896759033203125e-01
9.964653849601745605e-01
9.988173842430114746e-01
9.993750452995300293e-01
9.857430458068847656e-01
9.606674909591674805e-01
5.746116638183593750e-01
3.689245879650115967e-01
5.158470273017883301e-01
6.987949013710021973e-01
8.996796607971191406e-01
9.313071966171264648e-01
9.574803709983825684e-01
9.758182168006896973e-01
9.884111881256103516e-01
9.976860284805297852e-01
9.981033802032470703e-01
9.724937081336975098e-01
8.815627694129943848e-01
7.407505512237548828e-01
5.676876902580261230e-01
5.924391746520996094e-01
6.426268219947814941e-01
7.233600616455078125e-01
8.026018142700195312e-01
8.805726766586303711e-01
9.385283589363098145e-01
9.837425947189331055e-01
9.919744729995727539e-01
9.961787462234497070e-01
9.969721436500549316e-01
9.968360662460327148e-01
9.960302114486694336e-01
9.929117560386657715e-01
9.844712018966674805e-01
9.708518385887145996e-01
9.293492436408996582e-01
8.616495728492736816e-01
6.767297387123107910e-01
5.206691026687622070e-01
3.976173400878906250e-01
4.893176555633544922e-01
6.351948976516723633e-01
7.604649662971496582e-01
8.057191371917724609e-01
7.455160021781921387e-01
7.410053014755249023e-01
7.614451646804809570e-01
8.682897686958312988e-01
9.445725083351135254e-01
9.727011919021606445e-01
7.199583649635314941e-01
3.559954762458801270e-01
1.407151520252227783e-01
5.301975734163099242e-16
2.041644805623218754e-15
2.071336144581437111e-03
5.179577972739934921e-03
5.840774178504943848e-01
9.938607811927795410e-01
9.956464767456054688e-01
9.935573935508728027e-01
9.891102313995361328e-01
7.648875713348388672e-01
5.114421248435974121e-01
2.161448150873184204e-01
1.730937361717224121e-01
3.173895478248596191e-01
4.331654608249664307e-01
5.681214332580566406e-01
7.882477641105651855e-01
9.158282876014709473e-01
9.600021839141845703e-01
9.522698521614074707e-01
9.358028769493103027e-01
9.243409633636474609e-01
8.999980688095092773e-01
8.614906072616577148e-01
8.206927180290222168e-01
7.937473654747009277e-01
8.877893090248107910e-01
9.508334994316101074e-01
9.714078903198242188e-01
9.737192392349243164e-01
9.696400165557861328e-01
9.680923819541931152e-01
9.687419533729553223e-01
9.731718301773071289e-01
9.680793285369873047e-01
9.585431218147277832e-01
9.300612807273864746e-01
8.985080122947692871e-01
8.602654933929443359e-01
8.591600060462951660e-01
8.802953362464904785e-01
8.207888007164001465e-01
7.665891647338867188e-01
7.431967258453369141e-01
7.826191782951354980e-01
8.702431321144104004e-01
8.949682712554931641e-01
8.498312830924987793e-01
5.495624542236328125e-01
2.817253470420837402e-01
4.513387009501457214e-02
1.630629529245197773e-03
2.842879039235413074e-04
4.215481749270111322e-04
3.689480363391339779e-04
7.981814997037872672e-05
1.228237291797995567e-03
4.338378086686134338e-02
6.338360309600830078e-01
7.750988006591796875e-01
1.823101192712783813e-01
2.305140453517928734e-11
3.931571882276330143e-06
1.281957724131643772e-03
1.024965122342109680e-01
4.223581552505493164e-01
6.911432147026062012e-01
9.296838045120239258e-01
9.721195101737976074e-01
9.950100183486938477e-01
9.983577728271484375e-01
9.998900890350341797e-01
9.999862313270568848e-01
9.999995231628417969e-01
9.999998211860656738e-01
9.999991059303283691e-01
9.999990463256835938e-01
9.999996423721313477e-01
9.999857544898986816e-01
9.998772144317626953e-01
9.989908933639526367e-01
9.944308400154113770e-01
9.846941232681274414e-01
9.813666939735412598e-01
9.804983139038085938e-01
9.801996350288391113e-01
9.812049865722656250e-01
9.847205877304077148e-01
9.887129068374633789e-01
9.929630756378173828e-01
9.960554838180541992e-01
9.984635710716247559e-01
9.991275668144226074e-01
9.993078708648681641e-01
9.991257786750793457e-01
9.995696544647216797e-01
9.988973736763000488e-01
9.930081963539123535e-01
7.917878031730651855e-01
3.908096551895141602e-01
1.637367755174636841e-01
1.411634836800956805e-10
1.763649642994025157e-10
4.608577000908553600e-04
1.573570305481553078e-03
3.060062825679779053e-01
7.212941646575927734e-01
8.859481215476989746e-01
9.967975616455078125e-01
9.990515708923339844e-01
9.999149441719055176e-01
9.999843239784240723e-01
9.999811649322509766e-01
9.999774694442749023e-01
9.999852776527404785e-01
9.996974468231201172e-01
9.991724491119384766e-01
9.969336986541748047e-01
9.945464134216308594e-01
9.928280115127563477e-01
9.866349697113037109e-01
9.753512740135192871e-01
8.478522896766662598e-01
6.787950396537780762e-01
4.221440553665161133e-01
2.910880446434020996e-01
3.672250211238861084e-01
5.597239136695861816e-01
8.065987825393676758e-01
9.171679019927978516e-01
9.953245520591735840e-01
9.985285997390747070e-01
9.997408986091613770e-01
9.995822310447692871e-01
9.993577003479003906e-01
9.991145133972167969e-01
9.988281130790710449e-01
9.981120228767395020e-01
9.969629049301147461e-01
9.922245144844055176e-01
9.869422912597656250e-01
9.848648309707641602e-01
9.864521622657775879e-01
9.934601783752441406e-01
9.973338842391967773e-01
9.998791813850402832e-01
9.999452233314514160e-01
9.999918341636657715e-01
9.999948740005493164e-01
9.999950528144836426e-01
9.999933838844299316e-01
9.999711513519287109e-01
9.987804293632507324e-01
9.931866526603698730e-01
7.776376008987426758e-01
3.588712215423583984e-01
1.480919122695922852e-01
1.710344292223453522e-02
1.396376788616180420e-01
3.939018249511718750e-01
8.398120403289794922e-01
9.822108149528503418e-01
9.998852014541625977e-01
9.999131560325622559e-01
9.995312690734863281e-01
9.982240796089172363e-01
9.975489377975463867e-01
9.972829818725585938e-01
9.977653622627258301e-01
9.937881231307983398e-01
9.717956781387329102e-01
8.878622651100158691e-01
7.420149445533752441e-01
8.162549138069152832e-01
9.373917579650878906e-01
9.739249348640441895e-01
9.968462586402893066e-01
9.988964796066284180e-01
9.984326958656311035e-01
9.968470931053161621e-01
9.983769655227661133e-01
9.990903139114379883e-01
9.976948499679565430e-01
9.491837024688720703e-01
8.669178485870361328e-01
6.332523822784423828e-01
4.358681142330169678e-01
5.071861743927001953e-01
5.130895972251892090e-01
4.453373253345489502e-01
2.361958771944046021e-01
1.376333511871052906e-05
5.384915766626363620e-06
7.648985832929611206e-03
2.900681272149085999e-02
3.653620779514312744e-01
8.676877617835998535e-01
9.473329782485961914e-01
9.917695522308349609e-01
9.954698085784912109e-01
9.979040026664733887e-01
9.992441534996032715e-01
9.860264062881469727e-01
9.539278149604797363e-01
8.100227713584899902e-01
7.370404005050659180e-01
7.627683877944946289e-01
8.252286911010742188e-01
9.022414088249206543e-01
9.283465743064880371e-01
9.544049501419067383e-01
9.802479743957519531e-01
9.939092397689819336e-01
9.992137551307678223e-01
9.999065995216369629e-01
9.999862909317016602e-01
9.999836683273315430e-01
9.999744892120361328e-01
9.999578595161437988e-01
9.996344447135925293e-01
9.989922046661376953e-01
9.944744110107421875e-01
9.877313375473022461e-01
9.767772555351257324e-01
9.754908084869384766e-01
9.797124266624450684e-01
9.872387647628784180e-01
9.923665523529052734e-01
9.881905913352966309e-01
9.878152608871459961e-01
9.910510182380676270e-01
9.936668276786804199e-01
9.960862994194030762e-01
9.980579614639282227e-01
9.994353055953979492e-01
9.998558163642883301e-01
9.999955296516418457e-01
9.999995827674865723e-01
9.999943375587463379e-01
9.999796152114868164e-01
9.999377727508544922e-01
9.999134540557861328e-01
9.999038577079772949e-01
9.999498724937438965e-01
9.999994635581970215e-01
9.999950528144836426e-01
9.999936223030090332e-01
9.999964833259582520e-01
9.999930262565612793e-01
9.999868273735046387e-01
9.997742772102355957e-01
9.995248317718505859e-01
9.991847872734069824e-01
9.992617368698120117e-01
9.996603727340698242e-01
9.998463392257690430e-01
9.999750852584838867e-01
9.999816417694091797e-01
9.999839663505554199e-01
9.999806880950927734e-01
9.999828934669494629e-01
9.999873042106628418e-01
9.999935626983642578e-01
9.999891519546508789e-01
9.999585151672363281e-01
9.968466758728027344e-01
9.914824962615966797e-01
8.184455037117004395e-01
6.605659127235412598e-01
7.413443922996520996e-01
8.302540183067321777e-01
9.294741153717041016e-01
9.718633294105529785e-01
9.921625852584838867e-01
9.958728551864624023e-01
9.986312985420227051e-01
9.990825057029724121e-01
9.987998604774475098e-01
9.979836344718933105e-01
9.977343678474426270e-01
9.976775646209716797e-01
9.982142448425292969e-01
9.987925291061401367e-01
9.994258284568786621e-01
9.997050166130065918e-01
9.998425245285034180e-01
9.998372793197631836e-01
9.998170733451843262e-01
9.997591972351074219e-01
9.996427893638610840e-01
9.994810223579406738e-01
9.995578527450561523e-01
9.996830224990844727e-01
9.998480081558227539e-01
9.999571442604064941e-01
9.999878406524658203e-01
9.999945759773254395e-01
9.999910593032836914e-01
9.998167157173156738e-01
9.996797442436218262e-01
9.996582269668579102e-01
9.995447397232055664e-01
9.993543624877929688e-01
9.750970602035522461e-01
9.013167023658752441e-01
4.579677581787109375e-01
2.031660974025726318e-01
2.420686185359954834e-01
4.468534886837005615e-01
7.326589226722717285e-01
8.826397061347961426e-01
9.923092126846313477e-01
9.929367303848266602e-01
9.942010641098022461e-01
9.960657954216003418e-01
9.978672862052917480e-01
9.995344281196594238e-01
9.997876286506652832e-01
9.999587535858154297e-01
9.999808073043823242e-01
9.999915361404418945e-01
9.999957680702209473e-01
9.999969005584716797e-01
9.999974370002746582e-01
9.999966621398925781e-01
9.999958872795104980e-01
9.999951124191284180e-01
9.999867677688598633e-01
9.999666810035705566e-01
9.996798634529113770e-01
9.987628459930419922e-01
9.964599609375000000e-01
9.940986037254333496e-01
9.916966557502746582e-01
9.913587570190429688e-01
9.915655255317687988e-01
9.931118488311767578e-01
9.949774742126464844e-01
9.972757101058959961e-01
9.987250566482543945e-01
9.998158812522888184e-01
9.999285340309143066e-01
9.999354481697082520e-01
9.996931552886962891e-01
9.993468523025512695e-01
9.989095926284790039e-01
9.974588155746459961e-01
9.946944713592529297e-01
9.806208014488220215e-01
9.704510569572448730e-01
9.671437740325927734e-01
9.732995033264160156e-01
9.847962856292724609e-01
9.912418127059936523e-01
9.245367050170898438e-01
5.474845170974731445e-01
2.641838490962982178e-01
8.751856535673141479e-02
6.365094333887100220e-02
9.347262233495712280e-02
1.568470299243927002e-01
2.684058248996734619e-01
4.971259236335754395e-01
7.236029505729675293e-01
9.483553767204284668e-01
9.919508695602416992e-01
9.996108412742614746e-01
9.983774423599243164e-01
9.961198568344116211e-01
9.922422766685485840e-01
9.903325438499450684e-01
9.894340634346008301e-01
9.869977831840515137e-01
9.859943985939025879e-01
9.908027648925781250e-01
9.951292872428894043e-01
9.989303350448608398e-01
9.994736909866333008e-01
9.988328814506530762e-01
9.934847354888916016e-01
9.903111457824707031e-01
9.922347068786621094e-01
9.950546622276306152e-01
9.985470771789550781e-01
9.992439150810241699e-01
9.993008971214294434e-01
9.984492063522338867e-01
9.921514987945556641e-01
9.772219657897949219e-01
9.502272009849548340e-01
9.169283509254455566e-01
9.186936020851135254e-01
9.302266240119934082e-01
9.701457023620605469e-01
9.905807375907897949e-01
9.891503453254699707e-01
9.821164608001708984e-01
9.732539653778076172e-01
9.745618104934692383e-01
9.784168601036071777e-01
9.887938499450683594e-01
9.953633546829223633e-01
9.988540410995483398e-01
9.994308352470397949e-01
9.993732571601867676e-01
9.992940425872802734e-01
9.993485808372497559e-01
9.996384978294372559e-01
9.998247027397155762e-01
9.999505281448364258e-01
9.999294877052307129e-01
9.998173117637634277e-01
9.993355274200439453e-01
9.978896379470825195e-01
9.951959848403930664e-01
9.842941164970397949e-01
9.699579477310180664e-01
9.568246603012084961e-01
9.525800943374633789e-01
9.763803482055664062e-01
9.913446903228759766e-01
9.977216124534606934e-01
9.963480234146118164e-01
9.917147159576416016e-01
9.647624492645263672e-01
9.508879780769348145e-01
9.659916758537292480e-01
9.792622923851013184e-01
9.911893606185913086e-01
9.960549473762512207e-01
9.992626905441284180e-01
9.996780753135681152e-01
9.999285340309143066e-01
9.999032616615295410e-01
9.986793398857116699e-01
9.967775344848632812e-01
9.668834209442138672e-01
9.306219816207885742e-01
8.776068091392517090e-01
8.783003091812133789e-01
9.483621716499328613e-01
9.811766147613525391e-01
9.983038306236267090e-01
9.994590282440185547e-01
9.999312758445739746e-01
9.999629259109497070e-01
9.999813437461853027e-01
9.999862909317016602e-01
9.999772310256958008e-01
9.999541044235229492e-01
9.995006322860717773e-01
9.913169145584106445e-01
9.638754129409790039e-01
7.509568929672241211e-01
3.862352371215820312e-01
3.365739881992340088e-01
3.698235154151916504e-01
5.289747118949890137e-01
6.936132311820983887e-01
8.688843250274658203e-01
9.570380449295043945e-01
9.874995946884155273e-01
9.956538677215576172e-01
9.997436404228210449e-01
9.998863339424133301e-01
9.999734163284301758e-01
9.999725818634033203e-01
9.998003840446472168e-01
9.995360374450683594e-01
9.969808459281921387e-01
9.949723482131958008e-01
9.966275095939636230e-01
9.981283545494079590e-01
9.994294047355651855e-01
9.998548030853271484e-01
9.998994469642639160e-01
9.999116659164428711e-01
9.999119043350219727e-01
9.998741149902343750e-01
9.994626641273498535e-01
9.986398816108703613e-01
8.985773921012878418e-01
7.631560564041137695e-01
3.259117901325225830e-01
3.649003300042197306e-13
1.187496823963629655e-13
0.000000000000000000e+00
0.000000000000000000e+00
3.877697288990020752e-01
8.712849617004394531e-01
9.289816617965698242e-01
9.735865592956542969e-01
9.871238470077514648e-01
9.950277209281921387e-01
9.983749389648437500e-01
9.991148710250854492e-01
9.990382790565490723e-01
9.961837530136108398e-01
9.923442602157592773e-01
9.864732623100280762e-01
9.848172068595886230e-01
9.861602783203125000e-01
9.823162555694580078e-01
9.582301974296569824e-01
7.611402869224548340e-01
5.731691718101501465e-01
4.021533727645874023e-01
3.497075438499450684e-01
3.711745440959930420e-01
2.331038266420364380e-01
8.778031170368194580e-02
5.513821542263031006e-02
1.383428722620010376e-01
4.079629182815551758e-01
6.819991469383239746e-01
9.588720798492431641e-01
9.877554774284362793e-01
9.826498627662658691e-01
9.493791460990905762e-01
8.902544379234313965e-01
7.931661009788513184e-01
6.745565533638000488e-01
5.449203252792358398e-01
5.588366985321044922e-01
6.127909421920776367e-01
7.981454133987426758e-01
9.256105422973632812e-01
9.754471778869628906e-01
9.937802553176879883e-01
9.972586035728454590e-01
9.982963204383850098e-01
9.990484118461608887e-01
9.993286132812500000e-01
9.995422959327697754e-01
9.996718168258666992e-01
9.992266893386840820e-01
9.985296130180358887e-01
9.986496567726135254e-01
9.986649751663208008e-01
9.980927109718322754e-01
9.972802400588989258e-01
9.961829185485839844e-01
9.963499307632446289e-01
9.970396757125854492e-01
9.981989264488220215e-01
9.992113709449768066e-01
9.995941519737243652e-01
9.998291730880737305e-01
9.998927116394042969e-01
9.999442100524902344e-01
9.999908804893493652e-01
9.999966025352478027e-01
1.000000000000000000e+00
1.000000000000000000e+00
9.999998211860656738e-01
9.999995231628417969e-01
9.999986290931701660e-01
9.999975562095642090e-01
9.999758601188659668e-01
9.999535679817199707e-01
9.999310970306396484e-01
9.999325871467590332e-01
9.999608993530273438e-01
9.999789595603942871e-01
9.999929666519165039e-01
9.999876022338867188e-01
9.998340606689453125e-01
9.991568922996520996e-01
9.957526922225952148e-01
9.892627000808715820e-01
9.880124926567077637e-01
9.888156652450561523e-01
9.940999150276184082e-01
9.985545873641967773e-01
9.994956851005554199e-01
9.981918334960937500e-01
9.943065047264099121e-01
9.799854755401611328e-01
9.614525437355041504e-01
9.581041336059570312e-01
9.594722986221313477e-01
9.763942956924438477e-01
9.892870783805847168e-01
9.973512887954711914e-01
9.995441436767578125e-01
9.992435574531555176e-01
9.987789988517761230e-01
9.984564185142517090e-01
9.987461566925048828e-01
9.990894794464111328e-01
9.995003938674926758e-01
9.997336864471435547e-01
9.998876452445983887e-01
9.998736381530761719e-01
9.998561739921569824e-01
9.998752474784851074e-01
9.999093413352966309e-01
9.999634623527526855e-01
9.999880790710449219e-01
9.999983310699462891e-01
9.999995231628417969e-01
9.999996423721313477e-01
9.999980926513671875e-01
9.998281002044677734e-01
9.994144439697265625e-01
9.682424068450927734e-01
9.208749532699584961e-01
8.625124096870422363e-01
8.200846314430236816e-01
8.809589147567749023e-01
9.335537552833557129e-01
9.728395938873291016e-01
9.901626110076904297e-01
9.945973157882690430e-01
9.960820078849792480e-01
9.970842003822326660e-01
9.976643919944763184e-01
9.983270168304443359e-01
9.991353750228881836e-01
9.990455508232116699e-01
9.983668923377990723e-01
9.945354461669921875e-01
9.905090332031250000e-01
9.901024103164672852e-01
9.908636212348937988e-01
9.939666390419006348e-01
9.962646365165710449e-01
9.979714155197143555e-01
9.990808963775634766e-01
9.998246431350708008e-01
9.967747926712036133e-01
9.936239123344421387e-01
9.902284145355224609e-01
9.898873567581176758e-01
9.921379685401916504e-01
9.950661063194274902e-01
9.981231093406677246e-01
9.989744424819946289e-01
9.995080232620239258e-01
9.991625547409057617e-01
9.987179636955261230e-01
9.981776475906372070e-01
9.986333250999450684e-01
9.994291067123413086e-01
9.997401833534240723e-01
9.999756813049316406e-01
9.999752640724182129e-01
9.999797940254211426e-01
9.999900460243225098e-01
9.999958872795104980e-01
9.999997615814208984e-01
1.000000000000000000e+00
9.999809861183166504e-01
9.998761415481567383e-01
9.991455078125000000e-01
9.975497126579284668e-01
9.848599433898925781e-01
9.664590954780578613e-01
9.597210884094238281e-01
9.573150277137756348e-01
9.743053913116455078e-01
9.880803823471069336e-01
9.964577555656433105e-01
9.998153448104858398e-01
9.999446868896484375e-01
9.999197125434875488e-01
9.998686909675598145e-01
9.998401403427124023e-01
9.998398423194885254e-01
9.998995661735534668e-01
9.999493956565856934e-01
9.999914169311523438e-01
1.000000000000000000e+00
9.999979734420776367e-01
9.999313950538635254e-01
9.997904896736145020e-01
9.994454383850097656e-01
9.991290569305419922e-01
9.988412857055664062e-01
9.990076422691345215e-01
9.993372559547424316e-01
9.996834397315979004e-01
9.999477267265319824e-01
9.998964071273803711e-01
9.986374378204345703e-01
9.958490729331970215e-01
9.881399273872375488e-01
9.780901670455932617e-01
9.774345159530639648e-01
9.794558286666870117e-01
9.918056726455688477e-01
9.995588660240173340e-01
9.998698830604553223e-01
9.999934434890747070e-01
9.999991059303283691e-01
9.999727010726928711e-01
9.999322891235351562e-01
9.997988343238830566e-01
9.997081160545349121e-01
9.997109770774841309e-01
9.993060827255249023e-01
9.985642433166503906e-01
9.811888933181762695e-01
9.593734145164489746e-01
9.557076096534729004e-01
9.574720859527587891e-01
9.757924079895019531e-01
9.887515902519226074e-01
9.958677887916564941e-01
9.986271858215332031e-01
9.996023774147033691e-01
9.997752308845520020e-01
9.998520612716674805e-01
9.997068643569946289e-01
9.988178014755249023e-01
9.968243837356567383e-01
9.844965934753417969e-01
9.662281870841979980e-01
9.265487790107727051e-01
8.852421641349792480e-01
8.596952557563781738e-01
8.500554561614990234e-01
8.728370666503906250e-01
9.057200551033020020e-01
9.465753436088562012e-01
9.727094173431396484e-01
9.944545626640319824e-01
9.945992827415466309e-01
9.180514812469482422e-01
6.066102981567382812e-01
3.239810466766357422e-01
7.386445999145507812e-02
3.050912255275761709e-06
1.910285760686747381e-07
3.620245456695556641e-01
7.157856822013854980e-01
8.918499946594238281e-01
9.990151524543762207e-01
9.992876648902893066e-01
9.980695247650146484e-01
9.959375858306884766e-01
9.936824440956115723e-01
9.916703104972839355e-01
9.929518103599548340e-01
9.918343424797058105e-01
9.851322174072265625e-01
9.873418211936950684e-01
9.975040555000305176e-01
8.842164874076843262e-01
7.307375073432922363e-01
5.707201361656188965e-01
4.819134175777435303e-01
6.640028357505798340e-01
7.759045958518981934e-01
7.963386774063110352e-01
7.180052399635314941e-01
5.891136527061462402e-01
3.612037897109985352e-01
1.382746398448944092e-01
5.516657978296279907e-02
1.074029211337049386e-27
3.271590678040208254e-28
9.748642781914895750e-08
2.709622037855297094e-07
3.455552160739898682e-01
7.815905213356018066e-01
9.054600000381469727e-01
9.896576404571533203e-01
9.459781050682067871e-01
9.174587130546569824e-01
9.066291451454162598e-01
9.379193782806396484e-01
9.883880019187927246e-01
9.955155253410339355e-01
9.981112480163574219e-01
9.985854625701904297e-01
9.988800883293151855e-01
9.988531470298767090e-01
9.975785017013549805e-01
9.954007863998413086e-01
9.912754297256469727e-01
9.868091940879821777e-01
9.872425794601440430e-01
9.886489510536193848e-01
9.929977655410766602e-01
9.960972070693969727e-01
9.977885484695434570e-01
9.989673495292663574e-01
9.999207854270935059e-01
1.000000000000000000e+00
1.000000000000000000e+00
1.000000000000000000e+00
9.997303485870361328e-01
9.989812970161437988e-01
9.987212419509887695e-01
9.988150000572204590e-01
9.987819790840148926e-01
9.984152913093566895e-01
9.848138093948364258e-01
9.750635027885437012e-01
9.773305654525756836e-01
9.829130768775939941e-01
9.923232197761535645e-01
9.970003962516784668e-01
9.994984269142150879e-01
9.993368983268737793e-01
9.989544749259948730e-01
9.989671707153320312e-01
9.991225004196166992e-01
9.995489120483398438e-01
9.998190999031066895e-01
9.999676346778869629e-01
1.000000000000000000e+00
1.000000000000000000e+00
9.999950528144836426e-01
9.998711347579956055e-01
9.993245601654052734e-01
9.983804225921630859e-01
9.969255328178405762e-01
9.917793869972229004e-01
9.846871495246887207e-01
9.801341295242309570e-01
9.774281978607177734e-01
9.891793131828308105e-01
9.977341294288635254e-01
9.991787672042846680e-01
9.998993277549743652e-01
9.999721050262451172e-01
9.999884366989135742e-01
9.999852776527404785e-01
9.997736811637878418e-01
9.991229176521301270e-01
9.964588880538940430e-01
9.959735274314880371e-01
9.988660812377929688e-01
9.956188797950744629e-01
9.884276390075683594e-01
9.818909764289855957e-01
9.762035608291625977e-01
9.871131181716918945e-01
9.953679442405700684e-01
9.959351420402526855e-01
9.917456507682800293e-01
9.822335839271545410e-01
9.711937308311462402e-01
9.594398736953735352e-01
9.657063484191894531e-01
9.744790792465209961e-01
9.873235225677490234e-01
9.961756467819213867e-01
9.968849420547485352e-01
9.905678629875183105e-01
9.783650636672973633e-01
9.488783478736877441e-01
9.138765335083007812e-01
9.015039205551147461e-01
9.019426107406616211e-01
9.551086425781250000e-01
9.898427128791809082e-01
9.969143271446228027e-01
9.997516870498657227e-01
9.999023675918579102e-01
9.996966123580932617e-01
9.993223547935485840e-01
9.965275526046752930e-01
9.933837652206420898e-01
9.892076253890991211e-01
9.898750185966491699e-01
9.961798787117004395e-01
9.986549019813537598e-01
9.992790222167968750e-01
9.994326233863830566e-01
9.995350837707519531e-01
9.997146725654602051e-01
9.998270869255065918e-01
9.997907280921936035e-01
9.966657161712646484e-01
9.907100796699523926e-01
9.453524351119995117e-01
8.855400681495666504e-01
9.126265645027160645e-01
9.418404698371887207e-01
9.530555605888366699e-01
9.655771255493164062e-01
9.803987145423889160e-01
9.616555571556091309e-01
9.178997874259948730e-01
5.498375296592712402e-01
9.196177870035171509e-02
4.044689238071441650e-02
2.716342452913522720e-03
7.790910080075263977e-03
1.984385401010513306e-01
6.538527607917785645e-01
8.864501714706420898e-01
9.823607802391052246e-01
9.993402361869812012e-01
9.988396167755126953e-01
9.675271511077880859e-01
8.964815735816955566e-01
7.016593813896179199e-01
5.792841315269470215e-01
5.444226861000061035e-01
5.795827507972717285e-01
6.508778929710388184e-01
7.395451068878173828e-01
8.292866945266723633e-01
9.012488126754760742e-01
9.596518874168395996e-01
9.836672544479370117e-01
9.969155192375183105e-01
9.988766312599182129e-01
9.994473457336425781e-01
9.994081258773803711e-01
9.995500445365905762e-01
9.996675252914428711e-01
9.994133710861206055e-01
9.989834427833557129e-01
9.981676340103149414e-01
9.944594502449035645e-01
9.880560040473937988e-01
8.308315873146057129e-01
6.164280176162719727e-01
3.978188931941986084e-01
2.166190892457962036e-01
2.748257219791412354e-01
4.310032427310943604e-01
7.765854001045227051e-01
9.478565454483032227e-01
9.732625484466552734e-01
9.820991158485412598e-01
9.853413105010986328e-01
9.385935664176940918e-01
8.313308358192443848e-01
4.094241559505462646e-01
1.592821180820465088e-01
2.156144678592681885e-01
3.940196633338928223e-01
6.669540405273437500e-01
7.479227781295776367e-01
7.705789804458618164e-01
8.201719522476196289e-01
8.728510141372680664e-01
9.364172816276550293e-01
9.756025075912475586e-01
9.742319583892822266e-01
8.541296720504760742e-01
6.473653316497802734e-01
6.279078722000122070e-01
6.614485383033752441e-01
7.986819148063659668e-01
9.193722605705261230e-01
9.581767320632934570e-01
9.793221354484558105e-01
9.722377657890319824e-01
9.406563043594360352e-01
8.918842673301696777e-01
8.081865310668945312e-01
7.151380181312561035e-01
7.683964371681213379e-01
8.071085810661315918e-01
7.775744795799255371e-01
7.811256051063537598e-01
8.364797830581665039e-01
8.839416503906250000e-01
9.259437322616577148e-01
9.589840173721313477e-01
9.896432757377624512e-01
9.699117541313171387e-01
9.378845095634460449e-01
8.550118803977966309e-01
7.978720664978027344e-01
7.812286019325256348e-01
8.394195437431335449e-01
9.503295421600341797e-01
9.698137044906616211e-01
9.643808007240295410e-01
9.125721454620361328e-01
8.683804273605346680e-01
8.615819811820983887e-01
8.681675791740417480e-01
8.965970873832702637e-01
9.040394425392150879e-01
8.961023092269897461e-01
8.008993864059448242e-01
6.800734996795654297e-01
6.455369591712951660e-01
6.379594206809997559e-01
7.507171034812927246e-01
8.554508090019226074e-01
9.463999867439270020e-01
9.901943206787109375e-01
9.976544976234436035e-01
9.959329962730407715e-01
9.913299083709716797e-01
9.782441854476928711e-01
9.652661085128784180e-01
9.549617171287536621e-01
9.512599110603332520e-01
9.599731564521789551e-01
9.724329113960266113e-01
9.880218505859375000e-01
5.864364504814147949e-01
3.697095438838005066e-02
1.378561573801562190e-04
1.898397021179998312e-12
7.657405525635097021e-13
3.953856888856672027e-16
2.183457973328289904e-16
2.506209215852317485e-13
7.335790503694428200e-13
2.611159114167094231e-03
6.267511285841464996e-03
3.523933291435241699e-01
7.112175226211547852e-01
8.661153912544250488e-01
9.725748300552368164e-01
9.627199172973632812e-01
8.831739425659179688e-01
7.298648357391357422e-01
5.338409543037414551e-01
3.179580271244049072e-01
2.457794696092605591e-01
2.060127109289169312e-01
3.300998806953430176e-01
4.735305011272430420e-01
6.718060374259948730e-01
8.049489259719848633e-01
8.589020371437072754e-01
9.064455628395080566e-01
9.506039023399353027e-01
9.710821509361267090e-01
9.864271879196166992e-01
9.832517504692077637e-01
9.801083803176879883e-01
9.770463109016418457e-01
9.711498022079467773e-01
9.610720872879028320e-01
9.392095804214477539e-01
9.094953536987304688e-01
8.760885000228881836e-01
8.417937159538269043e-01
5.517510175704956055e-01
3.417577147483825684e-01
5.443969964981079102e-01
7.356842756271362305e-01
9.055534601211547852e-01
9.867617487907409668e-01
9.947723150253295898e-01
9.966883659362792969e-01
9.964583516120910645e-01
9.884982109069824219e-01
9.796910881996154785e-01
9.691805839538574219e-01
9.676624536514282227e-01
9.866027832031250000e-01
9.971671104431152344e-01
9.992023706436157227e-01
9.998991489410400391e-01
9.999757409095764160e-01
9.999620318412780762e-01
9.997743964195251465e-01
9.970483779907226562e-01
9.676336646080017090e-01
8.575474619865417480e-01
6.297936439514160156e-01
2.498303055763244629e-01
1.559720635414123535e-01
2.380944937467575073e-01
4.787515699863433838e-01
7.578395009040832520e-01
8.686854243278503418e-01
9.613932371139526367e-01
9.747797846794128418e-01
9.850626587867736816e-01
9.900645613670349121e-01
9.942808747291564941e-01
9.978824257850646973e-01
9.986182451248168945e-01
9.983513355255126953e-01
9.966676235198974609e-01
9.948949217796325684e-01
9.932899475097656250e-01
9.434704184532165527e-01
7.791525125503540039e-01
5.100607275962829590e-01
1.286386698484420776e-01
1.613557643054264190e-08
2.104781682277234722e-09
4.891035132459364831e-08
1.296941656619310379e-02
3.937596380710601807e-01
7.275204062461853027e-01
8.892023563385009766e-01
9.877023696899414062e-01
9.931771159172058105e-01
9.422811865806579590e-01
8.514792919158935547e-01
4.799205958843231201e-01
2.551784738898277283e-02
6.452392321079969406e-03
4.210558533668518066e-02
2.889758348464965820e-01
5.497837662696838379e-01
8.397420644760131836e-01
9.890314340591430664e-01
9.970539808273315430e-01
9.992543458938598633e-01
9.987336993217468262e-01
9.942784905433654785e-01
9.889348745346069336e-01
9.783611297607421875e-01
9.670662879943847656e-01
9.534525275230407715e-01
9.383044838905334473e-01
9.208718538284301758e-01
9.337149858474731445e-01
9.675406813621520996e-01
9.851270914077758789e-01
9.978759288787841797e-01
9.988090395927429199e-01
9.932464957237243652e-01
9.484229683876037598e-01
8.353863358497619629e-01
5.726687908172607422e-01
5.243515372276306152e-01
6.980943679809570312e-01
8.420953750610351562e-01
9.712955355644226074e-01
9.947850704193115234e-01
9.998314380645751953e-01
9.989900588989257812e-01
9.882588982582092285e-01
9.400324821472167969e-01
7.382698655128479004e-01
2.920596897602081299e-01
6.791669875383377075e-02
1.387189049273729324e-02
1.228960423010905245e-11
9.046958603271815225e-13
0.000000000000000000e+00
1.013879412709308786e-18
1.134561341768039035e-17
4.617146030068397522e-02
2.118657976388931274e-01
4.478329122066497803e-01
7.665808200836181641e-01
9.039670825004577637e-01
9.356523752212524414e-01
9.576488137245178223e-01
9.774417281150817871e-01
9.858973622322082520e-01
9.933393597602844238e-01
9.962417483329772949e-01
9.983851909637451172e-01
9.990527629852294922e-01
9.992973208427429199e-01
9.991414546966552734e-01
9.944465160369873047e-01
9.877227544784545898e-01
9.621065855026245117e-01
9.353638887405395508e-01
9.508672356605529785e-01
9.644455909729003906e-01
9.710860252380371094e-01
9.506902694702148438e-01
8.884757757186889648e-01
7.049822807312011719e-01
4.283079802989959717e-01
3.582924902439117432e-01
3.605518341064453125e-01
6.130973696708679199e-01
8.713484406471252441e-01
9.362329244613647461e-01
9.849936962127685547e-01
9.886410832405090332e-01
9.915552735328674316e-01
9.935335516929626465e-01
9.958469271659851074e-01
9.983685612678527832e-01
9.991030097007751465e-01
9.993397593498229980e-01
9.981856346130371094e-01
9.966070055961608887e-01
9.926183819770812988e-01
9.906666874885559082e-01
9.934635162353515625e-01
9.958736896514892578e-01
9.978438019752502441e-01
9.910683035850524902e-01
9.794477224349975586e-01
7.829740643501281738e-01
5.443018078804016113e-01
5.718726515769958496e-01
6.217680573463439941e-01
7.729058861732482910e-01
8.930842280387878418e-01
9.515463113784790039e-01
9.849745631217956543e-01
9.937103390693664551e-01
9.949086308479309082e-01
9.924453496932983398e-01
9.918797612190246582e-01
9.916384816169738770e-01
9.888079762458801270e-01
9.856874942779541016e-01
9.812988638877868652e-01
9.774843454360961914e-01
9.747573733329772949e-01
9.773305654525756836e-01
9.848192334175109863e-01
9.906814098358154297e-01
9.958280324935913086e-01
9.973599910736083984e-01
9.982433915138244629e-01
9.974099993705749512e-01
9.964005351066589355e-01
9.946507215499877930e-01
9.941751956939697266e-01
9.959282875061035156e-01
9.966180920600891113e-01
9.963612556457519531e-01
9.964470267295837402e-01
9.966824650764465332e-01
9.954995512962341309e-01
9.939758181571960449e-01
9.889376759529113770e-01
9.826667308807373047e-01
9.714654088020324707e-01
9.546532630920410156e-01
9.280032515525817871e-01
8.542605042457580566e-01
7.388831973075866699e-01
4.353573620319366455e-01
5.231005698442459106e-02
9.710104204714298248e-04
1.742840558290481567e-02
5.562072992324829102e-01
9.900954961776733398e-01
9.959326386451721191e-01
9.996824264526367188e-01
9.997153878211975098e-01
9.992089271545410156e-01
9.982154965400695801e-01
9.736827015876770020e-01
9.385699629783630371e-01
9.088386893272399902e-01
8.811848759651184082e-01
9.117278456687927246e-01
9.369902014732360840e-01
9.394805431365966797e-01
9.387839436531066895e-01
9.321753978729248047e-01
9.400475025177001953e-01
9.615353345870971680e-01
9.731542468070983887e-01
9.800189733505249023e-01
9.829540848731994629e-01
9.851213693618774414e-01
9.843957424163818359e-01
9.272887110710144043e-01
5.886820554733276367e-01
2.962051331996917725e-01
9.956260025501251221e-02
1.761420776347222272e-06
4.601384716806933284e-06
3.544057309627532959e-01
8.965942263603210449e-01
9.961843490600585938e-01
9.976153969764709473e-01
9.983342289924621582e-01
9.984326958656311035e-01
9.948036670684814453e-01
9.917341470718383789e-01
9.899629950523376465e-01
9.877377748489379883e-01
9.849953651428222656e-01
9.709034562110900879e-01
9.499191641807556152e-01
9.374312162399291992e-01
9.272446036338806152e-01
7.577252388000488281e-01
5.631771087646484375e-01
2.384631484746932983e-01
4.693756636697798967e-04
1.727102062432095408e-04
1.808742235880345106e-04
6.008960190229117870e-04
6.287545710802078247e-02
1.688494533300399780e-01
2.244113981723785400e-01
2.622957527637481689e-01
3.627494871616363525e-01
4.798369109630584717e-01
7.472069859504699707e-01
9.618171453475952148e-01
9.850121736526489258e-01
9.996105432510375977e-01
9.998494386672973633e-01
9.999706149101257324e-01
9.999901056289672852e-01
9.997751712799072266e-01
9.994558691978454590e-01
9.985146522521972656e-01
9.974824786186218262e-01
9.983173608779907227e-01
9.989581704139709473e-01
9.986162781715393066e-01
9.951316118240356445e-01
9.850274920463562012e-01
7.846691608428955078e-01
3.763936161994934082e-01
1.483272016048431396e-01
2.574570290744304657e-02
2.310855090618133545e-01
5.245155096054077148e-01
7.629824876785278320e-01
9.761428833007812500e-01
9.866647720336914062e-01
9.950401186943054199e-01
9.972898364067077637e-01
9.885315895080566406e-01
9.640192389488220215e-01
7.832632660865783691e-01
4.839577674865722656e-01
3.012194037437438965e-01
1.642980873584747314e-01
1.255098283290863037e-01
1.010008454322814941e-01
7.969579845666885376e-02
7.094663381576538086e-02
1.181524097919464111e-01
2.172497659921646118e-01
4.181655645370483398e-01
5.398712158203125000e-01
5.803343653678894043e-01
5.537146329879760742e-01
4.901858866214752197e-01
6.261685490608215332e-01
8.115496039390563965e-01
6.426844000816345215e-01
4.581591486930847168e-01
2.898288667201995850e-01
1.924651861190795898e-01
3.002035021781921387e-01
4.428441524505615234e-01
6.352354288101196289e-01
6.467546224594116211e-01
5.155367255210876465e-01
5.076929330825805664e-01
5.495629906654357910e-01
6.802136898040771484e-01
8.217487335205078125e-01
7.550891637802124023e-01
6.592090129852294922e-01
4.171177446842193604e-01
2.357465773820877075e-01
1.829033792018890381e-01
2.853960692882537842e-01
5.630165934562683105e-01
6.353169679641723633e-01
5.804260969161987305e-01
3.868730962276458740e-01
1.512228846549987793e-01
8.434410393238067627e-02
4.887383058667182922e-02
2.423193454742431641e-01
4.608998894691467285e-01
7.689192295074462891e-01
9.703117012977600098e-01
9.883127212524414062e-01
9.973281025886535645e-01
9.979321956634521484e-01
9.981071352958679199e-01
9.980663657188415527e-01
9.987165927886962891e-01
9.995247721672058105e-01
9.997583031654357910e-01
9.999424219131469727e-01
9.999232888221740723e-01
9.996597170829772949e-01
9.986842274665832520e-01
9.972544908523559570e-01
9.951517581939697266e-01
9.953439831733703613e-01
9.974164366722106934e-01
9.979794025421142578e-01
9.978879094123840332e-01
9.988211989402770996e-01
9.999405741691589355e-01
9.982964992523193359e-01
9.967931509017944336e-01
9.963031411170959473e-01
9.957985877990722656e-01
9.952587485313415527e-01
9.842020869255065918e-01
9.591553807258605957e-01
8.348791003227233887e-01
6.365450620651245117e-01
5.729251503944396973e-01
5.618224143981933594e-01
6.653715372085571289e-01
7.869598865509033203e-01
8.626229763031005859e-01
9.296618700027465820e-01
9.500528573989868164e-01
9.654589295387268066e-01
9.692409038543701172e-01
9.754218459129333496e-01
9.845866560935974121e-01
9.894469380378723145e-01
9.912499189376831055e-01
9.948467016220092773e-01
9.991093277931213379e-01
9.997959733009338379e-01
9.999627470970153809e-01
9.999103546142578125e-01
9.998198151588439941e-01
9.995273947715759277e-01
9.993903040885925293e-01
9.996111392974853516e-01
9.997844696044921875e-01
9.998993873596191406e-01
9.998481869697570801e-01
9.996812939643859863e-01
9.980676770210266113e-01
9.959273934364318848e-01
9.960151314735412598e-01
9.963313937187194824e-01
9.900712966918945312e-01
9.749366044998168945e-01
9.116485714912414551e-01
7.403814196586608887e-01
3.116361498832702637e-01
5.415528267621994019e-02
1.639425009489059448e-02
2.758004702627658844e-03
6.752716377377510071e-03
3.080156631767749786e-02
6.264168769121170044e-02
4.695538058876991272e-02
2.347264066338539124e-02
5.837903544306755066e-02
1.445648372173309326e-01
5.422484278678894043e-01
8.553122878074645996e-01
9.466063976287841797e-01
9.995850920677185059e-01
9.985890388488769531e-01
9.978744387626647949e-01
9.973815679550170898e-01
9.979804754257202148e-01
9.990627765655517578e-01
9.992052316665649414e-01
9.991589188575744629e-01
9.994122385978698730e-01
9.996586441993713379e-01
9.997801780700683594e-01
9.998452663421630859e-01
9.997401833534240723e-01
9.996195435523986816e-01
9.994749426841735840e-01
9.994182586669921875e-01
9.994422197341918945e-01
9.995579123497009277e-01
9.997212886810302734e-01
9.998484253883361816e-01
9.999666213989257812e-01
9.999873638153076172e-01
1.000000000000000000e+00
1.000000000000000000e+00
9.999994635581970215e-01
9.999967217445373535e-01
9.999886155128479004e-01
9.999703168869018555e-01
9.996952414512634277e-01
9.991400837898254395e-01
9.986891150474548340e-01
9.983049631118774414e-01
9.986655116081237793e-01
9.992761611938476562e-01
9.995788335800170898e-01
9.998139142990112305e-01
9.984728693962097168e-01
9.964842796325683594e-01
9.908323884010314941e-01
9.866617918014526367e-01
9.861671328544616699e-01
9.882639646530151367e-01
9.939168691635131836e-01
9.975005984306335449e-01
9.994043111801147461e-01
9.963661432266235352e-01
9.910830259323120117e-01
9.846600294113159180e-01
9.779735803604125977e-01
9.810838699340820312e-01
9.719299077987670898e-01
8.327827453613281250e-01
6.391335129737854004e-01
2.509052455425262451e-01
5.494217020896030590e-06
1.868017079686978832e-06
6.226958954230361297e-38
1.730838601193616354e-38
1.773718704464050111e-13
4.646219932229189720e-13
1.782666593790054321e-01
4.168791174888610840e-01
6.877512931823730469e-01
9.607483744621276855e-01
9.810354113578796387e-01
9.985319972038269043e-01
9.989943504333496094e-01
9.990442991256713867e-01
9.980015158653259277e-01
9.973073005676269531e-01
9.971246123313903809e-01
9.976472854614257812e-01
9.987834095954895020e-01
9.994413852691650391e-01
9.998535513877868652e-01
9.999513030052185059e-01
9.999660849571228027e-01
9.998915791511535645e-01
9.998125433921813965e-01
9.997892975807189941e-01
9.997816681861877441e-01
9.998450279235839844e-01
9.998784065246582031e-01
9.998457431793212891e-01
9.997764229774475098e-01
9.996600747108459473e-01
9.985438585281372070e-01
9.966732859611511230e-01
8.354628086090087891e-01
6.049100160598754883e-01
3.161497712135314941e-01
1.487476192414760590e-02
3.067495738640211493e-17
2.684842070888038279e-10
3.738040987855129060e-09
5.998985469341278076e-02
3.544027805328369141e-01
6.277383565902709961e-01
8.605177402496337891e-01
9.894477128982543945e-01
9.961756467819213867e-01
9.991829395294189453e-01
9.995596408843994141e-01
9.995479583740234375e-01
9.993788599967956543e-01
9.993671178817749023e-01
9.993863105773925781e-01
9.996062517166137695e-01
9.998107552528381348e-01
9.997689723968505859e-01
9.978303909301757812e-01
9.888544678688049316e-01
8.643845915794372559e-01
5.125030279159545898e-01
2.440681457519531250e-01
7.116243988275527954e-02
5.732935667037963867e-02
1.545038968324661255e-01
4.791676998138427734e-01
8.942724466323852539e-01
9.780663847923278809e-01
9.974306821823120117e-01
9.990817904472351074e-01
9.999577999114990234e-01
9.999246001243591309e-01
9.997708201408386230e-01
9.991552233695983887e-01
9.976921677589416504e-01
9.944974184036254883e-01
9.933869242668151855e-01
9.947916865348815918e-01
9.955023527145385742e-01
9.957019090652465820e-01
9.966732263565063477e-01
9.979744553565979004e-01
9.988588094711303711e-01
9.996513724327087402e-01
9.998160600662231445e-01
9.998885989189147949e-01
9.991738200187683105e-01
9.970224499702453613e-01
9.886072874069213867e-01
9.775822758674621582e-01
9.605798721313476562e-01
9.518179893493652344e-01
9.540504217147827148e-01
9.615110754966735840e-01
9.732442498207092285e-01
9.851030707359313965e-01
9.969809055328369141e-01
9.997065067291259766e-01
9.999698400497436523e-01
9.999890923500061035e-01
9.999819397926330566e-01
9.998967647552490234e-01
9.998039603233337402e-01
9.996693134307861328e-01
9.995877146720886230e-01
9.996498227119445801e-01
9.997357130050659180e-01
9.998599290847778320e-01
9.999242424964904785e-01
9.999299645423889160e-01
9.999409317970275879e-01
9.999549388885498047e-01
9.999327063560485840e-01
9.998977780342102051e-01
9.996393322944641113e-01
9.993441700935363770e-01
9.985427856445312500e-01
9.977025389671325684e-01
9.966192841529846191e-01
9.957568049430847168e-01
9.956897497177124023e-01
9.960502982139587402e-01
9.972752928733825684e-01
9.983751177787780762e-01
9.993189573287963867e-01
9.997891783714294434e-01
9.998914003372192383e-01
9.994468092918395996e-01
9.987441897392272949e-01
9.982843399047851562e-01
9.978849887847900391e-01
9.988898038864135742e-01
1.000000000000000000e+00
1.000000000000000000e+00
9.956322908401489258e-01
9.651836156845092773e-01
9.227352738380432129e-01
8.456390500068664551e-01
8.139643073081970215e-01
8.574783802032470703e-01
9.025915265083312988e-01
9.491474628448486328e-01
9.756756424903869629e-01
9.889295697212219238e-01
9.950333833694458008e-01
9.983463287353515625e-01
9.993738532066345215e-01
9.999405145645141602e-01
9.999673366546630859e-01
9.999572038650512695e-01
9.998573660850524902e-01
9.997891783714294434e-01
9.998728036880493164e-01
9.999427199363708496e-01
9.999784827232360840e-01
1.000000000000000000e+00
1.000000000000000000e+00
9.999797940254211426e-01
9.999403953552246094e-01
9.998298883438110352e-01
9.996761679649353027e-01
9.996795654296875000e-01
9.997394084930419922e-01
9.997310638427734375e-01
9.997104406356811523e-01
9.983478784561157227e-01
9.965103268623352051e-01
9.890130162239074707e-01
9.814358353614807129e-01
9.735201597213745117e-01
9.720262885093688965e-01
9.860076308250427246e-01
9.954650402069091797e-01
9.982088804244995117e-01
9.996246099472045898e-01
9.998011589050292969e-01
9.998921751976013184e-01
9.999321699142456055e-01
9.999650120735168457e-01
9.999952316284179688e-01
1.000000000000000000e+00
1.000000000000000000e+00
9.999861121177673340e-01
9.999729990959167480e-01
9.999824762344360352e-01
9.999909400939941406e-01
9.999942183494567871e-01
9.999964833259582520e-01
9.999959468841552734e-01
9.999893307685852051e-01
9.999731183052062988e-01
9.999575018882751465e-01
9.999423623085021973e-01
9.999322295188903809e-01
9.999253749847412109e-01
9.990170598030090332e-01
9.977484345436096191e-01
9.887164831161499023e-01
9.779673218727111816e-01
9.832468628883361816e-01
9.897304773330688477e-01
9.942535161972045898e-01
9.982564449310302734e-01
9.989894628524780273e-01
9.991724491119384766e-01
9.976757764816284180e-01
9.871867895126342773e-01
9.601368904113769531e-01
9.507625699043273926e-01
9.620562791824340820e-01
9.742473959922790527e-01
9.870738983154296875e-01
9.928992390632629395e-01
9.952623844146728516e-01
9.921780824661254883e-01
9.875120520591735840e-01
9.832737445831298828e-01
9.790818095207214355e-01
9.889995455741882324e-01
9.982869625091552734e-01
9.991331100463867188e-01
9.996562600135803223e-01
9.988379478454589844e-01
9.943870902061462402e-01
9.814645051956176758e-01
9.315300583839416504e-01
8.271550536155700684e-01
5.730915069580078125e-01
1.739754378795623779e-01
1.312381867319345474e-02
3.388677723705768585e-03
1.047235913574695587e-02
2.435344457626342773e-02
3.559094071388244629e-01
7.584160566329956055e-01
8.657457828521728516e-01
9.450845122337341309e-01
9.709528684616088867e-01
9.936571717262268066e-01
9.938195347785949707e-01
9.932217597961425781e-01
9.900099635124206543e-01
9.884636402130126953e-01
9.903673529624938965e-01
9.920765757560729980e-01
9.935370087623596191e-01
9.943494796752929688e-01
9.945920109748840332e-01
9.960281848907470703e-01
9.981564879417419434e-01
9.991294741630554199e-01
9.996736645698547363e-01
9.991935491561889648e-01
9.985039830207824707e-01
9.956156611442565918e-01
9.925869703292846680e-01
9.903699755668640137e-01
9.883034825325012207e-01
9.872649908065795898e-01
9.870264530181884766e-01
9.894346594810485840e-01
9.921874403953552246e-01
9.956544637680053711e-01
9.977651834487915039e-01
9.980992674827575684e-01
9.982411861419677734e-01
9.982122182846069336e-01
9.985240101814270020e-01
9.990382194519042969e-01
9.994582533836364746e-01
9.998441934585571289e-01
9.999473094940185547e-01
9.999902248382568359e-01
9.999940395355224609e-01
9.999942779541015625e-01
9.999822974205017090e-01
9.999446868896484375e-01
9.997104406356811523e-01
9.989665746688842773e-01
9.963708519935607910e-01
9.895447492599487305e-01
9.734615087509155273e-01
9.471414089202880859e-01
9.060387611389160156e-01
8.337182402610778809e-01
7.303404808044433594e-01
7.410525679588317871e-01
8.281747698783874512e-01
9.006521105766296387e-01
9.665320515632629395e-01
9.861452579498291016e-01
9.933517575263977051e-01
9.944961071014404297e-01
9.948429465293884277e-01
9.949913024902343750e-01
9.952836036682128906e-01
9.973669052124023438e-01
9.991775751113891602e-01
9.996373653411865234e-01
9.999763369560241699e-01
9.999845027923583984e-01
9.994589090347290039e-01
9.979743361473083496e-01
8.529994487762451172e-01
5.352324247360229492e-01
4.186853170394897461e-01
4.705559015274047852e-01
6.250824332237243652e-01
8.378559350967407227e-01
9.349998235702514648e-01
9.901495575904846191e-01
9.998746514320373535e-01
9.999845027923583984e-01
9.998560547828674316e-01
9.995955824851989746e-01
9.888157844543457031e-01
9.769020080566406250e-01
9.548598527908325195e-01
9.395002126693725586e-01
9.514070153236389160e-01
9.650011062622070312e-01
9.826695322990417480e-01
9.947317242622375488e-01
9.974792599678039551e-01
9.990941882133483887e-01
9.994357824325561523e-01
9.996927976608276367e-01
