9.941574335098266602e-01
9.935318231582641602e-01
9.945458769798278809e-01
9.969716668128967285e-01
9.988948702812194824e-01
9.998052120208740234e-01
9.999504685401916504e-01
9.999972581863403320e-01
9.999995827674865723e-01
9.999986290931701660e-01
9.999983906745910645e-01
9.999991655349731445e-01
9.999995827674865723e-01
9.999992847442626953e-01
9.999980926513671875e-01
9.999926686286926270e-01
9.999893903732299805e-01
9.999875426292419434e-01
9.999817609786987305e-01
9.999737143516540527e-01
9.999665021896362305e-01
9.999783635139465332e-01
9.999798536300659180e-01
9.999681711196899414e-01
9.999159574508666992e-01
9.981126189231872559e-01
9.939073324203491211e-01
9.828748106956481934e-01
9.835333228111267090e-01
9.894138574600219727e-01
9.960108399391174316e-01
9.987789988517761230e-01
9.998390674591064453e-01
9.999455809593200684e-01
9.999747872352600098e-01
9.999410510063171387e-01
9.998077154159545898e-01
9.973789453506469727e-01
9.928912520408630371e-01
9.852048754692077637e-01
6.367873549461364746e-01
2.861891686916351318e-01
6.182466074824333191e-02
4.973404482007026672e-02
2.337877601385116577e-01
6.845793724060058594e-01
8.205941915512084961e-01
9.116157293319702148e-01
9.921270608901977539e-01
9.936022162437438965e-01
9.606766700744628906e-01
8.919431567192077637e-01
8.061010241508483887e-01
8.192238807678222656e-01
9.465562105178833008e-01
9.810782670974731445e-01
9.982767105102539062e-01
9.995710253715515137e-01
9.935122728347778320e-01
9.827155470848083496e-01
9.665642976760864258e-01
9.232338070869445801e-01
8.796750903129577637e-01
8.432565331459045410e-01
9.148813486099243164e-01
9.662886857986450195e-01
9.996198415756225586e-01
9.998692274093627930e-01
9.998952150344848633e-01
9.996112585067749023e-01
9.980664253234863281e-01
9.936192631721496582e-01
9.882741570472717285e-01
9.881925582885742188e-01
9.927894473075866699e-01
9.982705116271972656e-01
9.953997135162353516e-01
9.963784217834472656e-01
9.988465309143066406e-01
9.997084140777587891e-01
9.999836087226867676e-01
9.987072348594665527e-01
9.924666881561279297e-01
8.628438711166381836e-01
7.430855631828308105e-01
8.195516467094421387e-01
6.599670648574829102e-01
4.042190015316009521e-01
1.096207424998283386e-01
3.519072830677032471e-01
7.107139229774475098e-01
9.286178946495056152e-01
9.858067035675048828e-01
9.953039884567260742e-01
9.987459182739257812e-01
9.997341632843017578e-01
9.999849796295166016e-01
9.999668598175048828e-01
9.998272657394409180e-01
9.995235800743103027e-01
9.989365935325622559e-01
9.992816448211669922e-01
9.996727108955383301e-01
9.997980594635009766e-01
9.954524040222167969e-01
9.676286578178405762e-01
8.997046351432800293e-01
9.394816160202026367e-01
9.805800914764404297e-01
9.967601895332336426e-01
9.990094900131225586e-01
9.988688826560974121e-01
9.978529214859008789e-01
9.988337159156799316e-01
9.996169209480285645e-01
9.997834563255310059e-01
9.966058731079101562e-01
9.683297872543334961e-01
9.058447480201721191e-01
6.943926215171813965e-01
6.362859606742858887e-01
7.920089364051818848e-01
8.922419548034667969e-01
9.608707427978515625e-01
9.945158362388610840e-01
9.978744387626647949e-01
9.986077547073364258e-01
9.980111122131347656e-01
6.022435426712036133e-01
3.408337533473968506e-01
2.468168437480926514e-01
7.306306958198547363e-01
9.925016164779663086e-01
9.998988509178161621e-01
9.999451637268066406e-01
9.998900890350341797e-01
9.998228549957275391e-01
9.998612403869628906e-01
9.999144077301025391e-01
9.999814629554748535e-01
9.999920725822448730e-01
9.999002814292907715e-01
9.995457530021667480e-01
9.860751032829284668e-01
9.829379320144653320e-01
9.893759489059448242e-01
9.936398267745971680e-01
9.936727285385131836e-01
9.899713993072509766e-01
9.894933700561523438e-01
9.921766519546508789e-01
9.975242018699645996e-01
9.991025924682617188e-01
9.998756647109985352e-01
9.998365044593811035e-01
9.969683289527893066e-01
8.812000751495361328e-01
6.751506924629211426e-01
6.040133833885192871e-01
6.881150603294372559e-01
8.946993350982666016e-01
9.592224955558776855e-01
6.269344091415405273e-01
7.591860485263168812e-04
2.352179581066593528e-04
9.644067233499862113e-28
3.113751881755888462e-04
6.340176332741975784e-03
1.755239665508270264e-01
4.767179489135742188e-01
7.844543457031250000e-01
9.481242299079895020e-01
9.821339845657348633e-01
7.769191265106201172e-01
4.312734305858612061e-01
3.851408770777212018e-22
1.182667463518796514e-22
0.000000000000000000e+00
0.000000000000000000e+00
0.000000000000000000e+00
1.586844921112060547e-01
4.486636221408843994e-01
8.161305785179138184e-01
9.840987324714660645e-01
9.908699989318847656e-01
9.923606514930725098e-01
9.918327331542968750e-01
9.901074171066284180e-01
9.964517951011657715e-01
9.995155930519104004e-01
9.996975064277648926e-01
9.956883192062377930e-01
9.922896027565002441e-01
9.896770715713500977e-01
9.929838180541992188e-01
9.963676929473876953e-01
9.996665120124816895e-01
9.994230866432189941e-01
9.970502257347106934e-01
9.929424524307250977e-01
9.910636544227600098e-01
9.929909110069274902e-01
9.981154203414916992e-01
9.993363618850708008e-01
9.996825456619262695e-01
9.992385506629943848e-01
9.982220530509948730e-01
9.979230761528015137e-01
9.981756210327148438e-01
9.926779866218566895e-01
6.622346639633178711e-01
3.047590330243110657e-02
1.008660346269607544e-02
0.000000000000000000e+00
0.000000000000000000e+00
0.000000000000000000e+00
9.339688050724603841e-11
2.810020549581793148e-10
2.934084832668304443e-01
6.241673231124877930e-01
9.922136664390563965e-01
9.833718538284301758e-01
9.827417731285095215e-01
9.979612827301025391e-01
9.987423419952392578e-01
9.977927207946777344e-01
9.953275918960571289e-01
9.970214366912841797e-01
9.986280202865600586e-01
9.999208450317382812e-01
9.999936223030090332e-01
9.999960064888000488e-01
9.999915957450866699e-01
9.999820590019226074e-01
9.999719262123107910e-01
9.999615550041198730e-01
9.999847412109375000e-01
1.000000000000000000e+00
1.000000000000000000e+00
9.999797940254211426e-01
9.999380707740783691e-01
9.998672008514404297e-01
9.987118244171142578e-01
9.972236752510070801e-01
9.954177141189575195e-01
9.966549277305603027e-01
9.982147812843322754e-01
9.996054172515869141e-01
9.997895359992980957e-01
9.996988177299499512e-01
9.994595646858215332e-01
9.994921684265136719e-01
9.996239542961120605e-01
9.998534917831420898e-01
9.997115731239318848e-01
9.982458353042602539e-01
9.940982460975646973e-01
9.839525818824768066e-01
9.718176126480102539e-01
9.584158658981323242e-01
9.125279188156127930e-01
8.490567207336425781e-01
7.626410722732543945e-01
7.778697609901428223e-01
8.414226770401000977e-01
9.562116265296936035e-01
9.917910695075988770e-01
9.985078573226928711e-01
9.976919889450073242e-01
9.944460391998291016e-01
9.905603528022766113e-01
9.876291751861572266e-01
9.925515055656433105e-01
9.992414116859436035e-01
9.998054504394531250e-01
9.999894499778747559e-01
9.999977350234985352e-01
9.999971389770507812e-01
9.999949932098388672e-01
9.999925494194030762e-01
9.999927282333374023e-01
9.999948740005493164e-01
9.999978542327880859e-01
9.999986290931701660e-01
9.999978542327880859e-01
9.999032020568847656e-01
9.989820718765258789e-01
9.858200550079345703e-01
9.664531946182250977e-01
9.757007360458374023e-01
9.816498756408691406e-01
9.833783507347106934e-01
9.532220959663391113e-01
8.731171488761901855e-01
7.479522228240966797e-01
5.346701145172119141e-01
4.716964662075042725e-01
5.543321371078491211e-01
5.200856328010559082e-01
6.066731214523315430e-01
8.247303962707519531e-01
3.301548659801483154e-01
3.736716508865356445e-02
2.001489512622356415e-02
3.413157463073730469e-01
6.649018526077270508e-01
9.613179564476013184e-01
9.909420609474182129e-01
9.861866235733032227e-01
9.706032276153564453e-01
9.546062350273132324e-01
9.497743844985961914e-01
9.649288058280944824e-01
9.847946763038635254e-01
9.989789128303527832e-01
9.998256564140319824e-01
9.999831914901733398e-01
9.996043443679809570e-01
9.983278512954711914e-01
9.902984499931335449e-01
9.837171435356140137e-01
9.864756464958190918e-01
9.933776855468750000e-01
9.998247027397155762e-01
9.999598860740661621e-01
9.999991059303283691e-01
9.999993443489074707e-01
9.999989867210388184e-01
9.999963641166687012e-01
9.999884963035583496e-01
9.999587535858154297e-01
9.999536871910095215e-01
9.999558329582214355e-01
9.999128580093383789e-01
9.998298287391662598e-01
9.991215467453002930e-01
9.922295212745666504e-01
9.546793103218078613e-01
8.987084627151489258e-01
9.329581856727600098e-01
9.616549611091613770e-01
9.852697849273681641e-01
9.936870336532592773e-01
9.985621571540832520e-01
9.997991919517517090e-01
9.972450137138366699e-01
9.949764609336853027e-01
9.931614995002746582e-01
8.855479955673217773e-01
8.196042180061340332e-01
8.217931389808654785e-01
9.179271459579467773e-01
9.883639812469482422e-01
9.975920915603637695e-01
9.995107054710388184e-01
9.999698996543884277e-01
9.999947547912597656e-01
9.999995827674865723e-01
9.999992847442626953e-01
9.999979734420776367e-01
9.999281764030456543e-01
9.959933161735534668e-01
9.805324077606201172e-01
7.438564896583557129e-01
4.464135169982910156e-01
2.315904349088668823e-01
4.516978561878204346e-01
8.258479833602905273e-01
9.527568817138671875e-01
9.990723729133605957e-01
9.998810291290283203e-01
9.998846054077148438e-01
9.998343586921691895e-01
9.997367858886718750e-01
9.995051622390747070e-01
9.993367195129394531e-01
9.992354512214660645e-01
9.997071623802185059e-01
9.999513030052185059e-01
9.999696016311645508e-01
9.994663000106811523e-01
8.768867254257202148e-01
6.077280044555664062e-01
2.305685579776763916e-01
8.439601212739944458e-02
2.860210537910461426e-01
6.735381484031677246e-01
9.023374319076538086e-01
8.023132085800170898e-01
8.377049565315246582e-01
9.001607298851013184e-01
9.633793234825134277e-01
9.881781339645385742e-01
9.989637732505798340e-01
9.997764229774475098e-01
9.999961853027343750e-01
9.999998211860656738e-01
9.999994635581970215e-01
9.999926090240478516e-01
9.999679923057556152e-01
9.998639822006225586e-01
9.990031719207763672e-01
9.979376196861267090e-01
9.989193677902221680e-01
9.994612336158752441e-01
9.993430972099304199e-01
9.930890202522277832e-01
9.572532176971435547e-01
8.945907950401306152e-01
9.081231355667114258e-01
9.189152717590332031e-01
9.265202283859252930e-01
9.279044270515441895e-01
9.428899884223937988e-01
9.774101376533508301e-01
9.912422895431518555e-01
9.975051879882812500e-01
9.949530363082885742e-01
9.800382852554321289e-01
9.651117920875549316e-01
9.556368589401245117e-01
9.748728871345520020e-01
9.959951043128967285e-01
9.980995655059814453e-01
9.992288351058959961e-01
9.998567700386047363e-01
9.999598860740661621e-01
9.999691843986511230e-01
9.998021125793457031e-01
9.987999200820922852e-01
9.963380098342895508e-01
9.890334010124206543e-01
9.332994222640991211e-01
5.840252041816711426e-01
8.404996333410963416e-05
2.858697553165256977e-05
0.000000000000000000e+00
0.000000000000000000e+00
1.298666493514542669e-21
1.861821828503498928e-15
6.256956148402263718e-15
5.351500931283226237e-07
3.178042545914649963e-02
1.198169067502021790e-01
5.880598425865173340e-01
9.746497273445129395e-01
9.917532205581665039e-01
9.968771338462829590e-01
9.982099533081054688e-01
9.988997578620910645e-01
9.856395125389099121e-01
9.662650227546691895e-01
9.453520774841308594e-01
9.396605491638183594e-01
9.409984350204467773e-01
9.303342103958129883e-01
8.755196332931518555e-01
7.817001938819885254e-01
5.444194674491882324e-01
4.020225405693054199e-01
3.494615852832794189e-01
1.354473531246185303e-01
1.092680171132087708e-02
9.166328236460685730e-04
2.833833241311367601e-05
2.478142678737640381e-01
8.993752002716064453e-01
9.998980760574340820e-01
9.998974800109863281e-01
9.997828602790832520e-01
9.994258880615234375e-01
9.991701841354370117e-01
9.994445443153381348e-01
9.997093081474304199e-01
9.999318122863769531e-01
9.999762773513793945e-01
9.999945163726806641e-01
9.999970197677612305e-01
9.999908208847045898e-01
9.999858736991882324e-01
9.999822378158569336e-01
9.999873638153076172e-01
9.999909996986389160e-01
9.999932646751403809e-01
9.999833106994628906e-01
9.999664425849914551e-01
9.999409914016723633e-01
9.999248981475830078e-01
9.999223947525024414e-01
9.999424219131469727e-01
9.999679923057556152e-01
9.999843239784240723e-01
9.999741911888122559e-01
9.994185566902160645e-01
9.979237318038940430e-01
9.935742020606994629e-01
9.892492294311523438e-01
9.866312146186828613e-01
9.950400590896606445e-01
9.990188479423522949e-01
9.999532103538513184e-01
9.999688863754272461e-01
9.999525547027587891e-01
9.999067187309265137e-01
9.998347759246826172e-01
9.998151063919067383e-01
9.998607039451599121e-01
9.995068311691284180e-01
9.979616403579711914e-01
9.944567680358886719e-01
9.919228553771972656e-01
9.919455647468566895e-01
9.977277517318725586e-01
9.995636940002441406e-01
9.999735355377197266e-01
9.999551177024841309e-01
9.503736495971679688e-01
8.103005886077880859e-01
2.367915660142898560e-01
2.789224032312631607e-03
2.879364416003227234e-02
5.534273982048034668e-01
7.494047284126281738e-01
6.344293951988220215e-01
3.920518159866333008e-01
2.742261290550231934e-01
3.241337835788726807e-01
7.111410498619079590e-01
9.916544556617736816e-01
9.985965490341186523e-01
9.999181032180786133e-01
9.997804760932922363e-01
9.992524981498718262e-01
9.973874688148498535e-01
9.942663908004760742e-01
9.878602027893066406e-01
9.481972455978393555e-01
9.017810225486755371e-01
9.549736380577087402e-01
9.859990477561950684e-01
9.995167851448059082e-01
9.998207092285156250e-01
9.978379607200622559e-01
9.933301210403442383e-01
7.271810173988342285e-01
5.739776492118835449e-01
6.252859234809875488e-01
7.656487226486206055e-01
8.838462233543395996e-01
9.152790904045104980e-01
9.437175989151000977e-01
9.597513675689697266e-01
9.348637461662292480e-01
7.990186810493469238e-01
6.155444383621215820e-01
4.697756469249725342e-01
4.621338844299316406e-01
5.572913289070129395e-01
7.716976404190063477e-01
9.146326780319213867e-01
9.855003952980041504e-01
9.952086210250854492e-01
9.992868900299072266e-01
9.996480941772460938e-01
9.993456602096557617e-01
9.986550807952880859e-01
9.973567128181457520e-01
9.962969422340393066e-01
9.955231547355651855e-01
9.954910278320312500e-01
9.965338110923767090e-01
9.978616237640380859e-01
9.977563023567199707e-01
9.715629220008850098e-01
9.158937335014343262e-01
6.035368442535400391e-01
3.973577618598937988e-01
2.993049919605255127e-01
5.052072405815124512e-01
7.207946181297302246e-01
9.270011782646179199e-01
9.728999137878417969e-01
9.794299006462097168e-01
9.581435322761535645e-01
9.306885600090026855e-01
9.091982841491699219e-01
9.170051813125610352e-01
9.009990692138671875e-01
8.548884391784667969e-01
6.734435558319091797e-01
5.508910417556762695e-01
4.812455773353576660e-01
7.950376868247985840e-01
9.724607467651367188e-01
9.980720877647399902e-01
9.998146295547485352e-01
9.994671940803527832e-01
9.988371729850769043e-01
9.982358217239379883e-01
9.980117082595825195e-01
9.987525343894958496e-01
9.993977546691894531e-01
9.999085664749145508e-01
9.999636411666870117e-01
9.999620318412780762e-01
9.999242424964904785e-01
9.998540282249450684e-01
9.996868968009948730e-01
9.994332194328308105e-01
9.963181018829345703e-01
9.882242679595947266e-01
9.735897779464721680e-01
9.744198322296142578e-01
9.801876544952392578e-01
9.916647672653198242e-01
9.967490434646606445e-01
9.992870092391967773e-01
9.993989467620849609e-01
9.981126189231872559e-01
9.964990615844726562e-01
9.973654150962829590e-01
9.985703825950622559e-01
9.996326565742492676e-01
9.812632799148559570e-01
9.409620165824890137e-01
8.757494091987609863e-01
8.683296442031860352e-01
8.883782029151916504e-01
9.475642442703247070e-01
9.791826009750366211e-01
9.981532096862792969e-01
9.991790056228637695e-01
9.963992238044738770e-01
9.907818436622619629e-01
9.782466292381286621e-01
8.825227022171020508e-01
7.404099702835083008e-01
8.306233286857604980e-01
9.155676364898681641e-01
9.947842955589294434e-01
1.000000000000000000e+00
7.893804907798767090e-01
2.338747829198837280e-01
6.580842286348342896e-02
2.462145686149597168e-02
1.023980081081390381e-01
5.196927189826965332e-01
9.851832389831542969e-01
9.955258965492248535e-01
9.996679425239562988e-01
9.997888207435607910e-01
9.997823238372802734e-01
9.992752075195312500e-01
9.982591867446899414e-01
9.949573874473571777e-01
9.925247430801391602e-01
9.917081594467163086e-01
9.960537552833557129e-01
1.000000000000000000e+00
1.000000000000000000e+00
1.000000000000000000e+00
1.000000000000000000e+00
1.000000000000000000e+00
9.993814229965209961e-01
9.983290433883666992e-01
9.967105984687805176e-01
9.954182505607604980e-01
9.944646358489990234e-01
9.874147772789001465e-01
9.619593620300292969e-01
9.066852927207946777e-01
8.679610490798950195e-01
8.568019270896911621e-01
9.138857722282409668e-01
9.492911100387573242e-01
9.728850126266479492e-01
9.807150959968566895e-01
9.890528917312622070e-01
9.975557327270507812e-01
9.990074634552001953e-01
9.998442530632019043e-01
9.999873638153076172e-01
1.000000000000000000e+00
1.000000000000000000e+00
1.000000000000000000e+00
1.000000000000000000e+00
9.999990463256835938e-01
9.999948740005493164e-01
9.999948740005493164e-01
9.999968409538269043e-01
9.999987483024597168e-01
9.999923110008239746e-01
9.999790191650390625e-01
9.999171495437622070e-01
9.998876452445983887e-01
9.999006986618041992e-01
9.999346137046813965e-01
9.999597072601318359e-01
9.999588131904602051e-01
9.995869994163513184e-01
9.992350339889526367e-01
9.994900822639465332e-01
9.997518062591552734e-01
1.000000000000000000e+00
1.000000000000000000e+00
1.000000000000000000e+00
1.000000000000000000e+00
1.000000000000000000e+00
9.943870902061462402e-01
9.796931147575378418e-01
9.708600640296936035e-01
9.653697013854980469e-01
9.657948613166809082e-01
9.366334080696105957e-01
9.011629819869995117e-01
9.094626307487487793e-01
9.406019449234008789e-01
9.889336824417114258e-01
9.958777427673339844e-01
9.998162388801574707e-01
9.999669790267944336e-01
9.997450709342956543e-01
9.989691972732543945e-01
9.970948696136474609e-01
9.980544447898864746e-01
9.996421933174133301e-01
9.999021291732788086e-01
1.000000000000000000e+00
1.000000000000000000e+00
1.000000000000000000e+00
9.996519088745117188e-01
9.989469051361083984e-01
9.990974068641662598e-01
9.976959228515625000e-01
9.934684634208679199e-01
8.259353041648864746e-01
6.343481540679931641e-01
4.989583492279052734e-01
5.972952842712402344e-01
8.023839592933654785e-01
9.287865757942199707e-01
9.913330078125000000e-01
9.990887045860290527e-01
9.996725916862487793e-01
9.999167919158935547e-01
9.999759793281555176e-01
9.999932646751403809e-01
1.000000000000000000e+00
1.000000000000000000e+00
9.999876618385314941e-01
9.999681115150451660e-01
9.999355673789978027e-01
9.994428157806396484e-01
9.985259175300598145e-01
9.821031689643859863e-01
9.544471502304077148e-01
9.123676419258117676e-01
8.584324121475219727e-01
8.312446475028991699e-01
8.701986074447631836e-01
9.302886724472045898e-01
9.882819652557373047e-01
9.963893890380859375e-01
9.996739625930786133e-01
9.996795058250427246e-01
9.997505545616149902e-01
9.992318153381347656e-01
9.980162978172302246e-01
9.845023155212402344e-01
8.989611268043518066e-01
6.647556424140930176e-01
5.382941365242004395e-01
5.101506710052490234e-01
7.653306126594543457e-01
9.167030453681945801e-01
9.967640638351440430e-01
9.433842897415161133e-01
6.472219824790954590e-01
7.734250277280807495e-02
9.213453158736228943e-03
5.358725786209106445e-03
2.033057622611522675e-02
4.352307021617889404e-01
8.895350694656372070e-01
9.683002829551696777e-01
9.963085055351257324e-01
9.928992986679077148e-01
9.856070280075073242e-01
9.830156564712524414e-01
9.856174588203430176e-01
9.918922781944274902e-01
9.970406293869018555e-01
9.991201162338256836e-01
9.997648000717163086e-01
9.985566735267639160e-01
9.912906289100646973e-01
9.809394478797912598e-01
9.686149358749389648e-01
9.553664326667785645e-01
9.498497247695922852e-01
9.529988169670104980e-01
9.702918529510498047e-01
9.391077756881713867e-01
8.033077716827392578e-01
4.551643133163452148e-01
9.865850955247879028e-02
3.076907806098461151e-02
2.346168039366602898e-03
1.052185211847245228e-06
2.338286140002310276e-05
1.899390518665313721e-01
6.067137122154235840e-01
8.475216627120971680e-01
9.982905387878417969e-01
9.994299411773681641e-01
9.994074702262878418e-01
9.990538954734802246e-01
9.991720318794250488e-01
9.993978142738342285e-01
9.996982812881469727e-01
9.997932910919189453e-01
8.298526406288146973e-01
4.364209473133087158e-01
1.998957544565200806e-01
5.706482380628585815e-02
8.546992391347885132e-02
4.750382006168365479e-01
9.494133591651916504e-01
9.783325791358947754e-01
9.936165213584899902e-01
9.979720115661621094e-01
9.991670250892639160e-01
9.998707771301269531e-01
9.999450445175170898e-01
9.999403357505798340e-01
9.999266266822814941e-01
9.999365806579589844e-01
9.999634623527526855e-01
9.999951124191284180e-01
9.999912381172180176e-01
9.999316334724426270e-01
9.998194575309753418e-01
9.958750009536743164e-01
9.896944761276245117e-01
9.800156950950622559e-01
9.781078696250915527e-01
9.802406430244445801e-01
9.897407293319702148e-01
9.948754906654357910e-01
9.969659447669982910e-01
9.905218482017517090e-01
9.867928624153137207e-01
9.861768484115600586e-01
9.939134716987609863e-01
9.966399669647216797e-01
9.857311844825744629e-01
9.887189865112304688e-01
9.953992962837219238e-01
9.935789108276367188e-01
9.901170134544372559e-01
9.854182004928588867e-01
9.914176464080810547e-01
9.959018826484680176e-01
9.980569481849670410e-01
9.991378188133239746e-01
9.998164772987365723e-01
9.999443292617797852e-01
9.999911189079284668e-01
9.999947547912597656e-01
9.999693036079406738e-01
9.999694824218750000e-01
9.999946355819702148e-01
9.997565150260925293e-01
9.995564818382263184e-01
9.994695782661437988e-01
9.972991943359375000e-01
9.771472215652465820e-01
8.789348602294921875e-01
8.448373079299926758e-01
8.547764420509338379e-01
9.276202321052551270e-01
9.706584811210632324e-01
9.747872948646545410e-01
9.027613401412963867e-01
8.259388804435729980e-01
7.720957994461059570e-01
8.057976365089416504e-01
8.791488409042358398e-01
9.484884738922119141e-01
9.858335256576538086e-01
9.938197731971740723e-01
9.902541637420654297e-01
9.855265617370605469e-01
9.800836443901062012e-01
9.519075751304626465e-01
8.808111548423767090e-01
6.492161750793457031e-01
4.732745885848999023e-01
3.400548994541168213e-01
5.753391385078430176e-01
7.882698178291320801e-01
9.715675711631774902e-01
9.999592304229736328e-01
9.999119639396667480e-01
9.997457265853881836e-01
9.945310950279235840e-01
9.867788553237915039e-01
9.777760505676269531e-01
9.791764616966247559e-01
9.908249378204345703e-01
9.964560866355895996e-01
9.996563196182250977e-01
9.990328550338745117e-01
9.974780082702636719e-01
9.949304461479187012e-01
9.887980818748474121e-01
9.808568358421325684e-01
9.715609550476074219e-01
9.622240662574768066e-01
9.632048010826110840e-01
9.796766042709350586e-01
9.877816438674926758e-01
9.914610385894775391e-01
9.864996075630187988e-01
9.876013398170471191e-01
9.921844005584716797e-01
9.972498416900634766e-01
9.999890327453613281e-01
9.999985098838806152e-01
9.999957084655761719e-01
9.999819397926330566e-01
9.999450445175170898e-01
9.999052286148071289e-01
9.998770952224731445e-01
9.999546408653259277e-01
9.999942779541015625e-01
9.999990463256835938e-01
9.999973177909851074e-01
9.999090433120727539e-01
9.996552467346191406e-01
9.952087402343750000e-01
9.903703331947326660e-01
9.906680583953857422e-01
9.930822253227233887e-01
9.970734715461730957e-01
9.984071254730224609e-01
9.993692040443420410e-01
9.998286366462707520e-01
9.999570250511169434e-01
9.999943971633911133e-01
9.999964237213134766e-01
9.999974370002746582e-01
9.999976158142089844e-01
9.999882578849792480e-01
9.999253153800964355e-01
9.997941255569458008e-01
9.997618794441223145e-01
9.997808933258056641e-01
9.998974800109863281e-01
9.999501705169677734e-01
9.999422430992126465e-01
9.995721578598022461e-01
9.924344420433044434e-01
9.779795408248901367e-01
7.975344061851501465e-01
6.650457978248596191e-01
6.936033964157104492e-01
8.027361035346984863e-01
9.302299022674560547e-01
9.332206249237060547e-01
9.556869864463806152e-01
9.962796568870544434e-01
9.994819164276123047e-01
9.957725405693054199e-01
9.843160510063171387e-01
9.751970171928405762e-01
9.694075584411621094e-01
9.784748554229736328e-01
9.872272610664367676e-01
9.957033395767211914e-01
9.973314404487609863e-01
9.881544113159179688e-01
9.605112671852111816e-01
9.559844136238098145e-01
9.625840783119201660e-01
9.888749718666076660e-01
9.452968835830688477e-01
8.504657149314880371e-01
9.015290141105651855e-01
9.502716660499572754e-01
9.910123944282531738e-01
9.997574090957641602e-01
9.999980330467224121e-01
9.999979734420776367e-01
9.999970793724060059e-01
9.999955892562866211e-01
9.999910593032836914e-01
9.999240040779113770e-01
9.997661709785461426e-01
9.775787591934204102e-01
9.596234560012817383e-01
9.757804870605468750e-01
7.719010114669799805e-01
4.328153431415557861e-01
1.581468284130096436e-01
6.173042493173852563e-05
9.111970939557068050e-06
1.910856217145919800e-01
4.442444443702697754e-01
7.699213624000549316e-01
8.968987464904785156e-01
9.076951742172241211e-01
8.753316402435302734e-01
8.519470691680908203e-01
8.401805758476257324e-01
8.953634500503540039e-01
9.414324760437011719e-01
9.178460240364074707e-01
6.955866813659667969e-01
3.668392300605773926e-01
1.322105526924133301e-01
1.436860184185206890e-03
7.028525578789412975e-04
5.171856284141540527e-01
9.802666902542114258e-01
9.945864677429199219e-01
9.995722770690917969e-01
9.994735717773437500e-01
9.992822408676147461e-01
9.993683099746704102e-01
9.997977614402770996e-01
9.999338984489440918e-01
9.999765753746032715e-01
9.998958706855773926e-01
9.996693134307861328e-01
9.988145232200622559e-01
9.860529303550720215e-01
9.815950393676757812e-01
9.875853061676025391e-01
9.940065145492553711e-01
9.990819692611694336e-01
9.996918439865112305e-01
9.990742206573486328e-01
9.971096515655517578e-01
9.785796403884887695e-01
9.073068499565124512e-01
7.675592899322509766e-01
5.937505364418029785e-01
5.113145709037780762e-01
7.575693726539611816e-01
9.041526317596435547e-01
9.896065592765808105e-01
9.956355690956115723e-01
9.992897510528564453e-01
9.996907114982604980e-01
9.998539090156555176e-01
9.999428391456604004e-01
9.999514222145080566e-01
9.992344379425048828e-01
9.977363348007202148e-01
9.606961011886596680e-01
8.907041549682617188e-01
7.722030282020568848e-01
8.199553489685058594e-01
9.034576416015625000e-01
9.637494683265686035e-01
9.924942255020141602e-01
9.995101690292358398e-01
9.997280836105346680e-01
9.998371005058288574e-01
9.999084472656250000e-01
9.999557733535766602e-01
9.999898076057434082e-01
9.999931454658508301e-01
9.999668598175048828e-01
9.999181032180786133e-01
9.994797110557556152e-01
9.990083575248718262e-01
9.985043406486511230e-01
9.930301308631896973e-01
9.433222413063049316e-01
6.424900889396667480e-01
3.354450464248657227e-01
2.270019985735416412e-02
9.492291719652712345e-04
4.230663180351257324e-03
1.659788191318511963e-02
9.818458557128906250e-02
2.103664427995681763e-01
3.505166471004486084e-01
5.170751214027404785e-01
7.094630599021911621e-01
7.812349796295166016e-01
8.413389325141906738e-01
9.063472747802734375e-01
9.549792408943176270e-01
9.930881261825561523e-01
9.950919747352600098e-01
9.965211749076843262e-01
9.972912669181823730e-01
9.657517075538635254e-01
8.635802268981933594e-01
5.668941736221313477e-01
3.791315853595733643e-01
2.633522748947143555e-01
4.695300757884979248e-01
6.866647601127624512e-01
9.187713265419006348e-01
9.506108760833740234e-01
9.450964927673339844e-01
9.741050601005554199e-01
9.908205270767211914e-01
9.991214871406555176e-01
9.994818568229675293e-01
9.927788376808166504e-01
9.745137691497802734e-01
7.740035653114318848e-01
5.672671198844909668e-01
6.354931592941284180e-01
7.566723823547363281e-01
9.225500226020812988e-01
9.718103408813476562e-01
9.995523691177368164e-01
9.998660683631896973e-01
9.997041821479797363e-01
9.987961053848266602e-01
9.926894903182983398e-01
9.921895861625671387e-01
9.976831674575805664e-01
9.991791248321533203e-01
9.998448491096496582e-01
9.998061656951904297e-01
9.996991157531738281e-01
9.995663166046142578e-01
9.997411370277404785e-01
9.998604655265808105e-01
9.999039173126220703e-01
9.997789859771728516e-01
9.994927048683166504e-01
9.987102746963500977e-01
9.983461499214172363e-01
9.982813000679016113e-01
9.983842372894287109e-01
9.984658360481262207e-01
9.984990954399108887e-01
9.981667995452880859e-01
9.974414110183715820e-01
9.949285984039306641e-01
9.915227293968200684e-01
9.872866868972778320e-01
9.760128855705261230e-01
9.650204181671142578e-01
9.566581249237060547e-01
9.677294492721557617e-01
9.875882863998413086e-01
9.954806566238403320e-01
9.999008178710937500e-01
9.999260306358337402e-01
9.996576309204101562e-01
9.993019104003906250e-01
9.988496899604797363e-01
9.988420605659484863e-01
9.991347193717956543e-01
9.996284842491149902e-01
9.999566078186035156e-01
9.999909996986389160e-01
9.999988079071044922e-01
9.999876022338867188e-01
9.999094009399414062e-01
9.989460110664367676e-01
9.971471428871154785e-01
9.903880357742309570e-01
9.831609129905700684e-01
9.761825203895568848e-01
9.753718972206115723e-01
9.747444391250610352e-01
9.142498373985290527e-01
8.195152282714843750e-01
6.791222095489501953e-01
6.350036859512329102e-01
6.534209847450256348e-01
8.403837680816650391e-01
9.473101496696472168e-01
9.948503971099853516e-01
9.986311793327331543e-01
9.997907876968383789e-01
9.997549057006835938e-01
9.990372657775878906e-01
9.971445798873901367e-01
9.870916604995727539e-01
9.535706639289855957e-01
8.947068452835083008e-01
8.196171522140502930e-01
7.790728211402893066e-01
8.544968366622924805e-01
8.604078292846679688e-01
8.240365386009216309e-01
7.199566960334777832e-01
6.743594408035278320e-01
7.238433361053466797e-01
8.377568721771240234e-01
9.569555521011352539e-01
9.839826226234436035e-01
9.977476596832275391e-01
9.992116093635559082e-01
9.981063008308410645e-01
9.967939257621765137e-01
9.956920146942138672e-01
9.944348335266113281e-01
9.930751919746398926e-01
9.910756349563598633e-01
9.904150366783142090e-01
9.916561245918273926e-01
9.941601753234863281e-01
9.967794418334960938e-01
9.983384609222412109e-01
9.983694553375244141e-01
9.971302151679992676e-01
9.375295042991638184e-01
8.911888599395751953e-01
8.865712881088256836e-01
9.171693921089172363e-01
9.625554084777832031e-01
9.765502214431762695e-01
9.854556322097778320e-01
9.877424240112304688e-01
9.852411150932312012e-01
9.842066764831542969e-01
9.946177005767822266e-01
9.994388818740844727e-01
9.999083280563354492e-01
9.998204112052917480e-01
9.985329508781433105e-01
9.946873188018798828e-01
9.788639545440673828e-01
9.576646685600280762e-01
9.367331862449645996e-01
9.419673085212707520e-01
9.804639220237731934e-01
9.931358695030212402e-01
9.988419413566589355e-01
9.994351267814636230e-01
9.969637989997863770e-01
9.921231865882873535e-01
5.361114740371704102e-01
1.637616753578186035e-01
3.909070044755935669e-02
1.251870480922009227e-14
1.873862798895412833e-16
3.248334930303509865e-15
1.332799810916185379e-02
4.398351535201072693e-02
4.638781249523162842e-01
8.957958817481994629e-01
9.660841822624206543e-01
9.979519248008728027e-01
9.991022944450378418e-01
9.251698255538940430e-01
7.970665693283081055e-01
5.567867755889892578e-01
4.473025202751159668e-01
4.195484220981597900e-01
7.830240130424499512e-01
9.966294169425964355e-01
9.993754029273986816e-01
9.999627470970153809e-01
9.999691247940063477e-01
9.999666810035705566e-01
9.999704957008361816e-01
9.999797344207763672e-01
9.999889731407165527e-01
9.999963641166687012e-01
9.999990463256835938e-01
9.999999403953552246e-01
9.999997615814208984e-01
9.999992847442626953e-01
9.999971389770507812e-01
9.999922513961791992e-01
9.998651742935180664e-01
9.992197751998901367e-01
9.952617883682250977e-01
9.871731400489807129e-01
9.748903512954711914e-01
9.717893600463867188e-01
9.739895462989807129e-01
9.886670708656311035e-01
9.961472153663635254e-01
9.989445209503173828e-01
9.994745254516601562e-01
9.998040199279785156e-01
9.998676180839538574e-01
9.999356269836425781e-01
1.000000000000000000e+00
1.000000000000000000e+00
1.000000000000000000e+00
1.000000000000000000e+00
9.994814395904541016e-01
9.954422712326049805e-01
9.762154221534729004e-01
8.849455118179321289e-01
7.352753877639770508e-01
5.037296414375305176e-01
4.034314155578613281e-01
6.482357382774353027e-01
8.349905610084533691e-01
9.881583452224731445e-01
9.951724410057067871e-01
9.993013143539428711e-01
9.988520145416259766e-01
9.962650537490844727e-01
9.938502311706542969e-01
9.977775216102600098e-01
9.998096823692321777e-01
9.998445510864257812e-01
9.920830726623535156e-01
9.867306947708129883e-01
9.945691227912902832e-01
9.983944296836853027e-01
9.993817806243896484e-01
9.993035197257995605e-01
9.992733001708984375e-01
9.994663000106811523e-01
9.987725019454956055e-01
9.969067573547363281e-01
9.790357351303100586e-01
9.696523547172546387e-01
9.725298285484313965e-01
9.841164350509643555e-01
9.964909553527832031e-01
9.977761507034301758e-01
9.981229305267333984e-01
9.975420832633972168e-01
9.945824742317199707e-01
9.909377694129943848e-01
9.862446784973144531e-01
9.765102267265319824e-01
9.633147716522216797e-01
9.079111218452453613e-01
8.690536618232727051e-01
8.699065446853637695e-01
9.128789305686950684e-01
9.734820723533630371e-01
9.900527000427246094e-01
9.999082684516906738e-01
9.999680519104003906e-01
9.999460577964782715e-01
9.999054074287414551e-01
9.999019503593444824e-01
9.998925924301147461e-01
9.998772740364074707e-01
9.997926354408264160e-01
9.996858239173889160e-01
9.995412230491638184e-01
9.994376301765441895e-01
9.993643760681152344e-01
9.993184208869934082e-01
9.993559122085571289e-01
9.995848536491394043e-01
9.997330904006958008e-01
9.998372793197631836e-01
9.998413324356079102e-01
9.998429417610168457e-01
9.998405575752258301e-01
9.997995495796203613e-01
9.997569322586059570e-01
9.998180270195007324e-01
9.998868703842163086e-01
9.999647736549377441e-01
9.999872446060180664e-01
9.999955892562866211e-01
9.999949932098388672e-01
9.999912977218627930e-01
9.999850392341613770e-01
9.999471306800842285e-01
9.999014139175415039e-01
9.998435974121093750e-01
9.997636675834655762e-01
9.996700882911682129e-01
9.997592568397521973e-01
9.998378157615661621e-01
9.998866915702819824e-01
9.998031854629516602e-01
9.996308088302612305e-01
9.988660812377929688e-01
9.981437325477600098e-01
9.974820017814636230e-01
9.962083697319030762e-01
9.951463937759399414e-01
9.970645308494567871e-01
9.985740184783935547e-01
9.996378421783447266e-01
9.999082684516906738e-01
9.999991059303283691e-01
9.999995827674865723e-01
9.999983906745910645e-01
9.999957680702209473e-01
9.995513558387756348e-01
9.960001707077026367e-01
9.836115837097167969e-01
9.637314081192016602e-01
9.391257762908935547e-01
9.443748593330383301e-01
9.567327499389648438e-01
9.819580912590026855e-01
9.937041401863098145e-01
9.989439249038696289e-01
9.993530511856079102e-01
9.996491074562072754e-01
9.997685551643371582e-01
9.998699426651000977e-01
9.999585151672363281e-01
9.999853372573852539e-01
9.999993443489074707e-01
9.999978542327880859e-01
9.999748468399047852e-01
9.993025660514831543e-01
9.952343106269836426e-01
7.804554104804992676e-01
3.647032380104064941e-01
1.465640664100646973e-01
2.111726999282836914e-02
1.172125265002250671e-01
4.489728808403015137e-01
9.571910500526428223e-01
9.973949193954467773e-01
9.997513890266418457e-01
9.995331168174743652e-01
9.984782934188842773e-01
9.969311356544494629e-01
9.987501502037048340e-01
1.000000000000000000e+00
1.000000000000000000e+00
1.000000000000000000e+00
9.990666508674621582e-01
9.745811223983764648e-01
7.494838833808898926e-01
2.098664641380310059e-01
3.853450715541839600e-02
4.042854925501160324e-06
4.732862362288869917e-05
1.869372725486755371e-01
6.072997450828552246e-01
8.405332565307617188e-01
9.987799525260925293e-01
9.991960525512695312e-01
9.993028044700622559e-01
9.990927577018737793e-01
9.978756308555603027e-01
9.937015771865844727e-01
9.780538082122802734e-01
9.761707186698913574e-01
9.858325719833374023e-01
9.939733743667602539e-01
1.000000000000000000e+00
1.000000000000000000e+00
1.000000000000000000e+00
1.000000000000000000e+00
9.700612425804138184e-01
9.397459030151367188e-01
9.131744503974914551e-01
9.225053191184997559e-01
9.522454142570495605e-01
9.801373481750488281e-01
9.989975690841674805e-01
9.997556805610656738e-01
9.999945759773254395e-01
9.999850392341613770e-01
9.998057484626770020e-01
9.996991157531738281e-01
9.997134208679199219e-01
9.998379349708557129e-01
9.999929666519165039e-01
9.999973773956298828e-01
1.000000000000000000e+00
1.000000000000000000e+00
1.000000000000000000e+00
1.000000000000000000e+00
1.000000000000000000e+00
1.000000000000000000e+00
9.999999403953552246e-01
9.999618530273437500e-01
9.998192191123962402e-01
9.991217255592346191e-01
9.975050091743469238e-01
9.949449896812438965e-01
9.678718447685241699e-01
9.326974153518676758e-01
8.825285434722900391e-01
8.686395287513732910e-01
8.870857357978820801e-01
9.379375576972961426e-01
9.835892915725708008e-01
9.935882687568664551e-01
9.984130859375000000e-01
9.991883039474487305e-01
9.977881312370300293e-01
9.967350363731384277e-01
9.974002838134765625e-01
9.980802536010742188e-01
9.987688660621643066e-01
9.978459477424621582e-01
9.962777495384216309e-01
9.933381080627441406e-01
9.925351738929748535e-01
9.930085539817810059e-01
9.930312633514404297e-01
9.458190798759460449e-01
7.938658595085144043e-01
6.102482080459594727e-01
4.101455807685852051e-01
5.112952589988708496e-01
5.531100034713745117e-01
4.757787287235260010e-01
3.680962324142456055e-01
2.524611353874206543e-01
4.076662659645080566e-01
5.988634824752807617e-01
8.529312610626220703e-01
9.419225454330444336e-01
9.611716270446777344e-01
9.619057178497314453e-01
9.653558731079101562e-01
9.730998277664184570e-01
9.846293926239013672e-01
9.967814683914184570e-01
9.984280467033386230e-01
9.994611144065856934e-01
9.996061921119689941e-01
9.994376897811889648e-01
9.982011914253234863e-01
9.872003197669982910e-01
9.387354850769042969e-01
8.405593037605285645e-01
6.310231685638427734e-01
3.891547918319702148e-01
1.521075218915939331e-01
1.703863404691219330e-02
7.480348926037549973e-03
3.310741782188415527e-01
7.125551104545593262e-01
8.707213401794433594e-01
9.660298824310302734e-01
9.885637760162353516e-01
9.959850907325744629e-01
9.990780949592590332e-01
9.986388087272644043e-01
9.986643195152282715e-01
9.991962909698486328e-01
9.988201260566711426e-01
9.980199933052062988e-01
9.960225820541381836e-01
9.948590993881225586e-01
9.945565462112426758e-01
9.921463727951049805e-01
9.806716442108154297e-01
9.255820512771606445e-01
7.121403217315673828e-01
3.410852849483489990e-01
5.068625211715698242e-01
7.559376358985900879e-01
9.067486524581909180e-01
9.865282773971557617e-01
9.981433153152465820e-01
9.993498921394348145e-01
9.954000115394592285e-01
9.769104719161987305e-01
9.403781294822692871e-01
8.871031999588012695e-01
9.041564464569091797e-01
9.330564141273498535e-01
9.608905315399169922e-01
9.795771837234497070e-01
9.898993372917175293e-01
9.935328960418701172e-01
9.955522418022155762e-01
9.955078363418579102e-01
9.939818978309631348e-01
9.911210536956787109e-01
9.639949798583984375e-01
9.372992515563964844e-01
9.284214377403259277e-01
9.383967518806457520e-01
9.651120305061340332e-01
9.650061130523681641e-01
8.744543194770812988e-01
4.302514493465423584e-01
2.683224976062774658e-01
3.583489954471588135e-01
6.283285617828369141e-01
8.788191080093383789e-01
9.299005866050720215e-01
8.277141451835632324e-01
5.879545211791992188e-01
3.755462169647216797e-01
2.399840205907821655e-01
4.055613279342651367e-01
6.145919561386108398e-01
8.628449440002441406e-01
9.436498880386352539e-01
9.640495777130126953e-01
8.450449705123901367e-01
5.469782352447509766e-01
8.285349607467651367e-02
9.874330461025238037e-02
2.569291591644287109e-01
6.743453741073608398e-01
9.156251549720764160e-01
9.883563518524169922e-01
9.999342560768127441e-01
9.999627470970153809e-01
9.999169111251831055e-01
9.982089400291442871e-01
9.948598742485046387e-01
7.832046151161193848e-01
5.260661244392395020e-01
2.472882568836212158e-01
1.033728569746017456e-01
9.893481433391571045e-02
5.142398476600646973e-01
9.498253464698791504e-01
9.819617867469787598e-01
9.990175366401672363e-01
9.996201395988464355e-01
9.994360804557800293e-01
9.991056323051452637e-01
9.990379214286804199e-01
9.991373419761657715e-01
9.994292259216308594e-01
9.995619058609008789e-01
9.995659589767456055e-01
9.989423751831054688e-01
9.985111355781555176e-01
9.983165860176086426e-01
9.987292885780334473e-01
9.988695383071899414e-01
9.950869679450988770e-01
9.930454492568969727e-01
9.933217167854309082e-01
9.963781237602233887e-01
9.629917144775390625e-01
5.176519155502319336e-01
1.985301375389099121e-01
6.136659532785415649e-02
9.468349069356918335e-02
1.768671274185180664e-01
8.024623245000839233e-02
1.623160019516944885e-02
3.621980315074324608e-03
1.756174137888775841e-23
0.000000000000000000e+00
0.000000000000000000e+00
0.000000000000000000e+00
0.000000000000000000e+00
0.000000000000000000e+00
3.299256701172481598e-11
2.428287126932104911e-09
7.559005916118621826e-02
2.989538609981536865e-01
5.064634680747985840e-01
7.055498957633972168e-01
8.493667840957641602e-01
9.570568203926086426e-01
9.865660667419433594e-01
9.982784986495971680e-01
9.997640848159790039e-01
9.998961687088012695e-01
9.999538064002990723e-01
9.999686479568481445e-01
9.999611377716064453e-01
9.999391436576843262e-01
9.993018507957458496e-01
8.489674925804138184e-01
2.534562647342681885e-01
2.148300870530306383e-09
1.981137892625994823e-10
3.587947397379155512e-27
5.953649451839737594e-05
3.292030887678265572e-04
1.124503314495086670e-01
3.187797367572784424e-01
5.811415910720825195e-01
8.068258762359619141e-01
8.311877250671386719e-01
8.554324507713317871e-01
8.795043826103210449e-01
9.385940432548522949e-01
9.952065944671630859e-01
9.955048561096191406e-01
9.933946132659912109e-01
9.885690212249755859e-01
9.876278042793273926e-01
9.749716520309448242e-01
8.610186576843261719e-01
5.920014977455139160e-01
1.196244731545448303e-01
1.122746733017265797e-03
2.113843720508157276e-06
3.184312663506716490e-05
8.138361573219299316e-02
2.899784743785858154e-01
5.269874930381774902e-01
7.717855572700500488e-01
8.793086409568786621e-01
9.428813457489013672e-01
9.235814213752746582e-01
9.280926585197448730e-01
9.445237517356872559e-01
9.728144407272338867e-01
9.666424989700317383e-01
8.813046216964721680e-01
6.594377756118774414e-01
3.544813692569732666e-01
2.578319609165191650e-01
3.103809952735900879e-01
7.556263208389282227e-01
9.623866677284240723e-01
9.920207858085632324e-01
9.044295549392700195e-01
7.648808360099792480e-01
4.836692810058593750e-01
3.244887888431549072e-01
2.752883732318878174e-01
4.299862682819366455e-01
5.490676760673522949e-01
2.835346162319183350e-01
1.037503257393836975e-01
1.825875975191593170e-02
6.673768907785415649e-02
1.939101368188858032e-01
6.811789274215698242e-01
9.708282947540283203e-01
9.897205233573913574e-01
9.740875363349914551e-01
9.473623037338256836e-01
9.436344504356384277e-01
9.384797811508178711e-01
9.308701157569885254e-01
5.972738265991210938e-01
1.113561466336250305e-01
5.377529561519622803e-02
2.052725665271282196e-02
3.930544480681419373e-02
2.914731018245220184e-02
1.646093092858791351e-03
2.412054556089060497e-09
0.000000000000000000e+00
0.000000000000000000e+00
3.063476551649108190e-37
8.479131899702573176e-37
1.756338401538021232e-14
3.412146650297320782e-12
2.083866759705621519e-11
9.719415567815303802e-03
2.891265042126178741e-02
4.403073191642761230e-01
8.586875796318054199e-01
7.732771039009094238e-01
7.007630467414855957e-01
6.442227363586425781e-01
5.378928780555725098e-01
4.291778206825256348e-01
5.036156177520751953e-01
6.197487115859985352e-01
8.041766881942749023e-01
7.830317020416259766e-01
6.707478165626525879e-01
6.315258145332336426e-01
6.461734175682067871e-01
7.786316871643066406e-01
8.825333118438720703e-01
9.694917201995849609e-01
8.504816293716430664e-01
6.407296657562255859e-01
1.963007748126983643e-01
2.655411723839762317e-10
2.460592007924589097e-10
1.186365866656657886e-10
1.009513996541500092e-02
6.749591976404190063e-02
1.238335669040679932e-01
1.791228204965591431e-01
1.008795574307441711e-01
1.199619655380956829e-04
4.423533755470998585e-05
1.197874080389738083e-02
4.083187133073806763e-02
4.485699236392974854e-01
9.824219942092895508e-01
9.928970336914062500e-01
9.998193383216857910e-01
9.999246001243591309e-01
9.999672174453735352e-01
9.999759197235107422e-01
9.999712109565734863e-01
9.999604225158691406e-01
9.999344944953918457e-01
9.995424747467041016e-01
9.988760948181152344e-01
9.918997287750244141e-01
9.780357480049133301e-01
9.380019903182983398e-01
8.787226080894470215e-01
7.997614145278930664e-01
7.504787445068359375e-01
7.039400339126586914e-01
6.191995739936828613e-01
4.909955859184265137e-01
3.013149797916412354e-01
4.480688273906707764e-01
7.222990989685058594e-01
8.756704926490783691e-01
9.824709892272949219e-01
9.952757358551025391e-01
9.999541640281677246e-01
9.999939203262329102e-01
9.963363409042358398e-01
9.360972642898559570e-01
7.053689956665039062e-01
4.227256774902343750e-01
9.895900636911392212e-02
3.524527251720428467e-01
6.770235896110534668e-01
8.842005729675292969e-01
9.959867596626281738e-01
9.986150264739990234e-01
9.994237422943115234e-01
9.996806979179382324e-01
9.998044967651367188e-01
9.997764229774475098e-01
9.994983077049255371e-01
9.939511418342590332e-01
9.859416484832763672e-01
9.735632538795471191e-01
9.634420275688171387e-01
9.590904116630554199e-01
9.660493731498718262e-01
9.807943701744079590e-01
9.725411534309387207e-01
9.647614359855651855e-01
9.700852632522583008e-01
9.777371287345886230e-01
9.877343773841857910e-01
9.916961193084716797e-01
9.936302900314331055e-01
9.910143017768859863e-01
9.782360792160034180e-01
9.504266381263732910e-01
8.916348218917846680e-01
8.201858401298522949e-01
8.051695227622985840e-01
8.186186552047729492e-01
8.958393931388854980e-01
8.727801442146301270e-01
7.853716611862182617e-01
7.511035799980163574e-01
7.221091389656066895e-01
6.932440400123596191e-01
6.657979488372802734e-01
6.396901011466979980e-01
8.063741922378540039e-01
9.956451058387756348e-01
9.978006482124328613e-01
9.944437146186828613e-01
9.830759763717651367e-01
9.533665776252746582e-01
9.164096713066101074e-01
9.168962836265563965e-01
9.268791079521179199e-01
9.583057165145874023e-01
9.796442389488220215e-01
9.944617152214050293e-01
9.977178573608398438e-01
9.993297457695007324e-01
9.992924332618713379e-01
9.943391680717468262e-01
9.844741821289062500e-01
9.817333817481994629e-01
9.816207289695739746e-01
9.893248081207275391e-01
9.951018691062927246e-01
9.979289770126342773e-01
9.990604519844055176e-01
9.994353652000427246e-01
9.968566894531250000e-01
9.938009381294250488e-01
9.896344542503356934e-01
9.890242815017700195e-01
9.909619688987731934e-01
9.952311515808105469e-01
9.991026520729064941e-01
9.996004700660705566e-01
9.998818635940551758e-01
9.999195337295532227e-01
9.995498061180114746e-01
9.984010457992553711e-01
9.874439239501953125e-01
9.750288128852844238e-01
9.600006341934204102e-01
9.628615975379943848e-01
9.751785397529602051e-01
9.854714274406433105e-01
9.938212037086486816e-01
9.964753389358520508e-01
9.981756806373596191e-01
9.990521669387817383e-01
9.992203712463378906e-01
9.992555975914001465e-01
9.993641972541809082e-01
9.995353817939758301e-01
9.997929930686950684e-01
9.998824000358581543e-01
9.999029636383056641e-01
9.997566342353820801e-01
9.996093511581420898e-01
9.994603395462036133e-01
9.992949366569519043e-01
9.991182684898376465e-01
9.971512556076049805e-01
9.918435215950012207e-01
9.722306132316589355e-01
9.473532438278198242e-01
9.165376424789428711e-01
9.105839133262634277e-01
9.130949378013610840e-01
9.273638129234313965e-01
9.430251121520996094e-01
9.613216519355773926e-01
9.799100160598754883e-01
9.986873865127563477e-01
1.000000000000000000e+00
9.980319738388061523e-01
9.891486167907714844e-01
9.830884337425231934e-01
9.797034859657287598e-01
9.858437180519104004e-01
9.938465952873229980e-01
9.973956942558288574e-01
9.996777772903442383e-01
9.999192357063293457e-01
9.999819993972778320e-01
9.999583363533020020e-01
9.220399260520935059e-01
8.279353380203247070e-01
6.946052312850952148e-01
6.662760972976684570e-01
7.259705662727355957e-01
8.642309904098510742e-01
9.993849992752075195e-01
9.997678995132446289e-01
9.999943375587463379e-01
9.999986886978149414e-01
1.000000000000000000e+00
1.000000000000000000e+00
1.000000000000000000e+00
9.999964833259582520e-01
9.999837875366210938e-01
9.999184012413024902e-01
9.998124241828918457e-01
9.996531009674072266e-01
9.995241761207580566e-01
9.996349215507507324e-01
9.997099637985229492e-01
9.997373819351196289e-01
9.997232556343078613e-01
9.996866583824157715e-01
9.985194802284240723e-01
9.954049587249755859e-01
9.875441193580627441e-01
9.772266745567321777e-01
9.651300907135009766e-01
9.716234207153320312e-01
9.814229011535644531e-01
9.932882785797119141e-01
1.000000000000000000e+00
1.000000000000000000e+00
1.000000000000000000e+00
1.000000000000000000e+00
1.000000000000000000e+00
9.985295534133911133e-01
9.935185313224792480e-01
9.863704442977905273e-01
9.776684045791625977e-01
9.747784137725830078e-01
9.747803807258605957e-01
9.861760139465332031e-01
9.944669604301452637e-01
9.986568689346313477e-01
9.999083876609802246e-01
9.999835491180419922e-01
9.999555349349975586e-01
9.999226927757263184e-01
9.998777508735656738e-01
9.997596144676208496e-01
9.995849728584289551e-01
9.995660185813903809e-01
9.995988011360168457e-01
9.997893571853637695e-01
9.999247193336486816e-01
9.999825954437255859e-01
1.000000000000000000e+00
1.000000000000000000e+00
9.999875426292419434e-01
9.999186396598815918e-01
9.996905326843261719e-01
9.991533756256103516e-01
9.983572959899902344e-01
9.974556565284729004e-01
9.964428544044494629e-01
9.946902394294738770e-01
9.925953745841979980e-01
9.899625182151794434e-01
9.930303692817687988e-01
9.988825917243957520e-01
9.992894530296325684e-01
9.978865385055541992e-01
9.914582371711730957e-01
9.660354256629943848e-01
9.227029085159301758e-01
9.536651968955993652e-01
9.902014136314392090e-01
8.601838946342468262e-01
7.557369470596313477e-01
6.977313160896301270e-01
7.626138925552368164e-01
8.979305028915405273e-01
9.554182291030883789e-01
9.963502287864685059e-01
9.986118674278259277e-01
9.997816681861877441e-01
9.997457861900329590e-01
9.996653795242309570e-01
9.995551705360412598e-01
9.989985823631286621e-01
9.759587049484252930e-01
9.034360647201538086e-01
7.643489837646484375e-01
5.790312290191650391e-01
5.617635846138000488e-01
6.048687100410461426e-01
8.500571250915527344e-01
9.921823143959045410e-01
9.946109652519226074e-01
9.948688745498657227e-01
9.942057132720947266e-01
9.967626929283142090e-01
9.988565444946289062e-01
9.994486570358276367e-01
9.995575547218322754e-01
9.992458820343017578e-01
9.935016632080078125e-01
9.872677922248840332e-01
9.891277551651000977e-01
9.921464323997497559e-01
9.972091913223266602e-01
9.993886351585388184e-01
9.999434351921081543e-01
9.996078014373779297e-01
9.989240169525146484e-01
9.971083402633666992e-01
9.965604543685913086e-01
9.974592328071594238e-01
9.950767159461975098e-01
9.915574193000793457e-01
9.882500171661376953e-01
9.877944588661193848e-01
9.942520856857299805e-01
9.980204105377197266e-01
9.997211098670959473e-01
9.998748898506164551e-01
9.996047616004943848e-01
9.983435273170471191e-01
9.980038404464721680e-01
9.991216659545898438e-01
9.996764063835144043e-01
9.999417662620544434e-01
9.999314546585083008e-01
9.998753070831298828e-01
9.997178316116333008e-01
9.997043609619140625e-01
9.998447895050048828e-01
9.998742938041687012e-01
9.998689293861389160e-01
9.998962879180908203e-01
9.999259710311889648e-01
9.999610185623168945e-01
9.999751448631286621e-01
9.999735355377197266e-01
9.999483823776245117e-01
9.999157190322875977e-01
9.998598098754882812e-01
9.998168945312500000e-01
9.997947216033935547e-01
9.998555183410644531e-01
9.999595284461975098e-01
9.999592900276184082e-01
9.999480843544006348e-01
9.999237060546875000e-01
9.999185204505920410e-01
9.999347925186157227e-01
9.999608993530273438e-01
9.999901056289672852e-01
9.999938607215881348e-01
9.999961853027343750e-01
9.999948740005493164e-01
9.999915957450866699e-01
9.999867677688598633e-01
9.999362230300903320e-01
9.998844265937805176e-01
9.999197721481323242e-01
9.999352097511291504e-01
9.999155998229980469e-01
9.998896718025207520e-01
9.998600482940673828e-01
9.999079704284667969e-01
9.999582767486572266e-01
9.999781847000122070e-01
9.999902844429016113e-01
9.999923706054687500e-01
9.999785423278808594e-01
9.999579787254333496e-01
9.979533553123474121e-01
9.962132573127746582e-01
9.954897165298461914e-01
9.953611493110656738e-01
9.958087801933288574e-01
9.971238970756530762e-01
9.986323714256286621e-01
9.989141821861267090e-01
9.984893202781677246e-01
9.965031147003173828e-01
9.929934144020080566e-01
9.883670806884765625e-01
9.901057481765747070e-01
9.930420517921447754e-01
9.959995746612548828e-01
9.942481517791748047e-01
9.846219420433044434e-01
9.551576972007751465e-01
9.144620299339294434e-01
8.974952101707458496e-01
8.933819532394409180e-01
9.395478963851928711e-01
9.740916490554809570e-01
9.936670064926147461e-01
9.994881749153137207e-01
9.995133280754089355e-01
9.927662014961242676e-01
9.838219881057739258e-01
9.682901501655578613e-01
9.570614695549011230e-01
9.502068758010864258e-01
9.541813731193542480e-01
9.617929458618164062e-01
9.777480363845825195e-01
9.717863202095031738e-01
9.112772345542907715e-01
6.215397119522094727e-01
1.441908329725265503e-01
1.049440950155258179e-01
1.870285868644714355e-01
5.160332918167114258e-01
7.836813330650329590e-01
9.324390292167663574e-01
9.944286942481994629e-01
9.990097880363464355e-01
9.990378022193908691e-01
9.299322366714477539e-01
3.861630856990814209e-01
7.800912111997604370e-02
1.421744823455810547e-01
3.551912903785705566e-01
6.483193039894104004e-01
7.627322077751159668e-01
8.406323790550231934e-01
8.269782066345214844e-01
7.855958342552185059e-01
7.083001732826232910e-01
4.284394085407257080e-01
6.003454700112342834e-02
2.440892346203327179e-02
3.403247147798538208e-02
1.537918746471405029e-01
4.159870445728302002e-01
8.351185917854309082e-01
9.681424498558044434e-01
9.994099140167236328e-01
9.997463226318359375e-01
9.999310970306396484e-01
9.999651312828063965e-01
9.999728798866271973e-01
9.999560117721557617e-01
9.998588562011718750e-01
9.997358918190002441e-01
9.995419383049011230e-01
9.994058609008789062e-01
9.994074702262878418e-01
9.992312788963317871e-01
9.989113807678222656e-01
9.990826249122619629e-01
9.993686079978942871e-01
9.996569752693176270e-01
9.998716711997985840e-01
9.999344348907470703e-01
9.999709725379943848e-01
9.999888539314270020e-01
9.999952912330627441e-01
9.999990463256835938e-01
9.999975562095642090e-01
9.839867353439331055e-01
9.393854737281799316e-01
8.473438620567321777e-01
7.257294654846191406e-01
7.147393226623535156e-01
7.286671400070190430e-01
8.010715246200561523e-01
8.659023642539978027e-01
9.185462594032287598e-01
9.533723592758178711e-01
9.781457185745239258e-01
9.888052344322204590e-01
9.967405200004577637e-01
9.986085891723632812e-01
9.995672702789306641e-01
9.991943240165710449e-01
9.965332150459289551e-01
9.927058815956115723e-01
9.835534691810607910e-01
9.753066897392272949e-01
9.737308621406555176e-01
9.734328389167785645e-01
9.748525023460388184e-01
7.785988450050354004e-01
4.891377389430999756e-01
2.393447011709213257e-01
5.800140649080276489e-02
1.595199108123779297e-01
4.101339280605316162e-01
8.498509526252746582e-01
9.904006123542785645e-01
9.991534948348999023e-01
9.997513294219970703e-01
9.998786449432373047e-01
9.998864531517028809e-01
9.996262788772583008e-01
9.990465641021728516e-01
9.958023428916931152e-01
9.914564490318298340e-01
9.897701144218444824e-01
9.880107045173645020e-01
9.855618476867675781e-01
9.850146174430847168e-01
9.866749048233032227e-01
9.908059239387512207e-01
9.959321022033691406e-01
9.977551102638244629e-01
9.990441203117370605e-01
9.988254904747009277e-01
9.990033507347106934e-01
9.996299147605895996e-01
9.976160526275634766e-01
9.945859909057617188e-01
9.616898298263549805e-01
9.200448989868164062e-01
8.505177497863769531e-01
8.028006553649902344e-01
7.794685959815979004e-01
7.707033157348632812e-01
7.675932049751281738e-01
7.002804875373840332e-01
6.381439566612243652e-01
6.012121438980102539e-01
6.180159449577331543e-01
6.956276893615722656e-01
6.956545114517211914e-01
6.653082966804504395e-01
6.323719620704650879e-01
6.460446715354919434e-01
8.281111121177673340e-01
9.454036951065063477e-01
9.878067970275878906e-01
1.000000000000000000e+00
1.000000000000000000e+00
9.995006918907165527e-01
9.989685416221618652e-01
9.983943700790405273e-01
9.983331561088562012e-01
9.988867044448852539e-01
9.972084760665893555e-01
9.945793151855468750e-01
9.150393009185791016e-01
7.556697726249694824e-01
2.879101336002349854e-01
2.093138545751571655e-02
4.986045882105827332e-03
3.803056024480611086e-04
8.414797484874725342e-04
2.844036817550659180e-01
5.779573321342468262e-01
8.292389512062072754e-01
9.795626997947692871e-01
9.949559569358825684e-01
1.000000000000000000e+00
1.000000000000000000e+00
1.000000000000000000e+00
9.961346387863159180e-01
9.725213050842285156e-01
9.057497978210449219e-01
7.765555977821350098e-01
7.484720349311828613e-01
7.738704085350036621e-01
8.803561925888061523e-01
9.810810089111328125e-01
9.924750328063964844e-01
9.995812773704528809e-01
9.998585581779479980e-01
9.996765255928039551e-01
9.992249608039855957e-01
9.495159387588500977e-01
8.853406310081481934e-01
7.669181823730468750e-01
7.471291422843933105e-01
9.018392562866210938e-01
9.754263758659362793e-01
9.959307312965393066e-01
9.991934299468994141e-01
9.993530511856079102e-01
9.991520643234252930e-01
9.991076588630676270e-01
9.993770718574523926e-01
9.993230104446411133e-01
9.990305304527282715e-01
9.990315437316894531e-01
9.991201758384704590e-01
9.995625615119934082e-01
9.998934268951416016e-01
9.999649524688720703e-01
9.999924302101135254e-01
9.999824762344360352e-01
9.937574863433837891e-01
9.859931468963623047e-01
9.854387044906616211e-01
9.796888232231140137e-01
9.595633149147033691e-01
8.816909790039062500e-01
7.476117610931396484e-01
7.061805129051208496e-01
6.963847875595092773e-01
7.977443337440490723e-01
8.902709484100341797e-01
9.456303119659423828e-01
9.677894711494445801e-01
9.515073895454406738e-01
8.623944520950317383e-01
7.422679066658020020e-01
7.624252438545227051e-01
8.025958538055419922e-01
8.944838643074035645e-01
9.391638040542602539e-01
9.187073707580566406e-01
8.747874498367309570e-01
8.187779188156127930e-01
7.689838409423828125e-01
6.900874972343444824e-01
4.178161919116973877e-01
1.949056088924407959e-01
5.483225360512733459e-02
5.299063104757806286e-06
7.095366072462638840e-07
1.461984734773392683e-19
4.826840793725750700e-08
6.268952574828290381e-07
3.518629446625709534e-02
1.450661569833755493e-01
4.351482987403869629e-01
8.675956726074218750e-01
9.704071879386901855e-01
9.858644604682922363e-01
9.260285496711730957e-01
8.389780521392822266e-01
6.773125529289245605e-01
6.990083456039428711e-01
9.030830264091491699e-01
9.738843441009521484e-01
9.969454407691955566e-01
9.833137392997741699e-01
8.615109920501708984e-01
3.292741179466247559e-01
2.411778457462787628e-02
5.871648900210857391e-03
8.308289379146307996e-34
6.677193047782605621e-35
1.917428893704926540e-21
1.552283670753240585e-02
1.212450638413429260e-01
3.304356038570404053e-01
7.079107165336608887e-01
8.924648761749267578e-01
9.556590914726257324e-01
9.751826524734497070e-01
9.854976534843444824e-01
9.812002182006835938e-01
9.719662070274353027e-01
9.519221186637878418e-01
7.916494607925415039e-01
5.155409574508666992e-01
2.632069289684295654e-01
2.079672552645206451e-02
2.078699134290218353e-02
3.791915997862815857e-02
1.072569862008094788e-01
1.754922866821289062e-01
2.425259947776794434e-01
3.864941000938415527e-01
5.622035861015319824e-01
7.823393940925598145e-01
9.700583219528198242e-01
9.885535240173339844e-01
9.995778799057006836e-01
9.995348453521728516e-01
9.896321296691894531e-01
9.740628600120544434e-01
8.943834304809570312e-01
8.148991465568542480e-01
8.300652503967285156e-01
8.600012660026550293e-01
9.201376438140869141e-01
9.607832431793212891e-01
9.860461354255676270e-01
9.948025941848754883e-01
9.990314841270446777e-01
9.993927478790283203e-01
9.996191263198852539e-01
9.994322061538696289e-01
9.993181228637695312e-01
9.992845654487609863e-01
9.992581605911254883e-01
9.992347359657287598e-01
9.977077245712280273e-01
9.864754080772399902e-01
9.260655045509338379e-01
8.426266908645629883e-01
7.234601378440856934e-01
6.947757005691528320e-01
7.214376330375671387e-01
8.548203706741333008e-01
9.960705637931823730e-01
9.983286261558532715e-01
9.999224543571472168e-01
9.999721050262451172e-01
9.999927878379821777e-01
9.999876022338867188e-01
9.998015165328979492e-01
9.995565414428710938e-01
9.887762665748596191e-01
9.768712520599365234e-01
9.614257812500000000e-01
9.571986198425292969e-01
9.675911068916320801e-01
9.795005917549133301e-01
9.921669960021972656e-01
9.949535727500915527e-01
9.964722990989685059e-01
9.979028701782226562e-01
9.990113973617553711e-01
9.994824528694152832e-01
9.996456503868103027e-01
9.995688796043395996e-01
9.944112896919250488e-01
9.868748188018798828e-01
8.993615508079528809e-01
7.748436927795410156e-01
5.310460925102233887e-01
4.306651651859283447e-01
4.978393912315368652e-01
6.265926361083984375e-01
7.834305167198181152e-01
8.848561644554138184e-01
9.703056812286376953e-01
9.873343110084533691e-01
9.985615611076354980e-01
9.994105696678161621e-01
9.997935891151428223e-01
9.998393654823303223e-01
9.997997879981994629e-01
9.994788169860839844e-01
9.894440174102783203e-01
9.530163407325744629e-01
8.367745876312255859e-01
7.734984159469604492e-01
7.697460055351257324e-01
8.191237449645996094e-01
8.918729424476623535e-01
7.745498418807983398e-01
6.258186697959899902e-01
3.908425569534301758e-01
3.627579808235168457e-01
7.025810480117797852e-01
8.923748731613159180e-01
9.737732410430908203e-01
9.915806055068969727e-01
9.937200546264648438e-01
9.964149594306945801e-01
9.986488223075866699e-01
9.994453191757202148e-01
9.998996257781982422e-01
9.999601840972900391e-01
9.999831318855285645e-01
9.999887943267822266e-01
9.999918937683105469e-01
9.999944567680358887e-01
9.999954104423522949e-01
9.999944567680358887e-01
9.999898672103881836e-01
9.999868273735046387e-01
9.999849796295166016e-01
9.999839067459106445e-01
9.999830126762390137e-01
9.999386668205261230e-01
9.995461702346801758e-01
9.979169368743896484e-01
9.927256703376770020e-01
9.829583764076232910e-01
9.599378705024719238e-01
9.299245476722717285e-01
8.851249814033508301e-01
8.456594347953796387e-01
8.786734938621520996e-01
9.161444306373596191e-01
9.635903835296630859e-01
9.896399974822998047e-01
9.965530633926391602e-01
9.982949495315551758e-01
9.982491731643676758e-01
9.967854022979736328e-01
9.814854264259338379e-01
9.017577171325683594e-01
7.396788597106933594e-01
4.499189853668212891e-01
4.770577847957611084e-01
7.080453634262084961e-01
8.530622124671936035e-01
9.752107262611389160e-01
9.887556433677673340e-01
9.989848732948303223e-01
9.996131062507629395e-01
9.999550580978393555e-01
9.999766945838928223e-01
9.999470114707946777e-01
9.998937249183654785e-01
9.972118735313415527e-01
9.874923229217529297e-01
9.258419871330261230e-01
8.388408422470092773e-01
6.999596953392028809e-01
6.085954308509826660e-01
5.568964481353759766e-01
6.272725462913513184e-01
7.366017103195190430e-01
8.664740324020385742e-01
9.719957113265991211e-01
9.699545502662658691e-01
7.649931907653808594e-01
2.554922997951507568e-01
3.971319273114204407e-02
1.033749151974916458e-02
1.198762878775596619e-01
2.684081494808197021e-01
6.651254892349243164e-01
9.669209718704223633e-01
9.822583198547363281e-01
9.915787577629089355e-01
9.938957691192626953e-01
9.962778687477111816e-01
9.986943602561950684e-01
9.994388222694396973e-01
9.999168515205383301e-01
9.999008178710937500e-01
9.996768832206726074e-01
9.989911317825317383e-01
9.957899451255798340e-01
9.902827143669128418e-01
9.773589372634887695e-01
9.617143273353576660e-01
6.898757219314575195e-01
4.089118242263793945e-01
1.637672334909439087e-01
1.462622731924057007e-02
3.448586165904998779e-02
1.172453612089157104e-01
2.467767149209976196e-01
3.977423906326293945e-01
5.546441078186035156e-01
5.714696645736694336e-01
6.071439385414123535e-01
7.201718688011169434e-01
8.288433551788330078e-01
9.312990903854370117e-01
9.793787598609924316e-01
9.940908551216125488e-01
9.981115460395812988e-01
9.998543858528137207e-01
9.998288750648498535e-01
9.997894167900085449e-01
9.997064471244812012e-01
9.991735816001892090e-01
9.980954527854919434e-01
9.978456497192382812e-01
9.980233907699584961e-01
9.987796545028686523e-01
9.995770454406738281e-01
9.998092651367187500e-01
9.999747276306152344e-01
9.999708533287048340e-01
9.999418258666992188e-01
9.998865723609924316e-01
9.996045827865600586e-01
9.992231130599975586e-01
9.979226589202880859e-01
9.968112707138061523e-01
9.981324076652526855e-01
9.992075562477111816e-01
9.997423887252807617e-01
9.986513257026672363e-01
9.960463047027587891e-01
9.944141507148742676e-01
9.931495785713195801e-01
9.934816360473632812e-01
9.941158294677734375e-01
9.959143996238708496e-01
9.975472092628479004e-01
9.988639950752258301e-01
9.996178746223449707e-01
9.999006986618041992e-01
9.999703764915466309e-01
9.999681115150451660e-01
9.999682903289794922e-01
9.999700784683227539e-01
9.999802112579345703e-01
9.999889731407165527e-01
9.999951720237731934e-01
9.999985098838806152e-01
9.999997019767761230e-01
9.999837875366210938e-01
9.999626278877258301e-01
9.986997842788696289e-01
9.964140653610229492e-01
9.894483089447021484e-01
9.871417880058288574e-01
9.925919175148010254e-01
9.963530898094177246e-01
9.988863468170166016e-01
9.996143579483032227e-01
9.998315572738647461e-01
9.925958514213562012e-01
9.791804552078247070e-01
9.388643503189086914e-01
9.264741539955139160e-01
9.587261676788330078e-01
9.799059033393859863e-01
9.932420849800109863e-01
9.976593255996704102e-01
9.996886253356933594e-01
9.995427131652832031e-01
9.994320869445800781e-01
9.995635747909545898e-01
9.996376037597656250e-01
9.996215701103210449e-01
9.992210268974304199e-01
9.985511302947998047e-01
9.984030723571777344e-01
9.983943104743957520e-01
9.991296529769897461e-01
9.997577667236328125e-01
9.998821020126342773e-01
9.998898506164550781e-01
9.997135996818542480e-01
9.990852475166320801e-01
9.981384873390197754e-01
9.982281923294067383e-01
9.985999464988708496e-01
9.937007427215576172e-01
9.860319495201110840e-01
9.662746191024780273e-01
9.444525241851806641e-01
9.193274378776550293e-01
9.291613101959228516e-01
9.646132588386535645e-01
9.829283356666564941e-01
9.962569475173950195e-01
9.982643127441406250e-01
9.996852278709411621e-01
9.998136162757873535e-01
9.996202588081359863e-01
9.988690614700317383e-01
9.857143163681030273e-01
9.629790782928466797e-01
9.205316305160522461e-01
8.718976974487304688e-01
5.618120431900024414e-01
2.946384251117706299e-01
3.310313224792480469e-01
4.407346546649932861e-01
6.882861256599426270e-01
8.598440885543823242e-01
9.669774174690246582e-01
9.970209598541259766e-01
9.997376799583435059e-01
9.998720288276672363e-01
9.994250535964965820e-01
9.963108897209167480e-01
9.934817552566528320e-01
9.912464022636413574e-01
9.919808506965637207e-01
9.954687356948852539e-01
9.972784519195556641e-01
9.984180927276611328e-01
9.966942667961120605e-01
9.949575066566467285e-01
9.957734346389770508e-01
9.968362450599670410e-01
9.984967112541198730e-01
9.994728565216064453e-01
9.997247457504272461e-01
9.982389211654663086e-01
9.959335327148437500e-01
9.951854944229125977e-01
9.947950839996337891e-01
9.962717890739440918e-01
9.974117875099182129e-01
9.975800514221191406e-01
9.978582262992858887e-01
9.982705712318420410e-01
9.988381862640380859e-01
9.994944334030151367e-01
9.997636675834655762e-01
9.999521374702453613e-01
9.999681711196899414e-01
9.999815225601196289e-01
9.999852776527404785e-01
9.999852180480957031e-01
9.999796748161315918e-01
9.999727010726928711e-01
9.999648928642272949e-01
9.998971223831176758e-01
9.998134374618530273e-01
9.986956119537353516e-01
9.976637959480285645e-01
9.971564412117004395e-01
9.968808293342590332e-01
9.970180988311767578e-01
9.800815582275390625e-01
9.491145014762878418e-01
5.615703463554382324e-01
4.680963605642318726e-02
4.739545751363039017e-03
5.724649410007731382e-16
5.499492700155369368e-15
1.828950946219265461e-03
7.836076430976390839e-03
2.362751066684722900e-01
6.937318444252014160e-01
8.799446225166320801e-01
9.403803348541259766e-01
9.561185240745544434e-01
9.655184745788574219e-01
9.794079661369323730e-01
9.910808801651000977e-01
9.960191249847412109e-01
9.990225434303283691e-01
9.994853734970092773e-01
9.997464418411254883e-01
9.998831152915954590e-01
9.998794198036193848e-01
9.998423457145690918e-01
9.998206496238708496e-01
9.998142123222351074e-01
9.998770356178283691e-01
9.999305009841918945e-01
9.999680519104003906e-01
9.999832510948181152e-01
9.999804496765136719e-01
9.997898936271667480e-01
9.995341897010803223e-01
9.989960193634033203e-01
9.979662895202636719e-01
9.930989146232604980e-01
9.895460009574890137e-01
9.891263246536254883e-01
9.892764091491699219e-01
9.900438785552978516e-01
9.926205277442932129e-01
9.961134791374206543e-01
9.959906935691833496e-01
9.942359328269958496e-01
9.643594026565551758e-01
9.161383509635925293e-01
8.023605346679687500e-01
7.755067348480224609e-01
8.772938847541809082e-01
9.447110891342163086e-01
9.882072806358337402e-01
9.989027380943298340e-01
9.997875690460205078e-01
9.996218681335449219e-01
9.989994168281555176e-01
9.957613348960876465e-01
9.919703006744384766e-01
9.870069026947021484e-01
9.875551462173461914e-01
9.936072826385498047e-01
9.786994457244873047e-01
9.540218710899353027e-01
4.982498586177825928e-01
1.535463234176859260e-04
6.685691187158226967e-05
2.351849997302840611e-14
1.184272135652114644e-13
4.618357121944427490e-02
1.586995571851730347e-01
3.633299171924591064e-01
6.324844956398010254e-01
5.681726932525634766e-01
4.055606722831726074e-01
4.347139894962310791e-01
4.897738993167877197e-01
6.523287296295166016e-01
7.899075150489807129e-01
8.722445368766784668e-01
9.030908942222595215e-01
8.805115818977355957e-01
8.545690178871154785e-01
8.270034193992614746e-01
8.780095577239990234e-01
9.417012929916381836e-01
9.719353914260864258e-01
9.962397217750549316e-01
9.977778792381286621e-01
9.987486600875854492e-01
9.988268017768859863e-01
9.990792870521545410e-01
9.994671344757080078e-01
9.997222423553466797e-01
9.999310374259948730e-01
9.999712109565734863e-01
9.999935626983642578e-01
9.999873042106628418e-01
9.999608993530273438e-01
9.998824000358581543e-01
9.994398355484008789e-01
9.985642433166503906e-01
9.859398007392883301e-01
9.664983749389648438e-01
8.757882118225097656e-01
7.681070566177368164e-01
7.798693180084228516e-01
8.045334815979003906e-01
8.872885704040527344e-01
9.512799382209777832e-01
9.788613319396972656e-01
9.777856469154357910e-01
9.494931697845458984e-01
9.001421332359313965e-01
8.414462208747863770e-01
8.703678250312805176e-01
9.127434492111206055e-01
9.508795738220214844e-01
9.646956324577331543e-01
8.912471532821655273e-01
7.940769791603088379e-01
6.607080698013305664e-01
5.833036303520202637e-01
5.492026805877685547e-01
4.538750350475311279e-01
3.367512226104736328e-01
3.105357885360717773e-01
2.863669991493225098e-01
1.949879229068756104e-01
1.295941323041915894e-01
1.370293498039245605e-01
3.315637707710266113e-01
7.701604962348937988e-01
9.586998224258422852e-01
9.870900511741638184e-01
9.947106242179870605e-01
9.965499639511108398e-01
9.972541928291320801e-01
9.971755743026733398e-01
9.922093749046325684e-01
9.817740321159362793e-01
9.587162137031555176e-01
8.916482925415039062e-01
7.754154801368713379e-01
5.110287666320800781e-01
1.639966070652008057e-01
6.538654863834381104e-02
2.240050770342350006e-02
4.755391478538513184e-01
8.672156929969787598e-01
9.084213376045227051e-01
9.427261948585510254e-01
9.633303284645080566e-01
9.805021286010742188e-01
9.942578077316284180e-01
9.978229999542236328e-01
9.964308142662048340e-01
9.755940437316894531e-01
9.494196176528930664e-01
7.929056882858276367e-01
5.987203717231750488e-01
2.369246333837509155e-01
8.658707374706864357e-04
2.822802925948053598e-04
2.941372431814670563e-02
8.617280423641204834e-02
3.278368711471557617e-01
6.540782451629638672e-01
7.216985225677490234e-01
7.476691007614135742e-01
8.244012594223022461e-01
8.789499998092651367e-01
8.425092697143554688e-01
7.584998607635498047e-01
5.915434360504150391e-01
4.924888610839843750e-01
4.541382789611816406e-01
5.792534351348876953e-01
7.756754159927368164e-01
8.547918796539306641e-01
9.134002327919006348e-01
8.983054161071777344e-01
8.929105997085571289e-01
9.268494248390197754e-01
9.555314183235168457e-01
9.752932786941528320e-01
9.437814354896545410e-01
8.671624064445495605e-01
6.401225328445434570e-01
3.494687974452972412e-01
2.098142206668853760e-01
1.117958724498748779e-01
5.891142487525939941e-01
9.754024147987365723e-01
9.901798963546752930e-01
9.996575117111206055e-01
9.996984601020812988e-01
9.818271994590759277e-01
9.477882981300354004e-01
8.730759024620056152e-01
7.799682021141052246e-01
8.363948464393615723e-01
9.172568917274475098e-01
9.617747068405151367e-01
9.980211853981018066e-01
9.985552430152893066e-01
9.989974498748779297e-01
9.992724061012268066e-01
9.994239807128906250e-01
9.994590282440185547e-01
9.938570261001586914e-01
9.855836033821105957e-01
9.350304603576660156e-01
8.761587738990783691e-01
7.629596590995788574e-01
6.576141119003295898e-01
5.931395888328552246e-01
5.604239106178283691e-01
5.928456187248229980e-01
7.043491005897521973e-01
8.979125022888183594e-01
9.768174290657043457e-01
9.956897497177124023e-01
9.986132383346557617e-01
9.980012774467468262e-01
9.932271838188171387e-01
9.881598353385925293e-01
9.817413687705993652e-01
9.763340950012207031e-01
9.732733964920043945e-01
9.636877179145812988e-01
9.465522766113281250e-01
9.238294959068298340e-01
8.977372050285339355e-01
9.218210577964782715e-01
9.598007202148437500e-01
9.789410829544067383e-01
9.899828433990478516e-01
9.408538937568664551e-01
8.556218147277832031e-01
6.697352528572082520e-01
4.332865774631500244e-01
1.271715462207794189e-01
2.854983733868721174e-07
5.859938667640562926e-08
2.743828334240226101e-32
6.430771067571734158e-32
1.999244093894958496e-03
3.202061727643013000e-02
4.932774603366851807e-01
8.710433244705200195e-01
9.454739093780517578e-01
9.936276674270629883e-01
9.978750944137573242e-01
9.998849630355834961e-01
9.999601840972900391e-01
9.999126791954040527e-01
9.998107552528381348e-01
9.998029470443725586e-01
9.998013973236083984e-01
9.985017776489257812e-01
9.970981478691101074e-01
9.951419830322265625e-01
9.929572343826293945e-01
9.902958869934082031e-01
9.875095486640930176e-01
9.846002459526062012e-01
9.871019124984741211e-01
9.927575588226318359e-01
9.962121248245239258e-01
9.990903139114379883e-01
9.995837211608886719e-01
9.999051094055175781e-01
9.999109506607055664e-01
9.997897744178771973e-01
9.992999434471130371e-01
9.909768104553222656e-01
9.714304804801940918e-01
9.709899425506591797e-01
9.851008653640747070e-01
8.153616786003112793e-01
5.749096274375915527e-01
2.865426242351531982e-01
2.299549523741006851e-04
1.034960150718688965e-04
5.999158114722291657e-11
3.859804975636649260e-10
4.509557969868183136e-03
1.788721047341823578e-02
2.424182891845703125e-01
6.862497925758361816e-01
8.867726325988769531e-01
9.545518159866333008e-01
9.483555555343627930e-01
9.237353205680847168e-01
8.546880483627319336e-01
7.984862923622131348e-01
8.720951676368713379e-01
9.324135184288024902e-01
9.542181491851806641e-01
9.558105468750000000e-01
9.280889034271240234e-01
9.369438290596008301e-01
9.746420383453369141e-01
9.835843443870544434e-01
9.809638857841491699e-01
9.623705744743347168e-01
9.411749839782714844e-01
9.172733426094055176e-01
9.003074765205383301e-01
9.174676537513732910e-01
9.373617172241210938e-01
9.632579684257507324e-01
9.805170893669128418e-01
9.879827499389648438e-01
9.934394955635070801e-01
9.976330399513244629e-01
9.991391301155090332e-01
9.998253583908081055e-01
9.998742341995239258e-01
9.998342394828796387e-01
9.993486404418945312e-01
9.986873269081115723e-01
9.973928928375244141e-01
9.960848689079284668e-01
9.947445392608642578e-01
9.941838383674621582e-01
9.943539500236511230e-01
9.951846003532409668e-01
9.963446855545043945e-01
9.971524477005004883e-01
9.978763461112976074e-01
9.973378181457519531e-01
9.868858456611633301e-01
8.953195214271545410e-01
7.130424380302429199e-01
2.673343122005462646e-01
3.207021315176916687e-10
9.945212708917239297e-11
1.096160417546343524e-06
3.094830162808648311e-06
4.447596147656440735e-02
1.084442287683486938e-01
4.393540322780609131e-01
8.185112476348876953e-01
9.041683077812194824e-01
9.762138724327087402e-01
9.802539944648742676e-01
9.834769368171691895e-01
9.846325516700744629e-01
9.860290288925170898e-01
9.877393841743469238e-01
9.670868515968322754e-01
9.297308325767517090e-01
9.269112944602966309e-01
9.376014471054077148e-01
9.648780226707458496e-01
9.946272969245910645e-01
9.970844984054565430e-01
9.992069005966186523e-01
9.995106458663940430e-01
9.996487498283386230e-01
9.993973970413208008e-01
9.990685582160949707e-01
9.986435770988464355e-01
9.983813166618347168e-01
9.982349276542663574e-01
9.983419775962829590e-01
9.985433816909790039e-01
9.988637566566467285e-01
9.991989731788635254e-01
9.993309974670410156e-01
9.994370937347412109e-01
9.994040727615356445e-01
9.993187189102172852e-01
9.991115331649780273e-01
9.962365031242370605e-01
9.900156259536743164e-01
8.850305676460266113e-01
7.114496827125549316e-01
4.041857123374938965e-01
4.878496751189231873e-02
1.767177949659526348e-03
2.079447440337389708e-04
6.730596069246530533e-03
1.552291214466094971e-02
3.655300289392471313e-02
4.326960444450378418e-02
1.568368636071681976e-02
1.339516020379960537e-04
4.003734647994861007e-05
1.169256393040996045e-05
3.130441837129183114e-05
4.727916046977043152e-02
1.128986403346061707e-01
4.975862801074981689e-01
9.338213801383972168e-01
8.880319595336914062e-01
7.916405200958251953e-01
3.915849626064300537e-01
8.715007454156875610e-02
3.288440778851509094e-02
9.481184533797204494e-04
4.707840271294116974e-04
1.820159377530217171e-04
4.266501855454407632e-05
8.551561592184953042e-08
1.225591805820158697e-08
0.000000000000000000e+00
0.000000000000000000e+00
2.717471260765391000e-14
2.112114056944847107e-02
2.157833874225616455e-01
4.440737962722778320e-01
7.730722427368164062e-01
9.779438376426696777e-01
9.846901297569274902e-01
9.858773350715637207e-01
9.819781780242919922e-01
9.845321178436279297e-01
9.904175400733947754e-01
9.841959476470947266e-01
9.748542904853820801e-01
9.083472490310668945e-01
8.407710194587707520e-01
8.131296634674072266e-01
7.643705010414123535e-01
6.325702071189880371e-01
4.457287490367889404e-01
1.534369736909866333e-01
2.708515967242419720e-04
4.091701121069490910e-04
2.871068418025970459e-01
7.549934983253479004e-01
9.214419722557067871e-01
9.876914620399475098e-01
9.696583747863769531e-01
9.360212087631225586e-01
6.510943174362182617e-01
3.903120160102844238e-01
2.607294917106628418e-01
1.678428202867507935e-01
1.661047190427780151e-01
1.796669214963912964e-01
2.142205983400344849e-01
2.361432164907455444e-01
2.478098571300506592e-01
2.955819666385650635e-01
3.597272634506225586e-01
5.080617666244506836e-01
6.748867630958557129e-01
7.524026036262512207e-01
7.994056940078735352e-01
5.729243755340576172e-01
4.421464204788208008e-01
6.478260755538940430e-01
8.167850375175476074e-01
9.193633198738098145e-01
9.716404080390930176e-01
9.704766869544982910e-01
8.910239934921264648e-01
7.630774378776550293e-01
6.841606497764587402e-01
6.219471096992492676e-01
7.013034224510192871e-01
7.997013330459594727e-01
8.629531860351562500e-01
9.197039604187011719e-01
9.365336894989013672e-01
9.520588517189025879e-01
9.642646908760070801e-01
9.759593605995178223e-01
9.869685173034667969e-01
9.937359094619750977e-01
9.967898726463317871e-01
9.968078732490539551e-01
9.952807426452636719e-01
9.622762203216552734e-01
9.209932088851928711e-01
9.107218980789184570e-01
9.053331613540649414e-01
9.420202970504760742e-01
9.656552076339721680e-01
9.299198985099792480e-01
7.898797988891601562e-01
4.176727235317230225e-01
2.063799053430557251e-01
1.984268873929977417e-01
3.075583279132843018e-01
5.050800442695617676e-01
7.201511263847351074e-01
9.421670436859130859e-01
9.844337701797485352e-01
9.875580668449401855e-01
9.740338921546936035e-01
9.619801044464111328e-01
9.782430529594421387e-01
9.920715093612670898e-01
9.962313771247863770e-01
9.973332881927490234e-01
9.922666549682617188e-01
9.872790575027465820e-01
9.823582768440246582e-01
9.748464226722717285e-01
9.655260443687438965e-01
6.350232958793640137e-01
1.754538565874099731e-01
5.533627420663833618e-02
1.966926967725157738e-03
3.047432129408913141e-21
1.054260099901151160e-13
1.304324812219370688e-12
1.652746461331844330e-02
9.437797218561172485e-02
2.883078455924987793e-01
7.113003134727478027e-01
9.306698441505432129e-01
9.146304130554199219e-01
7.930904030799865723e-01
5.982463955879211426e-01
6.157744526863098145e-01
7.187101840972900391e-01
8.475514650344848633e-01
9.813663959503173828e-01
9.931921362876892090e-01
9.996021389961242676e-01
9.988943338394165039e-01
9.983638525009155273e-01
9.985198378562927246e-01
9.988000988960266113e-01
9.993348121643066406e-01
9.996986985206604004e-01
9.998578429222106934e-01
9.999328255653381348e-01
9.999458193778991699e-01
9.999437928199768066e-01
9.999352693557739258e-01
9.999379515647888184e-01
9.999430775642395020e-01
9.995829463005065918e-01
9.980280399322509766e-01
9.800378084182739258e-01
9.593889117240905762e-01
9.273255467414855957e-01
9.066896438598632812e-01
9.116764068603515625e-01
9.243336915969848633e-01
9.473438262939453125e-01
9.595075249671936035e-01
9.627400636672973633e-01
9.716444015502929688e-01
9.833278059959411621e-01
9.917660951614379883e-01
9.993264079093933105e-01
9.985182285308837891e-01
9.968864917755126953e-01
9.952393770217895508e-01
9.941975474357604980e-01
9.965929985046386719e-01
9.985265731811523438e-01
9.992220401763916016e-01
9.996894001960754395e-01
9.997981786727905273e-01
9.989295601844787598e-01
9.971113801002502441e-01
9.863605499267578125e-01
9.702638387680053711e-01
9.561896324157714844e-01
9.428344964981079102e-01
9.566988348960876465e-01
9.749884009361267090e-01
9.720593690872192383e-01
9.687001705169677734e-01
9.656000137329101562e-01
9.649473428726196289e-01
9.732155203819274902e-01
9.648701548576354980e-01
9.229834079742431641e-01
9.138168692588806152e-01
9.447813630104064941e-01
9.394703507423400879e-01
9.061463475227355957e-01
8.149469494819641113e-01
6.964815258979797363e-01
6.507436037063598633e-01
6.234143972396850586e-01
7.852169871330261230e-01
9.610897302627563477e-01
9.807115197181701660e-01
9.975665807723999023e-01
9.982341527938842773e-01
9.988836050033569336e-01
9.994875192642211914e-01
9.998867511749267578e-01
9.999464154243469238e-01
9.988182783126831055e-01
9.964572191238403320e-01
9.524216651916503906e-01
8.809245824813842773e-01
8.024713397026062012e-01
7.210154533386230469e-01
5.364028811454772949e-01
3.303092420101165771e-01
1.590856760740280151e-01
1.451610296498984098e-04
6.568173557752743363e-05
1.435028207197319716e-05
9.794338257052004337e-05
4.875796660780906677e-02
2.176226824522018433e-01
4.635435640811920166e-01
8.233820199966430664e-01
9.989371299743652344e-01
9.979519844055175781e-01
9.811867475509643555e-01
9.548631906509399414e-01
6.041596531867980957e-01
1.357036679983139038e-01
4.110098630189895630e-02
1.399022154510021210e-02
4.398514032363891602e-01
8.589261770248413086e-01
9.357503652572631836e-01
9.986579418182373047e-01
9.992203116416931152e-01
9.994019865989685059e-01
9.986654520034790039e-01
9.974669814109802246e-01
9.955908656120300293e-01
9.957550168037414551e-01
9.978340268135070801e-01
9.989623427391052246e-01
9.995243549346923828e-01
9.994696378707885742e-01
9.991926550865173340e-01
9.989684820175170898e-01
9.987547397613525391e-01
9.986937642097473145e-01
9.985598325729370117e-01
9.972258806228637695e-01
9.942004680633544922e-01
9.830465912818908691e-01
9.499269127845764160e-01
8.604339361190795898e-01
7.999182939529418945e-01
7.843952775001525879e-01
8.115398287773132324e-01
8.817140460014343262e-01
9.337297677993774414e-01
9.738658666610717773e-01
9.884158968925476074e-01
9.925996065139770508e-01
9.087316989898681641e-01
8.053773641586303711e-01
7.183973193168640137e-01
6.376892328262329102e-01
7.069796323776245117e-01
7.804382443428039551e-01
8.785164356231689453e-01
9.571434259414672852e-01
9.770892262458801270e-01
9.897236824035644531e-01
9.890397787094116211e-01
9.806257486343383789e-01
9.632035493850708008e-01
9.497544169425964355e-01
9.394091963768005371e-01
9.448412656784057617e-01
9.580532312393188477e-01
9.721271395683288574e-01
9.864941835403442383e-01
9.814444184303283691e-01
9.737419486045837402e-01
8.855589032173156738e-01
8.032081127166748047e-01
7.910997271537780762e-01
7.990739941596984863e-01
8.909616470336914062e-01
9.623417258262634277e-01
9.856588840484619141e-01
9.996880292892456055e-01
9.998948574066162109e-01
9.999020099639892578e-01
9.997149109840393066e-01
9.804682135581970215e-01
9.490047097206115723e-01
6.135771274566650391e-01
1.545897275209426880e-01
3.985956683754920959e-02
3.173255361616611481e-03
1.230095773935317993e-01
2.575052678585052490e-01
4.356794953346252441e-01
5.539684295654296875e-01
2.463757991790771484e-01
6.489296443760395050e-03
2.615170553326606750e-03
9.127467870712280273e-02
3.707341551780700684e-01
6.355654001235961914e-01
8.824677467346191406e-01
9.986423254013061523e-01
9.996342062950134277e-01
9.999598264694213867e-01
9.998963475227355957e-01
9.998651146888732910e-01
9.998458623886108398e-01
9.997783899307250977e-01
9.997011423110961914e-01
9.996274113655090332e-01
9.995328783988952637e-01
9.988135099411010742e-01
9.982536435127258301e-01
9.987567067146301270e-01
9.992241263389587402e-01
9.995784759521484375e-01
9.997147321701049805e-01
9.994126558303833008e-01
9.945731163024902344e-01
9.838189482688903809e-01
9.591697454452514648e-01
9.223216772079467773e-01
8.518869876861572266e-01
7.615565061569213867e-01
4.692133367061614990e-01
9.976138919591903687e-02
1.974718458950519562e-02
1.440584659576416016e-03
5.589537447246349439e-24
1.512977269158000126e-05
8.340466301888227463e-04
6.147884577512741089e-02
5.796484947204589844e-01
9.744800925254821777e-01
9.197824597358703613e-01
7.395040392875671387e-01
2.842481732368469238e-01
1.115012727677822113e-02
3.726504044607281685e-03
4.572931356960907578e-05
2.863985719159245491e-05
1.495697506470605731e-05
3.498442310956306756e-06
1.201231685549506789e-16
2.607749250491606243e-17
6.302278779912739992e-05
1.426683302270248532e-04
1.045724377036094666e-03
2.056767465546727180e-03
4.909310117363929749e-02
1.052909642457962036e-01
2.605424225330352783e-01
4.431944787502288818e-01
7.573100328445434570e-01
9.889222979545593262e-01
9.945717453956604004e-01
9.969598650932312012e-01
9.935266375541687012e-01
8.515115380287170410e-01
5.426200032234191895e-01
3.415421545505523682e-01
2.313228547573089600e-01
4.142645001411437988e-01
7.639045715332031250e-01
9.100481867790222168e-01
9.822034239768981934e-01
9.921917319297790527e-01
9.890111684799194336e-01
9.635071158409118652e-01
9.362701177597045898e-01
9.276625514030456543e-01
9.216696023941040039e-01
9.382382035255432129e-01
9.524151682853698730e-01
9.568124413490295410e-01
9.570259451866149902e-01
9.468489289283752441e-01
9.252128601074218750e-01
8.847242593765258789e-01
8.578115105628967285e-01
8.461225628852844238e-01
8.734923601150512695e-01
