9.819040298461914062e-01
1.000000000000000000e+00
1.000000000000000000e+00
9.984772801399230957e-01
9.977321624755859375e-01
9.984294176101684570e-01
9.992153644561767578e-01
9.997491240501403809e-01
9.999572634696960449e-01
9.999822974205017090e-01
9.999362230300903320e-01
9.998210072517395020e-01
9.984263777732849121e-01
9.970391392707824707e-01
9.957322478294372559e-01
9.961835145950317383e-01
9.975357651710510254e-01
9.994769692420959473e-01
9.998493790626525879e-01
9.997571110725402832e-01
9.994195699691772461e-01
9.996330738067626953e-01
9.997161626815795898e-01
9.995296001434326172e-01
9.982374310493469238e-01
9.894133806228637695e-01
9.781679511070251465e-01
9.730367064476013184e-01
9.571931958198547363e-01
9.352228641510009766e-01
9.076576232910156250e-01
9.336036443710327148e-01
9.721512794494628906e-01
9.903239607810974121e-01
9.969708323478698730e-01
9.868826270103454590e-01
9.434674382209777832e-01
9.029928445816040039e-01
9.020125865936279297e-01
9.849876761436462402e-01
9.995380043983459473e-01
9.999729990959167480e-01
9.999621510505676270e-01
9.998968243598937988e-01
9.998620748519897461e-01
9.998919367790222168e-01
9.998897314071655273e-01
9.945291876792907715e-01
9.813908934593200684e-01
9.869555830955505371e-01
9.904519319534301758e-01
9.893476366996765137e-01
8.819260597229003906e-01
5.858693122863769531e-01
8.083153516054153442e-02
8.354881405830383301e-02
2.236006855964660645e-01
4.920542836189270020e-01
5.182725787162780762e-01
5.420088768005371094e-01
5.712904930114746094e-01
8.084585666656494141e-01
9.452810883522033691e-01
9.966108798980712891e-01
9.987780451774597168e-01
9.998000264167785645e-01
9.995886683464050293e-01
9.953348636627197266e-01
9.761078953742980957e-01
9.100086688995361328e-01
5.550997257232666016e-01
5.602265596389770508e-01
7.728541493415832520e-01
9.351870417594909668e-01
9.948111772537231445e-01
9.978170990943908691e-01
9.924647808074951172e-01
9.670140147209167480e-01
9.417073726654052734e-01
9.594405889511108398e-01
9.739435315132141113e-01
9.819944500923156738e-01
9.707188010215759277e-01
9.746442437171936035e-01
9.848645329475402832e-01
9.961646199226379395e-01
9.994664192199707031e-01
9.998339414596557617e-01
9.998737573623657227e-01
9.998955726623535156e-01
9.998843073844909668e-01
9.997990727424621582e-01
9.998182058334350586e-01
9.987370371818542480e-01
9.948925375938415527e-01
9.860357046127319336e-01
9.822680354118347168e-01
9.928102493286132812e-01
9.974037408828735352e-01
9.996389150619506836e-01
9.997797608375549316e-01
9.920380115509033203e-01
9.657772779464721680e-01
9.069803357124328613e-01
9.406933188438415527e-01
9.786188602447509766e-01
9.958341121673583984e-01
9.991871714591979980e-01
9.999788403511047363e-01
9.999977946281433105e-01
9.999986290931701660e-01
9.999978542327880859e-01
9.999983310699462891e-01
9.999811053276062012e-01
9.985454082489013672e-01
9.950415492057800293e-01
9.363406300544738770e-01
9.020903706550598145e-01
9.087172150611877441e-01
9.510521292686462402e-01
9.829111695289611816e-01
9.976273179054260254e-01
9.992062449455261230e-01
9.989669322967529297e-01
9.975032806396484375e-01
9.985386133193969727e-01
9.815064072608947754e-01
9.429703950881958008e-01
8.650282621383666992e-01
8.400593400001525879e-01
8.762769103050231934e-01
9.504790902137756348e-01
9.919015169143676758e-01
9.970040321350097656e-01
9.977583289146423340e-01
9.984959363937377930e-01
9.992709755897521973e-01
9.994359016418457031e-01
9.987156391143798828e-01
9.963897466659545898e-01
8.375828862190246582e-01
5.013949871063232422e-01
8.678446192789124325e-07
5.433351475403469522e-07
1.909933686256408691e-01
5.585159659385681152e-01
8.522051572799682617e-01
9.944143891334533691e-01
9.994384646415710449e-01
9.972898364067077637e-01
9.825219511985778809e-01
9.563161134719848633e-01
9.215649962425231934e-01
9.241557121276855469e-01
9.588062167167663574e-01
9.849961400032043457e-01
9.969679117202758789e-01
9.960285425186157227e-01
9.768269062042236328e-01
9.481611847877502441e-01
9.158433675765991211e-01
9.699957966804504395e-01
9.961360096931457520e-01
9.990559816360473633e-01
9.984517097473144531e-01
9.981427788734436035e-01
9.978196620941162109e-01
9.928202629089355469e-01
9.838364720344543457e-01
9.725451469421386719e-01
9.769594669342041016e-01
9.865333437919616699e-01
9.995092153549194336e-01
9.997638463973999023e-01
9.991737008094787598e-01
9.979485869407653809e-01
9.973284006118774414e-01
9.978171586990356445e-01
9.991440773010253906e-01
9.997069835662841797e-01
9.999713897705078125e-01
9.999958276748657227e-01
9.999949932098388672e-01
9.999825358390808105e-01
9.998871684074401855e-01
9.984930753707885742e-01
9.972816705703735352e-01
9.963821172714233398e-01
9.985062479972839355e-01
9.996389746665954590e-01
9.999362826347351074e-01
9.996376633644104004e-01
9.991139769554138184e-01
9.984587430953979492e-01
9.989552497863769531e-01
9.984443783760070801e-01
9.970106482505798340e-01
9.937827587127685547e-01
9.938449263572692871e-01
9.966905713081359863e-01
9.985980391502380371e-01
9.996564388275146484e-01
9.999642968177795410e-01
9.999838471412658691e-01
9.999225139617919922e-01
9.986450076103210449e-01
9.541268944740295410e-01
8.916046023368835449e-01
8.153614401817321777e-01
8.945308327674865723e-01
9.359130859375000000e-01
9.413853287696838379e-01
9.285129904747009277e-01
9.152115583419799805e-01
9.015581607818603516e-01
9.039382934570312500e-01
9.158751964569091797e-01
9.374518990516662598e-01
9.143561124801635742e-01
8.697748780250549316e-01
8.030851483345031738e-01
8.512314558029174805e-01
9.025346636772155762e-01
9.552694559097290039e-01
6.348551511764526367e-01
3.348820805549621582e-01
7.026170194149017334e-02
6.469563841819763184e-01
9.863654971122741699e-01
9.992024898529052734e-01
9.998457431793212891e-01
9.996839165687561035e-01
9.993258714675903320e-01
9.993671178817749023e-01
9.995460510253906250e-01
9.998717904090881348e-01
9.999572634696960449e-01
9.999966621398925781e-01
9.999993443489074707e-01
9.999990463256835938e-01
9.999945163726806641e-01
9.999843835830688477e-01
9.999768733978271484e-01
9.999744892120361328e-01
9.999799132347106934e-01
9.999786019325256348e-01
9.999796748161315918e-01
9.999862313270568848e-01
9.999945163726806641e-01
9.999992251396179199e-01
9.999969601631164551e-01
9.999837875366210938e-01
9.999266862869262695e-01
9.997860789299011230e-01
9.994660019874572754e-01
9.991804361343383789e-01
9.990501999855041504e-01
9.954409599304199219e-01
9.864187240600585938e-01
9.666961431503295898e-01
9.556562304496765137e-01
9.586979150772094727e-01
9.918995499610900879e-01
9.997213482856750488e-01
9.999144077301025391e-01
9.999828338623046875e-01
1.000000000000000000e+00
9.993429780006408691e-01
9.965831041336059570e-01
9.923902153968811035e-01
9.898146390914916992e-01
9.949734807014465332e-01
9.978392124176025391e-01
9.994228482246398926e-01
9.996476173400878906e-01
9.997497797012329102e-01
9.997899532318115234e-01
9.998025894165039062e-01
9.994844198226928711e-01
9.983236789703369141e-01
9.933497905731201172e-01
9.845619201660156250e-01
9.766257405281066895e-01
9.898324012756347656e-01
9.969860315322875977e-01
9.992793798446655273e-01
9.921452999114990234e-01
9.921834468841552734e-01
9.970149397850036621e-01
9.990820288658142090e-01
9.999886751174926758e-01
9.999824762344360352e-01
9.996574521064758301e-01
9.956641793251037598e-01
9.885462522506713867e-01
9.832259416580200195e-01
9.832448959350585938e-01
9.884362816810607910e-01
9.944499731063842773e-01
9.982967376708984375e-01
9.998019933700561523e-01
9.998029470443725586e-01
9.994752407073974609e-01
9.988119006156921387e-01
9.957978129386901855e-01
9.918355941772460938e-01
9.867902994155883789e-01
9.619656205177307129e-01
9.207459688186645508e-01
8.573248982429504395e-01
8.155928850173950195e-01
7.321546077728271484e-01
5.689711570739746094e-01
4.488338530063629150e-01
3.996962606906890869e-01
4.790064096450805664e-01
4.502311646938323975e-01
3.686070144176483154e-01
2.205500900745391846e-01
1.799259483814239502e-01
1.991652548313140869e-01
3.017155230045318604e-01
5.528430938720703125e-01
6.668937802314758301e-01
1.491625458002090454e-01
6.150351339329063194e-08
1.635032305944209008e-13
1.005046957117117223e-12
4.188648164272308350e-01
9.442731738090515137e-01
9.853151440620422363e-01
9.999877214431762695e-01
9.999980926513671875e-01
9.999889135360717773e-01
9.378001093864440918e-01
8.221728801727294922e-01
5.695620775222778320e-01
4.380726218223571777e-01
4.190093278884887695e-01
7.854890227317810059e-01
9.714874625205993652e-01
9.983376860618591309e-01
9.980837106704711914e-01
9.971548318862915039e-01
9.955372810363769531e-01
9.953438639640808105e-01
9.955803751945495605e-01
9.962864518165588379e-01
9.914917349815368652e-01
9.887632727622985840e-01
9.894383549690246582e-01
9.954981803894042969e-01
9.997593760490417480e-01
9.999676346778869629e-01
9.999893307685852051e-01
9.995993971824645996e-01
9.984498023986816406e-01
9.737291932106018066e-01
9.345129728317260742e-01
8.735238313674926758e-01
9.058465957641601562e-01
9.580049514770507812e-01
9.866670966148376465e-01
9.947155117988586426e-01
9.942544698715209961e-01
9.907273054122924805e-01
9.866797327995300293e-01
9.831746816635131836e-01
9.837616682052612305e-01
9.872813820838928223e-01
9.922188520431518555e-01
9.953517317771911621e-01
9.979054331779479980e-01
9.999135732650756836e-01
9.999668598175048828e-01
9.999906420707702637e-01
9.999892711639404297e-01
9.999578595161437988e-01
9.999355673789978027e-01
9.999225139617919922e-01
9.999685287475585938e-01
9.999959468841552734e-01
9.999994039535522461e-01
9.999942183494567871e-01
9.997840523719787598e-01
9.992759823799133301e-01
9.878090023994445801e-01
9.758948087692260742e-01
9.657801389694213867e-01
9.783915877342224121e-01
9.920110702514648438e-01
9.979157447814941406e-01
9.937424063682556152e-01
8.986470699310302734e-01
5.525656342506408691e-01
4.766376912593841553e-01
5.191429853439331055e-01
6.395934820175170898e-01
5.597323179244995117e-01
3.712556064128875732e-01
1.002049222588539124e-01
4.034604717162437737e-05
9.225031360983848572e-03
9.765510261058807373e-02
4.582908153533935547e-01
9.873924255371093750e-01
9.944242835044860840e-01
9.906257987022399902e-01
9.770171642303466797e-01
7.979003787040710449e-01
5.911674499511718750e-01
3.536657989025115967e-01
4.114331901073455811e-01
5.990740060806274414e-01
9.433116316795349121e-01
9.253270030021667480e-01
9.054180383682250977e-01
9.616366624832153320e-01
9.799476265907287598e-01
9.895297884941101074e-01
9.964753985404968262e-01
9.988679885864257812e-01
9.996798634529113770e-01
9.996364712715148926e-01
9.994228482246398926e-01
9.991028308868408203e-01
9.986121058464050293e-01
9.981305003166198730e-01
9.977118372917175293e-01
9.976765513420104980e-01
9.979762434959411621e-01
9.983212351799011230e-01
9.964888691902160645e-01
9.964713454246520996e-01
9.979039430618286133e-01
9.953734874725341797e-01
9.905689954757690430e-01
9.833455681800842285e-01
9.830508232116699219e-01
9.866287708282470703e-01
9.950162768363952637e-01
9.982047080993652344e-01
9.998775720596313477e-01
9.999789595603942871e-01
9.999709129333496094e-01
9.997993111610412598e-01
9.992983937263488770e-01
9.979006052017211914e-01
9.966880679130554199e-01
9.969270229339599609e-01
9.974481463432312012e-01
9.978793263435363770e-01
9.973269701004028320e-01
9.973492622375488281e-01
9.978026747703552246e-01
9.991504549980163574e-01
9.997856020927429199e-01
9.998877048492431641e-01
9.997565150260925293e-01
9.994661808013916016e-01
9.990244507789611816e-01
9.976834654808044434e-01
9.964781999588012695e-01
9.954617023468017578e-01
9.970670342445373535e-01
9.878752231597900391e-01
9.606949090957641602e-01
7.527777552604675293e-01
5.067848563194274902e-01
2.504631876945495605e-01
5.539729595184326172e-01
9.180946946144104004e-01
9.737412929534912109e-01
9.923149347305297852e-01
9.955610036849975586e-01
9.983752965927124023e-01
9.990259408950805664e-01
9.985240101814270020e-01
9.985228180885314941e-01
9.937376379966735840e-01
9.822973012924194336e-01
8.857576251029968262e-01
8.076685070991516113e-01
7.480745911598205566e-01
8.719878196716308594e-01
9.608006477355957031e-01
9.931474328041076660e-01
9.981014728546142578e-01
9.991587400436401367e-01
9.992392659187316895e-01
9.993879795074462891e-01
9.995964169502258301e-01
9.999181628227233887e-01
9.999418854713439941e-01
9.998824000358581543e-01
9.998920559883117676e-01
9.996010065078735352e-01
9.989786744117736816e-01
9.971583485603332520e-01
9.954565167427062988e-01
9.932637810707092285e-01
9.819669723510742188e-01
9.634314775466918945e-01
9.382113218307495117e-01
9.648900032043457031e-01
9.852402806282043457e-01
9.967314600944519043e-01
9.990178942680358887e-01
9.999009966850280762e-01
9.999721646308898926e-01
9.998934268951416016e-01
9.998286962509155273e-01
9.998731017112731934e-01
9.999146461486816406e-01
9.999522566795349121e-01
9.999790787696838379e-01
9.999879002571105957e-01
9.999868869781494141e-01
9.999791383743286133e-01
9.999744892120361328e-01
9.999712705612182617e-01
9.999570250511169434e-01
9.998997449874877930e-01
9.998017549514770508e-01
9.999260902404785156e-01
9.980862140655517578e-01
9.936637282371520996e-01
9.836711287498474121e-01
9.800062775611877441e-01
9.893006086349487305e-01
9.946939945220947266e-01
9.981700181961059570e-01
9.989184737205505371e-01
9.991379380226135254e-01
9.992176294326782227e-01
9.995478391647338867e-01
9.997630715370178223e-01
9.999046325683593750e-01
9.999524950981140137e-01
9.999770522117614746e-01
9.999833106994628906e-01
9.999827146530151367e-01
9.999684095382690430e-01
9.999390840530395508e-01
9.999071359634399414e-01
9.998809099197387695e-01
9.998639225959777832e-01
9.998390078544616699e-01
9.995891451835632324e-01
9.988339543342590332e-01
9.962497949600219727e-01
9.927248954772949219e-01
9.878636598587036133e-01
8.881136178970336914e-01
7.092708349227905273e-01
3.072299659252166748e-01
8.843327313661575317e-02
1.798316650092601776e-02
3.880763351917266846e-01
6.935511231422424316e-01
9.340859651565551758e-01
9.773848056793212891e-01
9.978258609771728516e-01
9.994362592697143555e-01
9.996709823608398438e-01
9.997153282165527344e-01
9.998170137405395508e-01
9.999048709869384766e-01
9.999737143516540527e-01
9.999909400939941406e-01
9.999976158142089844e-01
9.999991655349731445e-01
9.999992847442626953e-01
9.999992251396179199e-01
9.999990463256835938e-01
9.999994039535522461e-01
9.999996423721313477e-01
9.999998211860656738e-01
9.999633431434631348e-01
9.942771792411804199e-01
9.802531599998474121e-01
9.816297292709350586e-01
9.868087172508239746e-01
9.947125911712646484e-01
9.934559464454650879e-01
9.913591146469116211e-01
9.968068003654479980e-01
9.302949905395507812e-01
8.352321386337280273e-01
7.995437383651733398e-01
8.390572667121887207e-01
9.341562986373901367e-01
9.720314741134643555e-01
9.929369688034057617e-01
9.949541687965393066e-01
9.966385960578918457e-01
9.979273080825805664e-01
9.986032247543334961e-01
9.978256821632385254e-01
9.944816827774047852e-01
9.852455854415893555e-01
9.805653691291809082e-01
9.800593256950378418e-01
9.909821152687072754e-01
9.963713288307189941e-01
9.983074069023132324e-01
9.979230165481567383e-01
9.982687234878540039e-01
9.992640614509582520e-01
9.971982836723327637e-01
9.956295490264892578e-01
9.948002099990844727e-01
9.969406127929687500e-01
9.989074468612670898e-01
9.996616244316101074e-01
9.978191852569580078e-01
9.814186692237854004e-01
9.173802137374877930e-01
5.305727720260620117e-01
5.047349259257316589e-02
1.514013577252626419e-02
4.593004392750921552e-15
1.258102883170539210e-24
6.417045200416772267e-23
1.242624130100011826e-03
3.895245958119630814e-03
2.696911692619323730e-01
5.034918189048767090e-01
6.375252008438110352e-01
7.619540691375732422e-01
8.140879273414611816e-01
6.616621017456054688e-01
4.211240708827972412e-01
1.789141297340393066e-01
1.434729844331741333e-01
7.964368909597396851e-02
2.956808423350115936e-39
1.001314633264869936e-39
1.389565665557102454e-24
4.230232683228751303e-24
1.328969746828079224e-01
1.675629615783691406e-01
2.603917382657527924e-02
2.322665415704250336e-03
7.497909665107727051e-02
3.398959338665008545e-01
6.831011176109313965e-01
9.973726868629455566e-01
9.969595670700073242e-01
9.911034703254699707e-01
9.818043112754821777e-01
9.741275906562805176e-01
9.747515916824340820e-01
9.838035106658935547e-01
9.722021222114562988e-01
9.645779728889465332e-01
9.653589129447937012e-01
9.824591279029846191e-01
9.976419210433959961e-01
9.985871315002441406e-01
9.991120696067810059e-01
9.992201328277587891e-01
9.980078935623168945e-01
9.951627254486083984e-01
9.913793802261352539e-01
9.902418851852416992e-01
9.921535253524780273e-01
9.972332715988159180e-01
9.989745616912841797e-01
9.999209642410278320e-01
9.999479055404663086e-01
9.997098445892333984e-01
9.990428686141967773e-01
9.973178505897521973e-01
9.950047135353088379e-01
9.923323988914489746e-01
9.890117049217224121e-01
9.844136238098144531e-01
9.789905548095703125e-01
9.765312671661376953e-01
9.776018261909484863e-01
9.826541543006896973e-01
9.804875254631042480e-01
9.767821431159973145e-01
9.715498089790344238e-01
9.805196523666381836e-01
9.913920164108276367e-01
9.962843060493469238e-01
9.982283115386962891e-01
9.986703991889953613e-01
9.986142516136169434e-01
9.964184165000915527e-01
9.924933910369873047e-01
9.817031025886535645e-01
9.735183715820312500e-01
9.687816500663757324e-01
9.715455770492553711e-01
9.769842624664306641e-01
9.859263896942138672e-01
9.786992073059082031e-01
9.670920372009277344e-01
9.595443606376647949e-01
9.679023623466491699e-01
9.851084351539611816e-01
9.938778281211853027e-01
9.970526099205017090e-01
9.947412014007568359e-01
9.754992723464965820e-01
8.699575662612915039e-01
6.265176534652709961e-01
2.769180834293365479e-01
1.384557399433106184e-04
4.034890298498794436e-05
7.526516914367675781e-03
1.551867742091417313e-02
4.969426430761814117e-03
3.197295218706130981e-02
8.956483751535415649e-02
6.218012571334838867e-01
9.394139647483825684e-01
9.865972995758056641e-01
9.903452992439270020e-01
9.877935647964477539e-01
9.846647977828979492e-01
9.823835492134094238e-01
9.721669554710388184e-01
9.264542460441589355e-01
8.297792673110961914e-01
7.145552635192871094e-01
7.961829304695129395e-01
8.860375881195068359e-01
9.843254685401916504e-01
9.743434190750122070e-01
8.589025139808654785e-01
5.739706158638000488e-01
2.554188966751098633e-01
3.991033881902694702e-03
1.014651614241302013e-03
4.624587483704090118e-03
3.724482282996177673e-02
2.925513088703155518e-01
5.171269178390502930e-01
7.153343558311462402e-01
7.749645113945007324e-01
8.544751405715942383e-01
9.693119525909423828e-01
9.943176507949829102e-01
9.999149441719055176e-01
9.999787807464599609e-01
9.999926090240478516e-01
9.998981356620788574e-01
9.992570877075195312e-01
9.922272562980651855e-01
9.801309108734130859e-01
9.179714322090148926e-01
8.594413995742797852e-01
8.055715560913085938e-01
7.903942465782165527e-01
8.123931288719177246e-01
9.069550633430480957e-01
9.583160281181335449e-01
9.891868233680725098e-01
9.958167076110839844e-01
9.967742562294006348e-01
9.939315915107727051e-01
9.929574728012084961e-01
9.939059615135192871e-01
9.971255064010620117e-01
9.988320469856262207e-01
9.998806715011596680e-01
9.999429583549499512e-01
9.999661445617675781e-01
9.999751448631286621e-01
9.999784827232360840e-01
9.999835491180419922e-01
9.999896883964538574e-01
9.999963641166687012e-01
9.999999403953552246e-01
9.999999403953552246e-01
9.999985694885253906e-01
9.999946355819702148e-01
9.999858736991882324e-01
9.999703168869018555e-01
9.999404549598693848e-01
9.998589158058166504e-01
9.996259808540344238e-01
9.992998242378234863e-01
9.989693760871887207e-01
9.982171058654785156e-01
9.970013499259948730e-01
9.679417014122009277e-01
9.295420646667480469e-01
8.782755732536315918e-01
9.190204739570617676e-01
9.786354303359985352e-01
9.935173988342285156e-01
9.994973540306091309e-01
9.998817443847656250e-01
9.998748898506164551e-01
9.998651742935180664e-01
9.998524188995361328e-01
9.998883605003356934e-01
9.999133348464965820e-01
9.999039769172668457e-01
9.999361038208007812e-01
9.999765157699584961e-01
9.999911785125732422e-01
9.999603629112243652e-01
9.996475577354431152e-01
9.911388754844665527e-01
9.592167139053344727e-01
8.993233442306518555e-01
8.612073659896850586e-01
8.475185632705688477e-01
8.821535110473632812e-01
9.169983267784118652e-01
9.493001699447631836e-01
9.677392840385437012e-01
9.792332649230957031e-01
9.857297539710998535e-01
9.905353188514709473e-01
9.948931932449340820e-01
9.986627101898193359e-01
9.995440244674682617e-01
9.998118281364440918e-01
9.997542500495910645e-01
9.997342824935913086e-01
9.997415542602539062e-01
9.998269677162170410e-01
9.998936653137207031e-01
9.999453425407409668e-01
9.996079802513122559e-01
9.968023300170898438e-01
9.903045892715454102e-01
9.238119125366210938e-01
7.786093354225158691e-01
4.316547811031341553e-01
2.805897891521453857e-01
2.490983158349990845e-01
4.396251142024993896e-01
6.482331156730651855e-01
8.739178180694580078e-01
9.447201490402221680e-01
9.862443208694458008e-01
9.941723346710205078e-01
9.967671036720275879e-01
9.977092146873474121e-01
9.979869723320007324e-01
9.910196661949157715e-01
9.799973368644714355e-01
9.751453995704650879e-01
9.801915884017944336e-01
9.965861439704895020e-01
9.993148446083068848e-01
9.999900460243225098e-01
9.999923110008239746e-01
9.999840855598449707e-01
9.999730587005615234e-01
9.999679327011108398e-01
9.999774098396301270e-01
9.999979138374328613e-01
9.999800324440002441e-01
9.999136328697204590e-01
9.997777342796325684e-01
9.992772340774536133e-01
9.988904595375061035e-01
9.990739822387695312e-01
9.993340969085693359e-01
9.996132850646972656e-01
9.996902942657470703e-01
9.997788071632385254e-01
9.998784661293029785e-01
9.999163150787353516e-01
9.999222755432128906e-01
9.998772740364074707e-01
9.999126791954040527e-01
9.999561905860900879e-01
9.999247193336486816e-01
9.995034337043762207e-01
9.987903237342834473e-01
9.962197542190551758e-01
9.942206740379333496e-01
9.929674863815307617e-01
9.962309002876281738e-01
9.992284774780273438e-01
9.993624687194824219e-01
9.960707426071166992e-01
9.898531436920166016e-01
9.717625975608825684e-01
9.553596973419189453e-01
9.404891729354858398e-01
9.500474333763122559e-01
9.616181850433349609e-01
9.738835692405700684e-01
9.222712516784667969e-01
7.646809220314025879e-01
2.211388051509857178e-01
1.834742608480155468e-03
6.337387458188459277e-05
4.318638239055871964e-03
2.594602704048156738e-01
8.471893668174743652e-01
9.682566523551940918e-01
9.935412406921386719e-01
9.897379875183105469e-01
9.851299524307250977e-01
9.330328702926635742e-01
4.035704433917999268e-01
1.190628334879875183e-01
7.662486284971237183e-02
5.003510117530822754e-01
8.510771989822387695e-01
9.693800806999206543e-01
9.997972249984741211e-01
9.999263286590576172e-01
9.997574090957641602e-01
9.991813898086547852e-01
9.983004927635192871e-01
9.937337040901184082e-01
9.873206615447998047e-01
9.782081246376037598e-01
9.756237864494323730e-01
9.744667410850524902e-01
9.730156660079956055e-01
9.136007428169250488e-01
8.181880116462707520e-01
6.654074192047119141e-01
5.978112816810607910e-01
6.302129626274108887e-01
7.870861887931823730e-01
8.957764506340026855e-01
8.379722833633422852e-01
6.559464931488037109e-01
4.447739422321319580e-01
4.395707845687866211e-01
5.850579142570495605e-01
8.690577149391174316e-01
9.534756541252136230e-01
9.994388818740844727e-01
9.996629953384399414e-01
9.998230338096618652e-01
9.999445080757141113e-01
9.999760389328002930e-01
9.999880790710449219e-01
9.999853968620300293e-01
9.999413490295410156e-01
9.998875856399536133e-01
9.998199343681335449e-01
9.994519352912902832e-01
9.802092313766479492e-01
8.917707800865173340e-01
5.287953615188598633e-01
1.525339856743812561e-02
9.907715022563934326e-03
5.509585142135620117e-02
1.646656244993209839e-01
5.525566339492797852e-01
8.965777754783630371e-01
9.676020145416259766e-01
9.943058490753173828e-01
9.984436035156250000e-01
9.989515542984008789e-01
9.993550181388854980e-01
9.996461868286132812e-01
9.998224973678588867e-01
9.999449253082275391e-01
9.999739527702331543e-01
9.999895691871643066e-01
9.999985098838806152e-01
9.999985098838806152e-01
9.999672174453735352e-01
9.999067783355712891e-01
9.957458376884460449e-01
9.799758791923522949e-01
9.414976835250854492e-01
8.902167081832885742e-01
8.523327708244323730e-01
9.211573600769042969e-01
9.135211706161499023e-01
8.435269594192504883e-01
5.324725508689880371e-01
2.530002892017364502e-01
4.782608151435852051e-02
1.198973297168640966e-36
1.577157272227075102e-29
1.072092135073109009e-28
2.940890789031982422e-01
8.039099574089050293e-01
9.162096381187438965e-01
9.687645435333251953e-01
9.388774633407592773e-01
8.941296935081481934e-01
8.425472378730773926e-01
7.789060473442077637e-01
7.544003129005432129e-01
7.564968466758728027e-01
8.917026519775390625e-01
9.781934022903442383e-01
9.940010309219360352e-01
9.974145889282226562e-01
9.980635046958923340e-01
9.990797638893127441e-01
9.996665120124816895e-01
9.999732375144958496e-01
9.996247291564941406e-01
9.958807826042175293e-01
9.875341653823852539e-01
9.620051980018615723e-01
9.271978139877319336e-01
8.736360073089599609e-01
6.075845360755920410e-01
2.276546955108642578e-01
8.205337077379226685e-02
1.895089008030481637e-05
3.001019194925902411e-06
3.571892380714416504e-01
7.275384664535522461e-01
9.220932126045227051e-01
9.657664895057678223e-01
9.238730072975158691e-01
8.580446839332580566e-01
8.238419294357299805e-01
8.292384147644042969e-01
8.292993903160095215e-01
8.225956559181213379e-01
7.982697486877441406e-01
8.240365386009216309e-01
8.782437443733215332e-01
9.566676616668701172e-01
9.909864068031311035e-01
9.708120226860046387e-01
9.769281744956970215e-01
9.866132736206054688e-01
9.925268292427062988e-01
9.584004878997802734e-01
8.805002570152282715e-01
3.302009701728820801e-01
9.147067368030548096e-02
2.446837127208709717e-01
6.340476274490356445e-01
9.680822491645812988e-01
9.915234446525573730e-01
9.999673962593078613e-01
9.999613761901855469e-01
9.999783635139465332e-01
9.999912381172180176e-01
9.999987483024597168e-01
1.000000000000000000e+00
9.999980330467224121e-01
9.999896287918090820e-01
9.999705553054809570e-01
9.999461770057678223e-01
9.999617934226989746e-01
9.999773502349853516e-01
9.999926686286926270e-01
9.999914169311523438e-01
9.999752640724182129e-01
9.999182820320129395e-01
9.997655749320983887e-01
9.995530843734741211e-01
9.993874430656433105e-01
9.994530677795410156e-01
9.998592138290405273e-01
9.999681711196899414e-01
9.999954104423522949e-01
9.999924898147583008e-01
9.999945163726806641e-01
9.999999403953552246e-01
1.000000000000000000e+00
1.000000000000000000e+00
1.000000000000000000e+00
9.998337626457214355e-01
9.995998144149780273e-01
9.992663860321044922e-01
9.982932806015014648e-01
9.968346357345581055e-01
9.828413128852844238e-01
9.542633295059204102e-01
9.001442193984985352e-01
7.948905825614929199e-01
6.872918009757995605e-01
6.658524870872497559e-01
7.157228589057922363e-01
8.267722725868225098e-01
9.149777889251708984e-01
9.784215688705444336e-01
9.943410158157348633e-01
9.993329644203186035e-01
9.999467134475708008e-01
9.994776248931884766e-01
9.987519383430480957e-01
9.977754354476928711e-01
9.894417524337768555e-01
9.847713708877563477e-01
9.911308884620666504e-01
9.958128333091735840e-01
9.994459748268127441e-01
9.997426867485046387e-01
9.999074339866638184e-01
9.999212026596069336e-01
9.999399781227111816e-01
9.999521374702453613e-01
9.999421834945678711e-01
9.999162554740905762e-01
9.998801946640014648e-01
9.998066425323486328e-01
9.995357394218444824e-01
9.989950656890869141e-01
9.978475570678710938e-01
9.960112571716308594e-01
9.920223951339721680e-01
9.598938226699829102e-01
9.085040092468261719e-01
6.570075154304504395e-01
5.292277336120605469e-01
6.128733754158020020e-01
7.544917464256286621e-01
8.975307941436767578e-01
9.501063227653503418e-01
9.812502264976501465e-01
9.943860173225402832e-01
9.980033040046691895e-01
9.999875426292419434e-01
9.999967217445373535e-01
9.999962449073791504e-01
9.999859929084777832e-01
9.999197721481323242e-01
9.993346333503723145e-01
9.981939792633056641e-01
9.955206513404846191e-01
9.884875416755676270e-01
9.697262048721313477e-01
8.471248149871826172e-01
6.797373890876770020e-01
8.257091641426086426e-01
9.328510165214538574e-01
9.869232773780822754e-01
9.981918334960937500e-01
9.978014826774597168e-01
9.910694956779479980e-01
9.304273128509521484e-01
8.312289714813232422e-01
3.306128084659576416e-01
5.665786375175230205e-06
1.156515054390183650e-06
0.000000000000000000e+00
2.944061008079102174e-21
2.559917362257195786e-20
2.730363048613071442e-02
8.017248660326004028e-02
5.320995450019836426e-01
9.017792940139770508e-01
9.567611813545227051e-01
9.840998053550720215e-01
9.971579313278198242e-01
9.988727569580078125e-01
9.998729825019836426e-01
9.999685883522033691e-01
9.999883174896240234e-01
9.999908208847045898e-01
9.999887943267822266e-01
9.999830126762390137e-01
9.999746680259704590e-01
9.999349117279052734e-01
9.999203085899353027e-01
9.999505281448364258e-01
9.999764561653137207e-01
9.999978542327880859e-01
9.999985098838806152e-01
9.999949932098388672e-01
9.999876022338867188e-01
9.998763203620910645e-01
9.997634887695312500e-01
9.996771216392517090e-01
9.997002482414245605e-01
9.997317790985107422e-01
9.988046288490295410e-01
9.562965631484985352e-01
8.584296703338623047e-01
5.342397689819335938e-01
2.034453302621841431e-01
6.435617059469223022e-02
8.888796903192996979e-03
1.553642377257347107e-02
4.848397076129913330e-01
8.483179807662963867e-01
9.614898562431335449e-01
9.957851767539978027e-01
9.987382888793945312e-01
9.987125396728515625e-01
9.986554980278015137e-01
9.985647201538085938e-01
9.989710450172424316e-01
9.993984699249267578e-01
9.996407628059387207e-01
9.991091489791870117e-01
9.980720877647399902e-01
9.711207747459411621e-01
9.444431066513061523e-01
9.182951450347900391e-01
9.278916716575622559e-01
9.496722817420959473e-01
9.772459864616394043e-01
9.932094216346740723e-01
9.983946084976196289e-01
9.991973638534545898e-01
9.990515112876892090e-01
9.977197051048278809e-01
9.950678348541259766e-01
9.914100170135498047e-01
9.790706634521484375e-01
9.183037281036376953e-01
7.887586951255798340e-01
6.006183028221130371e-01
4.813832044601440430e-01
7.763214707374572754e-01
9.391611218452453613e-01
9.921808838844299316e-01
9.981133341789245605e-01
9.995947480201721191e-01
9.998390078544616699e-01
9.862767457962036133e-01
9.669278860092163086e-01
9.600712656974792480e-01
9.636533856391906738e-01
9.808455705642700195e-01
9.910421371459960938e-01
9.977716803550720215e-01
9.964800477027893066e-01
9.953562617301940918e-01
9.943621754646301270e-01
9.920047521591186523e-01
9.903380870819091797e-01
9.903894662857055664e-01
9.919604063034057617e-01
9.941937923431396484e-01
9.961150884628295898e-01
9.977263212203979492e-01
9.989455342292785645e-01
9.986401200294494629e-01
9.834548234939575195e-01
9.066991209983825684e-01
8.493810296058654785e-01
8.070019483566284180e-01
8.683533668518066406e-01
9.307125210762023926e-01
9.805856943130493164e-01
9.955996274948120117e-01
9.942013025283813477e-01
9.853138327598571777e-01
9.621227979660034180e-01
9.203358888626098633e-01
9.215143322944641113e-01
9.186702370643615723e-01
8.523395061492919922e-01
8.375084400177001953e-01
8.638514876365661621e-01
8.877887725830078125e-01
8.768609762191772461e-01
7.850577235221862793e-01
6.992708444595336914e-01
6.261518001556396484e-01
7.656731009483337402e-01
8.825179338455200195e-01
9.672105312347412109e-01
9.921934604644775391e-01
9.997364282608032227e-01
9.998590946197509766e-01
9.997447729110717773e-01
9.994225502014160156e-01
9.995036721229553223e-01
9.996578693389892578e-01
9.998927116394042969e-01
9.999854564666748047e-01
9.999994039535522461e-01
9.999933838844299316e-01
9.996986985206604004e-01
9.989436268806457520e-01
9.976176619529724121e-01
9.964287877082824707e-01
9.974511861801147461e-01
9.970541596412658691e-01
9.952158331871032715e-01
9.257305860519409180e-01
8.709981441497802734e-01
8.970153331756591797e-01
9.391179084777832031e-01
9.916862249374389648e-01
9.971756339073181152e-01
9.999532103538513184e-01
9.999805092811584473e-01
9.999130964279174805e-01
9.989210963249206543e-01
9.875133633613586426e-01
8.312977552413940430e-01
4.963319897651672363e-01
5.539485812187194824e-01
7.049884200096130371e-01
8.765778541564941406e-01
9.675917029380798340e-01
9.934795498847961426e-01
9.974794387817382812e-01
9.991248846054077148e-01
9.996448755264282227e-01
9.998880028724670410e-01
9.999830126762390137e-01
9.999859929084777832e-01
9.998245239257812500e-01
9.994015097618103027e-01
9.851139187812805176e-01
9.603005647659301758e-01
8.916572928428649902e-01
8.810031414031982422e-01
9.315280914306640625e-01
9.685359597206115723e-01
9.961602091789245605e-01
9.987559914588928223e-01
9.998682737350463867e-01
9.999310970306396484e-01
9.992072582244873047e-01
9.856358170509338379e-01
9.442483782768249512e-01
9.158070683479309082e-01
8.961489796638488770e-01
9.340429306030273438e-01
9.668239951133728027e-01
9.922192096710205078e-01
6.897408366203308105e-01
3.167796134948730469e-01
1.066275686025619507e-01
1.229895465075969696e-02
3.246384486556053162e-02
4.786690473556518555e-01
8.908318877220153809e-01
9.677559733390808105e-01
9.994007945060729980e-01
9.999610185623168945e-01
9.999611973762512207e-01
9.719193577766418457e-01
8.841195702552795410e-01
4.997462630271911621e-01
3.011416310982895084e-06
1.121351715482887812e-06
1.695886567176785320e-05
5.853148832102306187e-05
2.484627068042755127e-02
1.101826801896095276e-01
5.422984361648559570e-01
8.307744860649108887e-01
9.717284440994262695e-01
9.952645301818847656e-01
9.957250356674194336e-01
9.843333363533020020e-01
9.698697924613952637e-01
9.531868696212768555e-01
9.789395928382873535e-01
9.991313219070434570e-01
9.997540712356567383e-01
9.998484849929809570e-01
9.996256828308105469e-01
9.973385334014892578e-01
9.942743182182312012e-01
9.899513125419616699e-01
9.926806092262268066e-01
9.974942803382873535e-01
9.991168975830078125e-01
9.999917745590209961e-01
9.999920725822448730e-01
9.999126195907592773e-01
9.997190833091735840e-01
9.990852475166320801e-01
9.987975358963012695e-01
9.988057613372802734e-01
9.993924498558044434e-01
9.998862743377685547e-01
9.999275207519531250e-01
9.998900890350341797e-01
9.998039007186889648e-01
9.989236593246459961e-01
9.970946311950683594e-01
9.934141039848327637e-01
9.944563508033752441e-01
9.975237250328063965e-01
9.988939166069030762e-01
9.997782707214355469e-01
9.999534487724304199e-01
9.999960064888000488e-01
9.999960064888000488e-01
9.999873638153076172e-01
9.996898770332336426e-01
9.990757107734680176e-01
9.781520366668701172e-01
9.519932270050048828e-01
9.207705259323120117e-01
9.109044075012207031e-01
9.186595678329467773e-01
9.356195330619812012e-01
9.562114477157592773e-01
9.844435453414916992e-01
9.876135587692260742e-01
9.750288724899291992e-01
9.077060222625732422e-01
8.483830094337463379e-01
8.094245791435241699e-01
8.608515262603759766e-01
9.524463415145874023e-01
9.787014722824096680e-01
9.849616289138793945e-01
9.599036574363708496e-01
9.292305111885070801e-01
9.038517475128173828e-01
9.439828395843505859e-01
9.750123023986816406e-01
9.950413703918457031e-01
9.994279146194458008e-01
9.999677538871765137e-01
9.999894499778747559e-01
9.999917745590209961e-01
9.999757409095764160e-01
9.999459385871887207e-01
9.995889663696289062e-01
9.980773329734802246e-01
9.378651380538940430e-01
8.337273597717285156e-01
7.999923825263977051e-01
8.086022138595581055e-01
9.122824072837829590e-01
9.691734910011291504e-01
9.986687302589416504e-01
9.996628761291503906e-01
9.999880790710449219e-01
9.999645948410034180e-01
9.705296158790588379e-01
9.294878244400024414e-01
9.373071193695068359e-01
8.590847849845886230e-01
6.459656953811645508e-01
7.574182748794555664e-01
9.635811448097229004e-01
9.833049774169921875e-01
9.951405525207519531e-01
9.971194267272949219e-01
9.986296892166137695e-01
9.998208284378051758e-01
9.998320341110229492e-01
9.995098710060119629e-01
9.988465309143066406e-01
9.983744621276855469e-01
9.982225894927978516e-01
9.992539882659912109e-01
9.997723698616027832e-01
9.998603463172912598e-01
9.982142448425292969e-01
9.928842782974243164e-01
9.767926335334777832e-01
9.424040913581848145e-01
8.954839706420898438e-01
8.658720850944519043e-01
8.566293716430664062e-01
8.946958780288696289e-01
9.355424642562866211e-01
9.779695272445678711e-01
9.589207172393798828e-01
9.205709099769592285e-01
8.455937504768371582e-01
7.868875861167907715e-01
7.373362183570861816e-01
7.405803799629211426e-01
8.012568354606628418e-01
9.569993019104003906e-01
9.055777788162231445e-01
7.904126048088073730e-01
8.751454353332519531e-01
9.341595172882080078e-01
9.570700526237487793e-01
9.742553234100341797e-01
9.886971116065979004e-01
9.952087402343750000e-01
9.990820884704589844e-01
9.997828602790832520e-01
9.995607733726501465e-01
9.981126189231872559e-01
9.908518195152282715e-01
9.894459843635559082e-01
9.940773248672485352e-01
9.969699382781982422e-01
9.988214969635009766e-01
9.975420832633972168e-01
9.975952506065368652e-01
9.988348484039306641e-01
9.994443655014038086e-01
9.998407363891601562e-01
9.997979402542114258e-01
9.996044635772705078e-01
9.992938041687011719e-01
9.991152286529541016e-01
9.990957379341125488e-01
9.995128512382507324e-01
9.997438192367553711e-01
9.998471140861511230e-01
9.998782873153686523e-01
9.999110698699951172e-01
9.999600052833557129e-01
9.999853372573852539e-01
9.999964237213134766e-01
9.999285936355590820e-01
9.951064586639404297e-01
9.797441959381103516e-01
9.670270681381225586e-01
9.557393789291381836e-01
9.694474339485168457e-01
9.819772243499755859e-01
9.919754862785339355e-01
9.913590550422668457e-01
9.858195185661315918e-01
9.837975502014160156e-01
9.849882721900939941e-01
9.917909502983093262e-01
9.964092969894409180e-01
9.999358057975769043e-01
9.999456405639648438e-01
9.998778104782104492e-01
9.996871948242187500e-01
9.984831213951110840e-01
9.944946765899658203e-01
9.578403830528259277e-01
7.070641517639160156e-01
1.463869661092758179e-01
2.974421018734574318e-03
3.228245101793980609e-11
3.918540492087174698e-10
2.042872905731201172e-01
6.796459555625915527e-01
8.666853904724121094e-01
9.588707089424133301e-01
9.829694628715515137e-01
9.972404241561889648e-01
9.994156360626220703e-01
9.998058080673217773e-01
9.990254044532775879e-01
9.934666156768798828e-01
9.873791337013244629e-01
9.806795120239257812e-01
9.257902503013610840e-01
8.404372334480285645e-01
6.412644386291503906e-01
5.453998446464538574e-01
5.620800852775573730e-01
6.781380176544189453e-01
8.130897879600524902e-01
9.305868148803710938e-01
9.930298924446105957e-01
9.986379742622375488e-01
9.996204972267150879e-01
9.996178746223449707e-01
9.994920492172241211e-01
9.992398619651794434e-01
9.988619089126586914e-01
9.984984993934631348e-01
9.983400106430053711e-01
9.991360902786254883e-01
9.990753531455993652e-01
9.981924295425415039e-01
9.979178905487060547e-01
9.979290962219238281e-01
9.987192153930664062e-01
9.993051290512084961e-01
9.997015595436096191e-01
9.992502927780151367e-01
9.985477328300476074e-01
9.973886013031005859e-01
9.972313642501831055e-01
9.979902505874633789e-01
9.989374876022338867e-01
9.997369050979614258e-01
9.997866749763488770e-01
9.997934699058532715e-01
9.997614622116088867e-01
9.989314675331115723e-01
9.981678128242492676e-01
9.982047677040100098e-01
9.985809922218322754e-01
9.992583394050598145e-01
9.994179606437683105e-01
9.993374347686767578e-01
9.986113309860229492e-01
9.956893920898437500e-01
9.908072948455810547e-01
9.826829433441162109e-01
9.766604304313659668e-01
9.814612269401550293e-01
9.807664752006530762e-01
9.751389622688293457e-01
7.474957704544067383e-01
4.728820919990539551e-01
1.521618664264678955e-01
5.592647084995405748e-06
6.997419745857769158e-07
9.028172524778914307e-22
1.977620292836934861e-39
1.246760046692608297e-38
8.141447932485945671e-11
2.383308272957407326e-10
3.177212178707122803e-02
1.164601072669029236e-01
4.157361388206481934e-01
6.570419669151306152e-01
8.428750038146972656e-01
9.247880578041076660e-01
9.777703881263732910e-01
9.865357279777526855e-01
9.855943918228149414e-01
9.750688076019287109e-01
9.586839675903320312e-01
9.359165430068969727e-01
8.862791061401367188e-01
8.146824240684509277e-01
7.203750610351562500e-01
7.401819825172424316e-01
7.924251556396484375e-01
8.870460391044616699e-01
9.373248219490051270e-01
9.392256140708923340e-01
9.198752045631408691e-01
9.025411605834960938e-01
9.299738407135009766e-01
9.580281972885131836e-01
9.867980480194091797e-01
9.829062223434448242e-01
9.615534543991088867e-01
8.755539655685424805e-01
8.035051226615905762e-01
7.486217021942138672e-01
7.920144796371459961e-01
8.640120625495910645e-01
9.373642206192016602e-01
9.844865798950195312e-01
9.966906905174255371e-01
9.998191595077514648e-01
9.999921321868896484e-01
9.999800920486450195e-01
9.998901486396789551e-01
9.996878504753112793e-01
9.992709755897521973e-01
9.975160360336303711e-01
9.771435260772705078e-01
9.033282995223999023e-01
7.452586293220520020e-01
6.346532702445983887e-01
5.566787719726562500e-01
8.109060525894165039e-01
9.785389900207519531e-01
9.943898320198059082e-01
9.995089769363403320e-01
9.997497797012329102e-01
9.993346333503723145e-01
9.983249306678771973e-01
9.961529970169067383e-01
9.965504407882690430e-01
9.982503652572631836e-01
9.992013573646545410e-01
9.998494982719421387e-01
9.998493790626525879e-01
9.998092055320739746e-01
9.997460842132568359e-01
9.997383356094360352e-01
9.997409582138061523e-01
9.997638463973999023e-01
9.996384382247924805e-01
9.994165301322937012e-01
9.987581968307495117e-01
9.981888532638549805e-01
9.979838728904724121e-01
9.984718561172485352e-01
9.994712471961975098e-01
9.961097836494445801e-01
9.611756801605224609e-01
8.165482878684997559e-01
7.522541880607604980e-01
7.559475302696228027e-01
8.488003611564636230e-01
9.426622986793518066e-01
9.787236452102661133e-01
9.975819587707519531e-01
9.995892643928527832e-01
9.999660849571228027e-01
9.999893903732299805e-01
9.999369382858276367e-01
9.987376928329467773e-01
9.962459802627563477e-01
9.893326759338378906e-01
9.816240072250366211e-01
9.768848419189453125e-01
9.531484246253967285e-01
9.044720530509948730e-01
8.467912077903747559e-01
7.959337234497070312e-01
8.756356835365295410e-01
9.379865527153015137e-01
9.729390740394592285e-01
9.847782850265502930e-01
9.859147071838378906e-01
9.445568919181823730e-01
8.836497664451599121e-01
7.861936688423156738e-01
8.298441767692565918e-01
9.441322684288024902e-01
9.741985797882080078e-01
9.927362799644470215e-01
9.877331852912902832e-01
9.325109124183654785e-01
8.467260003089904785e-01
4.761864244937896729e-01
1.581101864576339722e-01
4.754470288753509521e-02
1.480166567489504814e-03
3.321398748084902763e-03
3.534990549087524414e-01
7.035625576972961426e-01
8.892726302146911621e-01
9.245594739913940430e-01
8.242779374122619629e-01
8.353892564773559570e-01
8.748056888580322266e-01
9.532884359359741211e-01
9.959756135940551758e-01
9.993005990982055664e-01
9.999960660934448242e-01
9.999730587005615234e-01
9.997490644454956055e-01
9.963067770004272461e-01
9.884551763534545898e-01
9.667493104934692383e-01
9.379087090492248535e-01
8.704779148101806641e-01
8.295435905456542969e-01
8.341968655586242676e-01
8.941675424575805664e-01
9.799900650978088379e-01
9.875089526176452637e-01
9.928553104400634766e-01
9.936956167221069336e-01
9.948263764381408691e-01
9.961324334144592285e-01
9.972730875015258789e-01
9.983164072036743164e-01
9.991038441658020020e-01
9.996252059936523438e-01
9.999433159828186035e-01
9.999908208847045898e-01
9.999995827674865723e-01
9.999997615814208984e-01
9.999994039535522461e-01
9.999986290931701660e-01
9.999930858612060547e-01
9.999867677688598633e-01
9.999821186065673828e-01
9.999836683273315430e-01
9.999928474426269531e-01
9.999959468841552734e-01
9.999912381172180176e-01
9.999066591262817383e-01
9.950606226921081543e-01
9.824259877204895020e-01
9.724901318550109863e-01
9.638348817825317383e-01
9.832750558853149414e-01
9.971766471862792969e-01
9.989846944808959961e-01
9.994737505912780762e-01
9.991770982742309570e-01
9.993199110031127930e-01
9.994888305664062500e-01
9.996479749679565430e-01
9.992024302482604980e-01
9.982775449752807617e-01
9.916256666183471680e-01
9.835064411163330078e-01
9.726213812828063965e-01
9.691208600997924805e-01
9.734017252922058105e-01
9.781740903854370117e-01
9.834072589874267578e-01
9.915086627006530762e-01
9.960524439811706543e-01
9.955985546112060547e-01
9.937979578971862793e-01
9.916375279426574707e-01
9.938973188400268555e-01
9.948950409889221191e-01
9.934678077697753906e-01
9.886347055435180664e-01
9.819593429565429688e-01
9.836148619651794434e-01
9.862478375434875488e-01
9.905429482460021973e-01
6.598285436630249023e-01
7.811481505632400513e-02
3.667033277451992035e-03
0.000000000000000000e+00
0.000000000000000000e+00
7.785238233802894691e-22
2.353214136026857358e-21
6.310718599706888199e-04
1.653705257922410965e-03
4.612388554960489273e-03
5.530536174774169922e-02
1.735156029462814331e-01
5.001461505889892578e-01
8.983297348022460938e-01
9.587454795837402344e-01
9.992691278457641602e-01
9.996438622474670410e-01
9.992904663085937500e-01
9.985228180885314941e-01
9.977844953536987305e-01
9.974370002746582031e-01
9.982662200927734375e-01
9.988567829132080078e-01
9.992541670799255371e-01
9.953796267509460449e-01
9.894543290138244629e-01
9.765787124633789062e-01
9.593027234077453613e-01
9.370498657226562500e-01
8.602643609046936035e-01
7.607787251472473145e-01
5.801212787628173828e-01
3.682601451873779297e-01
1.057111844420433044e-01
2.790001966059207916e-02
3.641691431403160095e-02
4.562829434871673584e-01
8.002699017524719238e-01
9.401597976684570312e-01
9.977834224700927734e-01
9.987765550613403320e-01
9.977331757545471191e-01
9.936487674713134766e-01
9.781432747840881348e-01
9.463204741477966309e-01
8.980577588081359863e-01
8.933805227279663086e-01
9.037696123123168945e-01
9.504653215408325195e-01
9.802942276000976562e-01
9.851751923561096191e-01
9.911991953849792480e-01
9.976723194122314453e-01
9.989849328994750977e-01
9.999078512191772461e-01
9.999577403068542480e-01
9.999381899833679199e-01
9.998741149902343750e-01
9.993988275527954102e-01
9.987866282463073730e-01
9.978109598159790039e-01
9.972750544548034668e-01
9.971636533737182617e-01
9.887760281562805176e-01
9.800536036491394043e-01
9.845713376998901367e-01
9.892827272415161133e-01
9.942810535430908203e-01
9.967042207717895508e-01
9.980637431144714355e-01
9.985290765762329102e-01
9.986537098884582520e-01
9.980096817016601562e-01
9.977515935897827148e-01
9.977434277534484863e-01
9.985619187355041504e-01
9.993661046028137207e-01
9.997661709785461426e-01
9.997724890708923340e-01
9.993858933448791504e-01
9.979036450386047363e-01
9.958712458610534668e-01
9.912452697753906250e-01
9.894338250160217285e-01
9.919433593750000000e-01
9.951433539390563965e-01
9.986515045166015625e-01
9.993994235992431641e-01
9.977693557739257812e-01
9.903129935264587402e-01
9.141994118690490723e-01
7.888984084129333496e-01
8.253427147865295410e-01
8.803761005401611328e-01
9.175791144371032715e-01
7.488487958908081055e-01
3.482414186000823975e-01
2.617932856082916260e-01
2.842712104320526123e-01
4.999946653842926025e-01
6.042658686637878418e-01
5.087873339653015137e-01
3.927373290061950684e-01
2.660237252712249756e-01
3.979968428611755371e-01
5.691802501678466797e-01
8.200412392616271973e-01
9.518200159072875977e-01
9.809074997901916504e-01
9.898393154144287109e-01
9.943884611129760742e-01
9.968394637107849121e-01
9.985833168029785156e-01
9.993400573730468750e-01
9.993633627891540527e-01
9.990928769111633301e-01
9.992688298225402832e-01
9.994683861732482910e-01
9.997224211692810059e-01
9.998310208320617676e-01
9.998397827148437500e-01
9.994698762893676758e-01
9.974796772003173828e-01
9.882558584213256836e-01
9.779472351074218750e-01
9.664149880409240723e-01
9.231767058372497559e-01
8.742077350616455078e-01
8.997541069984436035e-01
9.163472652435302734e-01
9.159972071647644043e-01
9.370953440666198730e-01
9.704426527023315430e-01
9.871037006378173828e-01
9.992107748985290527e-01
9.997178912162780762e-01
9.999715089797973633e-01
9.999845027923583984e-01
9.998548030853271484e-01
9.996638894081115723e-01
9.992176294326782227e-01
9.547926783561706543e-01
8.393819928169250488e-01
5.136152505874633789e-01
8.592714369297027588e-02
5.448958277702331543e-02
1.650804877281188965e-01
6.513659954071044922e-01
9.086498618125915527e-01
9.741590619087219238e-01
9.866876006126403809e-01
9.888370633125305176e-01
9.926559329032897949e-01
9.960101246833801270e-01
9.987092614173889160e-01
9.996545910835266113e-01
9.998490810394287109e-01
9.998831748962402344e-01
9.999201297760009766e-01
9.999697804450988770e-01
9.999939799308776855e-01
9.999985694885253906e-01
9.999983906745910645e-01
9.999791979789733887e-01
9.998494386672973633e-01
9.951553344726562500e-01
9.843818545341491699e-01
9.659733772277832031e-01
9.446707963943481445e-01
9.400232434272766113e-01
9.342679977416992188e-01
9.258131384849548340e-01
8.616957068443298340e-01
7.569063901901245117e-01
3.772607147693634033e-01
1.610168442130088806e-02
9.778755716979503632e-03
1.185408793389797211e-02
2.483008801937103271e-02
4.226572811603546143e-01
9.658050537109375000e-01
9.849411249160766602e-01
9.984598755836486816e-01
9.983730912208557129e-01
9.985066652297973633e-01
9.988005161285400391e-01
9.992452859878540039e-01
9.991023540496826172e-01
9.954242706298828125e-01
9.688593745231628418e-01
9.120632410049438477e-01
8.439347147941589355e-01
7.711802721023559570e-01
8.413491845130920410e-01
9.090339541435241699e-01
9.698538780212402344e-01
9.972444176673889160e-01
9.988983273506164551e-01
9.995391368865966797e-01
9.999133944511413574e-01
9.997164607048034668e-01
9.955523014068603516e-01
9.857994914054870605e-01
9.719524979591369629e-01
9.563329219818115234e-01
9.399338364601135254e-01
9.386615753173828125e-01
9.801830649375915527e-01
9.989269375801086426e-01
9.986493587493896484e-01
9.837637543678283691e-01
9.614447355270385742e-01
9.028996229171752930e-01
8.305653333663940430e-01
7.365779280662536621e-01
6.340061426162719727e-01
5.272415876388549805e-01
5.168963670730590820e-01
5.781533718109130859e-01
8.571720123291015625e-01
9.940550923347473145e-01
9.969193339347839355e-01
9.985130429267883301e-01
9.996901154518127441e-01
9.998123645782470703e-01
9.995564222335815430e-01
9.986133575439453125e-01
9.895867705345153809e-01
9.759361743927001953e-01
9.878457784652709961e-01
9.993935227394104004e-01
9.997740983963012695e-01
9.999292492866516113e-01
9.998356103897094727e-01
9.995039105415344238e-01
9.990324378013610840e-01
9.967443943023681641e-01
9.939171075820922852e-01
9.899118542671203613e-01
9.891165494918823242e-01
9.905506968498229980e-01
9.953104257583618164e-01
9.998258948326110840e-01
9.999353885650634766e-01
9.999983906745910645e-01
9.999983310699462891e-01
9.999929666519165039e-01
9.999852776527404785e-01
9.998276829719543457e-01
9.995671510696411133e-01
9.990205168724060059e-01
9.987075924873352051e-01
9.985977411270141602e-01
9.979417920112609863e-01
9.970404505729675293e-01
9.948955178260803223e-01
9.942624568939208984e-01
9.962909817695617676e-01
9.979390501976013184e-01
9.993736743927001953e-01
9.997478723526000977e-01
9.999739527702331543e-01
9.999909400939941406e-01
9.999862313270568848e-01
9.999567270278930664e-01
9.998075962066650391e-01
9.995889067649841309e-01
9.977401494979858398e-01
9.929762482643127441e-01
9.811300635337829590e-01
9.588306546211242676e-01
9.284943342208862305e-01
9.385374188423156738e-01
9.566720128059387207e-01
9.776481986045837402e-01
9.924371838569641113e-01
9.974394440650939941e-01
9.993780851364135742e-01
9.997442364692687988e-01
9.998706579208374023e-01
9.999628067016601562e-01
9.999873042106628418e-01
9.999976158142089844e-01
9.999926686286926270e-01
9.999093413352966309e-01
9.998051524162292480e-01
9.998557567596435547e-01
9.998736381530761719e-01
9.998148679733276367e-01
9.995350241661071777e-01
9.990893602371215820e-01
9.960522055625915527e-01
9.903808236122131348e-01
9.682645201683044434e-01
9.559333920478820801e-01
9.591116905212402344e-01
9.743036031723022461e-01
9.957583546638488770e-01
9.985752701759338379e-01
9.997427463531494141e-01
9.998484253883361816e-01
9.999303817749023438e-01
9.999857544898986816e-01
1.000000000000000000e+00
9.999993443489074707e-01
9.999415278434753418e-01
9.997539520263671875e-01
9.992342591285705566e-01
9.981229305267333984e-01
9.965311288833618164e-01
9.968377947807312012e-01
9.975475668907165527e-01
9.981692433357238770e-01
9.978002309799194336e-01
9.956873655319213867e-01
9.942408800125122070e-01
9.931828379631042480e-01
9.954423904418945312e-01
9.978407621383666992e-01
9.991101026535034180e-01
9.998630881309509277e-01
9.999477863311767578e-01
9.998872280120849609e-01
9.997656345367431641e-01
9.998463988304138184e-01
9.999223351478576660e-01
9.999646544456481934e-01
9.999880194664001465e-01
9.999929666519165039e-01
9.999961853027343750e-01
9.999988675117492676e-01
9.999995231628417969e-01
9.999999403953552246e-01
1.000000000000000000e+00
1.000000000000000000e+00
9.999999403953552246e-01
9.999949932098388672e-01
9.998196363449096680e-01
9.982577562332153320e-01
9.907775521278381348e-01
9.734003543853759766e-01
9.671894907951354980e-01
9.672727584838867188e-01
9.804413318634033203e-01
9.932022690773010254e-01
9.974320530891418457e-01
9.998604655265808105e-01
9.999652504920959473e-01
9.999974966049194336e-01
9.999991655349731445e-01
9.999952316284179688e-01
9.999415874481201172e-01
9.997222423553466797e-01
9.975651502609252930e-01
9.934294223785400391e-01
9.898623228073120117e-01
9.866050481796264648e-01
9.891320466995239258e-01
9.918413758277893066e-01
9.950124621391296387e-01
9.945895075798034668e-01
9.912250041961669922e-01
9.915275573730468750e-01
9.928682446479797363e-01
9.965532422065734863e-01
9.963837862014770508e-01
9.887453913688659668e-01
9.695311188697814941e-01
9.427134394645690918e-01
9.458377361297607422e-01
9.551234841346740723e-01
9.746048450469970703e-01
9.755031466484069824e-01
9.471099376678466797e-01
7.084186077117919922e-01
3.565456271171569824e-01
1.773704886436462402e-01
4.662378504872322083e-02
6.712676584720611572e-02
2.277485728263854980e-01
5.698511004447937012e-01
7.926244139671325684e-01
9.637105464935302734e-01
9.866589307785034180e-01
9.995597600936889648e-01
9.998354911804199219e-01
9.999834895133972168e-01
9.999912381172180176e-01
9.999933838844299316e-01
9.999935626983642578e-01
9.999697208404541016e-01
9.999287128448486328e-01
9.998381733894348145e-01
9.995790123939514160e-01
9.991622567176818848e-01
9.974607229232788086e-01
9.952638149261474609e-01
9.896955490112304688e-01
9.794235229492187500e-01
9.579128623008728027e-01
9.169835448265075684e-01
8.603474497795104980e-01
9.161412715911865234e-01
9.927532672882080078e-01
9.969050884246826172e-01
9.994670748710632324e-01
9.987501502037048340e-01
9.975815415382385254e-01
9.960942864418029785e-01
9.974955916404724121e-01
9.991706609725952148e-01
9.984650015830993652e-01
9.972746372222900391e-01
9.952211976051330566e-01
9.961493611335754395e-01
9.989361763000488281e-01
9.652175307273864746e-01
9.131874442100524902e-01
7.734380364418029785e-01
6.729963421821594238e-01
6.358069181442260742e-01
7.411449551582336426e-01
9.273653030395507812e-01
9.728171825408935547e-01
9.976557493209838867e-01
9.990358352661132812e-01
9.998837113380432129e-01
9.999527931213378906e-01
9.999723434448242188e-01
9.999668002128601074e-01
9.999384284019470215e-01
9.998947978019714355e-01
9.997875094413757324e-01
9.980791807174682617e-01
9.942154288291931152e-01
9.593992233276367188e-01
9.099881649017333984e-01
8.713786005973815918e-01
8.503684997558593750e-01
9.020444154739379883e-01
9.472662806510925293e-01
9.843022823333740234e-01
9.935308694839477539e-01
9.905157089233398438e-01
9.890979528427124023e-01
9.880619049072265625e-01
9.881921410560607910e-01
9.712721705436706543e-01
9.340209960937500000e-01
9.464203715324401855e-01
9.793487787246704102e-01
9.891216754913330078e-01
9.962968826293945312e-01
9.974396824836730957e-01
9.984851479530334473e-01
9.994174838066101074e-01
9.997964501380920410e-01
9.999541044235229492e-01
9.999590516090393066e-01
9.997744560241699219e-01
9.989294409751892090e-01
9.963635802268981934e-01
9.918475151062011719e-01
9.944735765457153320e-01
9.998471736907958984e-01
9.097619652748107910e-01
8.091692328453063965e-01
6.811919808387756348e-01
4.785495698451995850e-01
1.919255256652832031e-01
8.484815806150436401e-02
4.747511446475982666e-02
2.278249114751815796e-01
4.397699236869812012e-01
7.403418421745300293e-01
9.259338974952697754e-01
9.814131259918212891e-01
9.982478618621826172e-01
9.999254941940307617e-01
9.999645352363586426e-01
9.994628429412841797e-01
9.972019195556640625e-01
9.893441200256347656e-01
9.750626683235168457e-01
9.615905284881591797e-01
9.484450817108154297e-01
9.610735774040222168e-01
9.751545190811157227e-01
9.905463457107543945e-01
9.991868138313293457e-01
9.997365474700927734e-01
9.994294047355651855e-01
9.987575411796569824e-01
8.863146901130676270e-01
7.029408812522888184e-01
2.548072338104248047e-01
4.338949918746948242e-03
1.023800694383680820e-03
4.378850407271706047e-11
2.739739641752225729e-12
1.875194371677935123e-03
5.732577666640281677e-02
3.550620377063751221e-01
4.373781681060791016e-01
2.313947826623916626e-01
1.011080294847488403e-01
7.714562583714723587e-03
1.175075481363307972e-09
1.491429202360450290e-07
1.060251861417782493e-06
2.177595645189285278e-01
7.504753470420837402e-01
9.547817707061767578e-01
9.851668477058410645e-01
9.844794273376464844e-01
9.815841317176818848e-01
9.863488078117370605e-01
9.910275340080261230e-01
9.955548644065856934e-01
9.980198740959167480e-01
9.992746114730834961e-01
9.996008276939392090e-01
9.996349215507507324e-01
9.984875917434692383e-01
9.873017072677612305e-01
9.583559036254882812e-01
9.558335542678833008e-01
9.706275463104248047e-01
7.507951259613037109e-01
5.240654349327087402e-01
6.417005658149719238e-01
7.648397684097290039e-01
8.991633057594299316e-01
9.696908593177795410e-01
9.932624101638793945e-01
9.977356791496276855e-01
9.977078437805175781e-01
9.942605495452880859e-01
9.916269779205322266e-01
9.908831119537353516e-01
9.878306388854980469e-01
9.828191995620727539e-01
9.741846323013305664e-01
9.650622606277465820e-01
9.762207269668579102e-01
9.864732027053833008e-01
9.942190051078796387e-01
9.984187483787536621e-01
9.991452693939208984e-01
9.994726181030273438e-01
9.996635913848876953e-01
9.998242855072021484e-01
9.998644590377807617e-01
9.994890093803405762e-01
9.620659351348876953e-01
8.817468285560607910e-01
5.164662599563598633e-01
2.981998585164546967e-02
8.637943537905812263e-04
4.355656724186474094e-09
2.836800661043525906e-08
1.961002498865127563e-02
6.632395833730697632e-02
4.096419513225555420e-01
9.056525230407714844e-01
9.667962789535522461e-01
9.698665738105773926e-01
9.202088117599487305e-01
8.732861280441284180e-01
8.308823108673095703e-01
8.550261855125427246e-01
9.219672679901123047e-01
9.622212052345275879e-01
9.948160648345947266e-01
9.974389672279357910e-01
9.670730233192443848e-01
8.666754364967346191e-01
5.618901252746582031e-01
9.557934850454330444e-02
3.555133143711038113e-14
1.060109469108283520e-03
3.580182045698165894e-02
2.027317285537719727e-01
7.332575321197509766e-01
9.983347654342651367e-01
9.993857145309448242e-01
9.997279047966003418e-01
9.998161792755126953e-01
9.999025464057922363e-01
9.999732375144958496e-01
9.999837875366210938e-01
9.999888539314270020e-01
9.999870061874389648e-01
9.998616576194763184e-01
9.996775388717651367e-01
9.944632053375244141e-01
9.839321374893188477e-01
9.452983140945434570e-01
9.077583551406860352e-01
8.719185590744018555e-01
8.898552060127258301e-01
9.416207671165466309e-01
9.096973538398742676e-01
8.392034173011779785e-01
5.011903047561645508e-01
2.220444381237030029e-01
7.180394977331161499e-02
1.842175424098968506e-02
4.541524127125740051e-02
3.598062098026275635e-01
7.516303062438964844e-01
8.835856914520263672e-01
9.853532910346984863e-01
9.945322871208190918e-01
9.994994997978210449e-01
9.998764991760253906e-01
9.999749064445495605e-01
9.999590516090393066e-01
9.994156956672668457e-01
9.987000823020935059e-01
9.973141551017761230e-01
9.965691566467285156e-01
9.967738986015319824e-01
9.976158142089843750e-01
9.988239407539367676e-01
9.993767142295837402e-01
9.997908473014831543e-01
9.998582601547241211e-01
9.998885393142700195e-01
9.998431205749511719e-01
9.998291730880737305e-01
9.998400211334228516e-01
9.999014139175415039e-01
9.999747872352600098e-01
9.999613165855407715e-01
9.997383356094360352e-01
9.988735914230346680e-01
9.944337010383605957e-01
9.860607385635375977e-01
9.503537416458129883e-01
9.031925201416015625e-01
7.932485938072204590e-01
6.968345046043395996e-01
6.935865283012390137e-01
7.541068196296691895e-01
9.135596156120300293e-01
9.823602437973022461e-01
9.957593679428100586e-01
9.981493353843688965e-01
9.985688328742980957e-01
9.989078044891357422e-01
9.987643957138061523e-01
9.974982142448425293e-01
9.949200749397277832e-01
9.911686182022094727e-01
9.863321185111999512e-01
9.811424016952514648e-01
9.855030179023742676e-01
9.900928139686584473e-01
9.948568344116210938e-01
9.569572806358337402e-01
8.634590506553649902e-01
5.301431417465209961e-01
7.433093339204788208e-02
1.196194346994161606e-02
5.599372461438179016e-02
5.482583045959472656e-01
8.987347483634948730e-01
9.690150022506713867e-01
9.998565912246704102e-01
9.999563097953796387e-01
9.999641180038452148e-01
9.999429583549499512e-01
9.995931982994079590e-01
9.989737868309020996e-01
9.974850416183471680e-01
9.965288043022155762e-01
9.961940050125122070e-01
9.959639906883239746e-01
9.957815408706665039e-01
9.898074269294738770e-01
9.796482920646667480e-01
9.460583925247192383e-01
8.044682145118713379e-01
4.689082801342010498e-01
2.209672182798385620e-01
3.644169867038726807e-02
2.396886682187737705e-11
2.778843164314982605e-18
1.091733883573371266e-16
1.715763099491596222e-02
8.620124310255050659e-02
3.372215330600738525e-01
7.915396094322204590e-01
9.564301967620849609e-01
9.940043687820434570e-01
9.980013966560363770e-01
9.986261725425720215e-01
9.972172975540161133e-01
9.957439899444580078e-01
9.941561222076416016e-01
9.816663265228271484e-01
9.612678885459899902e-01
8.004001379013061523e-01
6.089800000190734863e-01
5.989981293678283691e-01
6.261075139045715332e-01
7.691086530685424805e-01
8.814612627029418945e-01
9.586596488952636719e-01
9.886789321899414062e-01
9.969762563705444336e-01
9.984941482543945312e-01
9.992395639419555664e-01
9.995656609535217285e-01
9.997851252555847168e-01
9.998018741607666016e-01
9.996200203895568848e-01
9.992847442626953125e-01
9.985580444335937500e-01
9.977218508720397949e-01
9.949738979339599609e-01
9.798501133918762207e-01
9.207631349563598633e-01
7.582665085792541504e-01
4.629228413105010986e-01
2.874583005905151367e-01
1.747771501541137695e-01
1.504651755094528198e-01
1.785754412412643433e-01
5.942109227180480957e-01
9.015632867813110352e-01
9.680538773536682129e-01
9.995782375335693359e-01
9.998175501823425293e-01
9.955382943153381348e-01
9.896970391273498535e-01
7.023226618766784668e-01
4.419789314270019531e-01
3.624925017356872559e-01
3.813509047031402588e-01
5.526878833770751953e-01
6.425580382347106934e-01
6.798297166824340820e-01
6.932496428489685059e-01
7.028045058250427246e-01
7.401418685913085938e-01
7.735725045204162598e-01
7.955894470214843750e-01
8.006356954574584961e-01
7.866925597190856934e-01
8.615061044692993164e-01
9.771084189414978027e-01
9.937518239021301270e-01
9.985556602478027344e-01
9.957497119903564453e-01
9.888076186180114746e-01
9.734100699424743652e-01
9.579712748527526855e-01
9.424822926521301270e-01
9.488756656646728516e-01
9.622516036033630371e-01
9.751534461975097656e-01
9.866756200790405273e-01
9.923376441001892090e-01
9.965580105781555176e-01
9.986148476600646973e-01
9.987738728523254395e-01
9.977310895919799805e-01
9.896638989448547363e-01
9.802234172821044922e-01
9.738170504570007324e-01
9.691798686981201172e-01
9.698770642280578613e-01
9.576194882392883301e-01
9.302833676338195801e-01
7.758076190948486328e-01
5.595964193344116211e-01
5.037050247192382812e-01
4.944150447845458984e-01
7.235577702522277832e-01
8.892836570739746094e-01
9.143845438957214355e-01
8.714397549629211426e-01
7.661610245704650879e-01
7.731124162673950195e-01
8.212358355522155762e-01
9.163462519645690918e-01
9.993839859962463379e-01
9.997594356536865234e-01
9.999980330467224121e-01
9.999955892562866211e-01
9.999924302101135254e-01
9.999886751174926758e-01
9.999738931655883789e-01
9.999560713768005371e-01
9.999143481254577637e-01
9.996301531791687012e-01
9.984003305435180664e-01
9.649928212165832520e-01
8.856757879257202148e-01
6.585556864738464355e-01
3.403002023696899414e-01
3.598072230815887451e-01
4.507493078708648682e-01
5.823726058006286621e-01
6.809676885604858398e-01
6.768656969070434570e-01
7.499420046806335449e-01
9.165481925010681152e-01
9.762129783630371094e-01
9.806898832321166992e-01
9.723272919654846191e-01
9.625281095504760742e-01
9.590199589729309082e-01
9.510448575019836426e-01
9.317409396171569824e-01
8.433601260185241699e-01
6.829977035522460938e-01
5.649322271347045898e-01
4.654236137866973877e-01
3.550009727478027344e-01
2.624747157096862793e-01
3.300950527191162109e-01
4.540551006793975830e-01
7.017633318901062012e-01
8.622571825981140137e-01
9.418141841888427734e-01
9.629919528961181641e-01
9.620749354362487793e-01
9.450534582138061523e-01
9.255168437957763672e-01
8.976046442985534668e-01
8.870254158973693848e-01
9.098654985427856445e-01
9.393209218978881836e-01
9.743120670318603516e-01
9.882761240005493164e-01
9.951361417770385742e-01
9.976942539215087891e-01
9.996803998947143555e-01
9.997321367263793945e-01
9.994158148765563965e-01
9.984455704689025879e-01
9.954219460487365723e-01
9.908081293106079102e-01
9.875959157943725586e-01
9.848061800003051758e-01
9.897250533103942871e-01
9.943684935569763184e-01
9.966319203376770020e-01
9.931087493896484375e-01
9.799444675445556641e-01
9.270359873771667480e-01
8.451070785522460938e-01
7.508302927017211914e-01
6.530597209930419922e-01
5.967772603034973145e-01
5.855800509452819824e-01
7.711579203605651855e-01
9.061697721481323242e-01
9.603473544120788574e-01
9.806503057479858398e-01
9.770493507385253906e-01
9.733603000640869141e-01
9.696477055549621582e-01
9.833297729492187500e-01
9.950774908065795898e-01
9.977943897247314453e-01
9.995610713958740234e-01
9.998399019241333008e-01
9.999098181724548340e-01
9.998337030410766602e-01
9.938883185386657715e-01
9.863745570182800293e-01
5.358164906501770020e-01
1.481598168611526489e-01
5.622904002666473389e-02
1.793357478163670748e-05
6.420070712920278311e-05
4.454654827713966370e-02
1.203330233693122864e-01
4.390909671783447266e-01
8.234931230545043945e-01
4.644573628902435303e-01
1.462692767381668091e-01
6.231569871306419373e-02
6.603319197893142700e-02
2.129642665386199951e-01
4.554034769535064697e-01
7.678315639495849609e-01
8.616267442703247070e-01
8.916329145431518555e-01
9.025890827178955078e-01
9.191429615020751953e-01
9.658679962158203125e-01
9.963900446891784668e-01
9.988557696342468262e-01
9.999506473541259766e-01
9.999890327453613281e-01
9.999948143959045410e-01
9.999904036521911621e-01
9.999952316284179688e-01
9.999938011169433594e-01
9.999552369117736816e-01
9.998765587806701660e-01
9.997223019599914551e-01
9.996305704116821289e-01
9.995916485786437988e-01
9.997109174728393555e-01
9.998862147331237793e-01
9.998925924301147461e-01
9.997905492782592773e-01
9.990400075912475586e-01
9.976262450218200684e-01
9.948307275772094727e-01
9.930238723754882812e-01
9.921311140060424805e-01
9.942225217819213867e-01
9.975078701972961426e-01
9.987717270851135254e-01
9.997379183769226074e-01
9.998915791511535645e-01
9.999353885650634766e-01
9.997149705886840820e-01
9.968335032463073730e-01
9.911355376243591309e-01
9.493265151977539062e-01
8.905061483383178711e-01
8.935188055038452148e-01
9.075047969818115234e-01
9.491322040557861328e-01
9.827381968498229980e-01
9.931613206863403320e-01
9.882670044898986816e-01
9.647051692008972168e-01
7.109005451202392578e-01
3.280348777770996094e-01
3.512057363986968994e-01
4.600106477737426758e-01
7.461751699447631836e-01
9.734641909599304199e-01
9.886033535003662109e-01
9.981170892715454102e-01
9.994600415229797363e-01
9.821870326995849609e-01
9.524687528610229492e-01
6.191288232803344727e-01
2.053072303533554077e-01
9.296850860118865967e-02
5.720203742384910583e-03
7.899224758148193359e-03
1.917938329279422760e-02
4.651747271418571472e-02
2.038638293743133545e-01
4.679885208606719971e-01
6.982833743095397949e-01
9.173922538757324219e-01
8.952380418777465820e-01
8.478173017501831055e-01
7.515925765037536621e-01
7.011430263519287109e-01
7.544945478439331055e-01
8.409532308578491211e-01
9.617591500282287598e-01
1.000000000000000000e+00
1.000000000000000000e+00
9.996780753135681152e-01
9.992787241935729980e-01
9.983904957771301270e-01
9.979332089424133301e-01
9.987806677818298340e-01
9.981637597084045410e-01
9.956402182579040527e-01
9.922668933868408203e-01
9.883764386177062988e-01
9.917249083518981934e-01
9.968051314353942871e-01
9.971821904182434082e-01
9.971473217010498047e-01
9.953579306602478027e-01
9.942277073860168457e-01
9.942262172698974609e-01
9.953757524490356445e-01
9.974585771560668945e-01
9.988162517547607422e-01
9.999173879623413086e-01
1.000000000000000000e+00
9.999996423721313477e-01
9.999963045120239258e-01
9.998739957809448242e-01
9.994690418243408203e-01
9.994164705276489258e-01
9.997466206550598145e-01
9.999057054519653320e-01
9.999777674674987793e-01
9.999859333038330078e-01
9.999808073043823242e-01
9.999193549156188965e-01
9.998781085014343262e-01
9.999095201492309570e-01
9.999344944953918457e-01
9.999498724937438965e-01
9.999275803565979004e-01
9.998785853385925293e-01
9.996736049652099609e-01
9.994225502014160156e-01
9.981020689010620117e-01
9.971420764923095703e-01
9.988414645195007324e-01
1.000000000000000000e+00
1.000000000000000000e+00
9.992733597755432129e-01
9.978242516517639160e-01
9.963136911392211914e-01
9.947761893272399902e-01
9.862893223762512207e-01
9.770039916038513184e-01
9.735463857650756836e-01
9.726496934890747070e-01
9.803227186203002930e-01
9.709758758544921875e-01
9.372293949127197266e-01
6.418350338935852051e-01
1.643436700105667114e-01
1.035608053207397461e-01
1.659608334302902222e-01
5.371484756469726562e-01
8.819512724876403809e-01
9.517934918403625488e-01
9.998636841773986816e-01
9.999538064002990723e-01
9.999959468841552734e-01
9.999881386756896973e-01
9.998852610588073730e-01
9.997357130050659180e-01
9.907719492912292480e-01
9.741106629371643066e-01
7.676345109939575195e-01
6.039872765541076660e-01
6.046653985977172852e-01
6.876796483993530273e-01
9.016234278678894043e-01
9.961809515953063965e-01
9.991790652275085449e-01
9.998748898506164551e-01
9.997758865356445312e-01
9.973950386047363281e-01
9.944972395896911621e-01
9.885894060134887695e-01
9.865940213203430176e-01
9.947410821914672852e-01
9.894846081733703613e-01
9.682259559631347656e-01
9.487053751945495605e-01
9.302237033843994141e-01
9.380250573158264160e-01
9.520077705383300781e-01
9.270430803298950195e-01
8.895758390426635742e-01
7.902628779411315918e-01
7.526784539222717285e-01
8.361288309097290039e-01
8.628090620040893555e-01
8.357098102569580078e-01
7.385699152946472168e-01
6.101856827735900879e-01
7.076574563980102539e-01
8.379979133605957031e-01
9.154082536697387695e-01
9.770990610122680664e-01
9.822568297386169434e-01
9.868448972702026367e-01
9.905204772949218750e-01
9.464179277420043945e-01
8.655534982681274414e-01
6.840014457702636719e-01
4.665235877037048340e-01
5.547997355461120605e-01
6.761630177497863770e-01
8.400002121925354004e-01
9.654296040534973145e-01
9.834824204444885254e-01
9.927006363868713379e-01
9.904980063438415527e-01
9.793487787246704102e-01
9.625135064125061035e-01
9.535229206085205078e-01
9.467349052429199219e-01
7.931393980979919434e-01
6.262262463569641113e-01
4.156060516834259033e-01
2.724071741104125977e-01
2.870174348354339600e-01
4.679484665393829346e-01
8.348786234855651855e-01
9.769324064254760742e-01
9.956029653549194336e-01
9.987897276878356934e-01
9.985007047653198242e-01
9.940848946571350098e-01
9.661769270896911621e-01
8.141741156578063965e-01
6.648513674736022949e-01
5.198447704315185547e-01
6.000007987022399902e-01
9.013199806213378906e-01
6.318887472152709961e-01
8.649970591068267822e-02
6.356575177051126957e-04
5.265065003186464310e-03
3.102670013904571533e-01
6.039405465126037598e-01
8.424723148345947266e-01
9.983587265014648438e-01
9.994669556617736816e-01
9.999986886978149414e-01
9.999994635581970215e-01
9.999982714653015137e-01
9.999961853027343750e-01
9.999803900718688965e-01
9.999610781669616699e-01
9.998965263366699219e-01
9.998355507850646973e-01
9.997887015342712402e-01
9.998022913932800293e-01
9.999213814735412598e-01
9.999840259552001953e-01
9.999963045120239258e-01
9.998870491981506348e-01
9.997248649597167969e-01
9.992129802703857422e-01
9.984261393547058105e-01
9.910087585449218750e-01
9.788561463356018066e-01
9.476481676101684570e-01
9.328074455261230469e-01
9.462378621101379395e-01
9.599452614784240723e-01
9.739584326744079590e-01
9.765144586563110352e-01
9.741767048835754395e-01
9.793484210968017578e-01
9.855957031250000000e-01
9.894096255302429199e-01
9.930808544158935547e-01
9.961621761322021484e-01
9.985027313232421875e-01
9.995174407958984375e-01
9.579474329948425293e-01
8.779381513595581055e-01
5.542987585067749023e-01
1.209111809730529785e-01
1.233239471912384033e-01
1.990603059530258179e-01
2.876389324665069580e-01
3.231697678565979004e-01
1.270733922719955444e-01
1.900426810607314110e-03
7.311244960874319077e-03
1.832202225923538208e-01
5.192423462867736816e-01
7.641978859901428223e-01
9.647875428199768066e-01
9.905355572700500488e-01
9.826337099075317383e-01
9.601179957389831543e-01
9.450598359107971191e-01
9.675666689872741699e-01
9.687734246253967285e-01
9.263969659805297852e-01
9.240283370018005371e-01
9.628822207450866699e-01
9.841977357864379883e-01
9.963650703430175781e-01
9.991307854652404785e-01
9.998098611831665039e-01
9.996689558029174805e-01
9.990466237068176270e-01
9.955550432205200195e-01
9.859163165092468262e-01
9.621165990829467773e-01
9.435025453567504883e-01
9.310272932052612305e-01
9.211814999580383301e-01
9.129520058631896973e-01
8.977162837982177734e-01
8.805032372474670410e-01
8.717031478881835938e-01
8.664928078651428223e-01
8.879294991493225098e-01
9.104037284851074219e-01
9.359551072120666504e-01
9.571852684020996094e-01
9.726998805999755859e-01
9.791727066040039062e-01
9.792196154594421387e-01
9.406087398529052734e-01
8.887089490890502930e-01
7.466124892234802246e-01
6.076538562774658203e-01
6.726859211921691895e-01
7.470199465751647949e-01
8.538479804992675781e-01
8.796646595001220703e-01
7.706158161163330078e-01
6.465314030647277832e-01
5.088187456130981445e-01
4.561258554458618164e-01
4.408544898033142090e-01
4.815777242183685303e-01
5.300030112266540527e-01
3.336319923400878906e-01
1.547465920448303223e-01
6.257393211126327515e-02
1.335028265714299778e-08
4.594219227271878481e-09
1.408112701028585434e-03
4.355448298156261444e-03
3.213537931442260742e-01
8.211641311645507812e-01
5.745491385459899902e-01
1.281040906906127930e-01
5.624250322580337524e-02
1.507687103003263474e-02
5.596586689352989197e-02
1.948471218347549438e-01
6.183400750160217285e-01
8.916674256324768066e-01
9.524136781692504883e-01
9.345050454139709473e-01
8.567389845848083496e-01
8.775780797004699707e-01
9.365804791450500488e-01
9.692792296409606934e-01
9.973229169845581055e-01
9.980739951133728027e-01
9.986134767532348633e-01
9.982050657272338867e-01
9.981181025505065918e-01
9.986651539802551270e-01
9.990491271018981934e-01
9.992664456367492676e-01
9.994891285896301270e-01
9.997155666351318359e-01
9.998498558998107910e-01
9.999608993530273438e-01
9.999783635139465332e-01
9.997187256813049316e-01
9.970881938934326172e-01
9.140051603317260742e-01
5.988766551017761230e-01
4.868943691253662109e-01
6.701118946075439453e-01
8.193906545639038086e-01
9.416031241416931152e-01
9.833800792694091797e-01
9.928712248802185059e-01
9.954368472099304199e-01
9.969176054000854492e-01
9.980475306510925293e-01
9.987980127334594727e-01
9.976791739463806152e-01
9.974083900451660156e-01
9.989502429962158203e-01
9.985603094100952148e-01
9.959903955459594727e-01
9.884951114654541016e-01
9.779850840568542480e-01
9.609664082527160645e-01
9.419775605201721191e-01
9.340935349464416504e-01
9.289854764938354492e-01
9.488946199417114258e-01
9.683961272239685059e-01
9.862427711486816406e-01
9.980149269104003906e-01
9.993413090705871582e-01
9.999858736991882324e-01
9.999918937683105469e-01
9.999570846557617188e-01
9.999018907546997070e-01
9.989734292030334473e-01
9.978457689285278320e-01
9.977405667304992676e-01
9.978210926055908203e-01
9.990683794021606445e-01
9.979891777038574219e-01
9.901192188262939453e-01
9.839146137237548828e-01
9.802194237709045410e-01
9.809521436691284180e-01
9.853141903877258301e-01
9.884904623031616211e-01
9.911622405052185059e-01
9.929682016372680664e-01
9.946106672286987305e-01
9.964082837104797363e-01
9.978453516960144043e-01
9.970296621322631836e-01
9.901354908943176270e-01
9.679401516914367676e-01
9.521367549896240234e-01
9.449647068977355957e-01
9.535936713218688965e-01
9.740357398986816406e-01
9.868290424346923828e-01
9.966717958450317383e-01
9.972765445709228516e-01
9.964358806610107422e-01
9.972226619720458984e-01
9.912932515144348145e-01
9.481073617935180664e-01
7.932727336883544922e-01
3.739841282367706299e-01
1.073523163795471191e-01
3.220289573073387146e-02
1.240427372977137566e-03
1.583173056133091450e-03
3.535390198230743408e-01
8.363296389579772949e-01
9.454273581504821777e-01
9.997839927673339844e-01
9.998967051506042480e-01
9.999908804893493652e-01
9.999856948852539062e-01
9.999319911003112793e-01
9.997656941413879395e-01
9.937866926193237305e-01
9.805191159248352051e-01
9.353868365287780762e-01
8.681507110595703125e-01
8.149614930152893066e-01
7.671154141426086426e-01
8.668641448020935059e-01
9.865767955780029297e-01
9.935110807418823242e-01
9.993848800659179688e-01
9.993832111358642578e-01
9.982449412345886230e-01
9.943926334381103516e-01
9.886385202407836914e-01
9.803963303565979004e-01
9.833183884620666504e-01
9.944385886192321777e-01
9.983714818954467773e-01
9.994814991950988770e-01
9.996002316474914551e-01
9.995551109313964844e-01
9.982307553291320801e-01
9.968037605285644531e-01
9.947661161422729492e-01
9.941466450691223145e-01
9.972033500671386719e-01
9.992073774337768555e-01
9.997265934944152832e-01
9.998662471771240234e-01
9.997032284736633301e-01
9.995876550674438477e-01
9.994926452636718750e-01
9.763485193252563477e-01
9.486414194107055664e-01
4.719216525554656982e-01
3.390036895871162415e-02
1.454157941043376923e-02
1.108813731207514836e-14
1.472864256772676850e-14
7.593085989356040955e-03
2.717896178364753723e-02
1.252412945032119751e-01
2.948485910892486572e-01
4.796841144561767578e-01
6.730434298515319824e-01
8.329941034317016602e-01
9.848790168762207031e-01
9.965067505836486816e-01
9.978772997856140137e-01
9.985466599464416504e-01
9.990381002426147461e-01
9.988407492637634277e-01
9.978667497634887695e-01
9.954009652137756348e-01
9.922103285789489746e-01
9.882413744926452637e-01
9.831275343894958496e-01
9.772958755493164062e-01
8.381066322326660156e-01
6.538947224617004395e-01
4.961966574192047119e-01
3.488695025444030762e-01
6.157115101814270020e-01
8.505970835685729980e-01
9.100524187088012695e-01
9.353879690170288086e-01
8.754504919052124023e-01
8.681794404983520508e-01
9.332963824272155762e-01
9.724254608154296875e-01
9.904794692993164062e-01
9.962886571884155273e-01
9.965205788612365723e-01
9.962884187698364258e-01
9.959560036659240723e-01
9.975749254226684570e-01
9.991690516471862793e-01
9.995786547660827637e-01
9.998885393142700195e-01
9.998494982719421387e-01
9.997234344482421875e-01
9.994363784790039062e-01
9.992831349372863770e-01
9.992721676826477051e-01
9.994283318519592285e-01
9.996880888938903809e-01
9.998309612274169922e-01
9.999340176582336426e-01
9.993364810943603516e-01
9.983995556831359863e-01
9.771632552146911621e-01
9.569209814071655273e-01
9.429519772529602051e-01
9.357597231864929199e-01
9.464672207832336426e-01
9.578698277473449707e-01
9.703702926635742188e-01
9.807472229003906250e-01
9.892480969429016113e-01
9.941068887710571289e-01
9.970942735671997070e-01
9.927484393119812012e-01
9.864718914031982422e-01
8.813675642013549805e-01
7.522890567779541016e-01
3.437471091747283936e-01
7.615517359226942062e-03
3.118054475635290146e-03
4.143412807025015354e-04
1.663060975261032581e-03
1.016479358077049255e-01
3.276760876178741455e-01
5.584779381752014160e-01
7.923314571380615234e-01
8.983955383300781250e-01
9.480215907096862793e-01
9.512934088706970215e-01
9.444751739501953125e-01
8.283182382583618164e-01
7.053192257881164551e-01
5.724834203720092773e-01
4.898686110973358154e-01
6.047722101211547852e-01
7.225636243820190430e-01
8.470579981803894043e-01
9.301195144653320312e-01
9.645949006080627441e-01
9.586494565010070801e-01
9.242197275161743164e-01
8.746523261070251465e-01
8.191182613372802734e-01
8.948165774345397949e-01
9.962612390518188477e-01
7.925685644149780273e-01
5.945788025856018066e-01
5.830425024032592773e-01
6.046731472015380859e-01
7.494703531265258789e-01
8.709835410118103027e-01
9.477111697196960449e-01
9.914669990539550781e-01
9.971475005149841309e-01
9.996232986450195312e-01
9.998573064804077148e-01
9.999449849128723145e-01
9.999734759330749512e-01
9.999793767929077148e-01
9.999808669090270996e-01
9.999459385871887207e-01
9.998893737792968750e-01
9.996161460876464844e-01
9.994348287582397461e-01
9.996083974838256836e-01
9.997727274894714355e-01
9.999197125434875488e-01
9.996278882026672363e-01
9.988036155700683594e-01
9.979197382926940918e-01
9.969942569732666016e-01
9.970377087593078613e-01
9.974993467330932617e-01
9.976314902305603027e-01
9.976913928985595703e-01
9.946199059486389160e-01
9.916025996208190918e-01
9.920021295547485352e-01
9.929214715957641602e-01
9.961052536964416504e-01
9.956436753273010254e-01
9.869524836540222168e-01
8.393217325210571289e-01
5.046322345733642578e-01
3.632802963256835938e-01
3.809400498867034912e-01
2.490724027156829834e-01
4.356554523110389709e-02
9.492615582473717950e-09
4.890041260807720391e-09
2.171819331124424934e-03
1.521427556872367859e-02
3.620464205741882324e-01
6.831171512603759766e-01
8.540810942649841309e-01
9.815002679824829102e-01
9.916974306106567383e-01
9.974324107170104980e-01
9.961324334144592285e-01
9.790911078453063965e-01
9.467652440071105957e-01
9.287325143814086914e-01
9.193916320800781250e-01
7.904604673385620117e-01
6.198340058326721191e-01
6.166221499443054199e-01
6.403763890266418457e-01
7.991200685501098633e-01
9.482266902923583984e-01
9.771606326103210449e-01
9.998083114624023438e-01
9.997818470001220703e-01
9.997634887695312500e-01
9.997612833976745605e-01
9.997889995574951172e-01
9.998531937599182129e-01
9.602580666542053223e-01
8.901829719543457031e-01
6.351566314697265625e-01
2.929546535015106201e-01
1.291639804840087891e-01
1.037436444312334061e-02
6.822223585752421049e-15
2.317483904334949329e-06
8.492251072311773896e-05
7.047475874423980713e-02
5.606961846351623535e-01
9.333330988883972168e-01
9.738866090774536133e-01
9.993407726287841797e-01
9.997637271881103516e-01
9.992741942405700684e-01
9.978354573249816895e-01
9.965218901634216309e-01
9.952930808067321777e-01
9.831885099411010742e-01
9.667658209800720215e-01
9.496111869812011719e-01
9.322575926780700684e-01
9.586195349693298340e-01
9.862043261528015137e-01
9.935522675514221191e-01
9.996334314346313477e-01
9.996957182884216309e-01
9.662004709243774414e-01
8.496654033660888672e-01
6.994449496269226074e-01
4.996851384639739990e-01
2.929028570652008057e-01
7.989082485437393188e-02
5.142101872479543090e-05
1.073160274245310575e-05
1.253439811989665031e-03
2.961550140753388405e-03
3.548304438591003418e-01
7.688397169113159180e-01
8.920776844024658203e-01
9.947066307067871094e-01
9.952773451805114746e-01
9.936631917953491211e-01
9.822887778282165527e-01
9.363418817520141602e-01
8.075299859046936035e-01
7.711457610130310059e-01
8.713611960411071777e-01
9.414257407188415527e-01
9.835368394851684570e-01
9.995000362396240234e-01
9.998288750648498535e-01
9.999084472656250000e-01
9.998979568481445312e-01
5.536019802093505859e-01
2.554199658334255219e-02
0.000000000000000000e+00
0.000000000000000000e+00
0.000000000000000000e+00
1.501030754297971725e-03
1.023252587765455246e-02
1.617316156625747681e-01
6.800336837768554688e-01
9.964676499366760254e-01
9.988048076629638672e-01
9.993240833282470703e-01
9.980182647705078125e-01
9.930101633071899414e-01
9.856179952621459961e-01
9.818702340126037598e-01
9.796047210693359375e-01
9.856365919113159180e-01
9.935057759284973145e-01
9.969620108604431152e-01
9.999739527702331543e-01
9.999017715454101562e-01
9.997608661651611328e-01
9.991973638534545898e-01
9.985105991363525391e-01
9.974401593208312988e-01
9.968373179435729980e-01
9.970876574516296387e-01
9.978215098381042480e-01
9.991183876991271973e-01
9.997650980949401855e-01
9.999105334281921387e-01
9.999708533287048340e-01
9.999890923500061035e-01
9.999784827232360840e-01
9.999595284461975098e-01
9.991565346717834473e-01
9.982447624206542969e-01
9.670875668525695801e-01
9.220185279846191406e-01
7.380916476249694824e-01
5.780747532844543457e-01
5.158191919326782227e-01
4.758848845958709717e-01
4.881718158721923828e-01
5.582182407379150391e-01
7.132703065872192383e-01
7.592496275901794434e-01
6.989859938621520996e-01
6.977214813232421875e-01
7.340308427810668945e-01
7.679788470268249512e-01
8.010923266410827637e-01
8.215718269348144531e-01
8.391474485397338867e-01
8.735557198524475098e-01
9.090475440025329590e-01
9.266617894172668457e-01
9.401580095291137695e-01
9.243548512458801270e-01
9.193425774574279785e-01
9.515852928161621094e-01
9.752438664436340332e-01
9.810417294502258301e-01
9.757239818572998047e-01
9.556064605712890625e-01
9.595181941986083984e-01
9.847182631492614746e-01
9.960032701492309570e-01
9.991507530212402344e-01
9.976336956024169922e-01
9.944037199020385742e-01
9.923345446586608887e-01
9.905039668083190918e-01
9.833911657333374023e-01
9.740999937057495117e-01
9.114391207695007324e-01
8.506864309310913086e-01
8.035195469856262207e-01
7.775892019271850586e-01
8.217160105705261230e-01
8.706376552581787109e-01
9.295767545700073242e-01
9.687145352363586426e-01
9.818942546844482422e-01
9.804529547691345215e-01
9.660627841949462891e-01
9.614931941032409668e-01
9.627775549888610840e-01
9.771857261657714844e-01
9.965879321098327637e-01
9.869413971900939941e-01
9.710493087768554688e-01
8.894990682601928711e-01
8.057745695114135742e-01
8.929682374000549316e-01
9.715768098831176758e-01
9.863715171813964844e-01
9.981846809387207031e-01
9.991256594657897949e-01
9.997897744178771973e-01
9.998395442962646484e-01
9.911884069442749023e-01
9.699241518974304199e-01
7.077637314796447754e-01
2.073818445205688477e-01
4.963241051882505417e-03
1.160904066637158394e-03
3.544699633494019508e-03
8.634842000901699066e-03
3.992168605327606201e-01
8.914597034454345703e-01
9.725232124328613281e-01
9.994915723800659180e-01
9.995260238647460938e-01
9.990709424018859863e-01
9.989719390869140625e-01
9.988564848899841309e-01
9.986619353294372559e-01
9.983582496643066406e-01
9.977501630783081055e-01
9.975867271423339844e-01
9.982179999351501465e-01
9.988735914230346680e-01
9.995568990707397461e-01
9.991639256477355957e-01
9.978746771812438965e-01
9.484257102012634277e-01
8.716189861297607422e-01
6.362953186035156250e-01
3.421710431575775146e-01
3.175815343856811523e-01
3.501434624195098877e-01
6.646474599838256836e-01
9.951455593109130859e-01
5.305048823356628418e-01
1.086649373173713684e-01
4.847783967852592468e-02
1.147457660408690572e-04
4.838283712160773575e-05
1.780113577842712402e-02
7.964949309825897217e-02
2.466481775045394897e-01
5.867677330970764160e-01
7.206755280494689941e-01
6.219084858894348145e-01
5.819339156150817871e-01
