9.822263717651367188e-01
9.451372027397155762e-01
8.792350292205810547e-01
9.407383203506469727e-01
9.906374216079711914e-01
9.986135363578796387e-01
9.992151856422424316e-01
9.992763996124267578e-01
9.994229674339294434e-01
9.997188448905944824e-01
9.999100565910339355e-01
9.999814629554748535e-01
9.950282573699951172e-01
9.268503785133361816e-01
8.048559427261352539e-01
7.969958186149597168e-01
7.948660254478454590e-01
8.040317893028259277e-01
8.959132432937622070e-01
9.584698677062988281e-01
9.964556097984313965e-01
9.978023767471313477e-01
9.913017153739929199e-01
9.725401997566223145e-01
9.100084900856018066e-01
8.811387419700622559e-01
8.788784742355346680e-01
9.201033711433410645e-01
9.515247344970703125e-01
9.743797779083251953e-01
9.817256927490234375e-01
9.909461736679077148e-01
9.986354708671569824e-01
9.997087717056274414e-01
9.999708533287048340e-01
9.999827742576599121e-01
9.999789595603942871e-01
9.999696016311645508e-01
9.999641776084899902e-01
9.999701976776123047e-01
9.999606013298034668e-01
9.999414086341857910e-01
9.999101758003234863e-01
9.998564124107360840e-01
9.993427991867065430e-01
9.980784654617309570e-01
9.804661870002746582e-01
9.598970413208007812e-01
9.378510117530822754e-01
9.485357999801635742e-01
9.664001464843750000e-01
9.900426268577575684e-01
9.965174794197082520e-01
9.996587634086608887e-01
9.999657869338989258e-01
9.999725222587585449e-01
9.998412132263183594e-01
9.995552897453308105e-01
9.967566132545471191e-01
9.961560368537902832e-01
9.975592494010925293e-01
9.989124536514282227e-01
9.995599389076232910e-01
9.996027946472167969e-01
9.992569684982299805e-01
9.994094967842102051e-01
9.998898506164550781e-01
9.999670386314392090e-01
9.999978542327880859e-01
9.999971985816955566e-01
9.999929666519165039e-01
9.999752640724182129e-01
9.999532103538513184e-01
9.999545216560363770e-01
9.999701976776123047e-01
9.999907612800598145e-01
9.999971389770507812e-01
9.999995231628417969e-01
9.999968409538269043e-01
9.999806284904479980e-01
9.846003651618957520e-01
9.679911732673645020e-01
9.722728133201599121e-01
5.039843916893005371e-01
5.224464075581636280e-06
1.081514255929505453e-06
0.000000000000000000e+00
0.000000000000000000e+00
0.000000000000000000e+00
0.000000000000000000e+00
4.573611915111541748e-02
2.146044522523880005e-01
6.283084154129028320e-01
9.746710062026977539e-01
9.857179522514343262e-01
9.919483661651611328e-01
9.962908029556274414e-01
9.991127848625183105e-01
9.998160600662231445e-01
9.999741911888122559e-01
9.999933838844299316e-01
9.999942183494567871e-01
9.999936819076538086e-01
9.999976754188537598e-01
9.999981522560119629e-01
9.999981522560119629e-01
9.999983906745910645e-01
9.999952316284179688e-01
9.999742507934570312e-01
9.999245405197143555e-01
9.998441338539123535e-01
9.996122121810913086e-01
9.991504549980163574e-01
9.986993074417114258e-01
7.927442789077758789e-01
2.867250144481658936e-01
9.429559111595153809e-02
6.288650533101743535e-17
2.125696943770447045e-16
2.723168581724166870e-02
3.211636245250701904e-01
9.585521221160888672e-01
9.906125664710998535e-01
6.917257905006408691e-01
3.117456659674644470e-02
2.151619659734265209e-26
0.000000000000000000e+00
0.000000000000000000e+00
0.000000000000000000e+00
1.691957861185073853e-01
5.288520455360412598e-01
8.386591076850891113e-01
9.990215897560119629e-01
9.997038841247558594e-01
9.977462887763977051e-01
9.810732007026672363e-01
9.492277503013610840e-01
8.978071808815002441e-01
8.696867227554321289e-01
8.652511239051818848e-01
9.135587215423583984e-01
9.510468244552612305e-01
9.770704507827758789e-01
9.225116372108459473e-01
8.759663701057434082e-01
8.397317528724670410e-01
9.368296861648559570e-01
9.866357445716857910e-01
9.933118224143981934e-01
9.874566793441772461e-01
9.852004051208496094e-01
9.863865375518798828e-01
9.953120350837707520e-01
9.996417164802551270e-01
9.999544024467468262e-01
9.997726082801818848e-01
9.972971081733703613e-01
9.924310445785522461e-01
9.775722026824951172e-01
9.806213974952697754e-01
9.978234767913818359e-01
9.992520213127136230e-01
9.999281764030456543e-01
9.999782443046569824e-01
9.998878836631774902e-01
9.986860156059265137e-01
9.764971733093261719e-01
5.855730772018432617e-01
4.204749763011932373e-01
4.536468088626861572e-01
7.529022693634033203e-01
9.250007271766662598e-01
9.892452359199523926e-01
9.554353356361389160e-01
9.242259860038757324e-01
8.995423913002014160e-01
9.484785199165344238e-01
9.811833500862121582e-01
9.998731017112731934e-01
9.999604225158691406e-01
9.999994039535522461e-01
9.999997615814208984e-01
9.999992847442626953e-01
9.999869465827941895e-01
9.999443292617797852e-01
9.995352029800415039e-01
9.966459870338439941e-01
9.916329979896545410e-01
9.844827651977539062e-01
9.821270108222961426e-01
9.838294982910156250e-01
9.887011647224426270e-01
9.934634566307067871e-01
9.979749321937561035e-01
9.990335106849670410e-01
9.995062351226806641e-01
9.993888735771179199e-01
9.969694018363952637e-01
9.806770086288452148e-01
9.459881186485290527e-01
7.386766076087951660e-01
5.915267467498779297e-01
5.089506506919860840e-01
8.005367517471313477e-01
9.590847492218017578e-01
9.988293051719665527e-01
9.992161989212036133e-01
9.890234470367431641e-01
9.689723253250122070e-01
9.422712922096252441e-01
9.416278600692749023e-01
9.652752280235290527e-01
9.530539512634277344e-01
6.501198410987854004e-01
6.517793238162994385e-02
2.569582872092723846e-02
7.027526199817657471e-02
1.996465176343917847e-01
7.141485810279846191e-01
9.840310215950012207e-01
9.971075057983398438e-01
9.986662268638610840e-01
9.995719790458679199e-01
9.999730587005615234e-01
9.999618530273437500e-01
9.997980594635009766e-01
9.994729757308959961e-01
9.927407503128051758e-01
9.742166996002197266e-01
9.419354796409606934e-01
9.340095520019531250e-01
9.422621726989746094e-01
9.691988229751586914e-01
9.787596464157104492e-01
9.803623557090759277e-01
9.730018973350524902e-01
9.574103951454162598e-01
9.445966482162475586e-01
9.366560578346252441e-01
9.253668785095214844e-01
9.183027148246765137e-01
9.180679321289062500e-01
9.154618978500366211e-01
8.899280428886413574e-01
8.283920884132385254e-01
8.531938791275024414e-01
8.992813825607299805e-01
9.611969590187072754e-01
9.853664040565490723e-01
9.976664185523986816e-01
9.993833303451538086e-01
9.997663497924804688e-01
9.998746514320373535e-01
9.999264478683471680e-01
9.997851848602294922e-01
9.992632269859313965e-01
9.980091452598571777e-01
9.896968007087707520e-01
9.552316069602966309e-01
8.635994791984558105e-01
7.379102706909179688e-01
6.393109560012817383e-01
6.332427263259887695e-01
7.056401968002319336e-01
8.100114464759826660e-01
9.390519857406616211e-01
9.853804707527160645e-01
9.995365738868713379e-01
9.993293285369873047e-01
9.735858440399169922e-01
9.498022198677062988e-01
9.672406911849975586e-01
9.840896725654602051e-01
9.977473020553588867e-01
9.992940425872802734e-01
9.986181259155273438e-01
9.974136948585510254e-01
9.985224604606628418e-01
9.988465309143066406e-01
9.982678294181823730e-01
9.948522448539733887e-01
9.947577118873596191e-01
9.964345097541809082e-01
9.973009228706359863e-01
9.780912399291992188e-01
8.860592246055603027e-01
2.584280967712402344e-01
5.588811109191738069e-05
5.977053423582066442e-22
8.132924600945897463e-21
3.113380968570709229e-01
8.407917618751525879e-01
9.450155496597290039e-01
9.957578182220458984e-01
1.000000000000000000e+00
1.000000000000000000e+00
9.937056303024291992e-01
9.813137054443359375e-01
9.850865602493286133e-01
9.904634952545166016e-01
9.974672794342041016e-01
9.989293217658996582e-01
9.996825456619262695e-01
9.998121857643127441e-01
9.996075630187988281e-01
9.951203465461730957e-01
9.848212003707885742e-01
9.125778079032897949e-01
8.800908923149108887e-01
9.194052815437316895e-01
9.619832634925842285e-01
9.919489622116088867e-01
9.986316561698913574e-01
9.998572468757629395e-01
9.998961687088012695e-01
9.995800852775573730e-01
9.990966320037841797e-01
9.963125586509704590e-01
9.881449341773986816e-01
8.952660560607910156e-01
7.545356154441833496e-01
5.464192032814025879e-01
4.677957892417907715e-01
4.164541959762573242e-01
3.087672889232635498e-01
2.696316540241241455e-01
3.147575259208679199e-01
5.942623019218444824e-01
8.145965337753295898e-01
9.779155254364013672e-01
9.924814105033874512e-01
9.957785606384277344e-01
9.932386279106140137e-01
9.936893582344055176e-01
9.944317340850830078e-01
9.954892992973327637e-01
9.978522658348083496e-01
9.987934827804565430e-01
9.986456632614135742e-01
9.982635378837585449e-01
9.982861280441284180e-01
9.986650943756103516e-01
9.990665912628173828e-01
9.990565180778503418e-01
9.986250400543212891e-01
9.983631372451782227e-01
9.942106604576110840e-01
9.854177236557006836e-01
8.791161775588989258e-01
8.034045696258544922e-01
7.795361280441284180e-01
8.609877228736877441e-01
9.321230649948120117e-01
9.655572175979614258e-01
9.650155901908874512e-01
9.645716547966003418e-01
9.758687019348144531e-01
9.891454577445983887e-01
9.990659356117248535e-01
9.996998906135559082e-01
9.981601238250732422e-01
9.803936481475830078e-01
9.159153699874877930e-01
7.146522402763366699e-01
5.520543456077575684e-01
7.336657047271728516e-01
7.312666773796081543e-01
5.898170471191406250e-01
1.667678952217102051e-01
1.293774396181106567e-01
3.338510990142822266e-01
7.240431904792785645e-01
7.791688442230224609e-01
5.882235169410705566e-01
1.843354701995849609e-01
1.519966986961662769e-03
2.535229270961281145e-07
7.609619842696702108e-06
7.315418124198913574e-02
2.185472100973129272e-01
3.063530325889587402e-01
3.203316926956176758e-01
2.471598535776138306e-01
6.363700628280639648e-01
9.165842533111572266e-01
9.880256652832031250e-01
9.974315166473388672e-01
9.985488653182983398e-01
9.996084570884704590e-01
9.998828768730163574e-01
9.999482631683349609e-01
9.998933076858520508e-01
9.990193247795104980e-01
9.966682791709899902e-01
9.907560348510742188e-01
9.889594912528991699e-01
9.891797900199890137e-01
9.913982748985290527e-01
9.916830062866210938e-01
9.899587631225585938e-01
9.822774529457092285e-01
9.781402349472045898e-01
9.772182703018188477e-01
9.860720634460449219e-01
9.905793666839599609e-01
9.762903451919555664e-01
6.811079382896423340e-01
3.549886345863342285e-01
4.614740319084376097e-04
1.632178737054346129e-06
3.873376781292243727e-17
2.074144425833600567e-18
1.023836302183498396e-39
0.000000000000000000e+00
0.000000000000000000e+00
6.756740527391375158e-16
1.117705851793289185e-01
4.207768440246582031e-01
6.292968392372131348e-01
6.991240382194519043e-01
5.024306774139404297e-01
5.616459846496582031e-01
7.154133915901184082e-01
9.347372651100158691e-01
9.978550672531127930e-01
9.999712109565734863e-01
9.999879002571105957e-01
9.999963641166687012e-01
9.999858736991882324e-01
9.998797774314880371e-01
9.929946064949035645e-01
9.804504513740539551e-01
9.528274536132812500e-01
9.553512334823608398e-01
9.827258586883544922e-01
9.925917387008666992e-01
9.980724453926086426e-01
9.988888502120971680e-01
9.980643987655639648e-01
9.979244470596313477e-01
9.988233447074890137e-01
9.993835687637329102e-01
9.997597336769104004e-01
9.998826980590820312e-01
9.999502897262573242e-01
9.999842047691345215e-01
9.999658465385437012e-01
9.999385476112365723e-01
9.999136328697204590e-01
9.999052882194519043e-01
9.999181628227233887e-01
9.999413490295410156e-01
9.999716877937316895e-01
9.999892115592956543e-01
9.999982118606567383e-01
9.999964237213134766e-01
9.997171759605407715e-01
9.988320469856262207e-01
9.892696142196655273e-01
9.837091565132141113e-01
9.819383025169372559e-01
9.876722097396850586e-01
9.930294156074523926e-01
9.977399110794067383e-01
7.976373434066772461e-01
4.977993369102478027e-01
6.651062518358230591e-02
1.104798456224350550e-14
3.540617571857676690e-18
1.487208206516034751e-17
2.723308801651000977e-01
5.149304270744323730e-01
4.233628213405609131e-01
2.209086865186691284e-01
1.493904739618301392e-02
4.476172849535942078e-03
2.871585777029395103e-03
6.187834590673446655e-02
5.903075933456420898e-01
8.845834732055664062e-01
9.929717779159545898e-01
8.103047013282775879e-01
6.336211562156677246e-01
4.627508521080017090e-01
5.486803650856018066e-01
6.683884263038635254e-01
8.203145265579223633e-01
3.780045807361602783e-01
3.488071262836456299e-02
5.337661597877740860e-03
1.243997047595257754e-07
1.028668135404586792e-02
4.663196951150894165e-02
3.136715590953826904e-01
5.898432731628417969e-01
6.049028038978576660e-01
7.337594032287597656e-01
9.024396538734436035e-01
9.676819443702697754e-01
9.943786859512329102e-01
9.947029352188110352e-01
9.890121221542358398e-01
9.890221357345581055e-01
9.942788481712341309e-01
9.973067045211791992e-01
9.988859295845031738e-01
9.987135529518127441e-01
9.940956234931945801e-01
9.869339466094970703e-01
9.762195348739624023e-01
9.826608896255493164e-01
9.915693402290344238e-01
9.979305267333984375e-01
9.995459318161010742e-01
9.993553161621093750e-01
9.983090162277221680e-01
9.971514940261840820e-01
9.960703253746032715e-01
9.958398938179016113e-01
9.943256974220275879e-01
9.908000826835632324e-01
9.677037000656127930e-01
9.412907958030700684e-01
9.117053747177124023e-01
9.563868045806884766e-01
9.858567118644714355e-01
9.927857518196105957e-01
9.665808081626892090e-01
9.178647398948669434e-01
8.351656794548034668e-01
9.115673303604125977e-01
9.955509305000305176e-01
9.989920854568481445e-01
9.995911717414855957e-01
9.970429539680480957e-01
9.854814410209655762e-01
9.827173948287963867e-01
9.854966402053833008e-01
9.945871829986572266e-01
9.990748167037963867e-01
9.999595284461975098e-01
9.999099373817443848e-01
9.974877238273620605e-01
9.924451112747192383e-01
9.452987909317016602e-01
9.280194640159606934e-01
9.618468880653381348e-01
9.818871021270751953e-01
9.942654967308044434e-01
9.948232173919677734e-01
9.930424690246582031e-01
9.887236952781677246e-01
9.779360890388488770e-01
9.792314767837524414e-01
9.864564538002014160e-01
9.943634867668151855e-01
9.985252022743225098e-01
9.999753832817077637e-01
9.999908208847045898e-01
9.999960064888000488e-01
9.999909400939941406e-01
9.999543428421020508e-01
9.999158978462219238e-01
9.998770952224731445e-01
9.999092817306518555e-01
9.999497532844543457e-01
9.999840259552001953e-01
9.999932050704956055e-01
9.999843835830688477e-01
9.999393224716186523e-01
9.996328353881835938e-01
9.992949366569519043e-01
9.995517730712890625e-01
9.997715950012207031e-01
9.999580383300781250e-01
9.999823570251464844e-01
9.999026656150817871e-01
9.997171759605407715e-01
9.986918568611145020e-01
9.983958005905151367e-01
9.992409348487854004e-01
9.996857047080993652e-01
9.999573230743408203e-01
9.999911785125732422e-01
9.999995231628417969e-01
9.999996423721313477e-01
9.999987483024597168e-01
9.995075464248657227e-01
9.984973073005676270e-01
9.954579472541809082e-01
9.950323700904846191e-01
9.965829253196716309e-01
9.981612563133239746e-01
9.992277026176452637e-01
9.997231960296630859e-01
9.998618960380554199e-01
9.999393224716186523e-01
9.999626874923706055e-01
9.999387860298156738e-01
9.996920228004455566e-01
9.988905787467956543e-01
9.976678490638732910e-01
9.967889189720153809e-01
9.982308745384216309e-01
9.991174340248107910e-01
9.996019005775451660e-01
9.992067813873291016e-01
9.944007396697998047e-01
9.856664538383483887e-01
9.539104700088500977e-01
9.296433329582214355e-01
9.159203767776489258e-01
9.554964900016784668e-01
9.878504276275634766e-01
9.900144338607788086e-01
9.707974195480346680e-01
8.915162682533264160e-01
6.262979507446289062e-01
3.922749757766723633e-01
2.133188247680664062e-01
3.162465989589691162e-01
5.188775658607482910e-01
7.930000424385070801e-01
9.075852632522583008e-01
9.672393202781677246e-01
9.647217988967895508e-01
9.285151958465576172e-01
8.940201997756958008e-01
8.680695891380310059e-01
8.717077970504760742e-01
8.896145224571228027e-01
9.287745356559753418e-01
9.170178771018981934e-01
8.845265507698059082e-01
8.576331734657287598e-01
8.878827691078186035e-01
9.552957415580749512e-01
9.845936894416809082e-01
9.997137784957885742e-01
9.999549984931945801e-01
9.999783039093017578e-01
9.999808073043823242e-01
9.999744892120361328e-01
9.999800324440002441e-01
9.999872446060180664e-01
9.999921321868896484e-01
9.999865293502807617e-01
9.999712705612182617e-01
9.999273419380187988e-01
9.998883605003356934e-01
9.998396039009094238e-01
9.995542168617248535e-01
9.898971915245056152e-01
9.707137942314147949e-01
9.273522496223449707e-01
9.179192185401916504e-01
9.651167392730712891e-01
9.868647456169128418e-01
9.990611672401428223e-01
9.997923374176025391e-01
9.998435974121093750e-01
9.996239542961120605e-01
9.993978142738342285e-01
9.994596838951110840e-01
9.997064471244812012e-01
9.998604059219360352e-01
9.999470114707946777e-01
9.999637007713317871e-01
9.999738335609436035e-01
9.999831914901733398e-01
9.999921321868896484e-01
9.999893307685852051e-01
9.999735951423645020e-01
9.999285340309143066e-01
9.999067783355712891e-01
9.999061226844787598e-01
9.999724626541137695e-01
1.000000000000000000e+00
9.999375343322753906e-01
9.977302551269531250e-01
9.947213530540466309e-01
9.908083677291870117e-01
9.938654303550720215e-01
9.966294169425964355e-01
9.976029992103576660e-01
9.969421029090881348e-01
9.965435266494750977e-01
9.984222650527954102e-01
9.994113445281982422e-01
9.999049305915832520e-01
9.999229311943054199e-01
9.999147653579711914e-01
9.998854994773864746e-01
9.999460577964782715e-01
9.999706745147705078e-01
9.999475479125976562e-01
9.999716877937316895e-01
9.999888539314270020e-01
9.999756217002868652e-01
9.997434616088867188e-01
9.987211823463439941e-01
9.946357607841491699e-01
9.590799212455749512e-01
8.969147205352783203e-01
7.249308824539184570e-01
6.616354584693908691e-01
7.049233913421630859e-01
5.173254013061523438e-01
3.186499178409576416e-01
1.253485530614852905e-01
5.341101884841918945e-01
9.459776282310485840e-01
9.862251281738281250e-01
9.991114735603332520e-01
9.973322153091430664e-01
9.783064126968383789e-01
6.177214980125427246e-01
2.493603096809238195e-05
8.926679583964869380e-06
1.044836160969870104e-40
3.410171916811588327e-40
3.087040749960578978e-05
1.908096224069595337e-01
7.986353635787963867e-01
7.982430458068847656e-01
6.096150875091552734e-01
4.747787415981292725e-01
5.226320028305053711e-01
6.836903691291809082e-01
8.870103955268859863e-01
9.925570487976074219e-01
9.978773593902587891e-01
9.973898530006408691e-01
9.967954754829406738e-01
9.968000054359436035e-01
9.976935386657714844e-01
9.987572431564331055e-01
9.996440410614013672e-01
9.999448060989379883e-01
9.999374747276306152e-01
9.997857213020324707e-01
9.996604323387145996e-01
9.995577931404113770e-01
9.998136758804321289e-01
9.999250173568725586e-01
9.998091459274291992e-01
9.955300688743591309e-01
9.811546206474304199e-01
9.417334794998168945e-01
9.609252214431762695e-01
9.982698559761047363e-01
9.959895610809326172e-01
9.962599277496337891e-01
9.984307289123535156e-01
9.966127276420593262e-01
9.949336647987365723e-01
9.934329986572265625e-01
9.949679374694824219e-01
9.963476657867431641e-01
9.963102340698242188e-01
9.963994622230529785e-01
9.968410134315490723e-01
9.988421797752380371e-01
9.997750520706176758e-01
9.999753832817077637e-01
9.999826550483703613e-01
9.999863505363464355e-01
9.999859333038330078e-01
9.999693632125854492e-01
9.999573826789855957e-01
9.999591112136840820e-01
9.999657869338989258e-01
9.999693632125854492e-01
9.999520182609558105e-01
9.998614192008972168e-01
9.997180104255676270e-01
9.994280338287353516e-01
9.992966651916503906e-01
9.993436336517333984e-01
9.996932744979858398e-01
9.997878074645996094e-01
9.992977380752563477e-01
9.802525043487548828e-01
9.583544731140136719e-01
9.495087265968322754e-01
9.589451551437377930e-01
9.791894555091857910e-01
9.905915260314941406e-01
9.970203638076782227e-01
9.979456663131713867e-01
9.983743429183959961e-01
9.987066984176635742e-01
9.989514350891113281e-01
9.987112879753112793e-01
9.984192848205566406e-01
9.985694885253906250e-01
9.990209341049194336e-01
9.996438622474670410e-01
9.998738765716552734e-01
9.999961256980895996e-01
9.999975562095642090e-01
9.999983310699462891e-01
9.999964833259582520e-01
9.999895095825195312e-01
9.999583363533020020e-01
9.999202489852905273e-01
9.998872280120849609e-01
9.996581077575683594e-01
9.991855025291442871e-01
9.950147271156311035e-01
9.942424893379211426e-01
9.975304603576660156e-01
9.988385438919067383e-01
9.995448589324951172e-01
9.994949698448181152e-01
9.996401667594909668e-01
9.998382329940795898e-01
9.999427199363708496e-01
9.999896287918090820e-01
9.999893307685852051e-01
9.992562532424926758e-01
9.778652787208557129e-01
9.293219447135925293e-01
9.555270075798034668e-01
9.861783385276794434e-01
9.962195158004760742e-01
9.994715452194213867e-01
9.998402595520019531e-01
9.998988509178161621e-01
9.999336600303649902e-01
9.999495148658752441e-01
9.999266862869262695e-01
9.989700317382812500e-01
9.966131448745727539e-01
8.886053562164306641e-01
6.668714880943298340e-01
1.660426408052444458e-01
1.280510719681160481e-08
1.694615447966896227e-09
2.011717903371845750e-08
3.028561174869537354e-01
8.917422890663146973e-01
9.691842794418334961e-01
9.969104528427124023e-01
9.976816177368164062e-01
9.865552783012390137e-01
9.535181522369384766e-01
8.475675582885742188e-01
7.511690855026245117e-01
6.603669524192810059e-01
5.623487830162048340e-01
5.695333480834960938e-01
6.973351240158081055e-01
8.472744822502136230e-01
9.620069265365600586e-01
9.917365908622741699e-01
9.998736381530761719e-01
9.999215006828308105e-01
9.997354149818420410e-01
9.921687841415405273e-01
9.790481328964233398e-01
9.600653648376464844e-01
9.518511295318603516e-01
9.592547416687011719e-01
9.663571119308471680e-01
9.750322103500366211e-01
9.886428713798522949e-01
9.949409365653991699e-01
9.947128891944885254e-01
9.644345641136169434e-01
9.392467737197875977e-01
9.190171360969543457e-01
9.606550335884094238e-01
9.928248524665832520e-01
9.974799752235412598e-01
9.350219368934631348e-01
8.548473715782165527e-01
7.879424095153808594e-01
8.208364248275756836e-01
9.195882678031921387e-01
9.694458842277526855e-01
9.977729320526123047e-01
9.979929924011230469e-01
9.904990196228027344e-01
9.801557660102844238e-01
9.657111167907714844e-01
9.652903676033020020e-01
9.724258184432983398e-01
9.894538521766662598e-01
9.982706904411315918e-01
9.995518326759338379e-01
9.975882768630981445e-01
9.923908114433288574e-01
9.816304445266723633e-01
9.130314588546752930e-01
8.353127837181091309e-01
7.946125864982604980e-01
7.999469041824340820e-01
8.356496691703796387e-01
8.350603580474853516e-01
8.701578378677368164e-01
9.525635838508605957e-01
9.837638735771179199e-01
9.997739791870117188e-01
9.992842078208923340e-01
9.984413385391235352e-01
9.975500106811523438e-01
9.978786110877990723e-01
9.986389279365539551e-01
9.998228549957275391e-01
9.999288320541381836e-01
9.999135732650756836e-01
9.998492002487182617e-01
9.998421072959899902e-01
9.997822046279907227e-01
9.993378520011901855e-01
9.985900521278381348e-01
9.976150393486022949e-01
9.978799223899841309e-01
9.979426860809326172e-01
9.976737499237060547e-01
9.912871718406677246e-01
9.847619533538818359e-01
9.826681613922119141e-01
9.864711761474609375e-01
9.934697747230529785e-01
9.971554279327392578e-01
9.992921948432922363e-01
9.996117949485778809e-01
9.991305470466613770e-01
9.985372424125671387e-01
9.979549050331115723e-01
9.963781833648681641e-01
9.906570315361022949e-01
9.547569155693054199e-01
7.985439300537109375e-01
5.317407250404357910e-01
6.015178561210632324e-01
7.217370271682739258e-01
8.906168341636657715e-01
9.632403850555419922e-01
9.977198839187622070e-01
9.991147518157958984e-01
9.992086291313171387e-01
9.983296990394592285e-01
9.961856007575988770e-01
9.929288029670715332e-01
9.879851937294006348e-01
9.878702759742736816e-01
9.889640808105468750e-01
9.901403188705444336e-01
9.898340702056884766e-01
9.883577823638916016e-01
9.782528877258300781e-01
9.709843993186950684e-01
9.673143029212951660e-01
9.792488813400268555e-01
9.917215704917907715e-01
9.976124167442321777e-01
9.990512132644653320e-01
9.967859983444213867e-01
9.759324193000793457e-01
7.816753983497619629e-01
3.999214768409729004e-01
1.579945236444473267e-01
1.919237838592380285e-04
4.437668030732311308e-05
9.593500755727291107e-03
8.649648725986480713e-02
6.663069128990173340e-01
9.628660082817077637e-01
9.957997202873229980e-01
9.990584850311279297e-01
9.996562600135803223e-01
9.997969269752502441e-01
9.998722672462463379e-01
9.999244213104248047e-01
9.999765753746032715e-01
1.000000000000000000e+00
1.000000000000000000e+00
9.998346567153930664e-01
9.993501901626586914e-01
9.983174800872802734e-01
9.943388104438781738e-01
9.901716113090515137e-01
9.893581867218017578e-01
9.917744994163513184e-01
9.965599775314331055e-01
9.985547661781311035e-01
9.997872114181518555e-01
9.998996257781982422e-01
9.997373223304748535e-01
9.991799592971801758e-01
9.972933530807495117e-01
9.973823428153991699e-01
9.987776279449462891e-01
9.995453953742980957e-01
9.998160600662231445e-01
9.993645548820495605e-01
9.991380572319030762e-01
9.990694522857666016e-01
9.993877410888671875e-01
9.994630217552185059e-01
9.993411898612976074e-01
9.971200823783874512e-01
9.876210689544677734e-01
9.682564735412597656e-01
9.025094509124755859e-01
8.261029720306396484e-01
7.468352317810058594e-01
7.521252632141113281e-01
8.081966042518615723e-01
9.188885688781738281e-01
9.861059784889221191e-01
9.971984028816223145e-01
9.980385303497314453e-01
9.969115853309631348e-01
9.957931637763977051e-01
9.927087426185607910e-01
9.887000322341918945e-01
9.884630441665649414e-01
9.910326600074768066e-01
9.971165060997009277e-01
9.988626837730407715e-01
9.995935559272766113e-01
9.996594786643981934e-01
9.997588396072387695e-01
9.998744726181030273e-01
9.999517202377319336e-01
9.999957680702209473e-01
9.999988079071044922e-01
9.999996423721313477e-01
9.999996423721313477e-01
9.999982118606567383e-01
9.998957514762878418e-01
9.996683597564697266e-01
9.979346990585327148e-01
9.951421618461608887e-01
9.910131096839904785e-01
9.939497709274291992e-01
9.974444508552551270e-01
9.985778331756591797e-01
9.990288615226745605e-01
9.990983009338378906e-01
9.992399811744689941e-01
9.994840621948242188e-01
9.998609423637390137e-01
9.999591708183288574e-01
9.999928474426269531e-01
9.999980330467224121e-01
1.000000000000000000e+00
9.999995231628417969e-01
9.999794363975524902e-01
9.987435936927795410e-01
9.958511590957641602e-01
9.303959608078002930e-01
8.421835303306579590e-01
7.212435007095336914e-01
6.564140915870666504e-01
6.277561783790588379e-01
6.639389395713806152e-01
7.181236743927001953e-01
7.988097071647644043e-01
8.896026015281677246e-01
9.684876799583435059e-01
9.889934062957763672e-01
9.982987642288208008e-01
9.998895525932312012e-01
9.999573230743408203e-01
9.999854564666748047e-01
9.999809265136718750e-01
9.999197125434875488e-01
9.998242259025573730e-01
9.996415972709655762e-01
9.992194771766662598e-01
9.986154437065124512e-01
9.935335516929626465e-01
9.863150715827941895e-01
9.755377769470214844e-01
9.805596470832824707e-01
9.899764060974121094e-01
9.944806694984436035e-01
9.956306815147399902e-01
9.939071536064147949e-01
9.814464449882507324e-01
9.588788151741027832e-01
9.171273708343505859e-01
8.958164453506469727e-01
8.897780179977416992e-01
9.411617517471313477e-01
9.725973010063171387e-01
9.845218062400817871e-01
9.904557466506958008e-01
9.947693943977355957e-01
9.967765808105468750e-01
9.942370653152465820e-01
9.823361635208129883e-01
8.804593086242675781e-01
5.858655571937561035e-01
7.220982760190963745e-02
5.678472007275559008e-05
1.849982254498172551e-06
2.939736077678389847e-06
6.570754107087850571e-03
3.540778160095214844e-02
6.163203120231628418e-01
9.641537070274353027e-01
9.934988617897033691e-01
9.991797804832458496e-01
9.985349178314208984e-01
9.945065975189208984e-01
9.821270704269409180e-01
9.640312790870666504e-01
9.633095264434814453e-01
9.716411232948303223e-01
9.945920109748840332e-01
9.911600947380065918e-01
9.814304113388061523e-01
9.817325472831726074e-01
9.771878719329833984e-01
9.685586690902709961e-01
9.466315507888793945e-01
9.307015538215637207e-01
9.297211170196533203e-01
9.590959548950195312e-01
9.971319437026977539e-01
9.985361695289611816e-01
9.963549971580505371e-01
9.903381466865539551e-01
9.527630805969238281e-01
9.148574471473693848e-01
8.890617489814758301e-01
9.282208085060119629e-01
1.000000000000000000e+00
1.000000000000000000e+00
9.604727625846862793e-01
8.669227957725524902e-01
7.498602867126464844e-01
6.446315050125122070e-01
6.112145781517028809e-01
6.578637957572937012e-01
7.617755532264709473e-01
8.930328488349914551e-01
9.828980565071105957e-01
9.962399005889892578e-01
9.872328639030456543e-01
8.953380584716796875e-01
3.001083731651306152e-01
7.864393293857574463e-03
7.224350702017545700e-04
9.042217279784381390e-04
1.783349663019180298e-01
7.964350581169128418e-01
5.955877900123596191e-01
2.719657495617866516e-02
1.727306284010410309e-02
8.524463512003421783e-03
1.262976904399693012e-03
1.025514109187497525e-07
5.798958591185510159e-04
3.314458532258868217e-03
3.052619695663452148e-01
8.093574643135070801e-01
9.247555136680603027e-01
9.868779182434082031e-01
9.696059226989746094e-01
8.753182291984558105e-01
7.799735069274902344e-01
8.506773114204406738e-01
9.173988699913024902e-01
9.804443120956420898e-01
9.939544200897216797e-01
9.996111392974853516e-01
9.996592402458190918e-01
9.965243339538574219e-01
9.912444949150085449e-01
9.750646352767944336e-01
9.663789868354797363e-01
9.676506519317626953e-01
9.772715568542480469e-01
9.862231612205505371e-01
9.842861890792846680e-01
9.709660410881042480e-01
9.491649270057678223e-01
9.273254871368408203e-01
9.309743046760559082e-01
9.848064780235290527e-01
9.750150442123413086e-01
9.458448886871337891e-01
9.679186940193176270e-01
9.848337173461914062e-01
9.961780309677124023e-01
9.985189437866210938e-01
9.992669224739074707e-01
9.995501041412353516e-01
9.997004270553588867e-01
9.997693300247192383e-01
9.992604851722717285e-01
9.990365505218505859e-01
9.992758035659790039e-01
9.995900392532348633e-01
9.998906254768371582e-01
9.999618530273437500e-01
9.999973773956298828e-01
9.999997615814208984e-01
9.999990463256835938e-01
9.999942183494567871e-01
9.999797940254211426e-01
9.999294877052307129e-01
9.998586177825927734e-01
9.997356534004211426e-01
9.996814727783203125e-01
9.997249841690063477e-01
9.997756481170654297e-01
9.997720122337341309e-01
9.994922876358032227e-01
9.989374876022338867e-01
9.981539249420166016e-01
9.989907741546630859e-01
9.997289776802062988e-01
9.999300837516784668e-01
9.999961256980895996e-01
9.999983310699462891e-01
9.999994039535522461e-01
1.000000000000000000e+00
1.000000000000000000e+00
9.999740123748779297e-01
9.998096227645874023e-01
9.990611672401428223e-01
9.903469085693359375e-01
9.754164218902587891e-01
8.734493255615234375e-01
8.072606921195983887e-01
8.325099945068359375e-01
8.851224184036254883e-01
9.472633004188537598e-01
9.691258668899536133e-01
9.746043086051940918e-01
9.592655897140502930e-01
9.446632862091064453e-01
9.365769028663635254e-01
9.554040431976318359e-01
9.679462313652038574e-01
9.756506681442260742e-01
9.289256334304809570e-01
8.579113483428955078e-01
7.412757277488708496e-01
6.146608591079711914e-01
4.987192451953887939e-01
6.189674735069274902e-01
7.550275325775146484e-01
9.116442799568176270e-01
9.697104096412658691e-01
9.982262849807739258e-01
9.989368915557861328e-01
9.991399645805358887e-01
9.989372491836547852e-01
9.988446235656738281e-01
9.970991015434265137e-01
9.914836287498474121e-01
9.862804412841796875e-01
9.814073443412780762e-01
9.793505072593688965e-01
9.508583545684814453e-01
8.853669166564941406e-01
6.182820200920104980e-01
3.167773187160491943e-01
1.185347959399223328e-01
3.968109935522079468e-02
6.586951762437820435e-02
3.650675415992736816e-01
6.580711007118225098e-01
8.586770892143249512e-01
9.558870792388916016e-01
9.953790307044982910e-01
9.976763725280761719e-01
9.971210956573486328e-01
9.920160770416259766e-01
9.131973385810852051e-01
7.599083781242370605e-01
2.556400001049041748e-01
1.538960076868534088e-02
4.321419075131416321e-02
3.928471803665161133e-01
7.404146790504455566e-01
9.230446815490722656e-01
9.966844916343688965e-01
9.994112849235534668e-01
9.995992183685302734e-01
9.993358254432678223e-01
9.983386993408203125e-01
8.385100960731506348e-01
6.014087200164794922e-01
2.159526199102401733e-01
2.388999797403812408e-03
4.082098312210291624e-04
2.057127207517623901e-01
4.759039878845214844e-01
8.265889286994934082e-01
9.880603551864624023e-01
9.965463280677795410e-01
9.979017972946166992e-01
9.985790252685546875e-01
9.991112947463989258e-01
9.981197118759155273e-01
9.962738752365112305e-01
9.921019673347473145e-01
9.901596903800964355e-01
9.917567372322082520e-01
9.938185811042785645e-01
9.958530068397521973e-01
9.965770840644836426e-01
9.969591498374938965e-01
9.969807267189025879e-01
9.954590797424316406e-01
9.917106628417968750e-01
9.810307621955871582e-01
7.094331979751586914e-01
2.526799142360687256e-01
9.642600268125534058e-02
6.233941749072836952e-25
1.513179922886202122e-25
1.785703248447135795e-30
6.725855928380042315e-05
1.565881189890205860e-03
4.139552637934684753e-02
1.365954577922821045e-01
1.365055590867996216e-01
1.366746723651885986e-01
3.122104406356811523e-01
5.840287208557128906e-01
9.510239362716674805e-01
9.998767971992492676e-01
9.997007250785827637e-01
9.991976022720336914e-01
9.982887506484985352e-01
9.971014261245727539e-01
9.595882892608642578e-01
9.302801489830017090e-01
9.222359061241149902e-01
9.121528267860412598e-01
8.959889411926269531e-01
7.689236998558044434e-01
6.710838675498962402e-01
6.160415410995483398e-01
6.522507071495056152e-01
7.095993757247924805e-01
7.274987697601318359e-01
5.393447875976562500e-01
1.410528421401977539e-01
3.996597230434417725e-02
2.452950502629391849e-05
7.663143151148688048e-06
4.535460029728710651e-04
1.237433869391679764e-03
4.169422984123229980e-01
7.705332040786743164e-01
9.146323800086975098e-01
9.725076556205749512e-01
9.856992959976196289e-01
9.926449656486511230e-01
9.973880648612976074e-01
9.985637664794921875e-01
9.984692931175231934e-01
9.979325532913208008e-01
9.973875880241394043e-01
9.973728656768798828e-01
9.979781508445739746e-01
9.987878203392028809e-01
9.995250105857849121e-01
9.997338056564331055e-01
9.997875690460205078e-01
9.997088313102722168e-01
9.994546175003051758e-01
9.993260502815246582e-01
9.996142983436584473e-01
9.998194575309753418e-01
9.999729990959167480e-01
9.999873042106628418e-01
9.999955296516418457e-01
9.999984502792358398e-01
9.999889731407165527e-01
9.999508261680603027e-01
9.994519352912902832e-01
9.973660111427307129e-01
9.929544329643249512e-01
9.938991665840148926e-01
9.964661598205566406e-01
9.986867904663085938e-01
9.998576641082763672e-01
9.998803734779357910e-01
9.998959898948669434e-01
9.999175667762756348e-01
9.999707937240600586e-01
9.999946951866149902e-01
9.999945163726806641e-01
9.999974966049194336e-01
1.000000000000000000e+00
1.000000000000000000e+00
9.998060464859008789e-01
9.994900226593017578e-01
9.861130118370056152e-01
9.759220480918884277e-01
9.732670783996582031e-01
9.783929586410522461e-01
9.863092899322509766e-01
9.701333045959472656e-01
7.913427352905273438e-01
3.575697541236877441e-01
1.354138255119323730e-01
2.690230758162215352e-06
2.980473618663381785e-05
9.758929908275604248e-02
3.135536313056945801e-01
6.655378341674804688e-01
9.899002909660339355e-01
9.962327480316162109e-01
9.995223879814147949e-01
9.999176263809204102e-01
9.998773932456970215e-01
9.998211264610290527e-01
9.999459385871887207e-01
9.999994039535522461e-01
9.999997019767761230e-01
9.999985694885253906e-01
9.999968409538269043e-01
9.999939203262329102e-01
9.999929666519165039e-01
9.999932050704956055e-01
9.999839663505554199e-01
9.999710321426391602e-01
9.999510645866394043e-01
9.999604225158691406e-01
9.999827146530151367e-01
9.999897480010986328e-01
9.999859333038330078e-01
9.999651312828063965e-01
9.995075464248657227e-01
9.969363808631896973e-01
9.753171801567077637e-01
8.986667394638061523e-01
7.532523870468139648e-01
5.809299349784851074e-01
4.519892334938049316e-01
6.222118139266967773e-01
7.667037844657897949e-01
8.848602771759033203e-01
7.518734335899353027e-01
6.201933026313781738e-01
6.879375576972961426e-01
8.110371828079223633e-01
9.805656671524047852e-01
9.991083145141601562e-01
9.989718794822692871e-01
9.968187212944030762e-01
9.658560156822204590e-01
9.151616692543029785e-01
6.461258530616760254e-01
5.077822804450988770e-01
7.232538461685180664e-01
8.742302656173706055e-01
9.885433912277221680e-01
9.957238435745239258e-01
9.994989633560180664e-01
9.997338056564331055e-01
9.994401931762695312e-01
9.987638592720031738e-01
9.934126138687133789e-01
9.864529371261596680e-01
9.768480062484741211e-01
9.275187253952026367e-01
8.622108697891235352e-01
7.860714197158813477e-01
7.966781258583068848e-01
9.284450411796569824e-01
9.586109519004821777e-01
9.546517133712768555e-01
9.293916225433349609e-01
9.205103516578674316e-01
9.312852621078491211e-01
7.472939491271972656e-01
5.168661475181579590e-01
2.980366647243499756e-01
3.452242612838745117e-01
6.664344072341918945e-01
8.610487580299377441e-01
9.999452829360961914e-01
9.998819828033447266e-01
9.996358752250671387e-01
9.992275834083557129e-01
9.896454811096191406e-01
9.658107161521911621e-01
8.954133391380310059e-01
8.135069608688354492e-01
7.227939367294311523e-01
7.545456290245056152e-01
8.088805675506591797e-01
8.929021954536437988e-01
9.531781673431396484e-01
9.971132874488830566e-01
9.997779130935668945e-01
9.997146129608154297e-01
9.995648264884948730e-01
9.995236396789550781e-01
9.995473623275756836e-01
9.983577728271484375e-01
9.330618977546691895e-01
7.256562113761901855e-01
5.480645895004272461e-01
3.866492509841918945e-01
1.626896262168884277e-01
1.123936846852302551e-02
2.729760482907295227e-03
5.869121014256961644e-05
7.390012033283710480e-03
3.331157267093658447e-01
6.226656436920166016e-01
8.490242362022399902e-01
9.093866944313049316e-01
9.029845595359802246e-01
9.444620013236999512e-01
9.755407571792602539e-01
9.901808500289916992e-01
9.954982399940490723e-01
9.972718954086303711e-01
9.983979463577270508e-01
9.991927742958068848e-01
9.995080828666687012e-01
9.985195398330688477e-01
9.851537942886352539e-01
8.507211208343505859e-01
5.826095938682556152e-01
1.371178776025772095e-01
1.954996958374977112e-02
3.870608052238821983e-03
1.848698966205120087e-02
4.736906662583351135e-02
9.380874782800674438e-02
5.458434298634529114e-02
8.198257006597486907e-08
3.001276382974538137e-08
3.381780115887522697e-03
1.067887805402278900e-02
4.207888841629028320e-01
8.657269477844238281e-01
9.182919263839721680e-01
9.502853155136108398e-01
9.598678350448608398e-01
9.743427038192749023e-01
9.882962107658386230e-01
9.935954213142395020e-01
9.970415234565734863e-01
9.985744953155517578e-01
9.993308782577514648e-01
9.998414516448974609e-01
9.999298453330993652e-01
9.999794960021972656e-01
9.999907016754150391e-01
9.999955892562866211e-01
9.999986886978149414e-01
9.999994635581970215e-01
9.999998211860656738e-01
9.999997615814208984e-01
9.999976158142089844e-01
9.999948740005493164e-01
9.999907016754150391e-01
9.999903440475463867e-01
9.999935626983642578e-01
9.999881386756896973e-01
9.999258518218994141e-01
9.996245503425598145e-01
9.990605711936950684e-01
9.982564449310302734e-01
9.967342615127563477e-01
9.912849068641662598e-01
9.697916507720947266e-01
9.470587372779846191e-01
9.232088923454284668e-01
9.613059759140014648e-01
9.849957823753356934e-01
9.082621335983276367e-01
8.987919092178344727e-01
9.490460157394409180e-01
9.713240265846252441e-01
9.847380518913269043e-01
9.802210927009582520e-01
9.316040873527526855e-01
8.436237573623657227e-01
5.945125818252563477e-01
3.920751214027404785e-01
4.891552031040191650e-01
6.226471066474914551e-01
7.888221740722656250e-01
6.396105885505676270e-01
4.224877059459686279e-01
1.359412372112274170e-01
3.010460249877154209e-19
3.766634127684981451e-20
0.000000000000000000e+00
0.000000000000000000e+00
0.000000000000000000e+00
6.092449650168418884e-02
1.783489435911178589e-01
1.901187449693679810e-01
1.778477281332015991e-01
1.416253000497817993e-01
3.675646781921386719e-01
8.443722724914550781e-01
9.588837623596191406e-01
9.971588850021362305e-01
9.979265928268432617e-01
9.987409710884094238e-01
9.996014833450317383e-01
9.997111558914184570e-01
9.987684488296508789e-01
9.931958913803100586e-01
9.564578533172607422e-01
8.874877095222473145e-01
9.186416268348693848e-01
9.666040539741516113e-01
9.857183694839477539e-01
9.952519536018371582e-01
9.943328499794006348e-01
9.939948916435241699e-01
9.941034317016601562e-01
9.961552619934082031e-01
9.973118305206298828e-01
9.974377751350402832e-01
9.981910586357116699e-01
9.990302324295043945e-01
9.993211627006530762e-01
9.993848204612731934e-01
9.991687536239624023e-01
9.993870258331298828e-01
9.997103214263916016e-01
9.998527765274047852e-01
9.991610646247863770e-01
9.973590373992919922e-01
9.854962825775146484e-01
9.710801243782043457e-01
9.641621112823486328e-01
9.572626948356628418e-01
9.503901004791259766e-01
5.575834512710571289e-01
5.973253399133682251e-02
4.124018177390098572e-02
2.299259416759014130e-02
5.130894016474485397e-03
3.427525427923683310e-07
6.485648453235626221e-03
1.743915081024169922e-01
4.314516484737396240e-01
8.447809219360351562e-01
9.830566048622131348e-01
9.963589310646057129e-01
9.979472160339355469e-01
9.991744756698608398e-01
9.996958971023559570e-01
9.993853569030761719e-01
9.986534118652343750e-01
9.799369573593139648e-01
9.645977020263671875e-01
9.571379423141479492e-01
9.658054113388061523e-01
9.837033152580261230e-01
9.921777248382568359e-01
9.980810880661010742e-01
9.984589815139770508e-01
9.944190979003906250e-01
9.875060319900512695e-01
9.868175983428955078e-01
9.881826639175415039e-01
9.942367076873779297e-01
9.978989958763122559e-01
9.997849464416503906e-01
9.997012019157409668e-01
9.857427477836608887e-01
9.236009120941162109e-01
7.856941223144531250e-01
5.841127038002014160e-01
6.933814883232116699e-01
8.246821165084838867e-01
8.363339900970458984e-01
8.718538880348205566e-01
9.306047558784484863e-01
9.573240280151367188e-01
9.759444594383239746e-01
9.864479899406433105e-01
9.932165741920471191e-01
9.957480430603027344e-01
9.973438382148742676e-01
9.986276030540466309e-01
9.993972778320312500e-01
9.998733401298522949e-01
9.999615550041198730e-01
9.999758601188659668e-01
9.999676346778869629e-01
9.999858736991882324e-01
9.999700188636779785e-01
9.999005794525146484e-01
9.997640848159790039e-01
9.994853138923645020e-01
9.951581954956054688e-01
9.266601204872131348e-01
7.377284169197082520e-01
5.888411402702331543e-01
4.600000381469726562e-01
6.992453932762145996e-01
8.930798172950744629e-01
9.697000980377197266e-01
9.991564154624938965e-01
9.999094009399414062e-01
9.999545812606811523e-01
9.999546408653259277e-01
9.999582767486572266e-01
9.999713897705078125e-01
9.999916553497314453e-01
9.999645948410034180e-01
9.999112486839294434e-01
9.997807741165161133e-01
9.995344281196594238e-01
9.991837739944458008e-01
9.989524483680725098e-01
9.988375902175903320e-01
9.992147088050842285e-01
9.995701909065246582e-01
9.999018907546997070e-01
9.999836683273315430e-01
9.999601244926452637e-01
9.996088147163391113e-01
9.962173104286193848e-01
9.886604547500610352e-01
9.856724143028259277e-01
9.847868084907531738e-01
9.923648834228515625e-01
9.972519278526306152e-01
9.975090622901916504e-01
9.975663423538208008e-01
9.975305795669555664e-01
9.984391927719116211e-01
9.990068674087524414e-01
9.988214969635009766e-01
8.989115953445434570e-01
7.391521930694580078e-01
3.229948580265045166e-01
4.853430102258471379e-09
2.402054555261656787e-08
6.722161918878555298e-02
1.860568374395370483e-01
6.166389584541320801e-01
9.980346560478210449e-01
9.992821216583251953e-01
9.998950362205505371e-01
9.998909831047058105e-01
9.998572468757629395e-01
9.993665218353271484e-01
9.959770441055297852e-01
9.713539481163024902e-01
9.202549457550048828e-01
9.435114264488220215e-01
9.877368211746215820e-01
9.945344328880310059e-01
9.986257553100585938e-01
9.982985258102416992e-01
9.981212019920349121e-01
9.980119466781616211e-01
9.984277486801147461e-01
9.892814159393310547e-01
9.592151045799255371e-01
5.978869199752807617e-01
3.887481614947319031e-02
4.207183793187141418e-02
1.749875098466873169e-01
5.886117815971374512e-01
8.461959362030029297e-01
9.804622530937194824e-01
9.985386729240417480e-01
9.986910223960876465e-01
9.984267354011535645e-01
9.986155629158020020e-01
9.992824792861938477e-01
9.991588592529296875e-01
9.980725646018981934e-01
9.904868602752685547e-01
9.841945171356201172e-01
9.797110557556152344e-01
9.837309122085571289e-01
9.908798933029174805e-01
9.949308037757873535e-01
9.947794675827026367e-01
9.865453839302062988e-01
7.737395763397216797e-01
4.502765238285064697e-01
1.955604851245880127e-01
2.547392807900905609e-02
8.103749155998229980e-02
3.224416375160217285e-01
7.030832171440124512e-01
8.708092570304870605e-01
9.846579432487487793e-01
9.928753376007080078e-01
9.976939558982849121e-01
9.990367293357849121e-01
7.879688739776611328e-01
5.712544322013854980e-01
7.354567646980285645e-01
8.686645627021789551e-01
9.580323696136474609e-01
9.894084930419921875e-01
9.979146718978881836e-01
9.972642660140991211e-01
9.960107207298278809e-01
9.935398697853088379e-01
9.891932606697082520e-01
9.837863445281982422e-01
9.852774739265441895e-01
9.880765676498413086e-01
9.935744404792785645e-01
9.954586625099182129e-01
9.944329261779785156e-01
9.911243319511413574e-01
9.879688620567321777e-01
9.875041842460632324e-01
9.891686439514160156e-01
9.932585954666137695e-01
9.946762919425964355e-01
9.948087930679321289e-01
9.887989163398742676e-01
9.819543361663818359e-01
9.737578034400939941e-01
6.866111159324645996e-01
2.691109180450439453e-01
1.102595403790473938e-01
8.957882695773762734e-16
2.955728880982169508e-16
5.772844815510325134e-07
1.551960281176434364e-06
8.507296442985534668e-02
2.343230843544006348e-01
6.038624644279479980e-01
8.175342082977294922e-01
8.741679191589355469e-01
9.019015431404113770e-01
9.237417578697204590e-01
9.572671055793762207e-01
9.824252128601074219e-01
9.952070713043212891e-01
9.994010925292968750e-01
9.999925494194030762e-01
9.999175071716308594e-01
9.997252821922302246e-01
9.992704987525939941e-01
9.991196393966674805e-01
9.991636276245117188e-01
9.994255900382995605e-01
9.996802806854248047e-01
9.998260736465454102e-01
9.999180436134338379e-01
9.999580979347229004e-01
9.999261498451232910e-01
9.998900294303894043e-01
9.999591112136840820e-01
1.000000000000000000e+00
1.000000000000000000e+00
9.980831146240234375e-01
9.952386617660522461e-01
9.750290513038635254e-01
9.658618569374084473e-01
9.816040992736816406e-01
9.921030998229980469e-01
9.992123246192932129e-01
9.999444484710693359e-01
9.998637437820434570e-01
9.992454648017883301e-01
9.981666803359985352e-01
9.966269135475158691e-01
9.974979162216186523e-01
9.989014863967895508e-01
9.995583295822143555e-01
9.999510645866394043e-01
9.999387264251708984e-01
9.999533295631408691e-01
9.999799728393554688e-01
9.999917149543762207e-01
1.000000000000000000e+00
1.000000000000000000e+00
9.998189806938171387e-01
9.995082616806030273e-01
9.994173645973205566e-01
9.994071722030639648e-01
9.996336698532104492e-01
9.997346401214599609e-01
9.996942281723022461e-01
9.969099164009094238e-01
9.923877716064453125e-01
9.743215441703796387e-01
9.537713527679443359e-01
9.287691712379455566e-01
8.968985080718994141e-01
8.614546656608581543e-01
8.762179613113403320e-01
9.013636112213134766e-01
9.505662918090820312e-01
9.817497730255126953e-01
9.973686337471008301e-01
9.931494593620300293e-01
9.863620996475219727e-01
9.897592067718505859e-01
9.932454228401184082e-01
9.968451857566833496e-01
9.975556135177612305e-01
9.968069791793823242e-01
9.433760643005371094e-01
8.258238434791564941e-01
5.588207244873046875e-01
4.949422180652618408e-01
5.704081058502197266e-01
7.161530256271362305e-01
8.491266965866088867e-01
8.804350495338439941e-01
8.731652498245239258e-01
8.223797082901000977e-01
7.841056585311889648e-01
7.403223514556884766e-01
5.327956676483154297e-01
4.239794313907623291e-01
5.019630193710327148e-01
6.825894713401794434e-01
9.219337105751037598e-01
9.681028723716735840e-01
9.936148524284362793e-01
9.975461363792419434e-01
9.996086359024047852e-01
9.998978376388549805e-01
9.999138712882995605e-01
9.998591542243957520e-01
9.997641444206237793e-01
9.997668266296386719e-01
9.999269843101501465e-01
9.999864697456359863e-01
9.999973773956298828e-01
9.999907016754150391e-01
9.999423027038574219e-01
9.997724294662475586e-01
9.980860352516174316e-01
9.951262474060058594e-01
9.948183298110961914e-01
9.952579140663146973e-01
9.972474575042724609e-01
9.985240697860717773e-01
9.987888932228088379e-01
9.984294772148132324e-01
9.978028535842895508e-01
9.964005351066589355e-01
9.953835010528564453e-01
9.953932762145996094e-01
9.956181645393371582e-01
9.960091114044189453e-01
9.974721670150756836e-01
9.989754557609558105e-01
9.996066689491271973e-01
9.999744892120361328e-01
9.999913573265075684e-01
9.999918341636657715e-01
9.999856948852539062e-01
9.999697208404541016e-01
9.999548792839050293e-01
9.999430179595947266e-01
9.999455809593200684e-01
9.999588131904602051e-01
9.999804496765136719e-01
9.999949336051940918e-01
9.999611377716064453e-01
9.998923540115356445e-01
9.997783899307250977e-01
9.979915022850036621e-01
9.943560361862182617e-01
8.116598725318908691e-01
6.205610036849975586e-01
4.099893867969512939e-01
4.474115669727325439e-01
6.651652455329895020e-01
8.458909988403320312e-01
9.955625534057617188e-01
9.983862042427062988e-01
9.999933838844299316e-01
9.999938011169433594e-01
9.991177320480346680e-01
9.978891611099243164e-01
9.986874461174011230e-01
9.993838667869567871e-01
9.998132586479187012e-01
1.000000000000000000e+00
1.000000000000000000e+00
9.391760230064392090e-01
8.225400447845458984e-01
4.114943742752075195e-01
1.298744976520538330e-01
3.006285056471824646e-02
1.669445307925343513e-03
4.054988734424114227e-03
3.056493997573852539e-01
5.967354774475097656e-01
8.412495255470275879e-01
9.222198724746704102e-01
8.665609359741210938e-01
6.558184027671813965e-01
4.270178973674774170e-01
3.194940686225891113e-01
3.885483741760253906e-01
7.332485318183898926e-01
8.855575323104858398e-01
9.438985586166381836e-01
4.975477159023284912e-01
1.955373287200927734e-01
4.417982399463653564e-01
5.947149991989135742e-01
6.596180796623229980e-01
6.478841900825500488e-01
6.311829686164855957e-01
7.962632179260253906e-01
9.217689633369445801e-01
9.753991961479187012e-01
9.966938495635986328e-01
9.993816018104553223e-01
9.997260570526123047e-01
9.998288750648498535e-01
9.998245239257812500e-01
9.933107495307922363e-01
9.796434044837951660e-01
9.211792349815368652e-01
8.500040769577026367e-01
8.299363255500793457e-01
8.301551938056945801e-01
8.751026391983032227e-01
6.278496980667114258e-01
1.776564121246337891e-01
5.862496793270111084e-02
3.133140353384078480e-06
4.736427854368230328e-06
1.841326802968978882e-01
6.178337931632995605e-01
8.380078673362731934e-01
9.678183197975158691e-01
9.807291030883789062e-01
9.892628788948059082e-01
9.916616678237915039e-01
9.660946726799011230e-01
9.161550998687744141e-01
6.922330260276794434e-01
4.282165169715881348e-01
1.674151569604873657e-01
9.043267928063869476e-04
2.401192177785560489e-04
1.304506349697476253e-05
3.234648829675279558e-05
2.483837306499481201e-01
5.263451337814331055e-01
8.319943547248840332e-01
9.960484504699707031e-01
9.986808896064758301e-01
9.989535808563232422e-01
9.983733892440795898e-01
9.958946108818054199e-01
9.939328432083129883e-01
9.932188391685485840e-01
9.912416934967041016e-01
9.882933497428894043e-01
9.714164137840270996e-01
9.494513869285583496e-01
9.084570407867431641e-01
8.692875504493713379e-01
8.330045938491821289e-01
8.341663479804992676e-01
8.545008897781372070e-01
8.967754244804382324e-01
9.349218010902404785e-01
9.517835974693298340e-01
9.681648015975952148e-01
9.839913249015808105e-01
9.928658604621887207e-01
9.993141889572143555e-01
9.993136525154113770e-01
9.982750415802001953e-01
9.948135614395141602e-01
9.405135512351989746e-01
8.480756282806396484e-01
4.862747788429260254e-01
1.303124427795410156e-01
2.084942758083343506e-01
3.852930665016174316e-01
7.183979153633117676e-01
8.701218962669372559e-01
9.277550578117370605e-01
9.579148292541503906e-01
9.767770171165466309e-01
9.589555859565734863e-01
9.069634079933166504e-01
8.165163993835449219e-01
7.254819273948669434e-01
6.361493468284606934e-01
7.117284536361694336e-01
7.988415956497192383e-01
9.155715703964233398e-01
9.764134287834167480e-01
9.920278191566467285e-01
9.965170621871948242e-01
9.984834790229797363e-01
9.993701577186584473e-01
9.999006390571594238e-01
9.998055696487426758e-01
9.997034668922424316e-01
9.995972514152526855e-01
9.997220039367675781e-01
9.997566342353820801e-01
9.992193579673767090e-01
9.988202452659606934e-01
9.985998868942260742e-01
9.949012398719787598e-01
9.897456765174865723e-01
9.941953420639038086e-01
9.980461001396179199e-01
9.991347789764404297e-01
9.995004534721374512e-01
9.991653561592102051e-01
9.558172225952148438e-01
8.874406218528747559e-01
5.445362329483032227e-01
2.793437242507934570e-01
1.870628744363784790e-01
1.397021412849426270e-01
1.252647340297698975e-01
8.366263657808303833e-02
4.798007383942604065e-02
1.028511747717857361e-01
2.612856030464172363e-01
5.929046869277954102e-01
7.282210588455200195e-01
7.529207468032836914e-01
7.876501083374023438e-01
8.335434794425964355e-01
9.283741712570190430e-01
9.705044627189636230e-01
9.446207880973815918e-01
6.784124374389648438e-01
3.107416927814483643e-01
1.557206809520721436e-01
6.063951179385185242e-02
1.416438072919845581e-01
3.801375627517700195e-01
7.795267105102539062e-01
9.292577505111694336e-01
9.979018568992614746e-01
9.989714622497558594e-01
9.997639060020446777e-01
9.998692274093627930e-01
9.999257922172546387e-01
9.999424815177917480e-01
9.980593323707580566e-01
9.945760369300842285e-01
9.773060083389282227e-01
8.344303369522094727e-01
4.481694400310516357e-01
1.922651082277297974e-01
2.293850481510162354e-02
1.360982893495055884e-16
6.318156956695020199e-04
5.646845791488885880e-03
2.228901386260986328e-01
7.739422917366027832e-01
9.431716799736022949e-01
9.069057106971740723e-01
6.420199275016784668e-01
3.676481544971466064e-01
1.554439216852188110e-01
3.343150764703750610e-02
2.823477983474731445e-02
2.991827726364135742e-01
6.907025575637817383e-01
8.621159791946411133e-01
9.869862198829650879e-01
9.790695905685424805e-01
9.683557748794555664e-01
9.545530676841735840e-01
9.667290449142456055e-01
9.881551265716552734e-01
9.940482378005981445e-01
9.985669851303100586e-01
9.992431998252868652e-01
9.993451833724975586e-01
9.989113807678222656e-01
9.746156334877014160e-01
9.350253939628601074e-01
6.692259907722473145e-01
4.891921877861022949e-01
5.130121111869812012e-01
6.302121877670288086e-01
8.229428529739379883e-01
9.214984774589538574e-01
9.928425550460815430e-01
9.960488080978393555e-01
9.983804821968078613e-01
9.989082813262939453e-01
9.989305734634399414e-01
9.985935091972351074e-01
9.928854703903198242e-01
9.817610979080200195e-01
9.310162067413330078e-01
8.729133605957031250e-01
8.018428683280944824e-01
8.244719505310058594e-01
9.055105447769165039e-01
9.514253139495849609e-01
9.871979355812072754e-01
9.887918829917907715e-01
9.894014000892639160e-01
9.884268045425415039e-01
9.924397468566894531e-01
9.992835521697998047e-01
9.988689422607421875e-01
9.965892434120178223e-01
9.885747432708740234e-01
9.776561260223388672e-01
9.624678492546081543e-01
9.574037194252014160e-01
9.574890136718750000e-01
9.791446924209594727e-01
9.988080263137817383e-01
9.995316863059997559e-01
9.999197721481323242e-01
9.998573660850524902e-01
9.997525215148925781e-01
9.996277093887329102e-01
9.996866583824157715e-01
9.997507333755493164e-01
9.997802376747131348e-01
9.998480677604675293e-01
9.999644160270690918e-01
9.998120069503784180e-01
9.995416402816772461e-01
9.976550936698913574e-01
9.953749179840087891e-01
9.918857216835021973e-01
9.758552312850952148e-01
9.448795914649963379e-01
7.632315158843994141e-01
5.192849636077880859e-01
3.031161129474639893e-01
2.361173927783966064e-01
7.222968935966491699e-01
9.877986311912536621e-01
9.971298575401306152e-01
9.948765635490417480e-01
9.879779219627380371e-01
8.190069198608398438e-01
6.182832717895507812e-01
3.237174153327941895e-01
3.909507691860198975e-01
8.676536083221435547e-01
9.293829202651977539e-01
8.315797448158264160e-01
4.662221670150756836e-01
2.763443887233734131e-01
7.341196537017822266e-01
9.823896288871765137e-01
9.961306452751159668e-01
9.999814629554748535e-01
9.999926090240478516e-01
9.999079704284667969e-01
9.997208118438720703e-01
9.991805553436279297e-01
9.991056919097900391e-01
9.995574355125427246e-01
9.997932910919189453e-01
9.999442696571350098e-01
9.999373555183410645e-01
9.999368786811828613e-01
9.999779462814331055e-01
9.999983906745910645e-01
9.999948143959045410e-01
9.998483061790466309e-01
9.996441006660461426e-01
9.989886879920959473e-01
9.984628558158874512e-01
9.985074996948242188e-01
9.988617897033691406e-01
9.995869994163513184e-01
9.998412728309631348e-01
9.998955130577087402e-01
9.996476769447326660e-01
9.987401962280273438e-01
9.952130913734436035e-01
9.839097857475280762e-01
9.628576040267944336e-01
9.695090055465698242e-01
9.885490536689758301e-01
9.949657917022705078e-01
9.995632171630859375e-01
9.998410344123840332e-01
9.998326897621154785e-01
9.994410276412963867e-01
9.915169477462768555e-01
9.799216389656066895e-01
9.201580882072448730e-01
8.657556772232055664e-01
8.604659438133239746e-01
8.811674118041992188e-01
9.394617080688476562e-01
9.689323306083679199e-01
9.831168651580810547e-01
9.867130517959594727e-01
9.892023801803588867e-01
9.921686053276062012e-01
9.946382641792297363e-01
9.963117837905883789e-01
9.975763559341430664e-01
9.986009597778320312e-01
9.984736442565917969e-01
9.980935454368591309e-01
9.970745444297790527e-01
9.970414638519287109e-01
9.987525939941406250e-01
9.994465112686157227e-01
9.994746446609497070e-01
9.809635281562805176e-01
9.401741623878479004e-01
7.120931148529052734e-01
5.119428634643554688e-01
3.675400614738464355e-01
4.174459576606750488e-01
6.106077432632446289e-01
8.062635660171508789e-01
9.914366006851196289e-01
9.958572983741760254e-01
9.990850687026977539e-01
9.995405673980712891e-01
9.998164176940917969e-01
9.999399185180664062e-01
9.999224543571472168e-01
9.998495578765869141e-01
9.991244673728942871e-01
9.954016208648681641e-01
9.833842515945434570e-01
9.616426229476928711e-01
9.304566979408264160e-01
9.224548339843750000e-01
9.223694205284118652e-01
9.624707102775573730e-01
9.948112964630126953e-01
9.979188442230224609e-01
9.991429448127746582e-01
9.981860518455505371e-01
9.974570870399475098e-01
9.968239068984985352e-01
9.658789038658142090e-01
9.338304400444030762e-01
9.051523208618164062e-01
8.978658914566040039e-01
9.201109409332275391e-01
9.473111629486083984e-01
9.770756959915161133e-01
9.883435368537902832e-01
9.945047497749328613e-01
9.813393950462341309e-01
9.610466957092285156e-01
9.286848306655883789e-01
9.321910142898559570e-01
9.587641358375549316e-01
9.803366065025329590e-01
9.992774128913879395e-01
9.996767640113830566e-01
9.999542236328125000e-01
9.999728798866271973e-01
9.991238713264465332e-01
9.975882172584533691e-01
8.463304042816162109e-01
6.533917188644409180e-01
3.625768721103668213e-01
2.179230600595474243e-01
4.768069982528686523e-01
7.101578116416931152e-01
9.181122183799743652e-01
9.821001291275024414e-01
9.945020675659179688e-01
9.922412037849426270e-01
9.882156252861022949e-01
9.790351986885070801e-01
9.718840122222900391e-01
9.672914147377014160e-01
9.763554334640502930e-01
9.919085502624511719e-01
9.826631546020507812e-01
9.634526371955871582e-01
9.001221060752868652e-01
8.718147873878479004e-01
9.002740383148193359e-01
9.413384795188903809e-01
9.903324842453002930e-01
9.954620003700256348e-01
9.917079210281372070e-01
9.772073626518249512e-01
9.669981002807617188e-01
9.661856889724731445e-01
9.725407958030700684e-01
9.848207235336303711e-01
9.880086779594421387e-01
9.886749386787414551e-01
9.921513795852661133e-01
9.955032467842102051e-01
9.984587430953979492e-01
1.000000000000000000e+00
1.000000000000000000e+00
9.999580979347229004e-01
9.998989701271057129e-01
9.992142915725708008e-01
9.979489445686340332e-01
9.940789937973022461e-01
9.820873141288757324e-01
9.580346941947937012e-01
9.434695243835449219e-01
9.343400597572326660e-01
9.584006667137145996e-01
9.853019118309020996e-01
9.907051920890808105e-01
9.939742088317871094e-01
9.928981065750122070e-01
9.912936091423034668e-01
9.892721176147460938e-01
9.870244264602661133e-01
9.848746657371520996e-01
9.914655089378356934e-01
9.969295859336853027e-01
9.989427328109741211e-01
1.000000000000000000e+00
1.000000000000000000e+00
1.000000000000000000e+00
1.000000000000000000e+00
9.999762177467346191e-01
9.999527931213378906e-01
9.999399185180664062e-01
9.996003508567810059e-01
9.987539649009704590e-01
9.486873149871826172e-01
8.684332966804504395e-01
4.740575850009918213e-01
5.474942922592163086e-02
2.253169380128383636e-02
7.849727808206807822e-06
1.769725349731743336e-05
8.439708501100540161e-02
2.441357821226119995e-01
5.743502378463745117e-01
9.600661396980285645e-01
9.823866486549377441e-01
9.950129389762878418e-01
9.981979131698608398e-01
9.989848732948303223e-01
9.966467618942260742e-01
9.951984286308288574e-01
9.942095279693603516e-01
9.963570833206176758e-01
9.979865550994873047e-01
9.923208951950073242e-01
9.714035391807556152e-01
9.205586314201354980e-01
8.931145668029785156e-01
8.839111924171447754e-01
9.310942292213439941e-01
9.929441809654235840e-01
9.969207644462585449e-01
9.999551773071289062e-01
9.999528527259826660e-01
9.981530904769897461e-01
9.942496418952941895e-01
9.697188138961791992e-01
9.357905983924865723e-01
6.972800493240356445e-01
4.383849203586578369e-01
1.756538897752761841e-01
5.686643067747354507e-03
1.685852999798953533e-03
1.006358870654366910e-04
2.637268335092812777e-04
1.056469511240720749e-02
2.353329584002494812e-02
4.367072135210037231e-02
5.066499114036560059e-02
1.791336201131343842e-02
4.290095530450344086e-04
1.003932193270884454e-04
1.220500954854157603e-21
9.365954938894371769e-23
0.000000000000000000e+00
1.466195637123135498e-10
1.197323240553771484e-09
1.632598340511322021e-01
6.168385744094848633e-01
5.903279781341552734e-01
2.161808907985687256e-01
7.810351252555847168e-02
0.000000000000000000e+00
0.000000000000000000e+00
2.716575055760631282e-23
1.392200153324787597e-22
2.337321192026138306e-01
7.370921373367309570e-01
8.236739635467529297e-01
7.183648347854614258e-01
7.430904507637023926e-01
7.915517687797546387e-01
9.100286364555358887e-01
9.897841215133666992e-01
9.959572553634643555e-01
9.984623193740844727e-01
9.981195926666259766e-01
9.981524348258972168e-01
9.982879757881164551e-01
9.923682212829589844e-01
9.434064030647277832e-01
7.415238618850708008e-01
4.846652746200561523e-01
1.571807563304901123e-01
1.007855683565139771e-01
1.867817044258117676e-01
5.000379085540771484e-01
7.994985580444335938e-01
6.490304470062255859e-01
4.682295322418212891e-01
2.196314185857772827e-01
1.424338817596435547e-01
2.186769694089889526e-01
5.279690027236938477e-01
9.178213477134704590e-01
9.679458737373352051e-01
9.937154054641723633e-01
9.736655950546264648e-01
9.212421774864196777e-01
8.186250925064086914e-01
7.323053479194641113e-01
6.566448211669921875e-01
7.640943527221679688e-01
9.054707288742065430e-01
9.329454898834228516e-01
9.586750864982604980e-01
9.792549610137939453e-01
9.904041290283203125e-01
9.910007119178771973e-01
9.773197174072265625e-01
9.570753574371337891e-01
7.525336742401123047e-01
5.406963825225830078e-01
4.284532666206359863e-01
4.112406373023986816e-01
5.880871415138244629e-01
7.590802907943725586e-01
9.253504276275634766e-01
9.758925437927246094e-01
9.895068407058715820e-01
9.739431142807006836e-01
9.547281861305236816e-01
9.232153892517089844e-01
9.131776094436645508e-01
9.353692531585693359e-01
9.497968554496765137e-01
9.592798352241516113e-01
8.744454383850097656e-01
7.691544890403747559e-01
6.520871520042419434e-01
4.876802563667297363e-01
1.819473206996917725e-01
1.297719776630401611e-02
3.189864102751016617e-03
0.000000000000000000e+00
0.000000000000000000e+00
1.358100697873565466e-12
5.548060685396194458e-02
6.146181225776672363e-01
9.854124784469604492e-01
9.384132027626037598e-01
9.226260781288146973e-01
9.353914856910705566e-01
9.636400341987609863e-01
9.975686669349670410e-01
9.997624754905700684e-01
9.999510645866394043e-01
9.999712109565734863e-01
9.999861717224121094e-01
9.999918937683105469e-01
9.999887347221374512e-01
9.999788999557495117e-01
9.995358586311340332e-01
9.989728927612304688e-01
9.983313083648681641e-01
9.979479908943176270e-01
9.985784888267517090e-01
9.991907477378845215e-01
9.997770190238952637e-01
1.000000000000000000e+00
1.000000000000000000e+00
9.997079968452453613e-01
9.991141557693481445e-01
9.920263290405273438e-01
9.376864433288574219e-01
7.361831068992614746e-01
5.454249382019042969e-01
3.673914968967437744e-01
3.562738895416259766e-01
4.312944114208221436e-01
6.736525893211364746e-01
9.220014214515686035e-01
9.355202317237854004e-01
9.461513757705688477e-01
9.494592547416687012e-01
9.624496698379516602e-01
9.855283498764038086e-01
9.948694705963134766e-01
9.981835484504699707e-01
9.988248348236083984e-01
9.991860985755920410e-01
9.996684789657592773e-01
9.996849894523620605e-01
9.986780285835266113e-01
9.933866858482360840e-01
9.841032624244689941e-01
9.531843662261962891e-01
9.140592217445373535e-01
8.884426951408386230e-01
8.747094273567199707e-01
9.300503134727478027e-01
9.716355800628662109e-01
9.867771267890930176e-01
9.949126839637756348e-01
9.971855878829956055e-01
9.985561370849609375e-01
9.996205568313598633e-01
9.997887015342712402e-01
9.998857378959655762e-01
9.998404979705810547e-01
9.995143413543701172e-01
9.986896514892578125e-01
9.957543015480041504e-01
9.911846518516540527e-01
9.805076122283935547e-01
9.679591655731201172e-01
9.418736696243286133e-01
9.119831919670104980e-01
8.659275770187377930e-01
8.408267498016357422e-01
8.505927324295043945e-01
8.798317313194274902e-01
9.232925176620483398e-01
9.460744261741638184e-01
9.630053043365478516e-01
9.752528071403503418e-01
9.788326025009155273e-01
9.443040490150451660e-01
9.310427308082580566e-01
9.517790675163269043e-01
9.721021652221679688e-01
9.920919537544250488e-01
9.935292005538940430e-01
9.899992942810058594e-01
9.852620959281921387e-01
9.823840856552124023e-01
9.874792098999023438e-01
9.922925829887390137e-01
9.966647624969482422e-01
9.984508752822875977e-01
9.984312653541564941e-01
9.978399276733398438e-01
9.970958232879638672e-01
9.936583042144775391e-01
9.909707307815551758e-01
9.916771054267883301e-01
9.929405450820922852e-01
9.950855374336242676e-01
9.964346289634704590e-01
9.972230792045593262e-01
9.873406291007995605e-01
9.745689034461975098e-01
7.093461155891418457e-01
4.742132723331451416e-01
3.915149569511413574e-01
4.673176109790802002e-01
8.018150329589843750e-01
9.606734514236450195e-01
9.908227324485778809e-01
9.976899623870849609e-01
9.977604746818542480e-01
9.004472494125366211e-01
7.406238913536071777e-01
2.873960137367248535e-01
6.355017103487625718e-05
1.927229459397494793e-05
1.027911935125302989e-06
2.848657459253445268e-06
7.025296334177255630e-03
1.625107042491436005e-02
2.513929903507232666e-01
5.043808221817016602e-01
8.006896376609802246e-01
9.952507019042968750e-01
9.984919428825378418e-01
9.999740123748779297e-01
9.999703168869018555e-01
9.996266961097717285e-01
9.991624951362609863e-01
9.970943331718444824e-01
9.950042963027954102e-01
9.935601949691772461e-01
9.937424659729003906e-01
9.973126053810119629e-01
9.993033409118652344e-01
9.998326301574707031e-01
9.999536275863647461e-01
9.999114274978637695e-01
9.993984103202819824e-01
9.987619519233703613e-01
9.974431991577148438e-01
9.966367483139038086e-01
9.970612525939941406e-01
9.972562193870544434e-01
9.972081780433654785e-01
9.977468252182006836e-01
9.985620379447937012e-01
9.974390864372253418e-01
9.962313175201416016e-01
9.978939890861511230e-01
9.977937340736389160e-01
9.926338791847229004e-01
9.449746012687683105e-01
8.454793691635131836e-01
7.125536799430847168e-01
5.605231523513793945e-01
4.906058609485626221e-01
4.323211908340454102e-01
1.898484975099563599e-01
1.383175731461960822e-05
5.146115199750056490e-06
4.814906695571607997e-09
1.670133009668006707e-08
3.308722972869873047e-01
8.828824162483215332e-01
5.646020174026489258e-01
1.366018410772085190e-02
8.978953119367361069e-04
1.798437006073072553e-05
7.024483693385263905e-06
5.345395038602873683e-06
2.013037374126724899e-05
6.876336783170700073e-02
1.939836442470550537e-01
5.229855775833129883e-01
9.250467419624328613e-01
9.716936945915222168e-01
9.884361624717712402e-01
9.873495101928710938e-01
9.840463399887084961e-01
9.756711125373840332e-01
9.444583058357238770e-01
8.896933794021606445e-01
9.092606902122497559e-01
9.631240367889404297e-01
8.418251872062683105e-01
7.099298238754272461e-01
8.120144605636596680e-01
9.022134542465209961e-01
9.562337398529052734e-01
9.884673953056335449e-01
9.921005964279174805e-01
9.655951857566833496e-01
9.206063151359558105e-01
8.727260231971740723e-01
8.240132331848144531e-01
8.738357424736022949e-01
9.196217060089111328e-01
9.439333677291870117e-01
9.646420478820800781e-01
9.792789816856384277e-01
9.893481135368347168e-01
9.957785606384277344e-01
9.967299699783325195e-01
9.957653880119323730e-01
9.857791066169738770e-01
9.757828712463378906e-01
9.714185595512390137e-01
9.708440899848937988e-01
9.792804718017578125e-01
9.867240786552429199e-01
9.930523633956909180e-01
9.960033893585205078e-01
9.972342252731323242e-01
9.968115687370300293e-01
9.961449503898620605e-01
9.968952536582946777e-01
9.974348545074462891e-01
9.972119927406311035e-01
9.925918579101562500e-01
9.814277887344360352e-01
8.702354431152343750e-01
6.881440281867980957e-01
4.866490364074707031e-01
2.798573672771453857e-01
4.324295818805694580e-01
6.086330413818359375e-01
8.229594826698303223e-01
9.743108749389648438e-01
9.907083511352539062e-01
9.986888170242309570e-01
9.982211589813232422e-01
9.978107810020446777e-01
9.974276423454284668e-01
9.977192878723144531e-01
9.970806241035461426e-01
9.762539267539978027e-01
9.245329499244689941e-01
7.699362635612487793e-01
5.728148221969604492e-01
3.136973977088928223e-01
1.417876034975051880e-01
2.945296280086040497e-02
2.186169847846031189e-03
1.024604353005997837e-04
1.240271330971154384e-06
3.311760351061820984e-02
2.871903479099273682e-01
5.434405803680419922e-01
8.038527369499206543e-01
9.392265081405639648e-01
9.445627927780151367e-01
9.597701430320739746e-01
9.798142313957214355e-01
9.886848330497741699e-01
9.954057931900024414e-01
9.947350621223449707e-01
9.937424659729003906e-01
9.915359020233154297e-01
9.889692664146423340e-01
9.858160614967346191e-01
9.810863733291625977e-01
9.751217961311340332e-01
9.598177075386047363e-01
9.413338303565979004e-01
8.710051178932189941e-01
8.105841279029846191e-01
8.803444504737854004e-01
8.503583669662475586e-01
5.619912743568420410e-01
4.267191886901855469e-01
4.752699434757232666e-01
6.429303288459777832e-01
8.796440958976745605e-01
9.478295445442199707e-01
9.767367243766784668e-01
9.654331803321838379e-01
9.552479982376098633e-01
9.540284872055053711e-01
9.598120450973510742e-01
9.793998003005981445e-01
9.839197397232055664e-01
9.741534590721130371e-01
8.424518704414367676e-01
6.562650799751281738e-01
8.060836195945739746e-01
9.933187365531921387e-01
8.258810639381408691e-01
7.261353731155395508e-01
8.694298863410949707e-01
9.629431366920471191e-01
9.786405563354492188e-01
9.794968366622924805e-01
9.689065814018249512e-01
7.093005776405334473e-01
3.614702224731445312e-01
1.658836156129837036e-01
2.112502261297777295e-05
2.569329517427831888e-04
1.803510473109781742e-03
7.069113198667764664e-03
7.726360112428665161e-03
2.402840880677103996e-03
1.278794556856155396e-01
3.365803658962249756e-01
6.436619758605957031e-01
9.770583510398864746e-01
9.683682322502136230e-01
9.492505788803100586e-01
9.654855132102966309e-01
9.758408069610595703e-01
9.724512696266174316e-01
9.694471359252929688e-01
9.668833017349243164e-01
9.705985188484191895e-01
9.777880311012268066e-01
9.627732038497924805e-01
9.427152276039123535e-01
9.056169986724853516e-01
8.841599225997924805e-01
9.459965825080871582e-01
9.887624979019165039e-01
9.932808279991149902e-01
9.912456870079040527e-01
9.827728271484375000e-01
9.703032374382019043e-01
9.559395313262939453e-01
8.558517098426818848e-01
7.386977672576904297e-01
5.473630428314208984e-01
3.935442864894866943e-01
4.113173484802246094e-01
5.268232822418212891e-01
8.239999413490295410e-01
9.684375524520874023e-01
9.722503423690795898e-01
8.889690637588500977e-01
7.659585475921630859e-01
6.681981086730957031e-01
5.793022513389587402e-01
6.561451554298400879e-01
7.464781999588012695e-01
8.936932086944580078e-01
9.888716936111450195e-01
9.928562045097351074e-01
9.959293603897094727e-01
9.981797933578491211e-01
9.991873502731323242e-01
9.996507167816162109e-01
9.970183968544006348e-01
9.937319159507751465e-01
9.854972362518310547e-01
9.614759087562561035e-01
8.737641572952270508e-01
8.234595656394958496e-01
8.376585841178894043e-01
8.788520693778991699e-01
9.439063072204589844e-01
9.753063917160034180e-01
9.922735095024108887e-01
9.943431615829467773e-01
9.935569167137145996e-01
9.754019379615783691e-01
9.619811177253723145e-01
9.678653478622436523e-01
9.758737087249755859e-01
9.875847101211547852e-01
9.948423504829406738e-01
9.980545639991760254e-01
9.992211461067199707e-01
9.994800686836242676e-01
9.995242953300476074e-01
9.995323419570922852e-01
9.995260834693908691e-01
9.994989037513732910e-01
9.993799924850463867e-01
9.973496794700622559e-01
9.917621612548828125e-01
7.913333773612976074e-01
4.079295396804809570e-01
1.792296469211578369e-01
2.522310055792331696e-02
3.584156185388565063e-02
7.781805098056793213e-02
5.777015164494514465e-02
4.402950406074523926e-02
6.207442283630371094e-02
1.472779512405395508e-01
3.694536387920379639e-01
5.965077280998229980e-01
8.297170996665954590e-01
9.388872385025024414e-01
9.832020998001098633e-01
9.946920871734619141e-01
9.988922476768493652e-01
9.994059801101684570e-01
9.997648000717163086e-01
9.996593594551086426e-01
9.992935061454772949e-01
9.983275532722473145e-01
9.982808232307434082e-01
9.993050098419189453e-01
9.997969865798950195e-01
9.999639987945556641e-01
9.982062578201293945e-01
9.959127902984619141e-01
9.884927868843078613e-01
9.801987409591674805e-01
9.671726822853088379e-01
9.517862200736999512e-01
9.297284483909606934e-01
9.002436399459838867e-01
8.605557084083557129e-01
8.621417284011840820e-01
8.929848074913024902e-01
9.368212223052978516e-01
9.850229024887084961e-01
9.946990013122558594e-01
9.997620582580566406e-01
9.997318983078002930e-01
9.989581108093261719e-01
9.955289363861083984e-01
9.937670826911926270e-01
9.947859048843383789e-01
9.966341853141784668e-01
9.992114901542663574e-01
1.000000000000000000e+00
1.000000000000000000e+00
9.444084167480468750e-01
8.773474693298339844e-01
5.587592124938964844e-01
2.694131731986999512e-01
1.252283900976181030e-01
3.493496030569076538e-02
5.851412937045097351e-02
2.308783084154129028e-01
5.657602548599243164e-01
7.901864647865295410e-01
9.498371481895446777e-01
9.903345108032226562e-01
9.991800189018249512e-01
9.998335838317871094e-01
9.999967813491821289e-01
9.999977946281433105e-01
9.999986290931701660e-01
9.999988675117492676e-01
9.999992251396179199e-01
9.999997615814208984e-01
9.999879598617553711e-01
9.999668598175048828e-01
9.985887408256530762e-01
9.966892004013061523e-01
9.825191497802734375e-01
9.670518040657043457e-01
9.667235612869262695e-01
9.669808745384216309e-01
9.698386788368225098e-01
9.675835371017456055e-01
9.552600383758544922e-01
9.603914022445678711e-01
9.835842847824096680e-01
9.940752387046813965e-01
9.976363182067871094e-01
9.969076514244079590e-01
9.951114654541015625e-01
9.945731759071350098e-01
9.944279789924621582e-01
9.971360564231872559e-01
9.992311000823974609e-01
9.995512962341308594e-01
9.954900145530700684e-01
9.851003289222717285e-01
8.729721307754516602e-01
6.807841658592224121e-01
3.953985273838043213e-01
7.145938277244567871e-02
8.254042267799377441e-02
1.505873054265975952e-01
4.863612949848175049e-01
7.768116593360900879e-01
8.468711376190185547e-01
9.056248664855957031e-01
9.406392574310302734e-01
9.664386510848999023e-01
9.817710518836975098e-01
9.822702407836914062e-01
9.735991954803466797e-01
9.630056023597717285e-01
9.518342614173889160e-01
9.542109370231628418e-01
9.586337804794311523e-01
9.745529890060424805e-01
9.885073304176330566e-01
9.951949715614318848e-01
9.995347857475280762e-01
9.998359680175781250e-01
9.999796748161315918e-01
9.999759197235107422e-01
9.999517798423767090e-01
9.999174475669860840e-01
9.993793964385986328e-01
9.987264275550842285e-01
9.874468445777893066e-01
9.778004288673400879e-01
9.853663444519042969e-01
9.922195076942443848e-01
9.969232082366943359e-01
9.997770190238952637e-01
9.998579621315002441e-01
9.999093413352966309e-01
9.999367594718933105e-01
9.998236298561096191e-01
9.996489286422729492e-01
9.984186887741088867e-01
9.969974160194396973e-01
9.965444207191467285e-01
9.964036941528320312e-01
9.981723427772521973e-01
9.994800090789794922e-01
9.996229410171508789e-01
9.996474385261535645e-01
9.995135068893432617e-01
9.989737868309020996e-01
9.981312155723571777e-01
9.987092614173889160e-01
9.998452663421630859e-01
1.000000000000000000e+00
9.999826550483703613e-01
9.978830218315124512e-01
9.960644841194152832e-01
9.957721829414367676e-01
9.961354732513427734e-01
9.980471134185791016e-01
9.992260336875915527e-01
9.994863271713256836e-01
9.990644454956054688e-01
9.981630444526672363e-01
9.980748891830444336e-01
9.982900619506835938e-01
9.990761876106262207e-01
9.999336600303649902e-01
9.999693632125854492e-01
9.999993443489074707e-01
9.999985694885253906e-01
9.999973773956298828e-01
9.999951720237731934e-01
9.999944567680358887e-01
9.999956488609313965e-01
9.999973773956298828e-01
9.999994635581970215e-01
9.999996423721313477e-01
9.999991059303283691e-01
9.999980926513671875e-01
9.999911189079284668e-01
9.995980262756347656e-01
9.987043142318725586e-01
9.950948953628540039e-01
9.933053851127624512e-01
9.958828091621398926e-01
9.978662133216857910e-01
9.990937113761901855e-01
9.989401102066040039e-01
9.977732300758361816e-01
9.720901250839233398e-01
9.368731379508972168e-01
8.070710897445678711e-01
6.620329618453979492e-01
7.799587249755859375e-01
8.905576467514038086e-01
9.539926648139953613e-01
9.998821616172790527e-01
9.999549388885498047e-01
9.999924898147583008e-01
9.999803900718688965e-01
9.990801811218261719e-01
9.974663853645324707e-01
9.750503301620483398e-01
9.433857798576354980e-01
8.915355801582336426e-01
8.357663750648498535e-01
8.546285033226013184e-01
8.798733949661254883e-01
9.394310116767883301e-01
9.860364794731140137e-01
9.935251474380493164e-01
9.984472990036010742e-01
9.992686510086059570e-01
9.996449947357177734e-01
9.996135234832763672e-01
9.995292425155639648e-01
9.994174838066101074e-01
9.994552731513977051e-01
9.995315074920654297e-01
9.997054338455200195e-01
9.998772740364074707e-01
9.999298453330993652e-01
9.999734759330749512e-01
9.999827742576599121e-01
9.999741315841674805e-01
9.999309778213500977e-01
9.999229907989501953e-01
9.999535679817199707e-01
9.999719262123107910e-01
9.999825358390808105e-01
9.999474287033081055e-01
9.998969435691833496e-01
9.989273548126220703e-01
9.976967573165893555e-01
9.887007474899291992e-01
9.804910421371459961e-01
9.765590429306030273e-01
9.710080027580261230e-01
9.613530039787292480e-01
9.524770379066467285e-01
9.446931481361389160e-01
9.553870558738708496e-01
9.808960556983947754e-01
9.928016066551208496e-01
9.985051155090332031e-01
9.992011785507202148e-01
9.988257288932800293e-01
9.945737123489379883e-01
9.903466105461120605e-01
9.882504940032958984e-01
9.779723286628723145e-01
9.386913776397705078e-01
7.422192692756652832e-01
2.552043199539184570e-01
3.206175053492188454e-03
9.119978640228509903e-04
6.703956425189971924e-02
1.755620837211608887e-01
3.923050463199615479e-01
6.455923318862915039e-01
5.791326165199279785e-01
4.731937050819396973e-01
7.154175043106079102e-01
9.264233708381652832e-01
9.466325640678405762e-01
9.633080959320068359e-01
9.707653522491455078e-01
9.798069596290588379e-01
9.912480711936950684e-01
9.975037574768066406e-01
9.992249608039855957e-01
9.998489022254943848e-01
9.999120831489562988e-01
9.999057054519653320e-01
9.998809099197387695e-01
9.998791813850402832e-01
9.998826980590820312e-01
9.999471306800842285e-01
9.999765157699584961e-01
9.998469352722167969e-01
9.997886419296264648e-01
9.998880028724670410e-01
9.999448060989379883e-01
9.999478459358215332e-01
9.985330700874328613e-01
9.960481524467468262e-01
8.850016593933105469e-01
7.267150282859802246e-01
7.180522680282592773e-01
7.419577240943908691e-01
8.548873662948608398e-01
9.634476900100708008e-01
9.608942270278930664e-01
8.794836997985839844e-01
4.899467229843139648e-01
1.926909983158111572e-01
7.964050024747848511e-02
2.590901963412761688e-02
4.208590090274810791e-02
2.834948003292083740e-01
6.831150054931640625e-01
8.743435740470886230e-01
9.804398417472839355e-01
9.987477660179138184e-01
9.997995495796203613e-01
9.998611807823181152e-01
9.998846650123596191e-01
9.999043941497802734e-01
9.999112486839294434e-01
9.998704791069030762e-01
9.992761611938476562e-01
9.975919723510742188e-01
9.949569106101989746e-01
9.912031292915344238e-01
9.924629330635070801e-01
9.972172975540161133e-01
9.991167187690734863e-01
9.998607039451599121e-01
9.999806880950927734e-01
9.999792575836181641e-01
9.996805787086486816e-01
9.991713166236877441e-01
9.965255260467529297e-01
9.934049248695373535e-01
9.884888529777526855e-01
9.082715511322021484e-01
6.745548844337463379e-01
5.220075249671936035e-01
4.668271243572235107e-01
5.139034390449523926e-01
6.359035372734069824e-01
7.926127314567565918e-01
9.637606143951416016e-01
9.968807697296142578e-01
9.997588992118835449e-01
9.999503493309020996e-01
9.737685918807983398e-01
5.801329612731933594e-01
2.350531220436096191e-01
1.061413958668708801e-01
3.972300142049789429e-02
1.137978434562683105e-01
2.271460592746734619e-01
3.937790691852569580e-01
5.868027210235595703e-01
8.010136485099792480e-01
9.148995876312255859e-01
9.786392450332641602e-01
9.947968125343322754e-01
9.981516599655151367e-01
9.935458302497863770e-01
9.877436161041259766e-01
9.693179726600646973e-01
9.475433826446533203e-01
9.071312546730041504e-01
8.430669307708740234e-01
7.141191959381103516e-01
5.576517581939697266e-01
3.565848469734191895e-01
3.026593029499053955e-01
3.921247124671936035e-01
4.570360779762268066e-01
5.068830847740173340e-01
5.423435568809509277e-01
5.727447271347045898e-01
7.036050558090209961e-01
8.510237932205200195e-01
9.223502278327941895e-01
9.858179092407226562e-01
9.894717335700988770e-01
9.879202246665954590e-01
9.673627614974975586e-01
9.021906256675720215e-01
7.466303110122680664e-01
6.659495234489440918e-01
6.772533059120178223e-01
7.541317343711853027e-01
8.813577890396118164e-01
9.459940791130065918e-01
9.809548854827880859e-01
9.906597137451171875e-01
9.939528107643127441e-01
9.956930279731750488e-01
9.972757101058959961e-01
9.984015226364135742e-01
9.993503093719482422e-01
9.992610216140747070e-01
9.986922144889831543e-01
9.967494010925292969e-01
9.955161213874816895e-01
9.954593777656555176e-01
9.962914586067199707e-01
9.980463981628417969e-01
9.990381598472595215e-01
9.995241165161132812e-01
9.993307590484619141e-01
9.988696575164794922e-01
9.981670975685119629e-01
9.974135160446166992e-01
9.966650605201721191e-01
9.960392117500305176e-01
9.973615407943725586e-01
9.985792040824890137e-01
9.993100166320800781e-01
9.998425841331481934e-01
9.998828768730163574e-01
9.999000430107116699e-01
9.998823404312133789e-01
9.997000098228454590e-01
9.993607997894287109e-01
9.982541799545288086e-01
9.966816902160644531e-01
9.962010383605957031e-01
9.961112141609191895e-01
9.948179721832275391e-01
9.933113455772399902e-01
9.904177188873291016e-01
9.876348972320556641e-01
9.870548844337463379e-01
9.874858856201171875e-01
9.924339056015014648e-01
9.965274333953857422e-01
9.985293745994567871e-01
9.997557997703552246e-01
9.998327493667602539e-01
9.998044371604919434e-01
9.996771812438964844e-01
9.989045262336730957e-01
9.977414011955261230e-01
9.969770908355712891e-01
9.963585734367370605e-01
9.973335862159729004e-01
9.986023306846618652e-01
9.991213083267211914e-01
9.995800852775573730e-01
9.997095465660095215e-01
9.998297691345214844e-01
9.999037981033325195e-01
9.999481439590454102e-01
9.999155998229980469e-01
9.997586011886596680e-01
9.994057416915893555e-01
9.958364963531494141e-01
9.890161752700805664e-01
9.437070488929748535e-01
8.735970854759216309e-01
7.670592069625854492e-01
6.461979150772094727e-01
7.382546067237854004e-01
8.774912953376770020e-01
9.406462311744689941e-01
9.961237311363220215e-01
9.976667761802673340e-01
9.988089203834533691e-01
9.974596500396728516e-01
9.961277842521667480e-01
9.948359727859497070e-01
9.946810603141784668e-01
9.966098070144653320e-01
9.979330301284790039e-01
9.985458254814147949e-01
9.985674619674682617e-01
9.981358051300048828e-01
9.943903088569641113e-01
9.890138506889343262e-01
9.750030636787414551e-01
9.584563970565795898e-01
9.712376594543457031e-01
9.880399703979492188e-01
9.939504265785217285e-01
9.992064833641052246e-01
9.996393918991088867e-01
9.999500513076782227e-01
9.997543692588806152e-01
9.964147806167602539e-01
9.857419729232788086e-01
9.792361259460449219e-01
9.789326786994934082e-01
9.836391806602478027e-01
9.932094812393188477e-01
9.978750944137573242e-01
9.994353055953979492e-01
9.997084140777587891e-01
9.994640946388244629e-01
9.993925094604492188e-01
9.993600845336914062e-01
9.995443820953369141e-01
9.997453093528747559e-01
9.998176693916320801e-01
9.998788237571716309e-01
9.998600482940673828e-01
9.983353018760681152e-01
9.916354417800903320e-01
9.801707863807678223e-01
9.589161872863769531e-01
9.331958293914794922e-01
9.013953208923339844e-01
7.309840917587280273e-01
4.370912015438079834e-01
2.200926095247268677e-01
4.843900352716445923e-02
1.305745332501828671e-03
1.910870050778612494e-04
3.713733894983306527e-05
7.988951983861625195e-05
2.530626654624938965e-01
5.242403149604797363e-01
7.699818611145019531e-01
9.845386147499084473e-01
9.896058440208435059e-01
9.937734007835388184e-01
9.950054883956909180e-01
9.963616728782653809e-01
9.979778528213500977e-01
9.989714026451110840e-01
9.991492033004760742e-01
9.990865588188171387e-01
9.988111853599548340e-01
9.983711242675781250e-01
9.978336095809936523e-01
9.958487153053283691e-01
9.933116436004638672e-01
9.755176901817321777e-01
9.544056057929992676e-01
9.491395354270935059e-01
9.456427693367004395e-01
9.637233614921569824e-01
9.721618890762329102e-01
9.072456955909729004e-01
8.526463508605957031e-01
8.357015252113342285e-01
8.269660472869873047e-01
8.363662958145141602e-01
8.617539405822753906e-01
9.102839231491088867e-01
9.467780590057373047e-01
9.716104865074157715e-01
9.512323141098022461e-01
9.005091190338134766e-01
7.092878818511962891e-01
4.569349884986877441e-01
4.159956872463226318e-01
4.315981566905975342e-01
6.147525906562805176e-01
8.198810815811157227e-01
9.039493203163146973e-01
9.616746306419372559e-01
7.247596979141235352e-01
4.911525547504425049e-01
2.764568030834197998e-01
1.243252530694007874e-01
1.437629908323287964e-01
2.057835310697555542e-01
3.444488346576690674e-01
4.993285834789276123e-01
6.733960509300231934e-01
7.945748567581176758e-01
8.710814714431762695e-01
9.251736402511596680e-01
9.664257764816284180e-01
9.804828763008117676e-01
9.846339225769042969e-01
9.445158839225769043e-01
8.948801755905151367e-01
8.976419568061828613e-01
9.052659869194030762e-01
9.311081171035766602e-01
9.514835476875305176e-01
9.248741269111633301e-01
8.990368247032165527e-01
8.764085769653320312e-01
8.428742289543151855e-01
7.825437188148498535e-01
7.229376435279846191e-01
6.647691130638122559e-01
5.537686944007873535e-01
3.823990821838378906e-01
2.309745401144027710e-01
