9.937850236892700195e-01
9.947386980056762695e-01
9.970187544822692871e-01
9.986404776573181152e-01
9.996541142463684082e-01
9.999026060104370117e-01
9.996879696846008301e-01
9.991893768310546875e-01
9.983814954757690430e-01
9.989818334579467773e-01
9.995177984237670898e-01
9.999265670776367188e-01
9.999718070030212402e-01
9.999949336051940918e-01
9.999972581863403320e-01
9.999954700469970703e-01
9.999732971191406250e-01
9.999374747276306152e-01
9.999341368675231934e-01
9.993668198585510254e-01
9.925968050956726074e-01
9.404329657554626465e-01
8.508409261703491211e-01
7.105420827865600586e-01
4.064057767391204834e-01
1.679724007844924927e-01
6.629513576626777649e-03
4.298183694481849670e-02
4.401926398277282715e-01
8.893140554428100586e-01
9.686465263366699219e-01
9.703052639961242676e-01
9.576303362846374512e-01
9.864410758018493652e-01
9.966334700584411621e-01
9.999311566352844238e-01
9.999765157699584961e-01
9.999623894691467285e-01
9.993765354156494141e-01
9.975870847702026367e-01
9.504788517951965332e-01
8.530212640762329102e-01
6.779406070709228516e-01
6.423268318176269531e-01
7.255430221557617188e-01
9.674236178398132324e-01
9.932686090469360352e-01
9.947773218154907227e-01
9.984948039054870605e-01
9.994937181472778320e-01
9.999380111694335938e-01
9.999555349349975586e-01
9.995675683021545410e-01
9.909167885780334473e-01
9.728558063507080078e-01
9.790053963661193848e-01
9.876781702041625977e-01
9.983667135238647461e-01
9.994304776191711426e-01
9.999247193336486816e-01
9.998998045921325684e-01
9.998763203620910645e-01
9.998179674148559570e-01
9.997155070304870605e-01
9.993881583213806152e-01
9.993322491645812988e-01
9.994893074035644531e-01
9.997829794883728027e-01
9.999211430549621582e-01
9.999507665634155273e-01
9.999415278434753418e-01
9.993165731430053711e-01
9.950557947158813477e-01
9.702831506729125977e-01
9.589379429817199707e-01
9.565861225128173828e-01
9.635161757469177246e-01
8.144637346267700195e-01
5.552186369895935059e-01
1.445310860872268677e-01
3.883997499942779541e-01
8.338125348091125488e-01
9.605359435081481934e-01
9.922109246253967285e-01
9.845774769783020020e-01
9.706881046295166016e-01
9.481196403503417969e-01
9.187584519386291504e-01
8.781183362007141113e-01
8.816165328025817871e-01
9.069716930389404297e-01
9.538142681121826172e-01
9.516380429267883301e-01
9.364478588104248047e-01
9.232408404350280762e-01
9.364327788352966309e-01
9.528722763061523438e-01
9.616479277610778809e-01
9.009114503860473633e-01
7.092673182487487793e-01
2.789888083934783936e-01
9.180986136198043823e-02
4.239972040522843599e-04
1.246778992936015129e-04
9.703316725790500641e-03
5.878481641411781311e-02
1.746193617582321167e-01
2.121108323335647583e-01
3.029433488845825195e-01
5.014447569847106934e-01
7.588423490524291992e-01
9.370465874671936035e-01
9.799266457557678223e-01
9.927359223365783691e-01
9.987375140190124512e-01
9.997948408126831055e-01
9.999403953552246094e-01
9.999716877937316895e-01
9.999644756317138672e-01
9.996551275253295898e-01
9.984498023986816406e-01
9.961115121841430664e-01
9.930259585380554199e-01
9.908328652381896973e-01
9.898093342781066895e-01
9.900497794151306152e-01
9.690465927124023438e-01
9.228574037551879883e-01
8.290105462074279785e-01
8.081670403480529785e-01
8.713838458061218262e-01
9.233911633491516113e-01
9.542348384857177734e-01
9.625857472419738770e-01
9.218634963035583496e-01
8.155850768089294434e-01
6.421857476234436035e-01
8.461976647377014160e-01
9.660338163375854492e-01
9.996553659439086914e-01
9.998639225959777832e-01
9.998534321784973145e-01
9.996222853660583496e-01
9.986766576766967773e-01
9.986119866371154785e-01
9.993568658828735352e-01
9.995890259742736816e-01
9.993341565132141113e-01
9.985011219978332520e-01
9.930905699729919434e-01
9.726974368095397949e-01
9.327877759933471680e-01
7.083263993263244629e-01
4.473754465579986572e-01
1.653963476419448853e-01
1.373670995235443115e-01
3.751201629638671875e-01
8.238341212272644043e-01
9.188982248306274414e-01
9.738947153091430664e-01
9.946938753128051758e-01
9.981971979141235352e-01
9.997599124908447266e-01
9.997143149375915527e-01
9.994360804557800293e-01
9.980425238609313965e-01
9.944766759872436523e-01
9.677048325538635254e-01
9.134916663169860840e-01
8.390032052993774414e-01
7.961932420730590820e-01
7.884787321090698242e-01
8.128169775009155273e-01
9.034833312034606934e-01
9.609949588775634766e-01
9.907407164573669434e-01
9.962899684906005859e-01
9.990856051445007324e-01
9.987810850143432617e-01
9.834125638008117676e-01
9.016477465629577637e-01
7.688391804695129395e-01
6.708714962005615234e-01
7.567032575607299805e-01
9.784931540489196777e-01
9.931645989418029785e-01
9.998251795768737793e-01
9.999887943267822266e-01
9.999664425849914551e-01
9.984512329101562500e-01
9.923389554023742676e-01
9.219732880592346191e-01
8.712586164474487305e-01
8.400185704231262207e-01
8.766731023788452148e-01
7.161192297935485840e-01
3.921682834625244141e-01
1.247318014502525330e-01
2.655259566381573677e-03
2.354316413402557373e-02
5.225197076797485352e-01
8.375407457351684570e-01
9.873917698860168457e-01
9.957458376884460449e-01
9.997225999832153320e-01
9.998014569282531738e-01
9.990603327751159668e-01
9.949434399604797363e-01
9.854354262351989746e-01
8.535571098327636719e-01
7.322467565536499023e-01
6.243403553962707520e-01
8.668351769447326660e-01
9.912142753601074219e-01
9.999150037765502930e-01
9.999612569808959961e-01
9.999628067016601562e-01
9.999191761016845703e-01
9.999569654464721680e-01
9.999836087226867676e-01
9.999980926513671875e-01
9.999985098838806152e-01
9.999929070472717285e-01
9.999808669090270996e-01
9.996559023857116699e-01
9.975060820579528809e-01
9.932800531387329102e-01
9.857610464096069336e-01
9.757423400878906250e-01
9.629191756248474121e-01
9.562264084815979004e-01
9.555965065956115723e-01
9.621685743331909180e-01
9.702375531196594238e-01
9.806296229362487793e-01
9.939727187156677246e-01
9.978789687156677246e-01
9.997833371162414551e-01
9.999771714210510254e-01
9.999963641166687012e-01
9.999950528144836426e-01
9.999893307685852051e-01
9.999948143959045410e-01
9.999850392341613770e-01
9.999488592147827148e-01
9.986941814422607422e-01
9.947550892829895020e-01
9.865388274192810059e-01
9.782514572143554688e-01
9.748609066009521484e-01
9.804221987724304199e-01
9.894369244575500488e-01
9.966888427734375000e-01
9.991744160652160645e-01
9.986993670463562012e-01
9.968184828758239746e-01
9.932469129562377930e-01
9.933542013168334961e-01
9.951338171958923340e-01
9.987726211547851562e-01
9.957032203674316406e-01
9.932085871696472168e-01
9.967468380928039551e-01
9.983525276184082031e-01
9.990738630294799805e-01
9.989272952079772949e-01
9.992020130157470703e-01
9.995935559272766113e-01
9.999085664749145508e-01
9.999967813491821289e-01
9.999996423721313477e-01
9.999991059303283691e-01
9.999966621398925781e-01
9.999928474426269531e-01
9.999868273735046387e-01
9.999896883964538574e-01
9.999802708625793457e-01
9.998934268951416016e-01
9.997527003288269043e-01
9.996387958526611328e-01
9.998303055763244629e-01
9.999390840530395508e-01
9.999933242797851562e-01
9.999952316284179688e-01
9.999943971633911133e-01
9.999919533729553223e-01
9.999905824661254883e-01
9.999777674674987793e-01
9.999431967735290527e-01
9.997442960739135742e-01
9.995441436767578125e-01
9.993256330490112305e-01
9.987774491310119629e-01
9.987360835075378418e-01
9.991363286972045898e-01
9.996666908264160156e-01
9.999498724937438965e-01
9.999934434890747070e-01
9.999687671661376953e-01
9.999253749847412109e-01
9.998620748519897461e-01
9.996551871299743652e-01
9.993829727172851562e-01
9.990371465682983398e-01
9.991776943206787109e-01
9.994716644287109375e-01
9.999313950538635254e-01
9.999894499778747559e-01
9.999994635581970215e-01
9.999990463256835938e-01
9.999787807464599609e-01
9.999413490295410156e-01
9.998784065246582031e-01
9.998732805252075195e-01
9.999032616615295410e-01
9.999830722808837891e-01
9.999991059303283691e-01
9.999997019767761230e-01
9.999987483024597168e-01
9.999727606773376465e-01
9.999209046363830566e-01
9.998164176940917969e-01
9.997972249984741211e-01
9.998042583465576172e-01
9.998018145561218262e-01
9.993122816085815430e-01
9.980621933937072754e-01
9.944757223129272461e-01
9.939759373664855957e-01
9.951056241989135742e-01
9.970542192459106445e-01
9.918428063392639160e-01
9.825931191444396973e-01
9.729270339012145996e-01
9.786805510520935059e-01
9.933898448944091797e-01
9.978270530700683594e-01
9.998360276222229004e-01
9.999984502792358398e-01
9.999994635581970215e-01
9.999999403953552246e-01
1.000000000000000000e+00
9.999998211860656738e-01
9.999979138374328613e-01
9.999942779541015625e-01
9.999490976333618164e-01
9.998300075531005859e-01
9.996240139007568359e-01
9.996088147163391113e-01
9.996130466461181641e-01
9.996265172958374023e-01
9.995228648185729980e-01
9.992467761039733887e-01
9.987046718597412109e-01
9.986013174057006836e-01
9.988898038864135742e-01
9.998124241828918457e-01
9.999931454658508301e-01
9.999960064888000488e-01
9.999830722808837891e-01
9.975838065147399902e-01
9.895009994506835938e-01
9.665015339851379395e-01
9.226087331771850586e-01
7.800019383430480957e-01
2.871625125408172607e-01
7.229256629943847656e-02
1.049252134066591680e-07
2.779378327488757350e-08
5.125174671411514282e-02
1.520647406578063965e-01
4.093925654888153076e-01
5.717905163764953613e-01
6.753947138786315918e-01
8.564964532852172852e-01
9.590582847595214844e-01
9.962894320487976074e-01
9.987004399299621582e-01
9.998960494995117188e-01
9.998852014541625977e-01
9.941062927246093750e-01
9.871751666069030762e-01
9.790109395980834961e-01
9.896650910377502441e-01
9.975976347923278809e-01
9.995224475860595703e-01
9.996810555458068848e-01
9.993935823440551758e-01
9.987271428108215332e-01
9.988921284675598145e-01
9.992585778236389160e-01
9.997076988220214844e-01
9.998809099197387695e-01
9.999579787254333496e-01
9.999762773513793945e-01
9.999887943267822266e-01
9.999974370002746582e-01
9.999992847442626953e-01
9.999979734420776367e-01
9.999718070030212402e-01
9.998193383216857910e-01
9.991894364356994629e-01
9.976636171340942383e-01
9.908463358879089355e-01
8.595976829528808594e-01
6.414068341255187988e-01
4.830683469772338867e-01
4.893276095390319824e-01
6.446184515953063965e-01
6.733964681625366211e-01
7.658828496932983398e-01
9.300870299339294434e-01
9.661461114883422852e-01
9.835826158523559570e-01
9.856444597244262695e-01
9.899426102638244629e-01
9.865104556083679199e-01
9.689460396766662598e-01
8.823348879814147949e-01
8.471357822418212891e-01
9.582253694534301758e-01
9.912728071212768555e-01
9.986379742622375488e-01
9.956110119819641113e-01
9.618399739265441895e-01
9.222450852394104004e-01
9.085211157798767090e-01
9.279803037643432617e-01
9.627068638801574707e-01
9.859476685523986816e-01
9.969782829284667969e-01
9.997810125350952148e-01
9.999189376831054688e-01
9.997805356979370117e-01
9.988961815834045410e-01
9.656053781509399414e-01
8.951368927955627441e-01
7.851238846778869629e-01
8.246363997459411621e-01
8.925397992134094238e-01
9.892292618751525879e-01
9.998270273208618164e-01
9.999776482582092285e-01
9.999882578849792480e-01
9.999922513961791992e-01
9.999928474426269531e-01
9.999887943267822266e-01
9.999396800994873047e-01
9.998582005500793457e-01
9.997169375419616699e-01
9.995598196983337402e-01
9.994405508041381836e-01
9.995326995849609375e-01
9.996728897094726562e-01
9.998316764831542969e-01
9.999265670776367188e-01
9.999609589576721191e-01
9.999474287033081055e-01
9.998566508293151855e-01
9.997553229331970215e-01
9.996439814567565918e-01
9.993885159492492676e-01
9.991350173950195312e-01
9.988872408866882324e-01
9.988495111465454102e-01
9.990680813789367676e-01
9.996725916862487793e-01
9.998849034309387207e-01
9.990596175193786621e-01
9.961076974868774414e-01
8.142843842506408691e-01
5.459293127059936523e-01
1.673102378845214844e-01
9.338245540857315063e-02
2.165441960096359253e-01
6.780320405960083008e-01
9.076753258705139160e-01
9.970656037330627441e-01
9.990956783294677734e-01
9.986537694931030273e-01
9.961110353469848633e-01
9.867381453514099121e-01
9.748247861862182617e-01
9.603372216224670410e-01
9.619130492210388184e-01
9.696083664894104004e-01
9.846953749656677246e-01
9.788365364074707031e-01
9.531196355819702148e-01
8.961073756217956543e-01
8.828477263450622559e-01
8.993384242057800293e-01
9.667542576789855957e-01
9.913372397422790527e-01
9.992803931236267090e-01
9.996100664138793945e-01
9.998037815093994141e-01
9.999189972877502441e-01
9.999567270278930664e-01
9.999191164970397949e-01
9.997499585151672363e-01
9.982911348342895508e-01
9.944056272506713867e-01
9.882820248603820801e-01
9.881085157394409180e-01
9.915295243263244629e-01
9.992884397506713867e-01
9.996373057365417480e-01
9.989002346992492676e-01
9.975890517234802246e-01
9.980428218841552734e-01
9.986714124679565430e-01
9.988447427749633789e-01
9.993861317634582520e-01
9.999179840087890625e-01
9.999651312828063965e-01
9.998219609260559082e-01
9.973419308662414551e-01
9.802091717720031738e-01
8.885475397109985352e-01
7.437642812728881836e-01
5.597326755523681641e-01
6.469301581382751465e-01
9.910504221916198730e-01
1.000000000000000000e+00
9.768826961517333984e-01
9.234631061553955078e-01
8.303309679031372070e-01
8.059560656547546387e-01
9.176612496376037598e-01
9.575480222702026367e-01
9.758222103118896484e-01
9.810528755187988281e-01
9.884877800941467285e-01
9.957584738731384277e-01
9.988189935684204102e-01
9.999426007270812988e-01
9.999989867210388184e-01
9.999996423721313477e-01
9.999997019767761230e-01
9.999992251396179199e-01
9.999981522560119629e-01
9.999983310699462891e-01
9.999998807907104492e-01
1.000000000000000000e+00
9.999734163284301758e-01
9.999054074287414551e-01
9.995223283767700195e-01
9.989972114562988281e-01
9.982801675796508789e-01
9.981593489646911621e-01
9.983149170875549316e-01
9.987978935241699219e-01
9.992161989212036133e-01
9.995786547660827637e-01
9.997814297676086426e-01
9.998840093612670898e-01
9.999153017997741699e-01
9.999364614486694336e-01
9.999601244926452637e-01
9.999862313270568848e-01
9.999952316284179688e-01
9.999994039535522461e-01
9.999979734420776367e-01
9.999964237213134766e-01
9.999831914901733398e-01
9.999449253082275391e-01
9.995880722999572754e-01
9.991807341575622559e-01
9.989257454872131348e-01
9.991260766983032227e-01
9.995266795158386230e-01
9.998358488082885742e-01
9.999769330024719238e-01
9.999986886978149414e-01
9.999980330467224121e-01
9.999948740005493164e-01
9.999893307685852051e-01
9.999910593032836914e-01
9.999933242797851562e-01
9.999958276748657227e-01
9.999894499778747559e-01
9.999850392341613770e-01
9.999883770942687988e-01
9.999656081199645996e-01
9.986059069633483887e-01
9.923269152641296387e-01
7.808979749679565430e-01
4.692460894584655762e-01
1.858957558870315552e-01
1.665219962596893311e-01
3.516130745410919189e-01
7.627020478248596191e-01
9.852473735809326172e-01
9.979565739631652832e-01
9.981056451797485352e-01
9.909010529518127441e-01
9.731582403182983398e-01
9.690216183662414551e-01
9.722370505332946777e-01
9.871316552162170410e-01
9.945997595787048340e-01
9.984411001205444336e-01
9.983686208724975586e-01
9.986617565155029297e-01
9.991692304611206055e-01
9.996653199195861816e-01
9.999287128448486328e-01
9.999855160713195801e-01
9.999867081642150879e-01
9.999884963035583496e-01
9.999925494194030762e-01
9.999969601631164551e-01
9.999998211860656738e-01
9.999992847442626953e-01
9.999993443489074707e-01
9.999995827674865723e-01
9.999998211860656738e-01
9.999997019767761230e-01
9.999940991401672363e-01
9.999502897262573242e-01
9.703845381736755371e-01
9.079919457435607910e-01
3.215538561344146729e-01
7.502425462007522583e-03
1.714862999506294727e-03
2.292589284479618073e-03
4.438024014234542847e-02
1.589789986610412598e-01
6.072749495506286621e-01
1.000000000000000000e+00
1.000000000000000000e+00
5.516360998153686523e-01
6.577664054930210114e-03
3.927432466298341751e-03
2.702543511986732483e-02
7.197938859462738037e-02
2.169203460216522217e-01
3.660419583320617676e-01
5.191675424575805664e-01
7.185717821121215820e-01
8.781337738037109375e-01
9.671134948730468750e-01
9.914149045944213867e-01
9.992252588272094727e-01
9.998187422752380371e-01
9.999930858612060547e-01
9.999994635581970215e-01
9.999997615814208984e-01
9.999998807907104492e-01
1.000000000000000000e+00
1.000000000000000000e+00
9.999995827674865723e-01
9.999986886978149414e-01
9.999983310699462891e-01
9.999980926513671875e-01
9.999980330467224121e-01
9.999621510505676270e-01
9.994109869003295898e-01
9.975057840347290039e-01
9.909877181053161621e-01
9.824572801589965820e-01
9.729636907577514648e-01
9.573765993118286133e-01
9.352174401283264160e-01
8.606223464012145996e-01
8.453730344772338867e-01
8.917860388755798340e-01
9.579194784164428711e-01
1.000000000000000000e+00
1.000000000000000000e+00
7.496649622917175293e-01
5.869811773300170898e-01
8.341181278228759766e-01
9.479157328605651855e-01
9.973087906837463379e-01
9.991323947906494141e-01
9.999293088912963867e-01
9.999973773956298828e-01
9.999988675117492676e-01
9.999898672103881836e-01
9.999691247940063477e-01
9.953395128250122070e-01
9.816777706146240234e-01
9.522937536239624023e-01
9.733949303627014160e-01
9.958264827728271484e-01
9.790656566619873047e-01
9.633784294128417969e-01
9.533733725547790527e-01
9.835415482521057129e-01
9.976491928100585938e-01
9.987768530845642090e-01
9.972010850906372070e-01
9.960287213325500488e-01
9.954057335853576660e-01
9.971446990966796875e-01
9.988155961036682129e-01
9.995869398117065430e-01
9.969567656517028809e-01
9.925214052200317383e-01
9.851707816123962402e-01
9.844760894775390625e-01
9.880039095878601074e-01
9.953237771987915039e-01
9.986603856086730957e-01
9.980909824371337891e-01
9.985055923461914062e-01
9.987890124320983887e-01
9.987621307373046875e-01
9.984816312789916992e-01
9.982250332832336426e-01
9.981977939605712891e-01
9.986561536788940430e-01
9.992969632148742676e-01
9.997390508651733398e-01
9.999539852142333984e-01
9.999948143959045410e-01
9.997084736824035645e-01
9.952015876770019531e-01
9.853602051734924316e-01
9.786140322685241699e-01
9.720487594604492188e-01
9.649308323860168457e-01
9.685289859771728516e-01
9.763990044593811035e-01
9.874434471130371094e-01
9.943098425865173340e-01
9.984504580497741699e-01
9.992885589599609375e-01
9.997769594192504883e-01
9.999068379402160645e-01
9.999401569366455078e-01
9.998934864997863770e-01
9.997200369834899902e-01
9.973289966583251953e-01
9.945762157440185547e-01
9.924715161323547363e-01
9.927443861961364746e-01
9.931191802024841309e-01
9.841715693473815918e-01
9.662356972694396973e-01
9.405875205993652344e-01
9.120847582817077637e-01
9.015845060348510742e-01
9.175785779953002930e-01
9.578595161437988281e-01
9.922505021095275879e-01
9.981840848922729492e-01
9.999412894248962402e-01
9.999537467956542969e-01
9.999601840972900391e-01
9.999555945396423340e-01
9.999424219131469727e-01
9.998477697372436523e-01
9.885837435722351074e-01
9.629780054092407227e-01
9.659796953201293945e-01
9.564642310142517090e-01
9.080924391746520996e-01
5.041249394416809082e-01
5.217417702078819275e-02
1.539407204836606979e-02
1.110037937760353088e-01
2.971447110176086426e-01
5.134317874908447266e-01
5.617059469223022461e-01
4.115030467510223389e-01
6.416677832603454590e-01
8.618486523628234863e-01
9.621478319168090820e-01
9.929513335227966309e-01
9.995204806327819824e-01
9.998028874397277832e-01
9.999347925186157227e-01
9.999700784683227539e-01
9.999666213989257812e-01
9.999531507492065430e-01
9.999282956123352051e-01
9.999677538871765137e-01
9.999970197677612305e-01
9.999914169311523438e-01
9.997084736824035645e-01
9.989927411079406738e-01
9.968081712722778320e-01
9.960401654243469238e-01
9.962546229362487793e-01
9.987052679061889648e-01
9.999926090240478516e-01
9.999933242797851562e-01
9.999868869781494141e-01
9.999845623970031738e-01
9.999920725822448730e-01
9.999957084655761719e-01
9.999909996986389160e-01
9.999556541442871094e-01
9.970411658287048340e-01
9.918482303619384766e-01
9.758894443511962891e-01
9.034116268157958984e-01
7.674320936203002930e-01
6.319831609725952148e-01
6.216472983360290527e-01
8.724402189254760742e-01
9.653975367546081543e-01
9.990248680114746094e-01
9.994691014289855957e-01
9.994272589683532715e-01
9.990869164466857910e-01
9.994758367538452148e-01
9.997611641883850098e-01
9.999226331710815430e-01
9.998946785926818848e-01
9.998855590820312500e-01
9.999759793281555176e-01
1.000000000000000000e+00
1.000000000000000000e+00
1.000000000000000000e+00
1.000000000000000000e+00
9.999975562095642090e-01
9.996955394744873047e-01
9.993566274642944336e-01
9.989692568778991699e-01
9.990770220756530762e-01
9.993090629577636719e-01
9.996467828750610352e-01
9.998290538787841797e-01
9.999353289604187012e-01
9.999674558639526367e-01
9.999175667762756348e-01
9.998018741607666016e-01
9.995337724685668945e-01
9.994019865989685059e-01
9.994794726371765137e-01
9.997485280036926270e-01
9.999850392341613770e-01
9.999963045120239258e-01
1.000000000000000000e+00
1.000000000000000000e+00
1.000000000000000000e+00
1.000000000000000000e+00
1.000000000000000000e+00
1.000000000000000000e+00
9.999881386756896973e-01
9.999552369117736816e-01
9.991343617439270020e-01
9.973788857460021973e-01
9.928187131881713867e-01
9.935252666473388672e-01
9.972984790802001953e-01
9.989047050476074219e-01
9.998309612274169922e-01
9.999775886535644531e-01
9.999926090240478516e-01
9.998612403869628906e-01
9.994387626647949219e-01
9.341906309127807617e-01
8.361859321594238281e-01
6.888933181762695312e-01
7.403343319892883301e-01
9.411858916282653809e-01
9.787412881851196289e-01
1.000000000000000000e+00
1.000000000000000000e+00
1.000000000000000000e+00
9.863705039024353027e-01
9.315400719642639160e-01
9.315149188041687012e-01
9.582474231719970703e-01
9.789595007896423340e-01
9.922059774398803711e-01
9.981807470321655273e-01
9.993895292282104492e-01
9.999378323554992676e-01
9.999589323997497559e-01
9.999507665634155273e-01
9.999074935913085938e-01
9.997468590736389160e-01
9.992547631263732910e-01
9.985662102699279785e-01
9.992898106575012207e-01
9.997696876525878906e-01
9.999315142631530762e-01
9.992979168891906738e-01
9.989334940910339355e-01
9.996780753135681152e-01
9.999468922615051270e-01
9.999923706054687500e-01
9.999919533729553223e-01
9.999681711196899414e-01
9.999229311943054199e-01
9.995044469833374023e-01
9.983912110328674316e-01
9.960427284240722656e-01
9.921298027038574219e-01
9.896159768104553223e-01
9.954309463500976562e-01
9.980339407920837402e-01
9.984701275825500488e-01
9.980243444442749023e-01
9.977192282676696777e-01
9.976004958152770996e-01
9.985386133193969727e-01
9.990566372871398926e-01
9.978352189064025879e-01
9.880127310752868652e-01
9.755360484123229980e-01
9.778447747230529785e-01
9.851549267768859863e-01
9.973760247230529785e-01
9.993004798889160156e-01
9.999629259109497070e-01
9.999443292617797852e-01
9.991183280944824219e-01
9.904949069023132324e-01
9.419476389884948730e-01
7.290433645248413086e-01
3.930514752864837646e-01
2.057504951953887939e-01
1.180573254823684692e-01
1.763381958007812500e-01
5.184481143951416016e-01
8.535730242729187012e-01
9.365219473838806152e-01
9.614158272743225098e-01
9.537156224250793457e-01
9.554654955863952637e-01
9.589447379112243652e-01
9.644601345062255859e-01
9.413770437240600586e-01
9.334144592285156250e-01
9.738717675209045410e-01
9.921286106109619141e-01
9.997920989990234375e-01
9.998803138732910156e-01
9.986229538917541504e-01
9.961287975311279297e-01
9.535897374153137207e-01
8.399099707603454590e-01
5.952585339546203613e-01
3.121817111968994141e-01
5.878590047359466553e-02
2.481945790350437164e-02
6.570556201040744781e-03
1.111622768803499639e-04
3.861562111739935688e-11
2.554717859482025233e-08
9.060684647010930348e-08
4.909441620111465454e-02
2.110493630170822144e-01
7.442616224288940430e-01
9.664131999015808105e-01
9.851667881011962891e-01
5.352677702903747559e-01
3.470129668712615967e-01
4.914448559284210205e-01
7.193793654441833496e-01
9.127194881439208984e-01
9.618282318115234375e-01
9.606167674064636230e-01
9.345548152923583984e-01
9.143918156623840332e-01
8.985980153083801270e-01
8.875033259391784668e-01
7.942857146263122559e-01
7.470014095306396484e-01
8.316802382469177246e-01
9.114675521850585938e-01
9.819560647010803223e-01
9.939996600151062012e-01
9.876593947410583496e-01
9.642091989517211914e-01
8.364055156707763672e-01
7.319504618644714355e-01
6.923344731330871582e-01
8.081750869750976562e-01
9.584158658981323242e-01
9.846697449684143066e-01
9.959545731544494629e-01
9.950030446052551270e-01
9.953064918518066406e-01
9.962015151977539062e-01
9.980391860008239746e-01
9.970628619194030762e-01
9.945752620697021484e-01
9.889264702796936035e-01
9.903053641319274902e-01
9.968394637107849121e-01
9.987046718597412109e-01
9.998407363891601562e-01
9.999660253524780273e-01
9.998142123222351074e-01
9.834849834442138672e-01
9.007936120033264160e-01
8.836156725883483887e-01
9.099688529968261719e-01
9.603528380393981934e-01
9.924733042716979980e-01
9.980940222740173340e-01
9.988056421279907227e-01
9.986630082130432129e-01
9.995466470718383789e-01
9.999253153800964355e-01
9.999902248382568359e-01
9.999953508377075195e-01
9.999970197677612305e-01
9.999940395355224609e-01
9.999881386756896973e-01
9.999831318855285645e-01
9.999834895133972168e-01
9.999868869781494141e-01
9.999918937683105469e-01
9.999930858612060547e-01
9.999954104423522949e-01
9.999993443489074707e-01
1.000000000000000000e+00
9.999985694885253906e-01
9.999925494194030762e-01
9.999934434890747070e-01
9.999980330467224121e-01
9.999985694885253906e-01
9.999359250068664551e-01
9.997940063476562500e-01
9.958606362342834473e-01
9.932834506034851074e-01
9.969328641891479492e-01
9.988863468170166016e-01
9.998723864555358887e-01
9.999485611915588379e-01
9.999902844429016113e-01
9.999894499778747559e-01
9.999780058860778809e-01
9.999721646308898926e-01
9.999898672103881836e-01
9.999976754188537598e-01
9.999976158142089844e-01
9.999432563781738281e-01
9.998848438262939453e-01
9.998211860656738281e-01
9.998561143875122070e-01
9.999110698699951172e-01
9.999714493751525879e-01
9.999941587448120117e-01
9.999947547912597656e-01
9.999715685844421387e-01
9.999426603317260742e-01
9.999064803123474121e-01
9.998400211334228516e-01
9.994645118713378906e-01
9.980788230895996094e-01
9.973966479301452637e-01
9.971087574958801270e-01
9.959256649017333984e-01
9.871332049369812012e-01
9.679762721061706543e-01
9.816480278968811035e-01
9.982077479362487793e-01
9.992487430572509766e-01
9.993029832839965820e-01
9.987338185310363770e-01
9.981803297996520996e-01
9.981106519699096680e-01
9.987533092498779297e-01
9.952238798141479492e-01
9.840465784072875977e-01
9.458629488945007324e-01
8.779695630073547363e-01
7.896128296852111816e-01
8.643830418586730957e-01
9.310188889503479004e-01
9.814974665641784668e-01
9.784957170486450195e-01
9.657381772994995117e-01
9.784483313560485840e-01
9.895932674407958984e-01
9.995626211166381836e-01
9.999712109565734863e-01
9.999734759330749512e-01
9.999159574508666992e-01
8.388395905494689941e-01
6.305971741676330566e-01
4.586808681488037109e-01
3.779888749122619629e-01
3.753850460052490234e-01
2.885368764400482178e-01
2.450179904699325562e-01
3.027056455612182617e-01
5.154963135719299316e-01
7.741828560829162598e-01
9.183958172798156738e-01
9.927094578742980957e-01
9.986556768417358398e-01
9.968621730804443359e-01
9.849464297294616699e-01
9.504957199096679688e-01
8.639948964118957520e-01
7.434653043746948242e-01
5.009462833404541016e-01
2.637567222118377686e-01
3.326573222875595093e-02
4.268994380254298449e-04
1.653693243861198425e-02
8.229068666696548462e-02
4.399093985557556152e-01
9.350003004074096680e-01
6.982226371765136719e-01
4.141288697719573975e-01
6.538046896457672119e-02
1.236712177110632638e-09
6.893009600605903842e-12
4.073175130514528064e-11
1.626419872045516968e-01
4.366096556186676025e-01
7.680594921112060547e-01
9.697419404983520508e-01
9.540309309959411621e-01
9.298002123832702637e-01
9.104273319244384766e-01
9.323280453681945801e-01
9.603688120841979980e-01
9.936069250106811523e-01
9.982390999794006348e-01
9.999522566795349121e-01
9.999846816062927246e-01
9.999873042106628418e-01
9.999589920043945312e-01
9.997543692588806152e-01
9.995605945587158203e-01
9.993781447410583496e-01
9.995601177215576172e-01
9.997704625129699707e-01
9.999110102653503418e-01
9.999615550041198730e-01
9.999634027481079102e-01
9.999673962593078613e-01
9.999688863754272461e-01
9.999669790267944336e-01
9.998876452445983887e-01
9.998033642768859863e-01
9.997745752334594727e-01
9.998483061790466309e-01
9.999955296516418457e-01
9.994772672653198242e-01
9.990772604942321777e-01
9.989298582077026367e-01
9.990107417106628418e-01
9.991852641105651855e-01
9.994598031044006348e-01
9.994286894798278809e-01
9.991108179092407227e-01
9.956726431846618652e-01
9.923384785652160645e-01
9.901188611984252930e-01
9.921364784240722656e-01
9.960753321647644043e-01
9.974793791770935059e-01
9.980813264846801758e-01
9.976679086685180664e-01
9.919300079345703125e-01
9.399662613868713379e-01
7.203723788261413574e-01
4.503743350505828857e-01
1.463232040405273438e-01
1.159702092409133911e-01
1.807961165904998779e-01
4.019380509853363037e-01
6.639623641967773438e-01
9.108090996742248535e-01
9.647982120513916016e-01
9.934857487678527832e-01
9.983608126640319824e-01
9.991669654846191406e-01
9.993797540664672852e-01
9.992647767066955566e-01
9.995343089103698730e-01
9.999704957008361816e-01
9.998388290405273438e-01
9.983981847763061523e-01
9.952147006988525391e-01
9.645548462867736816e-01
9.088382124900817871e-01
7.749086618423461914e-01
6.648045182228088379e-01
5.722829699516296387e-01
7.396008968353271484e-01
8.807497620582580566e-01
9.468178749084472656e-01
9.792084097862243652e-01
9.966163635253906250e-01
9.981127381324768066e-01
9.991215467453002930e-01
9.996038675308227539e-01
9.997441768646240234e-01
9.998009800910949707e-01
9.997681975364685059e-01
9.996681809425354004e-01
9.995273947715759277e-01
9.994635581970214844e-01
9.992935657501220703e-01
9.989517331123352051e-01
9.981131553649902344e-01
9.970940947532653809e-01
9.959264397621154785e-01
9.963819980621337891e-01
9.983381032943725586e-01
9.992651939392089844e-01
9.993633031845092773e-01
9.976102709770202637e-01
9.643744230270385742e-01
9.089897871017456055e-01
6.974745988845825195e-01
6.201258301734924316e-01
7.333236932754516602e-01
5.707796216011047363e-01
3.765779137611389160e-01
3.847204148769378662e-01
5.592976808547973633e-01
8.722400665283203125e-01
9.212586283683776855e-01
9.314964413642883301e-01
9.028306603431701660e-01
9.121917486190795898e-01
9.398871660232543945e-01
9.734978079795837402e-01
9.936783909797668457e-01
9.963883161544799805e-01
9.639918804168701172e-01
9.221876263618469238e-01
8.752967119216918945e-01
8.932031393051147461e-01
9.616246819496154785e-01
9.845933914184570312e-01
9.984588027000427246e-01
9.990104436874389648e-01
9.252414703369140625e-01
8.276367187500000000e-01
8.682444095611572266e-01
8.305699825286865234e-01
6.933541893959045410e-01
5.807827115058898926e-01
5.535533428192138672e-01
8.645630478858947754e-01
9.980883002281188965e-01
9.947301745414733887e-01
8.937456011772155762e-01
6.915922760963439941e-01
2.811238765716552734e-01
8.809185773134231567e-02
1.261518718820298091e-06
4.555593307031813310e-07
1.271420387638499960e-06
4.195785095362225547e-06
9.667266160249710083e-03
1.812021620571613312e-02
1.087236963212490082e-02
5.659282207489013672e-03
2.072989707812666893e-03
2.133615128695964813e-02
5.816719308495521545e-02
1.316709369421005249e-01
9.148152172565460205e-02
0.000000000000000000e+00
0.000000000000000000e+00
0.000000000000000000e+00
0.000000000000000000e+00
1.299433112144470215e-01
3.395504653453826904e-01
7.841036319732666016e-01
9.946882128715515137e-01
9.992914199829101562e-01
9.925282001495361328e-01
9.513146281242370605e-01
8.222292661666870117e-01
6.515898704528808594e-01
4.657007157802581787e-01
7.446931600570678711e-01
9.338645339012145996e-01
9.797733426094055176e-01
9.909678101539611816e-01
9.756590127944946289e-01
8.548579216003417969e-01
7.747772336006164551e-01
7.360426187515258789e-01
8.172243237495422363e-01
9.070950746536254883e-01
9.657089114189147949e-01
9.759595990180969238e-01
9.547433853149414062e-01
9.372957944869995117e-01
9.244886636734008789e-01
9.203422665596008301e-01
9.041694402694702148e-01
8.870955109596252441e-01
9.169734716415405273e-01
9.453263282775878906e-01
9.718418121337890625e-01
8.810737133026123047e-01
7.193468809127807617e-01
3.592907190322875977e-01
1.312100589275360107e-01
9.721867740154266357e-03
2.632569703564513475e-06
5.095654726028442383e-02
2.291138321161270142e-01
5.740874409675598145e-01
9.986832141876220703e-01
9.993472695350646973e-01
9.979242682456970215e-01
9.931843876838684082e-01
9.575124979019165039e-01
9.063805937767028809e-01
8.160191774368286133e-01
8.383009433746337891e-01
9.794746637344360352e-01
1.000000000000000000e+00
9.930537343025207520e-01
9.615904688835144043e-01
9.578835964202880859e-01
9.738337993621826172e-01
9.887828230857849121e-01
9.991722106933593750e-01
9.997681379318237305e-01
9.997385740280151367e-01
9.993973970413208008e-01
9.987132549285888672e-01
9.984214901924133301e-01
9.986964464187622070e-01
9.990366697311401367e-01
9.993814229965209961e-01
9.996327161788940430e-01
9.998226165771484375e-01
9.999518394470214844e-01
9.999854564666748047e-01
9.999987483024597168e-01
9.999932646751403809e-01
9.999874234199523926e-01
9.999813437461853027e-01
9.999838471412658691e-01
9.999683499336242676e-01
9.999136328697204590e-01
9.976049065589904785e-01
9.941765666007995605e-01
9.892951250076293945e-01
9.876473546028137207e-01
9.907073974609375000e-01
9.950622916221618652e-01
9.992158412933349609e-01
9.995405077934265137e-01
9.997467398643493652e-01
9.998315572738647461e-01
9.999102950096130371e-01
9.998379945755004883e-01
9.992219805717468262e-01
9.845566749572753906e-01
9.596318006515502930e-01
5.636643767356872559e-01
2.199551612138748169e-01
5.587523058056831360e-02
5.231049726717174053e-07
9.403260424733161926e-03
4.528124630451202393e-01
7.903819084167480469e-01
9.565232396125793457e-01
9.996813535690307617e-01
9.999859929084777832e-01
9.999758601188659668e-01
9.999255537986755371e-01
9.998282790184020996e-01
9.998331665992736816e-01
9.998567104339599609e-01
9.998629093170166016e-01
9.998738765716552734e-01
9.998889565467834473e-01
9.952719211578369141e-01
9.910457730293273926e-01
9.894307851791381836e-01
9.916480779647827148e-01
9.962414503097534180e-01
9.984443187713623047e-01
9.998592734336853027e-01
9.998275041580200195e-01
9.988532662391662598e-01
9.974597096443176270e-01
9.961012601852416992e-01
9.950471520423889160e-01
9.944365620613098145e-01
9.950059652328491211e-01
9.957669973373413086e-01
9.952232241630554199e-01
9.950763583183288574e-01
9.953640699386596680e-01
9.970554113388061523e-01
9.987993836402893066e-01
9.995755553245544434e-01
9.999302625656127930e-01
9.999373555183410645e-01
9.973523616790771484e-01
9.652893543243408203e-01
8.488790988922119141e-01
5.092378258705139160e-01
2.898524701595306396e-02
1.352149434387683868e-02
8.422657102346420288e-02
3.038501739501953125e-01
6.262353658676147461e-01
9.845072627067565918e-01
9.938290119171142578e-01
9.992933869361877441e-01
9.987210631370544434e-01
9.772706627845764160e-01
9.202879071235656738e-01
6.052100658416748047e-01
4.567138552665710449e-01
5.100638270378112793e-01
6.960803866386413574e-01
8.874692916870117188e-01
9.392486810684204102e-01
6.701056361198425293e-01
9.494154900312423706e-02
8.696784265339374542e-03
8.188257538677135017e-08
2.503252289898227900e-07
2.126502990722656250e-01
5.844193100929260254e-01
8.186721205711364746e-01
9.830583930015563965e-01
9.948836565017700195e-01
9.993057250976562500e-01
9.993876218795776367e-01
9.990071058273315430e-01
9.985895156860351562e-01
9.981141090393066406e-01
9.973424077033996582e-01
9.964795708656311035e-01
9.967740774154663086e-01
9.968650341033935547e-01
9.966368079185485840e-01
9.969372153282165527e-01
9.974784851074218750e-01
9.985564947128295898e-01
9.993136525154113770e-01
9.996699690818786621e-01
9.996838569641113281e-01
9.996157288551330566e-01
9.995886087417602539e-01
9.996533989906311035e-01
9.998121261596679688e-01
9.999203085899353027e-01
9.999937415122985840e-01
9.999613761901855469e-01
9.987496733665466309e-01
9.965487122535705566e-01
8.490944504737854004e-01
6.217849254608154297e-01
2.016492038965225220e-01
2.153859846293926239e-02
5.820639897137880325e-03
5.005261301994323730e-01
8.951947093009948730e-01
9.657787680625915527e-01
9.818822741508483887e-01
9.670154452323913574e-01
6.103298068046569824e-01
2.942773997783660889e-01
7.127688825130462646e-02
4.729208012577146292e-05
1.697137765586376190e-02
6.220470666885375977e-01
1.000000000000000000e+00
1.000000000000000000e+00
1.000000000000000000e+00
9.880711436271667480e-01
8.199881911277770996e-01
7.837541103363037109e-01
9.318290352821350098e-01
9.600027203559875488e-01
9.110167026519775391e-01
5.343284010887145996e-01
2.455378621816635132e-01
6.287870556116104126e-02
4.239889085292816162e-01
8.609156608581542969e-01
9.515224099159240723e-01
9.981676936149597168e-01
9.993935823440551758e-01
9.996195435523986816e-01
9.996850490570068359e-01
9.998925924301147461e-01
9.999905824661254883e-01
9.999909400939941406e-01
9.999914169311523438e-01
9.999924302101135254e-01
9.999949336051940918e-01
9.999520778656005859e-01
9.998739361763000488e-01
9.995204806327819824e-01
9.991629719734191895e-01
9.988790154457092285e-01
9.942724108695983887e-01
9.867230057716369629e-01
7.583121061325073242e-01
5.808166265487670898e-01
5.692281723022460938e-01
6.815734505653381348e-01
8.676335215568542480e-01
7.990642189979553223e-01
6.314373016357421875e-01
2.622010111808776855e-01
8.533778786659240723e-02
1.104115881025791168e-02
1.704814843833446503e-02
7.007987797260284424e-02
2.147613912820816040e-01
4.664626717567443848e-01
7.644275426864624023e-01
8.981066942214965820e-01
9.842006564140319824e-01
9.871735572814941406e-01
9.890298843383789062e-01
9.905855059623718262e-01
9.954878687858581543e-01
9.985178709030151367e-01
9.985877871513366699e-01
9.831262230873107910e-01
9.637224674224853516e-01
9.693052172660827637e-01
9.779279828071594238e-01
9.909506440162658691e-01
9.966337084770202637e-01
9.995774030685424805e-01
9.997917413711547852e-01
9.998135566711425781e-01
9.995797872543334961e-01
9.988827705383300781e-01
9.981131553649902344e-01
9.978644251823425293e-01
9.959785342216491699e-01
9.920777082443237305e-01
7.766447067260742188e-01
5.010873079299926758e-01
2.043144404888153076e-01
3.629540279507637024e-02
1.734368503093719482e-02
2.050358504056930542e-01
4.290923476219177246e-01
5.646907091140747070e-01
5.741898417472839355e-01
4.463154077529907227e-01
5.244879722595214844e-01
6.563521623611450195e-01
8.293835520744323730e-01
9.382622838020324707e-01
9.809128642082214355e-01
9.927418231964111328e-01
9.971492290496826172e-01
9.964451789855957031e-01
9.939272999763488770e-01
9.896039962768554688e-01
9.877558350563049316e-01
9.872905015945434570e-01
9.910849928855895996e-01
9.946240186691284180e-01
9.979178309440612793e-01
9.992069005966186523e-01
9.999503493309020996e-01
9.998920559883117676e-01
9.929261207580566406e-01
9.795504808425903320e-01
7.228411436080932617e-01
4.934460222721099854e-01
5.611337423324584961e-01
6.853284239768981934e-01
8.611934185028076172e-01
9.153407812118530273e-01
9.360008239746093750e-01
9.017101526260375977e-01
8.003971576690673828e-01
6.386923789978027344e-01
5.795488953590393066e-01
5.384493470191955566e-01
5.027430653572082520e-01
5.865570306777954102e-01
7.764949202537536621e-01
8.931891322135925293e-01
9.792877435684204102e-01
9.884551763534545898e-01
9.199206829071044922e-01
7.820299863815307617e-01
7.819300889968872070e-01
8.191208839416503906e-01
9.186188578605651855e-01
9.751605987548828125e-01
9.931446909904479980e-01
9.795476198196411133e-01
9.659086465835571289e-01
9.735624790191650391e-01
9.827160239219665527e-01
9.932231903076171875e-01
9.946701526641845703e-01
9.950276613235473633e-01
9.972035288810729980e-01
9.987303018569946289e-01
9.996550679206848145e-01
9.998902082443237305e-01
9.999413490295410156e-01
9.997143149375915527e-01
9.953302741050720215e-01
9.869683384895324707e-01
8.248370289802551270e-01
6.044891476631164551e-01
2.430201321840286255e-01
6.923022121191024780e-02
8.075200766324996948e-02
3.065268695354461670e-01
5.754148960113525391e-01
8.477987647056579590e-01
9.902813434600830078e-01
9.984174966812133789e-01
9.999355673789978027e-01
9.999912977218627930e-01
9.999893307685852051e-01
9.999057054519653320e-01
9.997330307960510254e-01
9.991188049316406250e-01
9.985551834106445312e-01
9.989748001098632812e-01
9.993336796760559082e-01
9.996227025985717773e-01
9.996970295906066895e-01
9.997280836105346680e-01
9.998510479927062988e-01
9.999398589134216309e-01
9.999866485595703125e-01
9.999983906745910645e-01
9.999994635581970215e-01
9.999959468841552734e-01
9.999949932098388672e-01
9.999974370002746582e-01
9.999952316284179688e-01
9.999920129776000977e-01
9.999938607215881348e-01
9.999936223030090332e-01
9.999904036521911621e-01
9.999440908432006836e-01
9.998854398727416992e-01
9.998720884323120117e-01
9.998520016670227051e-01
9.998213052749633789e-01
9.993984103202819824e-01
9.986277818679809570e-01
9.931114912033081055e-01
9.441477656364440918e-01
8.190296292304992676e-01
8.286298513412475586e-01
8.982290625572204590e-01
8.966212868690490723e-01
7.268564701080322266e-01
2.283553779125213623e-01
3.992125019431114197e-02
9.107516147196292877e-03
9.115561097860336304e-02
2.975213527679443359e-01
7.748256921768188477e-01
9.649217724800109863e-01
9.899725914001464844e-01
9.891455173492431641e-01
9.869948029518127441e-01
9.842799305915832520e-01
9.868264794349670410e-01
9.927996397018432617e-01
9.955519437789916992e-01
9.967280030250549316e-01
9.939498305320739746e-01
9.952495694160461426e-01
9.995619058609008789e-01
9.989053606986999512e-01
9.979011416435241699e-01
9.976527690887451172e-01
9.980640411376953125e-01
9.990314841270446777e-01
9.990086555480957031e-01
9.987282752990722656e-01
9.980008006095886230e-01
9.942650198936462402e-01
9.875994920730590820e-01
9.593540430068969727e-01
9.312522411346435547e-01
9.298982620239257812e-01
9.434881806373596191e-01
9.739255905151367188e-01
9.877125024795532227e-01
9.963118433952331543e-01
9.986625313758850098e-01
9.995225667953491211e-01
9.984179735183715820e-01
9.987040758132934570e-01
9.994141459465026855e-01
9.996311068534851074e-01
9.996695518493652344e-01
9.994280934333801270e-01
9.995476603507995605e-01
9.998110532760620117e-01
9.999144077301025391e-01
9.999834895133972168e-01
9.999879002571105957e-01
9.999660253524780273e-01
9.999310374259948730e-01
9.999284148216247559e-01
9.999381303787231445e-01
9.999749660491943359e-01
9.999930262565612793e-01
9.999995827674865723e-01
9.999524950981140137e-01
9.998393654823303223e-01
9.995454549789428711e-01
9.992591738700866699e-01
9.989786744117736816e-01
9.994177222251892090e-01
9.998514056205749512e-01
9.999277591705322266e-01
9.998500347137451172e-01
9.996334314346313477e-01
9.989960193634033203e-01
9.984653592109680176e-01
9.989039301872253418e-01
9.993070960044860840e-01
9.996712803840637207e-01
9.998431205749511719e-01
9.999542832374572754e-01
9.999814629554748535e-01
9.999975562095642090e-01
9.999986290931701660e-01
9.999957084655761719e-01
9.999915957450866699e-01
9.999933242797851562e-01
9.999828934669494629e-01
9.999516606330871582e-01
9.992042779922485352e-01
9.981223344802856445e-01
9.917622208595275879e-01
9.873207211494445801e-01
9.871173501014709473e-01
9.913138747215270996e-01
9.981507062911987305e-01
9.992181658744812012e-01
9.997671842575073242e-01
9.998703598976135254e-01
9.999436140060424805e-01
9.999939799308776855e-01
9.996743202209472656e-01
9.955406188964843750e-01
9.757562875747680664e-01
9.477008581161499023e-01
9.115590453147888184e-01
9.380586743354797363e-01
9.742854237556457520e-01
9.855164289474487305e-01
9.874887466430664062e-01
9.779319167137145996e-01
9.532980322837829590e-01
9.253395199775695801e-01
9.176120162010192871e-01
9.165917634963989258e-01
9.265335202217102051e-01
9.341183900833129883e-01
9.406123757362365723e-01
9.316831231117248535e-01
9.134603738784790039e-01
8.748939037322998047e-01
8.833509087562561035e-01
9.198385477066040039e-01
9.620264768600463867e-01
9.947723746299743652e-01
9.976367950439453125e-01
9.991004467010498047e-01
9.994562864303588867e-01
9.997439384460449219e-01
9.999743103981018066e-01
9.999855160713195801e-01
9.995645880699157715e-01
9.986875653266906738e-01
9.984658956527709961e-01
9.979560971260070801e-01
9.935402274131774902e-01
9.925191402435302734e-01
9.962726831436157227e-01
9.979971647262573242e-01
9.989161491394042969e-01
9.988728165626525879e-01
9.989856481552124023e-01
9.993993043899536133e-01
9.995819926261901855e-01
9.996397495269775391e-01
9.988455772399902344e-01
9.968795180320739746e-01
9.917608499526977539e-01
9.882715940475463867e-01
9.860030412673950195e-01
9.873924255371093750e-01
9.900098443031311035e-01
9.957801103591918945e-01
9.963693618774414062e-01
9.916601181030273438e-01
9.924411177635192871e-01
9.944857954978942871e-01
9.957753419876098633e-01
9.942039847373962402e-01
9.885860085487365723e-01
9.886108040809631348e-01
9.908901453018188477e-01
9.953495264053344727e-01
9.986510872840881348e-01
9.996157884597778320e-01
9.999776482582092285e-01
9.999952912330627441e-01
9.999622106552124023e-01
9.999339580535888672e-01
9.999294877052307129e-01
9.994660615921020508e-01
9.986345767974853516e-01
9.976646900177001953e-01
9.969142079353332520e-01
9.974037408828735352e-01
9.962480664253234863e-01
9.932178258895874023e-01
9.791775345802307129e-01
9.556332230567932129e-01
8.540714979171752930e-01
6.590737104415893555e-01
3.108794093132019043e-01
3.264908492565155029e-01
5.121089220046997070e-01
7.875719666481018066e-01
9.870897531509399414e-01
9.952597022056579590e-01
9.984910488128662109e-01
9.983228445053100586e-01
9.985276460647583008e-01
9.985822439193725586e-01
9.978423714637756348e-01
9.875367283821105957e-01
9.675934314727783203e-01
8.646314144134521484e-01
7.324723005294799805e-01
5.280990600585937500e-01
4.489605426788330078e-01
5.550580620765686035e-01
7.416656613349914551e-01
9.606134891510009766e-01
9.520769715309143066e-01
8.694975972175598145e-01
6.210383176803588867e-01
3.696334958076477051e-01
1.160323843359947205e-01
2.771828770637512207e-01
4.960918426513671875e-01
7.784698009490966797e-01
9.398437738418579102e-01
9.844457507133483887e-01
9.942756295204162598e-01
9.888491034507751465e-01
9.253810048103332520e-01
7.979451417922973633e-01
5.774414539337158203e-01
5.048858523368835449e-01
4.945685565471649170e-01
6.726105809211730957e-01
8.279997706413269043e-01
9.324549436569213867e-01
9.718975424766540527e-01
9.692378640174865723e-01
9.375150203704833984e-01
9.058750271797180176e-01
8.867740035057067871e-01
8.849050402641296387e-01
9.002299308776855469e-01
9.345498085021972656e-01
9.715257883071899414e-01
9.879967570304870605e-01
7.844529747962951660e-01
2.424847334623336792e-01
5.382107570767402649e-02
2.280204370617866516e-02
7.274570316076278687e-02
1.000246554613113403e-01
6.893720477819442749e-02
3.449492454528808594e-01
8.409739136695861816e-01
9.406033754348754883e-01
9.791838526725769043e-01
9.895937442779541016e-01
9.959962964057922363e-01
9.978865981101989746e-01
9.945175051689147949e-01
9.898146986961364746e-01
9.890946745872497559e-01
9.892519116401672363e-01
9.909815788269042969e-01
9.935697317123413086e-01
9.966071248054504395e-01
9.974517822265625000e-01
9.981828927993774414e-01
9.989169836044311523e-01
9.993830919265747070e-01
9.996176958084106445e-01
9.955959320068359375e-01
9.747923016548156738e-01
8.422640562057495117e-01
8.108581304550170898e-01
9.199824929237365723e-01
9.710883498191833496e-01
9.986147284507751465e-01
9.994077682495117188e-01
9.989947676658630371e-01
9.957634806632995605e-01
9.735430479049682617e-01
9.382959008216857910e-01
9.537766575813293457e-01
9.732741713523864746e-01
9.809556007385253906e-01
9.805685877799987793e-01
9.710804224014282227e-01
9.088446497917175293e-01
8.359220623970031738e-01
8.666317462921142578e-01
8.990558385848999023e-01
9.347241520881652832e-01
9.668748974800109863e-01
9.970601201057434082e-01
9.996103048324584961e-01
9.999755024909973145e-01
9.999610781669616699e-01
9.966337680816650391e-01
9.901545047760009766e-01
9.310600757598876953e-01
8.684981465339660645e-01
8.967664837837219238e-01
9.328866004943847656e-01
9.817148447036743164e-01
9.985260367393493652e-01
9.998636841773986816e-01
9.998641610145568848e-01
9.997774958610534668e-01
9.995836019515991211e-01
9.992868900299072266e-01
9.989036321640014648e-01
9.984391927719116211e-01
9.975658059120178223e-01
9.938784837722778320e-01
9.808915853500366211e-01
9.546548724174499512e-01
8.733395338058471680e-01
7.684437036514282227e-01
6.755992174148559570e-01
6.500436067581176758e-01
7.995828986167907715e-01
8.972375392913818359e-01
9.548686742782592773e-01
9.627740383148193359e-01
9.642707109451293945e-01
9.792329072952270508e-01
9.906296133995056152e-01
9.972774982452392578e-01
9.994358420372009277e-01
9.998153448104858398e-01
9.997982382774353027e-01
9.995355010032653809e-01
9.986739754676818848e-01
9.949268698692321777e-01
9.890722632408142090e-01
9.801758527755737305e-01
9.713846445083618164e-01
9.659515619277954102e-01
8.769829273223876953e-01
6.797795295715332031e-01
4.255299866199493408e-01
1.511011123657226562e-01
1.572212427854537964e-01
2.570355534553527832e-01
5.824307799339294434e-01
7.849462032318115234e-01
8.981081843376159668e-01
9.110332727432250977e-01
9.127674102783203125e-01
9.416328668594360352e-01
9.676137566566467285e-01
9.897844791412353516e-01
9.952239990234375000e-01
9.939631819725036621e-01
9.828839898109436035e-01
9.766566753387451172e-01
9.828333854675292969e-01
9.893218874931335449e-01
9.960585832595825195e-01
9.983336925506591797e-01
9.996433854103088379e-01
9.998025894165039062e-01
9.999052882194519043e-01
9.999285340309143066e-01
9.993091821670532227e-01
9.984124898910522461e-01
9.946850538253784180e-01
9.922389388084411621e-01
9.935742020606994629e-01
9.957366585731506348e-01
9.985927939414978027e-01
9.994906783103942871e-01
9.999274015426635742e-01
9.999620318412780762e-01
9.999792575836181641e-01
9.999693632125854492e-01
9.998205900192260742e-01
9.996039271354675293e-01
9.988870024681091309e-01
9.921795725822448730e-01
9.660443663597106934e-01
9.461424946784973145e-01
9.321179986000061035e-01
9.364809989929199219e-01
9.441522359848022461e-01
9.342037439346313477e-01
9.328050613403320312e-01
9.469347596168518066e-01
9.657468199729919434e-01
9.872113466262817383e-01
9.937654733657836914e-01
9.976478219032287598e-01
9.961796998977661133e-01
9.952088594436645508e-01
9.947882890701293945e-01
9.959342479705810547e-01
9.975705742835998535e-01
9.987422823905944824e-01
9.990200400352478027e-01
9.973255395889282227e-01
9.893167614936828613e-01
9.769225716590881348e-01
8.463900685310363770e-01
6.636309027671813965e-01
2.831332087516784668e-01
4.848277196288108826e-02
1.152024138718843460e-02
8.218174427747726440e-02
1.986109614372253418e-01
4.848629236221313477e-01
6.952419281005859375e-01
6.791994571685791016e-01
6.377847194671630859e-01
5.742355585098266602e-01
5.231971740722656250e-01
4.881626963615417480e-01
5.907323956489562988e-01
7.154269218444824219e-01
8.792366981506347656e-01
9.123356938362121582e-01
8.717399239540100098e-01
5.846123695373535156e-01
3.237558305263519287e-01
2.730710208415985107e-01
3.420970141887664795e-01
5.478855967521667480e-01
5.297350287437438965e-01
4.311770200729370117e-01
1.833650022745132446e-01
6.703142542392015457e-03
2.033629454672336578e-03
2.830959374477970414e-06
8.161653681781899650e-07
4.700316581875085831e-03
6.409794837236404419e-02
5.427272319793701172e-01
8.707239031791687012e-01
9.604555368423461914e-01
9.942954182624816895e-01
9.994513392448425293e-01
9.996656179428100586e-01
9.969168901443481445e-01
9.842583537101745605e-01
8.408367037773132324e-01
5.581156015396118164e-01
6.033524870872497559e-01
7.538470625877380371e-01
8.810580968856811523e-01
9.749647378921508789e-01
9.906251430511474609e-01
9.936334490776062012e-01
9.871504902839660645e-01
8.884676098823547363e-01
7.958865761756896973e-01
8.830874562263488770e-01
9.289752244949340820e-01
9.093824625015258789e-01
9.262472987174987793e-01
9.620822668075561523e-01
9.729427695274353027e-01
9.714771509170532227e-01
9.285286068916320801e-01
6.592354178428649902e-01
1.353128105401992798e-01
1.889683480840176344e-04
1.320822895500839422e-09
1.128260862515162444e-07
7.115213572978973389e-02
3.244382739067077637e-01
5.980430841445922852e-01
8.883834481239318848e-01
9.638353586196899414e-01
9.900397062301635742e-01
9.902087450027465820e-01
9.922170042991638184e-01
9.974653124809265137e-01
9.996125698089599609e-01
9.999519586563110352e-01
9.999688863754272461e-01
9.999207258224487305e-01
9.997290968894958496e-01
9.985546469688415527e-01
9.961084723472595215e-01
9.570552110671997070e-01
9.026692509651184082e-01
4.304091930389404297e-01
5.553712323307991028e-02
2.675446309149265289e-02
5.940079689025878906e-02
1.514209955930709839e-01
5.430847406387329102e-01
9.994573593139648438e-01
9.871307015419006348e-01
9.821963310241699219e-01
9.936305284500122070e-01
9.989746809005737305e-01
9.998552203178405762e-01
9.999949336051940918e-01
9.999622106552124023e-01
9.996523261070251465e-01
9.977870583534240723e-01
9.933207631111145020e-01
9.920751452445983887e-01
9.926455616950988770e-01
9.923703670501708984e-01
9.863649010658264160e-01
9.530756473541259766e-01
9.496243000030517578e-01
9.847058653831481934e-01
9.970880150794982910e-01
9.999060034751892090e-01
9.622527360916137695e-01
9.181050062179565430e-01
8.568271398544311523e-01
8.454635739326477051e-01
8.849856853485107422e-01
9.081096649169921875e-01
9.259619116783142090e-01
9.418388605117797852e-01
9.560650587081909180e-01
9.662275314331054688e-01
7.961333394050598145e-01
4.785085618495941162e-01
2.463277578353881836e-01
5.091531202197074890e-02
5.440826714038848877e-02
1.460200697183609009e-01
4.083791673183441162e-01
6.584532260894775391e-01
8.999106287956237793e-01
9.661265015602111816e-01
1.000000000000000000e+00
1.000000000000000000e+00
9.998824000358581543e-01
9.995797276496887207e-01
9.995907545089721680e-01
9.997706413269042969e-01
9.998696446418762207e-01
9.985876083374023438e-01
9.907972216606140137e-01
9.343430399894714355e-01
8.148597478866577148e-01
4.972444772720336914e-01
9.296935051679611206e-02
1.227813437581062317e-01
2.293024361133575439e-01
5.432440042495727539e-01
7.857814431190490723e-01
9.501022100448608398e-01
9.957603812217712402e-01
9.992111325263977051e-01
9.977176189422607422e-01
9.917278289794921875e-01
9.727127552032470703e-01
8.626297116279602051e-01
6.674405932426452637e-01
3.791812956333160400e-01
7.404154539108276367e-02
3.461280837655067444e-02
1.372722536325454712e-02
3.696880117058753967e-02
2.921321094036102295e-01
7.348855137825012207e-01
8.880409002304077148e-01
9.669076204299926758e-01
9.598090648651123047e-01
9.503129124641418457e-01
9.358720779418945312e-01
9.190210700035095215e-01
9.004921913146972656e-01
8.761698603630065918e-01
8.340670466423034668e-01
6.420701146125793457e-01
4.219330549240112305e-01
1.521947830915451050e-01
3.174145519733428955e-02
4.347737412899732590e-03
4.122311365790665150e-04
3.097510411096762036e-19
1.181604628318184114e-19
0.000000000000000000e+00
0.000000000000000000e+00
6.371686700731515884e-03
1.636124961078166962e-02
4.988160133361816406e-01
9.477713108062744141e-01
8.954780101776123047e-01
7.478507161140441895e-01
4.603224098682403564e-01
3.235490024089813232e-01
2.634156942367553711e-01
3.297973573207855225e-01
3.992621004581451416e-01
4.289514422416687012e-01
4.991474747657775879e-01
6.239240169525146484e-01
7.670137882232666016e-01
9.187386631965637207e-01
9.608057141304016113e-01
9.853494763374328613e-01
9.683184027671813965e-01
9.575580954551696777e-01
9.547511935234069824e-01
9.676733613014221191e-01
9.874892234802246094e-01
9.935826659202575684e-01
9.974646568298339844e-01
9.955418109893798828e-01
9.802619218826293945e-01
9.490600824356079102e-01
8.503095507621765137e-01
7.236297130584716797e-01
4.281381666660308838e-01
1.964296847581863403e-01
2.314002364873886108e-01
3.910912275314331055e-01
6.955621242523193359e-01
8.672320842742919922e-01
9.858897328376770020e-01
9.697855710983276367e-01
9.532187581062316895e-01
9.516048431396484375e-01
9.594525098800659180e-01
9.780158996582031250e-01
9.756326079368591309e-01
9.651939272880554199e-01
4.296099841594696045e-01
2.424792328383773565e-04
8.380915096495300531e-05
4.593286721501499414e-04
1.434222795069217682e-03
4.105487167835235596e-01
9.781127572059631348e-01
9.979285597801208496e-01
9.998611807823181152e-01
9.994286894798278809e-01
9.919427633285522461e-01
9.764750003814697266e-01
9.660609960556030273e-01
9.576432108879089355e-01
9.808311462402343750e-01
9.866999983787536621e-01
9.264290332794189453e-01
8.275263309478759766e-01
6.844019293785095215e-01
7.225031256675720215e-01
8.337495923042297363e-01
9.219737052917480469e-01
9.921790957450866699e-01
9.968836903572082520e-01
9.912839531898498535e-01
9.733354449272155762e-01
6.217583417892456055e-01
1.279139816761016846e-01
2.221482545137405396e-01
3.883866667747497559e-01
7.223865985870361328e-01
9.312342405319213867e-01
9.836575984954833984e-01
9.999073743820190430e-01
9.999943971633911133e-01
9.999906420707702637e-01
9.999806284904479980e-01
9.999705553054809570e-01
9.999670982360839844e-01
9.999724030494689941e-01
9.999718666076660156e-01
9.999685883522033691e-01
9.988812208175659180e-01
9.962933659553527832e-01
9.865298867225646973e-01
9.822583794593811035e-01
9.859302043914794922e-01
9.916638135910034180e-01
9.984762072563171387e-01
9.995821714401245117e-01
9.999819397926330566e-01
9.999787211418151855e-01
9.999788999557495117e-01
9.999843239784240723e-01
9.999912381172180176e-01
9.999990463256835938e-01
9.998008012771606445e-01
9.995574355125427246e-01
9.992022514343261719e-01
9.988453984260559082e-01
9.984856247901916504e-01
9.972881674766540527e-01
9.955401420593261719e-01
9.915848970413208008e-01
9.864358901977539062e-01
9.733884334564208984e-01
9.088780283927917480e-01
7.411230802536010742e-01
4.510776698589324951e-01
7.063982635736465454e-02
5.377228953875601292e-04
3.754681907594203949e-03
6.545510888099670410e-02
1.456647068262100220e-01
2.692611217498779297e-01
4.430805146694183350e-01
6.595143675804138184e-01
8.313147425651550293e-01
9.867299199104309082e-01
9.941066503524780273e-01
9.991778731346130371e-01
9.978699088096618652e-01
9.937866330146789551e-01
9.870030283927917480e-01
9.890385866165161133e-01
9.940854907035827637e-01
9.970850348472595215e-01
9.994646906852722168e-01
9.997991919517517090e-01
9.674839973449707031e-01
8.973650336265563965e-01
5.530834794044494629e-01
9.204423427581787109e-02
3.049534372985363007e-02
3.962518167099915445e-05
1.454117045796010643e-05
1.370870756321751482e-12
3.473673985173592049e-13
1.604122273230409179e-25
2.001499491100464883e-25
2.924252229252743973e-10
2.748963423073291779e-03
2.332105487585067749e-02
1.895666122436523438e-01
6.019797325134277344e-01
6.293367743492126465e-01
4.090624749660491943e-01
4.241771399974822998e-01
4.924190342426300049e-01
6.723543405532836914e-01
8.122305870056152344e-01
8.670656085014343262e-01
8.777063488960266113e-01
8.532535433769226074e-01
8.604367375373840332e-01
8.763068914413452148e-01
9.090372323989868164e-01
9.335393905639648438e-01
9.352491497993469238e-01
8.701279163360595703e-01
7.385336756706237793e-01
4.923619329929351807e-01
2.047720849514007568e-01
5.289933681488037109e-01
8.226302266120910645e-01
9.320212006568908691e-01
9.946641921997070312e-01
9.982421994209289551e-01
9.993971586227416992e-01
9.994024038314819336e-01
9.996013045310974121e-01
9.996435642242431641e-01
9.986678361892700195e-01
9.964799284934997559e-01
9.923211932182312012e-01
9.893512129783630371e-01
9.871292114257812500e-01
9.897077083587646484e-01
9.856753349304199219e-01
8.964771628379821777e-01
7.313035130500793457e-01
3.997614979743957520e-01
1.720898002386093140e-01
3.099262714385986328e-02
0.000000000000000000e+00
1.078854480794991244e-13
8.308065173323608832e-12
1.206365600228309631e-01
6.086713671684265137e-01
8.904529809951782227e-01
9.474524855613708496e-01
9.698718190193176270e-01
9.781305789947509766e-01
9.765607118606567383e-01
9.724006056785583496e-01
9.587277770042419434e-01
9.539546966552734375e-01
9.623758196830749512e-01
9.668342471122741699e-01
9.690211415290832520e-01
9.756385684013366699e-01
9.830427765846252441e-01
9.913959503173828125e-01
9.966628551483154297e-01
9.956480860710144043e-01
9.949989914894104004e-01
9.946384429931640625e-01
9.968594312667846680e-01
9.995898604393005371e-01
9.920602440834045410e-01
8.546662330627441406e-01
3.195241987705230713e-01
2.813270501792430878e-02
6.413637660443782806e-03
2.339602491306385154e-20
1.541499236183996246e-21
3.767430186271667480e-01
7.411795258522033691e-01
9.016951918601989746e-01
9.994494318962097168e-01
9.998333454132080078e-01
9.822818040847778320e-01
9.537311196327209473e-01
8.731862306594848633e-01
7.913728356361389160e-01
8.091270923614501953e-01
8.425191044807434082e-01
9.123466610908508301e-01
9.147296547889709473e-01
8.569470047950744629e-01
7.898863554000854492e-01
7.198051214218139648e-01
7.802608013153076172e-01
8.478294014930725098e-01
9.329386353492736816e-01
9.818292856216430664e-01
9.835203886032104492e-01
9.855831861495971680e-01
9.878329634666442871e-01
9.877318739891052246e-01
9.787448644638061523e-01
9.014534354209899902e-01
7.902907133102416992e-01
6.128979325294494629e-01
5.312943458557128906e-01
5.243571996688842773e-01
5.591909289360046387e-01
6.066309213638305664e-01
7.516466975212097168e-01
8.784648180007934570e-01
9.466253519058227539e-01
9.865632057189941406e-01
9.935530424118041992e-01
9.961885809898376465e-01
9.968447685241699219e-01
9.564173817634582520e-01
8.957220315933227539e-01
7.297068238258361816e-01
6.170608401298522949e-01
5.998668074607849121e-01
7.209383845329284668e-01
9.420819282531738281e-01
9.919375181198120117e-01
9.993636012077331543e-01
9.968807101249694824e-01
9.907904267311096191e-01
9.737909436225891113e-01
9.505522847175598145e-01
9.203811883926391602e-01
9.219254851341247559e-01
9.374211430549621582e-01
9.640011191368103027e-01
9.885795712471008301e-01
9.943790435791015625e-01
9.983417987823486328e-01
9.990382790565490723e-01
9.994604587554931641e-01
9.996845126152038574e-01
9.996605515480041504e-01
9.995725154876708984e-01
9.993558526039123535e-01
9.992826581001281738e-01
9.996573328971862793e-01
9.998948574066162109e-01
9.999747872352600098e-01
9.999988675117492676e-01
9.999971985816955566e-01
9.999969005584716797e-01
9.999961853027343750e-01
9.999915361404418945e-01
9.999871253967285156e-01
9.999831318855285645e-01
9.999712705612182617e-01
9.999533891677856445e-01
9.989876747131347656e-01
9.977568984031677246e-01
9.923110604286193848e-01
9.887834191322326660e-01
9.921025633811950684e-01
9.952579736709594727e-01
9.982029199600219727e-01
9.994949698448181152e-01
9.999200105667114258e-01
9.999862909317016602e-01
1.000000000000000000e+00
1.000000000000000000e+00
1.000000000000000000e+00
1.000000000000000000e+00
9.999997019767761230e-01
9.999991059303283691e-01
9.999991655349731445e-01
9.999995231628417969e-01
9.999967217445373535e-01
9.997989535331726074e-01
9.986895322799682617e-01
9.937535524368286133e-01
9.828845262527465820e-01
9.705973267555236816e-01
9.574222564697265625e-01
9.568593502044677734e-01
9.596199989318847656e-01
9.775834083557128906e-01
9.922034144401550293e-01
9.971221089363098145e-01
9.997880458831787109e-01
9.999332427978515625e-01
9.999855756759643555e-01
9.999954700469970703e-01
9.999982118606567383e-01
1.000000000000000000e+00
1.000000000000000000e+00
1.000000000000000000e+00
1.000000000000000000e+00
1.000000000000000000e+00
1.000000000000000000e+00
9.999838471412658691e-01
9.999625086784362793e-01
9.995825290679931641e-01
9.989414811134338379e-01
9.972097277641296387e-01
9.959796667098999023e-01
9.955025911331176758e-01
9.954946637153625488e-01
9.957838058471679688e-01
9.964457750320434570e-01
9.971776008605957031e-01
9.976714253425598145e-01
9.978517293930053711e-01
9.970898628234863281e-01
9.939876198768615723e-01
9.881613850593566895e-01
9.888471961021423340e-01
9.926863312721252441e-01
9.965332746505737305e-01
1.000000000000000000e+00
1.000000000000000000e+00
1.000000000000000000e+00
1.000000000000000000e+00
9.795752763748168945e-01
9.404319524765014648e-01
9.139291644096374512e-01
8.920636773109436035e-01
9.175431132316589355e-01
9.452658295631408691e-01
9.692865014076232910e-01
9.865711927413940430e-01
9.919981360435485840e-01
9.951550960540771484e-01
9.966110587120056152e-01
9.972940683364868164e-01
9.977630972862243652e-01
9.920014142990112305e-01
9.597768187522888184e-01
8.244853615760803223e-01
7.708379030227661133e-01
8.336759805679321289e-01
9.068089723587036133e-01
9.863597154617309570e-01
7.892635464668273926e-01
5.431266427040100098e-01
5.196322202682495117e-01
5.605059862136840820e-01
8.018093705177307129e-01
9.488559365272521973e-01
9.820250868797302246e-01
9.949536919593811035e-01
9.974370598793029785e-01
9.985997080802917480e-01
9.995037913322448730e-01
9.997400045394897461e-01
9.998055696487426758e-01
9.994385242462158203e-01
9.883334636688232422e-01
9.660321474075317383e-01
8.861025571823120117e-01
7.808899283409118652e-01
7.841917276382446289e-01
8.091372847557067871e-01
9.142926931381225586e-01
9.873975515365600586e-01
9.901046752929687500e-01
9.936103224754333496e-01
9.978631138801574707e-01
9.990493059158325195e-01
9.990749359130859375e-01
9.987483620643615723e-01
9.978942275047302246e-01
9.938550591468811035e-01
9.897013306617736816e-01
9.853170514106750488e-01
9.853742122650146484e-01
9.891480803489685059e-01
9.924675226211547852e-01
9.956284761428833008e-01
9.819952845573425293e-01
9.590285420417785645e-01
8.899989724159240723e-01
8.127426505088806152e-01
7.211101651191711426e-01
6.284048557281494141e-01
5.348687767982482910e-01
5.635719895362854004e-01
6.295052170753479004e-01
7.645934224128723145e-01
8.875587582588195801e-01
9.433698654174804688e-01
9.767194986343383789e-01
9.727031588554382324e-01
9.510835409164428711e-01
9.166117906570434570e-01
9.290186762809753418e-01
9.546898007392883301e-01
9.760923981666564941e-01
9.937232136726379395e-01
9.950536489486694336e-01
9.937341213226318359e-01
9.881783127784729004e-01
9.874128103256225586e-01
9.900231361389160156e-01
9.934402704238891602e-01
9.970733523368835449e-01
9.978426694869995117e-01
9.984031319618225098e-01
9.981925487518310547e-01
9.981935620307922363e-01
9.985258579254150391e-01
9.990015029907226562e-01
9.995778799057006836e-01
9.995949268341064453e-01
9.994627237319946289e-01
9.963260889053344727e-01
9.936423897743225098e-01
9.930785298347473145e-01
9.927887320518493652e-01
9.929308891296386719e-01
9.919200539588928223e-01
9.900968074798583984e-01
9.912870526313781738e-01
9.932956695556640625e-01
9.961522817611694336e-01
9.985796213150024414e-01
9.990199804306030273e-01
9.963169097900390625e-01
9.884873032569885254e-01
9.874282479286193848e-01
9.913306832313537598e-01
9.675307869911193848e-01
9.356048107147216797e-01
5.705940723419189453e-01
2.630563676357269287e-01
2.846694588661193848e-01
3.920588493347167969e-01
6.483032703399658203e-01
7.430064082145690918e-01
7.131853699684143066e-01
6.172102689743041992e-01
5.004736781120300293e-01
4.808887243270874023e-01
4.969375133514404297e-01
6.864541769027709961e-01
8.456865549087524414e-01
9.479745030403137207e-01
9.963267445564270020e-01
9.991191625595092773e-01
9.986049532890319824e-01
9.969186186790466309e-01
9.414842724800109863e-01
8.279705643653869629e-01
3.501267135143280029e-01
2.466907538473606110e-02
1.665629819035530090e-02
1.086318343877792358e-01
2.933938801288604736e-01
5.900447368621826172e-01
9.315725564956665039e-01
9.812043309211730957e-01
9.989309906959533691e-01
9.995462894439697266e-01
9.999790191650390625e-01
9.999735951423645020e-01
9.999554157257080078e-01
9.999237656593322754e-01
9.998145103454589844e-01
9.996687769889831543e-01
9.973301291465759277e-01
9.939429759979248047e-01
9.800691008567810059e-01
9.712431430816650391e-01
9.769482016563415527e-01
9.829258322715759277e-01
9.892429113388061523e-01
9.893197417259216309e-01
9.859251976013183594e-01
9.851127862930297852e-01
9.849503040313720703e-01
9.902697801589965820e-01
9.949602484703063965e-01
9.974100589752197266e-01
9.987196326255798340e-01
9.983692765235900879e-01
9.936113953590393066e-01
9.859085679054260254e-01
9.712215662002563477e-01
9.547050595283508301e-01
9.453709721565246582e-01
9.328217506408691406e-01
9.040684700012207031e-01
9.027435183525085449e-01
9.500516653060913086e-01
9.333484768867492676e-01
8.639493584632873535e-01
8.717242479324340820e-01
9.067807793617248535e-01
9.355830550193786621e-01
9.622393846511840820e-01
9.757003784179687500e-01
9.847456216812133789e-01
9.838111996650695801e-01
9.519445896148681641e-01
8.882294893264770508e-01
5.995730161666870117e-01
2.076908648014068604e-01
8.153114467859268188e-02
1.828215667046606541e-03
3.251140937209129333e-02
1.685698330402374268e-01
6.230962276458740234e-01
9.014983773231506348e-01
9.485933780670166016e-01
9.770409464836120605e-01
9.939851760864257812e-01
9.983847737312316895e-01
9.998143315315246582e-01
9.999136328697204590e-01
9.999899268150329590e-01
9.999948740005493164e-01
9.999977946281433105e-01
9.999971389770507812e-01
9.999963045120239258e-01
9.999954104423522949e-01
9.999934434890747070e-01
9.999911785125732422e-01
9.999594688415527344e-01
9.999306797981262207e-01
9.999446272850036621e-01
9.997326135635375977e-01
9.989840984344482422e-01
9.960110783576965332e-01
9.906390905380249023e-01
9.784706830978393555e-01
9.628630876541137695e-01
8.418864607810974121e-01
6.939765214920043945e-01
3.213521838188171387e-01
2.650381438434123993e-02
1.397888176143169403e-02
3.822955861687660217e-02
1.171214506030082703e-01
2.421569228172302246e-01
4.002057909965515137e-01
6.493510603904724121e-01
9.250628948211669922e-01
9.579856991767883301e-01
9.775593876838684082e-01
9.909028410911560059e-01
9.972633123397827148e-01
9.886847138404846191e-01
9.745358824729919434e-01
9.548908472061157227e-01
9.626605510711669922e-01
9.832219481468200684e-01
9.918006658554077148e-01
9.982374906539916992e-01
9.984689354896545410e-01
9.970820546150207520e-01
9.902954697608947754e-01
9.812588095664978027e-01
9.689500331878662109e-01
9.729369878768920898e-01
9.882056117057800293e-01
9.950990676879882812e-01
9.995028376579284668e-01
9.998054504394531250e-01
9.998923540115356445e-01
9.999561309814453125e-01
9.999958872795104980e-01
9.999827742576599121e-01
9.995551109313964844e-01
9.987006187438964844e-01
9.944315552711486816e-01
9.884881973266601562e-01
9.488123655319213867e-01
9.020448327064514160e-01
8.204168081283569336e-01
7.657872438430786133e-01
8.142949342727661133e-01
8.682913780212402344e-01
9.313219189643859863e-01
9.699563384056091309e-01
9.899644255638122559e-01
9.967305660247802734e-01
9.989188909530639648e-01
9.993904829025268555e-01
9.996938109397888184e-01
9.998213648796081543e-01
9.999250173568725586e-01
9.999666213989257812e-01
9.999809265136718750e-01
9.999625682830810547e-01
9.999678730964660645e-01
9.999869465827941895e-01
9.999944567680358887e-01
9.999992847442626953e-01
9.999901056289672852e-01
9.995068311691284180e-01
9.965569376945495605e-01
9.375416040420532227e-01
7.679202556610107422e-01
5.411610603332519531e-01
2.590652704238891602e-01
1.878373324871063232e-01
2.115622758865356445e-01
5.729382038116455078e-01
9.701887965202331543e-01
9.843434095382690430e-01
9.925028085708618164e-01
9.791387915611267090e-01
9.642674326896667480e-01
9.471499323844909668e-01
9.522768855094909668e-01
9.745483398437500000e-01
9.875333309173583984e-01
9.973031282424926758e-01
9.954134225845336914e-01
9.894686937332153320e-01
9.527130126953125000e-01
9.316881299018859863e-01
9.549255967140197754e-01
9.745791554450988770e-01
9.896890521049499512e-01
9.965879917144775391e-01
9.982264637947082520e-01
9.972888231277465820e-01
9.956400990486145020e-01
9.931503534317016602e-01
9.906635284423828125e-01
9.884590506553649902e-01
9.876160621643066406e-01
9.899435043334960938e-01
9.925177693367004395e-01
9.953618049621582031e-01
9.958776235580444336e-01
9.951123595237731934e-01
9.889970421791076660e-01
9.816591739654541016e-01
9.349160790443420410e-01
9.022977352142333984e-01
9.462550282478332520e-01
8.747157454490661621e-01
5.690982341766357422e-01
3.608517944812774658e-01
2.488393634557723999e-01
1.813308745622634888e-01
1.356607228517532349e-01
1.413895487785339355e-01
1.589171886444091797e-01
3.404125273227691650e-01
5.267490148544311523e-01
7.324527502059936523e-01
8.887192010879516602e-01
9.521129131317138672e-01
9.869332313537597656e-01
9.954831004142761230e-01
9.982547163963317871e-01
9.984198808670043945e-01
9.931203722953796387e-01
9.872393012046813965e-01
9.929521679878234863e-01
9.957154989242553711e-01
9.863245487213134766e-01
9.797919988632202148e-01
9.782719612121582031e-01
9.822525382041931152e-01
9.910952448844909668e-01
9.936127066612243652e-01
9.933630824089050293e-01
9.775761961936950684e-01
9.575683474540710449e-01
8.845587372779846191e-01
7.672159671783447266e-01
4.715055823326110840e-01
2.303578257560729980e-01
8.217451721429824829e-02
1.766433380544185638e-02
2.623195759952068329e-02
2.343906909227371216e-01
5.271847248077392578e-01
7.654039859771728516e-01
9.876544475555419922e-01
9.897623658180236816e-01
9.923478364944458008e-01
9.968711137771606445e-01
9.998050332069396973e-01
9.999082684516906738e-01
9.999672770500183105e-01
9.999861717224121094e-01
9.999858140945434570e-01
9.999769926071166992e-01
9.994751214981079102e-01
9.988223910331726074e-01
9.950852990150451660e-01
9.913696050643920898e-01
9.876984357833862305e-01
9.856335520744323730e-01
9.865313768386840820e-01
9.863811731338500977e-01
9.852444529533386230e-01
9.717656373977661133e-01
9.524422287940979004e-01
8.844705820083618164e-01
8.066872954368591309e-01
6.065243482589721680e-01
4.051810204982757568e-01
2.008772939443588257e-01
5.207953602075576782e-02
1.758189499378204346e-02
8.456879731966182590e-05
2.187744394177570939e-05
3.426001057960093021e-04
8.662509499117732048e-04
2.323995381593704224e-01
5.144744515419006348e-01
7.741536498069763184e-01
9.968634247779846191e-01
9.986965060234069824e-01
9.999782443046569824e-01
9.999846220016479492e-01
9.999591112136840820e-01
9.998965859413146973e-01
9.996861815452575684e-01
9.993859529495239258e-01
9.989850521087646484e-01
9.985552430152893066e-01
9.975612163543701172e-01
9.962298274040222168e-01
9.923209547996520996e-01
9.850632548332214355e-01
9.684750437736511230e-01
9.497975111007690430e-01
9.281900525093078613e-01
9.186874628067016602e-01
9.177898168563842773e-01
8.608810305595397949e-01
7.847210764884948730e-01
3.968739211559295654e-01
1.566822814900295493e-30
6.884080480562385357e-31
0.000000000000000000e+00
0.000000000000000000e+00
7.516345249314326793e-06
2.750548264884855598e-05
2.824937105178833008e-01
8.116125464439392090e-01
9.809449911117553711e-01
9.917281270027160645e-01
9.953415989875793457e-01
9.976855516433715820e-01
9.978498220443725586e-01
9.981119036674499512e-01
9.988777637481689453e-01
9.994663596153259277e-01
9.996794462203979492e-01
9.995739459991455078e-01
9.991190433502197266e-01
9.986814260482788086e-01
9.982545375823974609e-01
9.984908699989318848e-01
9.989047646522521973e-01
9.991849064826965332e-01
9.993222355842590332e-01
9.982493519783020020e-01
9.974744915962219238e-01
9.975538253784179688e-01
9.976035952568054199e-01
9.976114630699157715e-01
9.981393218040466309e-01
9.990618824958801270e-01
9.989375472068786621e-01
9.984076023101806641e-01
9.330373406410217285e-01
8.503828048706054688e-01
5.121990442276000977e-01
2.147535383701324463e-01
1.024315059185028076e-01
1.119706034660339355e-01
3.616909980773925781e-01
5.621589422225952148e-01
7.127311229705810547e-01
6.558148264884948730e-01
4.848345220088958740e-01
2.553364932537078857e-01
1.181211508810520172e-02
2.243210019514663145e-06
0.000000000000000000e+00
0.000000000000000000e+00
2.436356062722608197e-19
1.189997642252847551e-18
1.622453033924102783e-01
5.587517619132995605e-01
7.807233929634094238e-01
8.645532131195068359e-01
8.628879785537719727e-01
8.267480134963989258e-01
8.031577467918395996e-01
7.816724777221679688e-01
7.726001143455505371e-01
7.652708888053894043e-01
7.664735317230224609e-01
7.590590715408325195e-01
7.331502437591552734e-01
7.622644901275634766e-01
8.534300327301025391e-01
9.214614033699035645e-01
9.749253988265991211e-01
9.924842715263366699e-01
9.990921616554260254e-01
9.996107816696166992e-01
9.992195963859558105e-01
9.937350153923034668e-01
9.456002116203308105e-01
7.428396940231323242e-01
5.722783207893371582e-01
4.563643634319305420e-01
5.217329859733581543e-01
7.579671144485473633e-01
8.637565970420837402e-01
9.038334488868713379e-01
9.383120536804199219e-01
9.713918566703796387e-01
9.857628941535949707e-01
9.979074001312255859e-01
9.983274936676025391e-01
9.959821105003356934e-01
9.855747818946838379e-01
9.692587852478027344e-01
9.441789388656616211e-01
8.916586637496948242e-01
8.164341449737548828e-01
8.698871731758117676e-01
9.794867634773254395e-01
9.409760832786560059e-01
8.753417730331420898e-01
6.385641098022460938e-01
4.268863201141357422e-01
3.790214955806732178e-01
4.220964908599853516e-01
6.942381858825683594e-01
8.775619864463806152e-01
9.411577582359313965e-01
9.572064280509948730e-01
9.376314282417297363e-01
9.296863079071044922e-01
9.262667298316955566e-01
9.599558115005493164e-01
9.992836117744445801e-01
9.996550083160400391e-01
9.999710917472839355e-01
9.999861717224121094e-01
9.999954104423522949e-01
9.999909400939941406e-01
9.998760819435119629e-01
9.996235370635986328e-01
9.990181326866149902e-01
9.981663823127746582e-01
9.977371692657470703e-01
9.974659085273742676e-01
9.982819557189941406e-01
9.992389082908630371e-01
9.990515708923339844e-01
9.987906217575073242e-01
9.981422424316406250e-01
9.976682066917419434e-01
9.975934624671936035e-01
9.975349307060241699e-01
9.974961876869201660e-01
9.975108504295349121e-01
9.975627660751342773e-01
9.982938170433044434e-01
9.992722272872924805e-01
9.996634721755981445e-01
9.999639987945556641e-01
9.999809265136718750e-01
9.999922513961791992e-01
9.999725222587585449e-01
9.998696446418762207e-01
9.995684027671813965e-01
9.988421797752380371e-01
9.975631237030029297e-01
9.952304959297180176e-01
9.921155571937561035e-01
9.366046786308288574e-01
8.607194423675537109e-01
5.104589462280273438e-01
1.159267351031303406e-01
3.002990186214447021e-01
4.557443559169769287e-01
4.296573400497436523e-01
3.492355048656463623e-01
1.288772970438003540e-01
1.833454880397766829e-04
6.231918232515454292e-04
2.520761787891387939e-01
7.052251696586608887e-01
9.012053012847900391e-01
9.845172762870788574e-01
9.978420138359069824e-01
9.971078038215637207e-01
9.220008850097656250e-01
8.038098812103271484e-01
3.483885824680328369e-01
5.451443139463663101e-03
2.075441880151629448e-03
3.574699481046392813e-18
1.156448540776192148e-18
3.179389335889849991e-23
9.259115404423582991e-23
1.315430104732513428e-01
3.312892913818359375e-01
6.387431025505065918e-01
9.747287631034851074e-01
9.828691482543945312e-01
9.637759327888488770e-01
8.975603580474853516e-01
8.406227827072143555e-01
8.192289471626281738e-01
8.388839960098266602e-01
9.374742507934570312e-01
9.918854832649230957e-01
9.975857138633728027e-01
9.998348355293273926e-01
9.998930096626281738e-01
9.966264963150024414e-01
9.922382235527038574e-01
9.753969907760620117e-01
9.575762748718261719e-01
9.799851775169372559e-01
9.989843368530273438e-01
9.991666078567504883e-01
9.969298839569091797e-01
9.886127710342407227e-01
9.676083326339721680e-01
9.292209744453430176e-01
9.119252562522888184e-01
9.116702675819396973e-01
9.285393953323364258e-01
9.531805515289306641e-01
5.356037616729736328e-01
2.197569794952869415e-02
9.375431545777246356e-05
4.062585905194282532e-02
4.962938427925109863e-01
8.679099678993225098e-01
9.468749761581420898e-01
9.975211620330810547e-01
9.964218735694885254e-01
9.915105104446411133e-01
9.825709462165832520e-01
9.725317358970642090e-01
9.618467688560485840e-01
9.620155692100524902e-01
9.658674001693725586e-01
9.546884298324584961e-01
9.416789412498474121e-01
9.490445256233215332e-01
9.551514387130737305e-01
9.536008238792419434e-01
9.483785033226013184e-01
9.333767294883728027e-01
9.243746995925903320e-01
9.241971969604492188e-01
9.223092794418334961e-01
9.189353585243225098e-01
8.068861365318298340e-01
6.399437785148620605e-01
3.973016142845153809e-01
1.348556578159332275e-01
3.642740845680236816e-01
6.257675886154174805e-01
7.136092782020568848e-01
8.041891455650329590e-01
9.061686396598815918e-01
9.763270616531372070e-01
9.765439629554748535e-01
9.758051037788391113e-01
9.738475084304809570e-01
9.786989092826843262e-01
9.886943101882934570e-01
9.946182966232299805e-01
9.987352490425109863e-01
9.996533989906311035e-01
9.998748302459716797e-01
9.999267458915710449e-01
9.999667406082153320e-01
9.999687075614929199e-01
9.999709129333496094e-01
9.999743103981018066e-01
9.999770522117614746e-01
9.999784231185913086e-01
9.999237656593322754e-01
9.998025894165039062e-01
9.976696372032165527e-01
9.941235780715942383e-01
9.678893089294433594e-01
9.325476884841918945e-01
9.049196839332580566e-01
8.788204193115234375e-01
9.075027704238891602e-01
9.386664628982543945e-01
9.729381203651428223e-01
9.975558519363403320e-01
9.860429167747497559e-01
9.785946607589721680e-01
9.790644049644470215e-01
9.827099442481994629e-01
9.900643229484558105e-01
9.936970472335815430e-01
9.947245717048645020e-01
9.627869725227355957e-01
9.176919460296630859e-01
8.081898689270019531e-01
6.862222552299499512e-01
7.672988772392272949e-01
8.547412157058715820e-01
9.224433302879333496e-01
9.749705791473388672e-01
9.686892032623291016e-01
9.647761583328247070e-01
9.656432271003723145e-01
9.723516702651977539e-01
9.861627817153930664e-01
9.944692850112915039e-01
9.987161755561828613e-01
9.995883107185363770e-01
9.990003108978271484e-01
9.981585144996643066e-01
9.972615838050842285e-01
9.981783628463745117e-01
9.991535544395446777e-01
9.994415640830993652e-01
9.996982216835021973e-01
9.998147487640380859e-01
9.998781085014343262e-01
9.998220205307006836e-01
9.987673163414001465e-01
9.963681697845458984e-01
9.879234433174133301e-01
9.745379090309143066e-01
9.632384777069091797e-01
9.530144333839416504e-01
9.677475690841674805e-01
9.891806840896606445e-01
9.954011440277099609e-01
1.000000000000000000e+00
1.000000000000000000e+00
9.998579621315002441e-01
9.989145994186401367e-01
9.984273314476013184e-01
9.991756677627563477e-01
9.996568560600280762e-01
9.997177124023437500e-01
9.974718689918518066e-01
9.929857254028320312e-01
9.729379415512084961e-01
9.435819387435913086e-01
8.038060069084167480e-01
6.255495548248291016e-01
3.991023302078247070e-01
1.642473191022872925e-01
4.245671629905700684e-01
6.847873330116271973e-01
8.400611877441406250e-01
9.639511108398437500e-01
9.747638702392578125e-01
9.847630262374877930e-01
9.931964874267578125e-01
9.968528747558593750e-01
9.946446418762207031e-01
9.952140450477600098e-01
9.979278445243835449e-01
9.991926550865173340e-01
9.997707605361938477e-01
9.998762607574462891e-01
9.998614788055419922e-01
9.998220205307006836e-01
9.997349977493286133e-01
9.980841279029846191e-01
9.872425198554992676e-01
9.214916229248046875e-01
8.267089128494262695e-01
6.481739878654479980e-01
5.942993164062500000e-01
7.467014193534851074e-01
8.655958771705627441e-01
9.489543437957763672e-01
9.872068166732788086e-01
9.955978989601135254e-01
9.977431297302246094e-01
9.974394440650939941e-01
9.979272484779357910e-01
9.985771775245666504e-01
9.991390705108642578e-01
9.996709823608398438e-01
9.998233318328857422e-01
9.999529123306274414e-01
9.999741911888122559e-01
9.999778866767883301e-01
9.999379515647888184e-01
9.994930624961853027e-01
9.984441995620727539e-01
9.944813847541809082e-01
9.877426624298095703e-01
9.218405485153198242e-01
8.200899958610534668e-01
6.439183950424194336e-01
4.404132664203643799e-01
5.216066837310791016e-01
6.538230776786804199e-01
8.077167272567749023e-01
9.531142115592956543e-01
9.769555330276489258e-01
9.964016079902648926e-01
9.961585998535156250e-01
9.959869980812072754e-01
9.959887862205505371e-01
9.962863326072692871e-01
9.970195293426513672e-01
9.955710768699645996e-01
9.920689463615417480e-01
9.886788725852966309e-01
9.853428006172180176e-01
9.834092259407043457e-01
9.819862246513366699e-01
9.872249960899353027e-01
9.936884045600891113e-01
9.964820146560668945e-01
9.989401102066040039e-01
9.991810917854309082e-01
9.963976144790649414e-01
9.790418744087219238e-01
8.742285370826721191e-01
5.447916984558105469e-01
3.214387297630310059e-01
2.627891004085540771e-01
3.560743331909179688e-01
6.025673747062683105e-01
7.931417226791381836e-01
9.470584392547607422e-01
9.945999383926391602e-01
9.990873932838439941e-01
9.998680353164672852e-01
9.998260140419006348e-01
9.999024271965026855e-01
9.999846816062927246e-01
9.999615550041198730e-01
9.996608495712280273e-01
9.976513981819152832e-01
9.610749483108520508e-01
8.184658288955688477e-01
5.912542939186096191e-01
2.073425203561782837e-01
2.108329208567738533e-04
6.402226426871493459e-05
6.054222583770751953e-03
1.672362908720970154e-02
3.539523482322692871e-01
8.519403338432312012e-01
9.773781299591064453e-01
9.957004189491271973e-01
9.987834095954895020e-01
9.998040199279785156e-01
9.980680942535400391e-01
9.958126544952392578e-01
9.886152148246765137e-01
9.800403714179992676e-01
9.656088948249816895e-01
9.563071727752685547e-01
9.590070843696594238e-01
9.162797927856445312e-01
8.066217303276062012e-01
5.545566678047180176e-01
1.645199209451675415e-01
8.906058035790920258e-03
1.982785062864422798e-03
8.175608515739440918e-02
1.967165619134902954e-01
5.467124581336975098e-01
9.489466547966003418e-01
9.908947348594665527e-01
9.999973177909851074e-01
9.998562335968017578e-01
9.996411204338073730e-01
9.989006519317626953e-01
9.977243542671203613e-01
9.950584769248962402e-01
9.911039471626281738e-01
9.845061302185058594e-01
9.780819416046142578e-01
9.718517661094665527e-01
9.656215906143188477e-01
9.593625664710998535e-01
9.546571373939514160e-01
9.508685469627380371e-01
8.638809323310852051e-01
7.465410828590393066e-01
5.196278095245361328e-01
2.704017758369445801e-01
1.739772707223892212e-01
9.406154602766036987e-02
1.848508417606353760e-01
3.149684965610504150e-01
7.028239369392395020e-01
9.961246848106384277e-01
9.793744087219238281e-01
9.693270325660705566e-01
9.727053642272949219e-01
9.803884625434875488e-01
9.936754703521728516e-01
9.999480843544006348e-01
9.999764561653137207e-01
9.999001026153564453e-01
9.997614622116088867e-01
9.994847774505615234e-01
9.991551637649536133e-01
9.984672069549560547e-01
9.977005720138549805e-01
9.953204393386840820e-01
9.927499890327453613e-01
9.870595335960388184e-01
9.824906587600708008e-01
9.863785505294799805e-01
9.857274293899536133e-01
9.685702919960021973e-01
9.554815888404846191e-01
9.514492750167846680e-01
9.556334018707275391e-01
9.717425704002380371e-01
9.828161597251892090e-01
9.889902472496032715e-01
9.930390119552612305e-01
9.956817030906677246e-01
9.975937008857727051e-01
9.991807937622070312e-01
9.997116923332214355e-01
9.999591708183288574e-01
9.999929070472717285e-01
9.999985098838806152e-01
9.999974966049194336e-01
9.999963045120239258e-01
9.999942183494567871e-01
9.999924302101135254e-01
9.999920129776000977e-01
9.999791979789733887e-01
9.999322295188903809e-01
9.997881650924682617e-01
9.994692802429199219e-01
9.990977644920349121e-01
9.986636042594909668e-01
9.982883334159851074e-01
9.979637265205383301e-01
9.964883327484130859e-01
9.943595528602600098e-01
9.928497076034545898e-01
9.915612339973449707e-01
9.936617016792297363e-01
9.964877963066101074e-01
9.978274106979370117e-01
9.990212321281433105e-01
9.992872476577758789e-01
9.995381832122802734e-01
9.996639490127563477e-01
9.997836351394653320e-01
9.998779296875000000e-01
9.999344944953918457e-01
9.998967051506042480e-01
9.967468380928039551e-01
9.884660243988037109e-01
9.778032302856445312e-01
9.643890261650085449e-01
9.613561034202575684e-01
