9.998365640640258789e-01
9.997508525848388672e-01
9.994496703147888184e-01
9.995110034942626953e-01
9.996184110641479492e-01
9.997229576110839844e-01
9.997454881668090820e-01
9.997477531433105469e-01
9.997331500053405762e-01
9.985761046409606934e-01
9.938380122184753418e-01
9.852924346923828125e-01
9.708343148231506348e-01
9.736111164093017578e-01
9.916773438453674316e-01
9.932088851928710938e-01
9.918900728225708008e-01
9.886085391044616699e-01
9.890693426132202148e-01
9.834189414978027344e-01
9.731248021125793457e-01
9.590345621109008789e-01
9.685145020484924316e-01
9.870437383651733398e-01
9.782612323760986328e-01
9.591398239135742188e-01
9.451255202293395996e-01
9.773198366165161133e-01
9.930543899536132812e-01
9.998408555984497070e-01
9.999643564224243164e-01
9.999668002128601074e-01
9.998025298118591309e-01
9.992704391479492188e-01
9.960285425186157227e-01
9.922082424163818359e-01
9.889867305755615234e-01
9.890347719192504883e-01
9.891374707221984863e-01
9.875864982604980469e-01
9.820113182067871094e-01
9.751171469688415527e-01
9.672747254371643066e-01
9.419379830360412598e-01
8.838693499565124512e-01
7.764929533004760742e-01
9.063515067100524902e-01
1.000000000000000000e+00
1.000000000000000000e+00
8.651753067970275879e-01
7.543556690216064453e-01
6.883598566055297852e-01
3.971940577030181885e-01
1.615685522556304932e-01
3.092024475336074829e-03
7.129114010240300559e-08
3.072183728218078613e-01
9.246252179145812988e-01
9.756284356117248535e-01
9.999506473541259766e-01
9.998795986175537109e-01
9.980216622352600098e-01
9.970653057098388672e-01
9.969961047172546387e-01
9.991056323051452637e-01
1.000000000000000000e+00
9.984696507453918457e-01
9.810984730720520020e-01
9.739893078804016113e-01
9.756162166595458984e-01
9.920812845230102539e-01
9.989811182022094727e-01
9.999933838844299316e-01
9.999976754188537598e-01
9.999991059303283691e-01
9.999966025352478027e-01
9.999819397926330566e-01
9.999282956123352051e-01
9.998652935028076172e-01
9.998433589935302734e-01
9.998863935470581055e-01
9.999508857727050781e-01
9.999891519546508789e-01
9.998117089271545410e-01
9.994644522666931152e-01
9.988301992416381836e-01
9.987801909446716309e-01
9.990496039390563965e-01
9.996600747108459473e-01
9.998933672904968262e-01
9.999702572822570801e-01
9.999448060989379883e-01
9.998219609260559082e-01
9.997357130050659180e-01
9.998068213462829590e-01
9.998825192451477051e-01
9.999367594718933105e-01
9.999399185180664062e-01
9.997114539146423340e-01
9.995027184486389160e-01
9.994421601295471191e-01
9.996448159217834473e-01
9.998461008071899414e-01
9.999451637268066406e-01
9.996693134307861328e-01
9.991869926452636719e-01
9.984539747238159180e-01
9.987327456474304199e-01
9.991270303726196289e-01
9.994578957557678223e-01
9.944034218788146973e-01
9.906926155090332031e-01
9.901735782623291016e-01
9.922694563865661621e-01
9.910915493965148926e-01
9.847054481506347656e-01
9.852505326271057129e-01
9.887533187866210938e-01
9.954347610473632812e-01
9.971700906753540039e-01
9.921680688858032227e-01
9.789116978645324707e-01
8.520299196243286133e-01
6.373390555381774902e-01
3.233875036239624023e-01
2.105529308319091797e-01
1.487462967634201050e-01
1.354836821556091309e-01
2.246752828359603882e-01
4.343885183334350586e-01
7.755647301673889160e-01
9.209687709808349609e-01
9.958121180534362793e-01
9.998475313186645508e-01
9.996474385261535645e-01
9.992953538894653320e-01
9.988394379615783691e-01
9.995393157005310059e-01
9.999268651008605957e-01
9.999956488609313965e-01
9.999542832374572754e-01
9.998735189437866211e-01
9.973663091659545898e-01
8.033946156501770020e-01
4.644029736518859863e-01
2.922209932876285166e-05
9.425804819329641759e-06
6.853179074823856354e-03
3.668406978249549866e-02
6.271790862083435059e-01
9.337493181228637695e-01
9.877150654792785645e-01
9.886110424995422363e-01
9.721922874450683594e-01
9.417674541473388672e-01
9.361306428909301758e-01
7.926396131515502930e-01
5.275592803955078125e-01
1.673329919576644897e-01
2.714679576456546783e-02
9.726367145776748657e-02
7.150772213935852051e-01
9.941245317459106445e-01
9.939450025558471680e-01
9.818652272224426270e-01
9.776757955551147461e-01
9.795927405357360840e-01
9.756131172180175781e-01
9.805392026901245117e-01
9.922800064086914062e-01
9.973644614219665527e-01
9.997549653053283691e-01
9.998646378517150879e-01
9.979661703109741211e-01
9.895465373992919922e-01
9.761068820953369141e-01
9.654560089111328125e-01
9.751029014587402344e-01
9.993538260459899902e-01
9.973875284194946289e-01
9.322079420089721680e-01
8.057262897491455078e-01
4.928486943244934082e-01
4.966802000999450684e-01
7.502929568290710449e-01
9.148402810096740723e-01
9.860547780990600586e-01
9.814276099205017090e-01
9.719334840774536133e-01
9.783807396888732910e-01
9.952957034111022949e-01
9.650115966796875000e-01
8.927000761032104492e-01
7.888258695602416992e-01
7.540861368179321289e-01
7.909981608390808105e-01
8.871998190879821777e-01
9.610357880592346191e-01
9.968684315681457520e-01
9.999393224716186523e-01
9.999676346778869629e-01
9.999794960021972656e-01
9.999514222145080566e-01
9.991268515586853027e-01
9.956491589546203613e-01
9.897813200950622559e-01
9.826107621192932129e-01
9.820053577423095703e-01
9.873416423797607422e-01
9.878457188606262207e-01
9.917559623718261719e-01
9.988258481025695801e-01
9.995944499969482422e-01
9.999811649322509766e-01
9.999939203262329102e-01
9.999621510505676270e-01
9.997921586036682129e-01
9.994827508926391602e-01
9.994757175445556641e-01
9.995838403701782227e-01
9.998099207878112793e-01
9.999011158943176270e-01
9.998465776443481445e-01
9.996348023414611816e-01
9.980729222297668457e-01
9.976323843002319336e-01
9.985172152519226074e-01
9.994153380393981934e-01
9.999288916587829590e-01
9.999797940254211426e-01
9.993783235549926758e-01
9.983699917793273926e-01
9.968945980072021484e-01
9.960687756538391113e-01
9.957863688468933105e-01
9.961630105972290039e-01
9.977087974548339844e-01
9.989886879920959473e-01
9.997572898864746094e-01
9.999215006828308105e-01
9.999719858169555664e-01
9.999432563781738281e-01
9.975907802581787109e-01
9.960791468620300293e-01
9.963575005531311035e-01
9.978476762771606445e-01
9.985042810440063477e-01
9.974573850631713867e-01
9.742836952209472656e-01
9.539641141891479492e-01
9.452823996543884277e-01
9.625762701034545898e-01
9.801062941551208496e-01
9.885892271995544434e-01
9.934293627738952637e-01
9.965783953666687012e-01
9.977273941040039062e-01
9.893710613250732422e-01
9.422624111175537109e-01
8.098989129066467285e-01
4.310760498046875000e-01
9.084642678499221802e-02
1.701063849031925201e-02
1.818195960368029773e-05
6.544230971485376358e-03
3.163992613554000854e-02
5.078440904617309570e-01
9.869693517684936523e-01
9.930289983749389648e-01
9.916329979896545410e-01
9.878848791122436523e-01
9.856533408164978027e-01
9.770951867103576660e-01
9.639500379562377930e-01
9.428791403770446777e-01
9.304698109626770020e-01
9.265387058258056641e-01
9.440001845359802246e-01
8.814600706100463867e-01
7.691334486007690430e-01
6.055176258087158203e-01
4.906459152698516846e-01
4.619418382644653320e-01
8.428595066070556641e-01
9.930315017700195312e-01
9.978201389312744141e-01
9.991366267204284668e-01
9.831457734107971191e-01
9.509547948837280273e-01
8.701441884040832520e-01
6.790876388549804688e-01
4.256911873817443848e-01
6.066734790802001953e-01
7.998566627502441406e-01
9.976257085800170898e-01
9.530048370361328125e-01
7.809858918190002441e-01
4.855518639087677002e-01
2.358379513025283813e-01
1.283201724290847778e-01
1.739528626203536987e-01
4.796840846538543701e-01
6.857988238334655762e-01
7.599372267723083496e-01
6.363714933395385742e-01
5.701729059219360352e-01
5.999024510383605957e-01
8.290503621101379395e-01
9.860114455223083496e-01
9.984108805656433105e-01
9.999792575836181641e-01
9.999877214431762695e-01
9.999544620513916016e-01
9.981939792633056641e-01
9.971978068351745605e-01
9.984126091003417969e-01
9.993003010749816895e-01
9.998849630355834961e-01
9.999290704727172852e-01
9.999502897262573242e-01
9.999656677246093750e-01
9.999825954437255859e-01
9.999729990959167480e-01
9.985493421554565430e-01
9.924086332321166992e-01
9.350101947784423828e-01
8.812152743339538574e-01
9.283902645111083984e-01
9.673460721969604492e-01
9.970030188560485840e-01
9.988520145416259766e-01
9.991528391838073730e-01
9.987094998359680176e-01
9.990814328193664551e-01
9.994958639144897461e-01
9.999046921730041504e-01
9.999696612358093262e-01
9.999980330467224121e-01
9.999985098838806152e-01
9.999938011169433594e-01
9.999920725822448730e-01
9.999929070472717285e-01
9.999958276748657227e-01
9.999979138374328613e-01
9.999992847442626953e-01
9.999997615814208984e-01
1.000000000000000000e+00
1.000000000000000000e+00
9.999962449073791504e-01
9.999940991401672363e-01
9.999945759773254395e-01
9.999966621398925781e-01
9.999980330467224121e-01
9.999979138374328613e-01
9.999924898147583008e-01
9.999328255653381348e-01
9.997663497924804688e-01
9.995356202125549316e-01
9.994601011276245117e-01
9.997971057891845703e-01
9.998720884323120117e-01
9.998905658721923828e-01
9.999727606773376465e-01
9.999974370002746582e-01
1.000000000000000000e+00
1.000000000000000000e+00
1.000000000000000000e+00
9.999846220016479492e-01
9.998890161514282227e-01
9.998995065689086914e-01
9.999630451202392578e-01
9.999747872352600098e-01
9.999667406082153320e-01
9.999375939369201660e-01
9.998131394386291504e-01
9.995874762535095215e-01
9.992305040359497070e-01
9.970749616622924805e-01
9.846520423889160156e-01
9.620922803878784180e-01
9.660633802413940430e-01
9.739102125167846680e-01
9.857186675071716309e-01
9.943545460700988770e-01
9.995076656341552734e-01
9.999482631683349609e-01
1.000000000000000000e+00
1.000000000000000000e+00
1.000000000000000000e+00
9.775341153144836426e-01
9.557251334190368652e-01
9.452154636383056641e-01
9.593512415885925293e-01
9.783203601837158203e-01
9.917125701904296875e-01
9.972509741783142090e-01
9.994604587554931641e-01
9.998391866683959961e-01
9.999758601188659668e-01
9.999931454658508301e-01
9.999764561653137207e-01
9.998183250427246094e-01
9.996188879013061523e-01
9.997761845588684082e-01
9.999021291732788086e-01
1.000000000000000000e+00
1.000000000000000000e+00
9.979467391967773438e-01
9.940319657325744629e-01
9.959247112274169922e-01
9.977491497993469238e-01
9.994883537292480469e-01
9.997298121452331543e-01
9.994071125984191895e-01
9.984207749366760254e-01
9.977517127990722656e-01
9.970352649688720703e-01
9.961655735969543457e-01
9.976484179496765137e-01
9.991843700408935547e-01
9.997930526733398438e-01
9.999629855155944824e-01
9.999971389770507812e-01
9.999991059303283691e-01
9.998813271522521973e-01
9.983716607093811035e-01
9.911624193191528320e-01
9.740071892738342285e-01
9.564925432205200195e-01
9.699583053588867188e-01
9.815841317176818848e-01
9.913095831871032715e-01
9.923980236053466797e-01
9.907559156417846680e-01
9.866286516189575195e-01
9.691658020019531250e-01
9.653645157814025879e-01
9.760944843292236328e-01
9.832913279533386230e-01
9.855237007141113281e-01
9.812478423118591309e-01
9.881246089935302734e-01
9.947236180305480957e-01
9.984631538391113281e-01
9.995298981666564941e-01
9.999151229858398438e-01
9.999719262123107910e-01
9.999536871910095215e-01
9.993785023689270020e-01
9.971050620079040527e-01
9.858335256576538086e-01
8.935253620147705078e-01
4.341923594474792480e-01
4.323703050613403320e-01
6.701738238334655762e-01
7.796748876571655273e-01
7.885572314262390137e-01
7.323460578918457031e-01
8.624153733253479004e-01
9.502467513084411621e-01
9.981154799461364746e-01
9.995900988578796387e-01
9.998173117637634277e-01
9.996614456176757812e-01
9.996847510337829590e-01
9.994686245918273926e-01
9.988353252410888672e-01
9.699310660362243652e-01
8.711049556732177734e-01
6.298968195915222168e-01
5.438988804817199707e-01
5.872356295585632324e-01
8.949175477027893066e-01
9.916014075279235840e-01
9.997916221618652344e-01
9.995396137237548828e-01
9.975690245628356934e-01
9.947845935821533203e-01
9.932528734207153320e-01
9.951078295707702637e-01
9.993674159049987793e-01
9.997887015342712402e-01
9.999843835830688477e-01
9.999529719352722168e-01
9.999632239341735840e-01
9.996093511581420898e-01
9.987648129463195801e-01
6.332289576530456543e-01
2.832936942577362061e-01
4.410403966903686523e-02
2.284222841262817383e-01
5.240266323089599609e-01
8.649690151214599609e-01
9.699103832244873047e-01
9.905099868774414062e-01
9.967520833015441895e-01
9.993089437484741211e-01
9.999637007713317871e-01
9.999895691871643066e-01
9.999977946281433105e-01
9.999944567680358887e-01
9.999970197677612305e-01
9.999978542327880859e-01
9.999971389770507812e-01
9.996446967124938965e-01
9.821907877922058105e-01
9.435517191886901855e-01
9.006376266479492188e-01
8.952290415763854980e-01
9.546049833297729492e-01
9.824306964874267578e-01
9.979104995727539062e-01
9.990009069442749023e-01
9.990063905715942383e-01
9.988683462142944336e-01
9.995316267013549805e-01
9.998544454574584961e-01
9.999151825904846191e-01
9.993460178375244141e-01
9.993553757667541504e-01
9.997431039810180664e-01
9.998601078987121582e-01
9.999353885650634766e-01
9.999713897705078125e-01
9.999505281448364258e-01
9.996203184127807617e-01
9.988865852355957031e-01
9.985919594764709473e-01
9.987741112709045410e-01
9.997379779815673828e-01
9.998726248741149902e-01
9.984802007675170898e-01
9.934674501419067383e-01
9.681715965270996094e-01
9.359655380249023438e-01
9.064238667488098145e-01
9.382788538932800293e-01
9.971848130226135254e-01
9.989963769912719727e-01
9.997736811637878418e-01
9.997337460517883301e-01
9.990884065628051758e-01
9.886630177497863770e-01
9.674354791641235352e-01
6.769072413444519043e-01
3.853813409805297852e-01
1.218794360756874084e-01
3.682853281497955322e-01
6.814076900482177734e-01
9.378352165222167969e-01
9.991967082023620605e-01
9.999828338623046875e-01
9.999700784683227539e-01
9.857244491577148438e-01
9.304786324501037598e-01
6.475946307182312012e-01
5.386323928833007812e-01
5.598095655441284180e-01
7.475559711456298828e-01
8.762460350990295410e-01
9.454001784324645996e-01
9.580816626548767090e-01
9.657173156738281250e-01
9.701480269432067871e-01
9.801685810089111328e-01
9.874536395072937012e-01
9.869753718376159668e-01
8.323079943656921387e-01
5.780061483383178711e-01
1.402817666530609131e-01
8.659410523250699043e-04
2.907720580697059631e-02
2.338379919528961182e-01
5.734617710113525391e-01
9.891141057014465332e-01
9.946890473365783691e-01
9.981933236122131348e-01
9.995889067649841309e-01
9.995414018630981445e-01
9.992808699607849121e-01
9.988198876380920410e-01
9.992381334304809570e-01
9.997000694274902344e-01
9.999271035194396973e-01
9.999898672103881836e-01
9.999988079071044922e-01
9.999991655349731445e-01
9.999989271163940430e-01
9.999936819076538086e-01
9.999528527259826660e-01
9.957934021949768066e-01
9.875728487968444824e-01
9.360483884811401367e-01
8.919949531555175781e-01
8.563469052314758301e-01
9.295111298561096191e-01
9.852319955825805664e-01
9.974336028099060059e-01
9.997763037681579590e-01
9.999089837074279785e-01
9.996973872184753418e-01
9.975894093513488770e-01
9.948918819427490234e-01
9.927487969398498535e-01
9.942268133163452148e-01
9.975127577781677246e-01
9.970387220382690430e-01
9.978185296058654785e-01
9.997142553329467773e-01
9.998149871826171875e-01
9.998716711997985840e-01
9.999161362648010254e-01
9.999597072601318359e-01
9.999904036521911621e-01
9.999946951866149902e-01
9.999946355819702148e-01
9.999354481697082520e-01
9.996764659881591797e-01
9.514837265014648438e-01
8.484393358230590820e-01
5.192254185676574707e-01
5.817962884902954102e-01
9.318273663520812988e-01
9.742668867111206055e-01
9.974198937416076660e-01
9.987474679946899414e-01
9.966511726379394531e-01
9.875822663307189941e-01
9.667192101478576660e-01
9.629346728324890137e-01
8.757047057151794434e-01
5.330684185028076172e-01
2.417210042476654053e-01
1.138131879270076752e-02
6.910108029842376709e-03
1.928891241550445557e-01
5.021909475326538086e-01
6.721296906471252441e-01
6.554974317550659180e-01
4.436076879501342773e-01
2.068703472614288330e-01
5.076894164085388184e-02
2.957540377974510193e-02
1.347618550062179565e-01
2.962839305400848389e-01
5.375943183898925781e-01
7.228493094444274902e-01
8.726440668106079102e-01
9.536498188972473145e-01
9.897081255912780762e-01
9.964299798011779785e-01
9.986696839332580566e-01
9.998517632484436035e-01
9.999616146087646484e-01
9.994724988937377930e-01
9.813500642776489258e-01
9.351027011871337891e-01
6.834292411804199219e-01
5.068041682243347168e-01
6.453527212142944336e-01
8.292167186737060547e-01
9.990049004554748535e-01
9.996404051780700684e-01
9.932654500007629395e-01
9.761327505111694336e-01
8.345089554786682129e-01
7.540369629859924316e-01
7.371038794517517090e-01
7.938073873519897461e-01
8.016285896301269531e-01
7.197908163070678711e-01
5.448634028434753418e-01
3.660137951374053955e-01
2.350298911333084106e-01
1.152331531047821045e-01
1.592571847140789032e-02
1.073415111750364304e-02
1.394697129726409912e-01
3.681882023811340332e-01
7.643156051635742188e-01
9.745501875877380371e-01
9.750964045524597168e-01
9.012923240661621094e-01
8.397257328033447266e-01
8.141044378280639648e-01
8.491092324256896973e-01
8.962223529815673828e-01
9.309702515602111816e-01
9.667979478836059570e-01
9.989928603172302246e-01
9.991407394409179688e-01
9.955994486808776855e-01
9.890765547752380371e-01
4.021509587764739990e-01
4.902587085962295532e-02
5.574651993811130524e-03
3.614498928072862327e-05
1.330971333146635516e-09
8.749427848897539661e-10
5.554527433559997007e-06
4.002069681882858276e-02
2.507567703723907471e-01
5.888934135437011719e-01
9.763668775558471680e-01
9.912103414535522461e-01
9.985150098800659180e-01
9.984269142150878906e-01
9.978843331336975098e-01
9.852771162986755371e-01
9.531970024108886719e-01
7.829801440238952637e-01
5.930706858634948730e-01
4.337999224662780762e-01
6.515299081802368164e-01
9.854307770729064941e-01
9.955718517303466797e-01
9.999628067016601562e-01
9.999803900718688965e-01
9.999337792396545410e-01
9.942906498908996582e-01
9.815744161605834961e-01
4.617351293563842773e-01
4.546613618731498718e-02
9.035478346049785614e-03
3.597383254984434491e-18
2.125685958811912341e-16
1.343721844337670938e-15
2.476268112659454346e-01
6.360018253326416016e-01
8.762793540954589844e-01
9.980303049087524414e-01
9.982810020446777344e-01
9.846121668815612793e-01
9.568371176719665527e-01
9.063561558723449707e-01
9.263734817504882812e-01
9.603309631347656250e-01
9.817163348197937012e-01
9.894970655441284180e-01
9.901643991470336914e-01
9.878439903259277344e-01
9.877333045005798340e-01
9.895186424255371094e-01
9.910217523574829102e-01
9.940016269683837891e-01
9.991642236709594727e-01
9.970017075538635254e-01
9.951261281967163086e-01
9.978320598602294922e-01
9.991670250892639160e-01
9.998011589050292969e-01
9.996302127838134766e-01
9.981787800788879395e-01
9.957805275917053223e-01
9.971747398376464844e-01
9.978784918785095215e-01
9.976956844329833984e-01
9.829692244529724121e-01
9.664004445075988770e-01
9.506750702857971191e-01
9.692871570587158203e-01
9.957842826843261719e-01
9.987544417381286621e-01
9.999732971191406250e-01
9.999992251396179199e-01
9.999707937240600586e-01
9.999545812606811523e-01
9.999528527259826660e-01
9.999318122863769531e-01
9.998773932456970215e-01
9.997574687004089355e-01
9.991272091865539551e-01
9.928584694862365723e-01
9.619414210319519043e-01
6.042290925979614258e-01
6.165235862135887146e-02
2.947833575308322906e-02
5.341260507702827454e-02
1.405499428510665894e-01
5.644773244857788086e-01
8.998153805732727051e-01
9.805772304534912109e-01
9.212059974670410156e-01
8.346074819564819336e-01
8.218039870262145996e-01
8.660859465599060059e-01
9.434372782707214355e-01
9.795289635658264160e-01
9.989292621612548828e-01
9.998643994331359863e-01
9.992982745170593262e-01
9.647297263145446777e-01
8.617721199989318848e-01
7.057897448539733887e-01
5.867331027984619141e-01
6.999880075454711914e-01
8.324676156044006348e-01
9.715502262115478516e-01
9.873129725456237793e-01
9.960582852363586426e-01
9.969435334205627441e-01
9.978947043418884277e-01
9.988337159156799316e-01
9.997328519821166992e-01
9.999753236770629883e-01
9.999948740005493164e-01
9.999876618385314941e-01
9.999761581420898438e-01
9.999600052833557129e-01
9.998828172683715820e-01
9.988640546798706055e-01
9.967205524444580078e-01
9.870006442070007324e-01
9.817180037498474121e-01
9.887059926986694336e-01
9.914059042930603027e-01
9.929669499397277832e-01
9.967101216316223145e-01
9.980587363243103027e-01
9.976972937583923340e-01
9.976643323898315430e-01
9.982568621635437012e-01
9.996715188026428223e-01
9.999366998672485352e-01
9.999840259552001953e-01
9.999687075614929199e-01
9.998835325241088867e-01
9.997536540031433105e-01
9.995196461677551270e-01
9.995444416999816895e-01
9.997770786285400391e-01
9.997725486755371094e-01
9.969805479049682617e-01
9.900128245353698730e-01
9.605294466018676758e-01
9.233842492103576660e-01
8.775228857994079590e-01
8.235722780227661133e-01
7.676965594291687012e-01
7.331910729408264160e-01
7.516736388206481934e-01
8.202003836631774902e-01
8.326498270034790039e-01
8.256631493568420410e-01
7.908571362495422363e-01
8.077916502952575684e-01
8.513323068618774414e-01
9.427589774131774902e-01
9.201949834823608398e-01
8.373869061470031738e-01
9.299874901771545410e-01
9.854219555854797363e-01
9.982447624206542969e-01
9.996178746223449707e-01
9.976252913475036621e-01
9.913699626922607422e-01
9.678432941436767578e-01
9.461247920989990234e-01
9.715570211410522461e-01
9.885590076446533203e-01
9.992406368255615234e-01
9.995657801628112793e-01
9.997335672378540039e-01
9.998167157173156738e-01
9.998387098312377930e-01
9.998672008514404297e-01
9.999534487724304199e-01
9.999887943267822266e-01
9.999980330467224121e-01
9.999992251396179199e-01
9.999994635581970215e-01
9.999988079071044922e-01
9.999756217002868652e-01
9.999490380287170410e-01
9.999193549156188965e-01
9.999053478240966797e-01
9.998911023139953613e-01
9.998540282249450684e-01
9.998469352722167969e-01
9.998565316200256348e-01
9.996703267097473145e-01
9.921251535415649414e-01
9.749731421470642090e-01
9.229395389556884766e-01
8.870917558670043945e-01
9.116943478584289551e-01
9.235530495643615723e-01
9.237627983093261719e-01
8.731433153152465820e-01
8.763166069984436035e-01
9.289252161979675293e-01
9.578821063041687012e-01
9.807378053665161133e-01
9.953109622001647949e-01
9.991573095321655273e-01
9.997002482414245605e-01
9.999077916145324707e-01
9.946545958518981934e-01
9.844675064086914062e-01
8.908858895301818848e-01
7.868021726608276367e-01
6.687961816787719727e-01
7.299387454986572266e-01
8.280915617942810059e-01
9.375861287117004395e-01
9.819609522819519043e-01
9.940551519393920898e-01
9.945999383926391602e-01
9.959413409233093262e-01
9.980643987655639648e-01
9.992033839225769043e-01
9.999236464500427246e-01
9.999758005142211914e-01
9.999923706054687500e-01
9.998764991760253906e-01
9.991228580474853516e-01
9.002477526664733887e-01
7.278891801834106445e-01
7.441805005073547363e-01
8.033854365348815918e-01
9.228202104568481445e-01
9.705741405487060547e-01
9.953300356864929199e-01
9.978773593902587891e-01
9.988517165184020996e-01
9.989291429519653320e-01
9.989865422248840332e-01
9.991358518600463867e-01
9.993932843208312988e-01
9.993048310279846191e-01
9.987570643424987793e-01
9.971820712089538574e-01
9.945842623710632324e-01
9.923680424690246582e-01
9.969185590744018555e-01
9.993809461593627930e-01
9.999240040779113770e-01
9.999824166297912598e-01
9.999864101409912109e-01
9.999547004699707031e-01
9.996979832649230957e-01
9.994047284126281738e-01
9.993069767951965332e-01
9.993967413902282715e-01
9.996265172958374023e-01
9.996958971023559570e-01
9.997549057006835938e-01
9.998022317886352539e-01
9.995456337928771973e-01
9.988199472427368164e-01
9.966412186622619629e-01
9.947391152381896973e-01
9.928948879241943359e-01
9.875500202178955078e-01
9.821169376373291016e-01
9.765632748603820801e-01
9.816769957542419434e-01
9.871104359626770020e-01
9.879006147384643555e-01
9.847760796546936035e-01
9.799259901046752930e-01
9.781936407089233398e-01
9.658660292625427246e-01
9.420813918113708496e-01
9.157236218452453613e-01
9.059779644012451172e-01
9.360988140106201172e-01
9.621828794479370117e-01
9.845907688140869141e-01
9.909808635711669922e-01
9.951305389404296875e-01
9.971950054168701172e-01
9.980270862579345703e-01
9.984330534934997559e-01
9.981812238693237305e-01
9.968400001525878906e-01
9.946671128273010254e-01
9.898517727851867676e-01
9.895057082176208496e-01
9.928062558174133301e-01
9.962161183357238770e-01
9.916426539421081543e-01
9.730233550071716309e-01
9.592764973640441895e-01
9.411026835441589355e-01
8.944905996322631836e-01
9.189944863319396973e-01
9.956661462783813477e-01
9.988611340522766113e-01
9.998489618301391602e-01
9.995716214179992676e-01
9.973517656326293945e-01
9.931938052177429199e-01
9.831586480140686035e-01
9.669821858406066895e-01
9.467164278030395508e-01
9.253076910972595215e-01
9.227389097213745117e-01
9.475437402725219727e-01
9.420533180236816406e-01
9.180654287338256836e-01
8.520812988281250000e-01
8.645116090774536133e-01
9.251282215118408203e-01
9.663080573081970215e-01
9.925520420074462891e-01
9.985501170158386230e-01
9.997743964195251465e-01
9.999562501907348633e-01
9.999828338623046875e-01
9.999938011169433594e-01
9.999955892562866211e-01
9.999951720237731934e-01
9.999662637710571289e-01
9.999007582664489746e-01
9.814364314079284668e-01
9.034696221351623535e-01
6.481082439422607422e-01
6.722795963287353516e-01
8.486609458923339844e-01
9.333640336990356445e-01
9.850208759307861328e-01
9.952996969223022461e-01
9.980446696281433105e-01
9.989684820175170898e-01
9.985603094100952148e-01
9.799501895904541016e-01
9.389910697937011719e-01
6.429088711738586426e-01
4.707203209400177002e-01
4.514911770820617676e-01
6.655400395393371582e-01
8.226119875907897949e-01
6.724770665168762207e-01
4.446813166141510010e-01
1.920106858015060425e-01
3.298038840293884277e-01
5.641369223594665527e-01
9.202904105186462402e-01
9.753401279449462891e-01
9.662098884582519531e-01
9.311955571174621582e-01
9.223653078079223633e-01
9.288269281387329102e-01
9.487192630767822266e-01
9.381355643272399902e-01
8.879855871200561523e-01
8.320440053939819336e-01
7.972128391265869141e-01
8.370050191879272461e-01
8.932129740715026855e-01
9.580727815628051758e-01
9.805862903594970703e-01
9.951125383377075195e-01
9.986911416053771973e-01
9.996600151062011719e-01
9.999740123748779297e-01
9.999857544898986816e-01
9.999883174896240234e-01
9.999850988388061523e-01
9.999775886535644531e-01
9.999089837074279785e-01
9.997504353523254395e-01
9.970120191574096680e-01
9.935893416404724121e-01
9.899855256080627441e-01
9.895802140235900879e-01
9.913779497146606445e-01
9.953384995460510254e-01
9.982957839965820312e-01
9.996100664138793945e-01
9.999133348464965820e-01
9.992515444755554199e-01
9.953508973121643066e-01
9.949688315391540527e-01
9.972522854804992676e-01
9.959799647331237793e-01
9.855170845985412598e-01
9.586618542671203613e-01
9.736239910125732422e-01
9.983366131782531738e-01
9.989442229270935059e-01
9.950225949287414551e-01
9.872141480445861816e-01
9.489300251007080078e-01
9.253778457641601562e-01
9.365039467811584473e-01
9.535029530525207520e-01
9.719535708427429199e-01
9.837403893470764160e-01
9.780303835868835449e-01
9.552071690559387207e-01
8.224337697029113770e-01
7.699251174926757812e-01
9.445678591728210449e-01
1.000000000000000000e+00
9.831092357635498047e-01
7.565153241157531738e-01
6.255055665969848633e-01
6.038701534271240234e-01
2.799057662487030029e-01
3.944261465221643448e-03
1.774564199149608612e-02
2.769858241081237793e-01
6.660881042480468750e-01
8.601650595664978027e-01
9.752869606018066406e-01
9.825215935707092285e-01
9.899752140045166016e-01
9.963144063949584961e-01
9.981437325477600098e-01
9.992586970329284668e-01
9.998847246170043945e-01
9.999173879623413086e-01
9.999035596847534180e-01
9.998286962509155273e-01
9.998962283134460449e-01
9.999893903732299805e-01
9.999818205833435059e-01
9.999580979347229004e-01
9.999207258224487305e-01
9.998216032981872559e-01
9.981395602226257324e-01
9.930748939514160156e-01
9.682366847991943359e-01
9.356165528297424316e-01
9.066544175148010254e-01
9.223050475120544434e-01
9.856699109077453613e-01
9.970306158065795898e-01
9.998299479484558105e-01
9.998168349266052246e-01
9.997072219848632812e-01
9.995552897453308105e-01
9.996762871742248535e-01
9.997971057891845703e-01
9.999175667762756348e-01
9.999500513076782227e-01
9.999601244926452637e-01
9.999633431434631348e-01
9.999724030494689941e-01
9.999854564666748047e-01
9.999923706054687500e-01
9.999910593032836914e-01
9.999752640724182129e-01
9.986563920974731445e-01
9.968259334564208984e-01
9.945793747901916504e-01
9.943612813949584961e-01
9.960477948188781738e-01
9.978492856025695801e-01
9.991287589073181152e-01
9.990729093551635742e-01
9.992004632949829102e-01
9.994220733642578125e-01
9.997171163558959961e-01
9.998883008956909180e-01
9.999026060104370117e-01
9.995108246803283691e-01
9.982694387435913086e-01
9.941862821578979492e-01
9.926031827926635742e-01
9.927091598510742188e-01
9.969506859779357910e-01
9.940747618675231934e-01
9.786898493766784668e-01
8.016278743743896484e-01
5.548073053359985352e-01
2.061203867197036743e-01
2.546781115233898163e-02
2.971077337861061096e-03
7.628137827850878239e-04
1.700887642800807953e-02
7.480481266975402832e-02
1.510357707738876343e-01
2.398092895746231079e-01
3.934123516082763672e-01
5.504489541053771973e-01
7.122442722320556641e-01
8.353498578071594238e-01
9.352527856826782227e-01
9.753665924072265625e-01
9.928411841392517090e-01
9.935021996498107910e-01
9.942342042922973633e-01
9.957073330879211426e-01
9.986331462860107422e-01
9.996699690818786621e-01
9.999352693557739258e-01
9.999377727508544922e-01
9.999565482139587402e-01
9.999927878379821777e-01
9.999931454658508301e-01
9.999192953109741211e-01
9.996325373649597168e-01
9.993449449539184570e-01
9.990575909614562988e-01
9.993720650672912598e-01
9.996223449707031250e-01
9.997675418853759766e-01
9.995750784873962402e-01
9.992337822914123535e-01
9.986301660537719727e-01
9.986883401870727539e-01
9.993586540222167969e-01
9.995681643486022949e-01
9.984771013259887695e-01
9.941459894180297852e-01
9.761741757392883301e-01
9.524016380310058594e-01
9.625324606895446777e-01
9.750511050224304199e-01
9.909608364105224609e-01
9.965918064117431641e-01
9.986097812652587891e-01
9.962818622589111328e-01
9.933742880821228027e-01
9.899847507476806641e-01
6.027503609657287598e-01
2.539196908473968506e-01
6.654521077871322632e-02
4.003036301583051682e-03
6.752790068276226521e-04
2.789493009913712740e-04
4.866881354246288538e-04
1.482020597904920578e-03
4.788770899176597595e-02
8.769946545362472534e-02
5.128554999828338623e-02
6.195870786905288696e-02
1.093380898237228394e-01
4.283898174762725830e-01
6.588755846023559570e-01
6.548181176185607910e-01
5.311245322227478027e-01
3.894479572772979736e-01
7.630736231803894043e-01
9.795328974723815918e-01
9.965006709098815918e-01
9.956648945808410645e-01
9.669926762580871582e-01
8.372651934623718262e-01
6.250488162040710449e-01
3.488785922527313232e-01
4.262557923793792725e-01
5.169565081596374512e-01
5.868379473686218262e-01
6.956250071525573730e-01
8.211839795112609863e-01
9.288964271545410156e-01
9.921512603759765625e-01
9.976075887680053711e-01
9.969785213470458984e-01
9.936332106590270996e-01
9.846208691596984863e-01
9.778127670288085938e-01
9.727669358253479004e-01
9.880748391151428223e-01
9.999343156814575195e-01
9.999816417694091797e-01
9.999905228614807129e-01
9.999789595603942871e-01
9.999286532402038574e-01
9.998520016670227051e-01
9.997386336326599121e-01
9.998190402984619141e-01
9.999367594718933105e-01
9.999773502349853516e-01
9.999974370002746582e-01
9.999995827674865723e-01
9.999995827674865723e-01
9.999977350234985352e-01
9.999917745590209961e-01
9.999191164970397949e-01
9.998046755790710449e-01
9.993587732315063477e-01
9.991923570632934570e-01
9.994715452194213867e-01
9.997480511665344238e-01
9.999879598617553711e-01
9.999833106994628906e-01
9.985530376434326172e-01
9.956752061843872070e-01
4.890162646770477295e-01
3.734756261110305786e-02
1.055923849344253540e-02
1.643090858124196529e-03
4.355234559625387192e-03
1.136842295527458191e-01
2.866837680339813232e-01
5.765112042427062988e-01
8.049213886260986328e-01
9.927178621292114258e-01
9.973167777061462402e-01
9.998897910118103027e-01
9.999691247940063477e-01
9.999893903732299805e-01
9.999697804450988770e-01
9.998317956924438477e-01
9.990026950836181641e-01
9.976134896278381348e-01
9.950914382934570312e-01
9.935893416404724121e-01
9.948759078979492188e-01
9.949221611022949219e-01
9.942448139190673828e-01
9.902818202972412109e-01
9.895805120468139648e-01
9.940594434738159180e-01
9.958407878875732422e-01
9.965343475341796875e-01
9.956929683685302734e-01
9.955028295516967773e-01
9.959995746612548828e-01
9.974727630615234375e-01
9.988358616828918457e-01
9.992227554321289062e-01
9.994423389434814453e-01
9.995438456535339355e-01
9.994323253631591797e-01
9.993941187858581543e-01
9.995386600494384766e-01
9.996603727340698242e-01
9.997681379318237305e-01
9.998044371604919434e-01
9.997491836547851562e-01
9.995616674423217773e-01
9.992744922637939453e-01
9.990718364715576172e-01
9.995780587196350098e-01
9.998479485511779785e-01
9.998841881752014160e-01
9.997858405113220215e-01
9.995204210281372070e-01
9.987667798995971680e-01
9.983947277069091797e-01
9.982846975326538086e-01
9.990780949592590332e-01
9.997076988220214844e-01
9.998948574066162109e-01
9.999629855155944824e-01
9.999744296073913574e-01
9.999633431434631348e-01
9.999548792839050293e-01
9.999501705169677734e-01
9.999601840972900391e-01
9.999741315841674805e-01
9.999853372573852539e-01
9.999937415122985840e-01
9.999992251396179199e-01
9.999931454658508301e-01
9.998741745948791504e-01
9.993528723716735840e-01
9.955615401268005371e-01
9.893831610679626465e-01
9.721840620040893555e-01
9.650713205337524414e-01
9.833067059516906738e-01
9.925836920738220215e-01
9.971326589584350586e-01
9.973636269569396973e-01
9.969773888587951660e-01
9.955914616584777832e-01
9.941917061805725098e-01
9.931223988533020020e-01
9.949867129325866699e-01
9.971175193786621094e-01
9.995601773262023926e-01
1.000000000000000000e+00
9.999737739562988281e-01
9.998281002044677734e-01
9.992558360099792480e-01
9.983187913894653320e-01
9.990367889404296875e-01
9.997373819351196289e-01
9.998526573181152344e-01
9.998278021812438965e-01
9.997161030769348145e-01
9.991950988769531250e-01
9.979349374771118164e-01
9.952225685119628906e-01
9.895032048225402832e-01
9.830718040466308594e-01
9.892261028289794922e-01
9.945414066314697266e-01
9.986385703086853027e-01
9.997000098228454590e-01
9.998159408569335938e-01
9.999368190765380859e-01
1.000000000000000000e+00
1.000000000000000000e+00
9.962302446365356445e-01
9.855363368988037109e-01
9.485321044921875000e-01
9.315096139907836914e-01
9.309661388397216797e-01
9.623060822486877441e-01
9.849859476089477539e-01
9.727388024330139160e-01
6.895943880081176758e-01
2.359130680561065674e-01
9.150610864162445068e-02
9.234487661160528660e-04
1.914944616146385670e-03
3.474223911762237549e-01
8.408225774765014648e-01
9.386623501777648926e-01
9.987415075302124023e-01
9.997354745864868164e-01
9.999324083328247070e-01
9.998726248741149902e-01
9.999404549598693848e-01
9.999713301658630371e-01
9.999573230743408203e-01
9.999501705169677734e-01
9.999493360519409180e-01
9.999731183052062988e-01
9.999679923057556152e-01
9.999353885650634766e-01
9.997591376304626465e-01
9.996082186698913574e-01
9.996258616447448730e-01
9.997314214706420898e-01
9.999028444290161133e-01
9.999114274978637695e-01
9.999154210090637207e-01
9.999406337738037109e-01
9.998176693916320801e-01
9.996074438095092773e-01
9.996438026428222656e-01
9.997113347053527832e-01
9.998325109481811523e-01
9.999108314514160156e-01
9.999635815620422363e-01
9.998676180839538574e-01
9.990071058273315430e-01
9.969480633735656738e-01
9.895119071006774902e-01
9.817466735839843750e-01
9.891942739486694336e-01
9.951029419898986816e-01
9.990887045860290527e-01
9.999527335166931152e-01
9.999968409538269043e-01
9.999804496765136719e-01
9.998824000358581543e-01
9.997007846832275391e-01
9.989294409751892090e-01
9.982529878616333008e-01
9.984284043312072754e-01
9.986439943313598633e-01
9.988932013511657715e-01
9.982337951660156250e-01
9.894536733627319336e-01
9.558563232421875000e-01
7.270420789718627930e-01
3.645240962505340576e-01
1.612080633640289307e-01
1.344198584556579590e-01
5.160137414932250977e-01
7.876727581024169922e-01
9.968376755714416504e-01
9.720009565353393555e-01
9.567264318466186523e-01
9.678546786308288574e-01
9.793801903724670410e-01
9.909068942070007324e-01
9.960175752639770508e-01
9.993829131126403809e-01
9.998421669006347656e-01
9.999793171882629395e-01
9.999864101409912109e-01
9.998999238014221191e-01
9.996702075004577637e-01
9.992411732673645020e-01
9.994537830352783203e-01
9.998289346694946289e-01
9.999033808708190918e-01
9.999313354492187500e-01
9.999036192893981934e-01
9.999046325683593750e-01
9.998946189880371094e-01
9.997791051864624023e-01
9.965744614601135254e-01
9.901944994926452637e-01
9.697034358978271484e-01
9.503864049911499023e-01
9.483144879341125488e-01
9.572408795356750488e-01
9.759394526481628418e-01
9.861889481544494629e-01
9.929751753807067871e-01
9.916937351226806641e-01
9.864223599433898926e-01
9.780476093292236328e-01
9.306413531303405762e-01
8.372773528099060059e-01
6.181036233901977539e-01
5.311847925186157227e-01
5.347685813903808594e-01
7.043970227241516113e-01
8.605186343193054199e-01
9.548168182373046875e-01
9.929246306419372559e-01
9.974375367164611816e-01
9.978720545768737793e-01
9.982368350028991699e-01
9.987370371818542480e-01
9.981839060783386230e-01
9.970719814300537109e-01
9.974855780601501465e-01
9.981479048728942871e-01
9.992852807044982910e-01
9.997866749763488770e-01
9.999830126762390137e-01
9.999902844429016113e-01
9.999802112579345703e-01
9.999397397041320801e-01
9.971919059753417969e-01
9.934173822402954102e-01
9.915444254875183105e-01
9.922859072685241699e-01
9.971604943275451660e-01
9.991288185119628906e-01
9.999341964721679688e-01
9.997545480728149414e-01
9.985234737396240234e-01
9.957707524299621582e-01
9.756599664688110352e-01
9.450960755348205566e-01
8.672304153442382812e-01
8.153874874114990234e-01
7.980744242668151855e-01
8.727411031723022461e-01
9.647968411445617676e-01
9.764642715454101562e-01
9.830654263496398926e-01
9.834313392639160156e-01
9.889666438102722168e-01
9.934219717979431152e-01
9.806287884712219238e-01
9.420359730720520020e-01
8.735730648040771484e-01
9.167010784149169922e-01
9.792927503585815430e-01
9.925127625465393066e-01
9.995632171630859375e-01
9.998925328254699707e-01
9.999166131019592285e-01
9.998753070831298828e-01
9.998505115509033203e-01
9.998209476470947266e-01
9.997864365577697754e-01
9.991239309310913086e-01
9.982464909553527832e-01
9.969368577003479004e-01
9.966412186622619629e-01
9.973549842834472656e-01
9.980689883232116699e-01
9.983435869216918945e-01
9.965415596961975098e-01
9.940742850303649902e-01
9.909685850143432617e-01
9.612058997154235840e-01
8.302700519561767578e-01
2.703572809696197510e-01
5.960191483609378338e-04
7.645957521162927151e-05
1.058096898987059831e-08
9.534072875976562500e-02
6.019151806831359863e-01
8.924883604049682617e-01
9.855481982231140137e-01
9.993906617164611816e-01
9.974120259284973145e-01
9.847005009651184082e-01
9.490762352943420410e-01
8.928059339523315430e-01
8.597611784934997559e-01
8.520607352256774902e-01
9.329260587692260742e-01
9.735497236251831055e-01
9.784420728683471680e-01
9.540777802467346191e-01
9.086279869079589844e-01
7.956551313400268555e-01
7.148458361625671387e-01
6.627454757690429688e-01
3.799412846565246582e-01
1.086880862712860107e-01
3.782363235950469971e-02
1.205441355705261230e-02
2.676264010369777679e-02
3.984772861003875732e-01
7.073425650596618652e-01
5.122382640838623047e-01
3.757498264312744141e-01
2.921699285507202148e-01
5.530399084091186523e-01
8.312457203865051270e-01
9.386034011840820312e-01
9.849837422370910645e-01
9.748150706291198730e-01
9.670232534408569336e-01
9.528145790100097656e-01
9.075477123260498047e-01
9.115101695060729980e-01
9.625811576843261719e-01
9.840826988220214844e-01
9.974802732467651367e-01
9.988964796066284180e-01
9.996234178543090820e-01
9.996698498725891113e-01
9.990408420562744141e-01
9.978848099708557129e-01
9.947116971015930176e-01
9.927592873573303223e-01
9.920693635940551758e-01
9.918863773345947266e-01
9.858957529067993164e-01
9.463011622428894043e-01
9.451096057891845703e-01
9.858161807060241699e-01
8.761230707168579102e-01
7.389614582061767578e-01
6.546435356140136719e-01
7.103447318077087402e-01
9.272181987762451172e-01
9.851050376892089844e-01
9.994090199470520020e-01
9.982399344444274902e-01
9.961099624633789062e-01
9.927976727485656738e-01
9.917969107627868652e-01
9.911816120147705078e-01
9.880537986755371094e-01
8.603783845901489258e-01
5.668988227844238281e-01
4.114484190940856934e-01
3.079476058483123779e-01
2.825746238231658936e-01
2.316342890262603760e-01
1.438355296850204468e-01
3.448858261108398438e-01
6.269611120223999023e-01
5.834857225418090820e-01
5.041077733039855957e-01
3.681282401084899902e-01
3.283200860023498535e-01
3.330118954181671143e-01
4.806117117404937744e-01
6.315261125564575195e-01
7.882503271102905273e-01
8.965875506401062012e-01
9.817689657211303711e-01
9.917225837707519531e-01
9.964944124221801758e-01
9.911362528800964355e-01
7.956945896148681641e-01
5.041969418525695801e-01
2.629580199718475342e-01
1.141548007726669312e-01
1.676365733146667480e-01
4.882144927978515625e-01
9.613258242607116699e-01
9.916142225265502930e-01
9.998432397842407227e-01
9.999212622642517090e-01
9.999511837959289551e-01
9.999495744705200195e-01
9.999141693115234375e-01
9.998790621757507324e-01
9.998525977134704590e-01
9.998795390129089355e-01
9.999458789825439453e-01
9.999483823776245117e-01
9.998438358306884766e-01
9.993870258331298828e-01
9.986220002174377441e-01
9.975984096527099609e-01
9.924908280372619629e-01
9.484510421752929688e-01
7.351000905036926270e-01
6.080967783927917480e-01
5.657523870468139648e-01
7.427129745483398438e-01
9.383276700973510742e-01
9.778304696083068848e-01
9.991279840469360352e-01
9.998027086257934570e-01
9.999702572822570801e-01
9.999483227729797363e-01
9.994856715202331543e-01
9.982622861862182617e-01
9.960408210754394531e-01
9.938262104988098145e-01
9.919297695159912109e-01
9.942370057106018066e-01
9.964910745620727539e-01
9.986546635627746582e-01
9.995704293251037598e-01
9.999623894691467285e-01
9.999704360961914062e-01
9.998994469642639160e-01
9.996799826622009277e-01
9.982246756553649902e-01
9.961506128311157227e-01
9.832206964492797852e-01
9.778810143470764160e-01
9.902868866920471191e-01
9.968345761299133301e-01
9.998170137405395508e-01
1.000000000000000000e+00
9.981365203857421875e-01
9.908809661865234375e-01
9.842246770858764648e-01
9.780134558677673340e-01
9.859954714775085449e-01
9.944022893905639648e-01
9.977747201919555664e-01
9.995566010475158691e-01
9.999050498008728027e-01
9.999738335609436035e-01
9.999884366989135742e-01
9.999924898147583008e-01
9.999949932098388672e-01
9.999957680702209473e-01
9.999909400939941406e-01
9.999850988388061523e-01
9.999831914901733398e-01
9.999865293502807617e-01
9.999971985816955566e-01
1.000000000000000000e+00
9.999970197677612305e-01
9.999406933784484863e-01
9.999158382415771484e-01
9.999450445175170898e-01
9.999593496322631836e-01
9.999668002128601074e-01
9.998913407325744629e-01
9.996024370193481445e-01
9.988445043563842773e-01
9.886112809181213379e-01
9.726906418800354004e-01
6.423250436782836914e-01
3.469350636005401611e-01
2.138161212205886841e-01
3.334578275680541992e-01
6.470099687576293945e-01
8.246271014213562012e-01
9.488375186920166016e-01
9.273104667663574219e-01
6.933798193931579590e-01
2.523865103721618652e-01
8.912688493728637695e-02
1.471806530817243441e-11
5.249160047599010781e-12
3.719349578022956848e-02
1.207557991147041321e-01
5.215792655944824219e-01
9.896374940872192383e-01
9.957324266433715820e-01
9.991238713264465332e-01
9.981003403663635254e-01
9.966434836387634277e-01
9.950034618377685547e-01
9.966420531272888184e-01
9.612179994583129883e-01
8.447083830833435059e-01
5.041225552558898926e-01
2.974696457386016846e-02
6.785737249881407251e-11
2.455525659024715424e-02
1.239341795444488525e-01
4.166226685047149658e-01
8.626744151115417480e-01
9.575246572494506836e-01
9.912624359130859375e-01
9.912962317466735840e-01
9.750159978866577148e-01
9.415138959884643555e-01
9.428457021713256836e-01
9.512738585472106934e-01
9.438737630844116211e-01
9.239938855171203613e-01
8.865208625793457031e-01
9.259030818939208984e-01
9.923785924911499023e-01
9.964229464530944824e-01
9.970318078994750977e-01
9.910345077514648438e-01
9.528081417083740234e-01
8.971483111381530762e-01
8.488552570343017578e-01
8.293004035949707031e-01
8.885427713394165039e-01
8.947883844375610352e-01
8.613273501396179199e-01
8.796416521072387695e-01
9.079410433769226074e-01
9.487546682357788086e-01
9.225112795829772949e-01
8.276911973953247070e-01
4.255308508872985840e-01
3.746601251464198867e-08
1.384045056340710289e-08
0.000000000000000000e+00
0.000000000000000000e+00
2.130567898831049250e-34
9.986760005631367676e-07
3.940306487493216991e-05
3.918311558663845062e-03
1.554864551872014999e-02
2.603176236152648926e-01
6.374420523643493652e-01
8.426974415779113770e-01
9.880957007408142090e-01
9.837672710418701172e-01
9.662706255912780762e-01
9.382238388061523438e-01
9.132714867591857910e-01
8.916518688201904297e-01
8.845391869544982910e-01
8.928475975990295410e-01
9.187337160110473633e-01
9.402669668197631836e-01
9.599202871322631836e-01
9.722430109977722168e-01
9.837362170219421387e-01
9.938265681266784668e-01
9.973971247673034668e-01
9.979210495948791504e-01
9.945374131202697754e-01
9.912123680114746094e-01
9.881954789161682129e-01
9.894483089447021484e-01
9.936403036117553711e-01
9.942508935928344727e-01
9.922289848327636719e-01
9.811906218528747559e-01
9.364722371101379395e-01
8.578210473060607910e-01
6.259530782699584961e-01
3.693362474441528320e-01
2.363727837800979614e-01
1.937219947576522827e-01
2.846536338329315186e-01
5.401496887207031250e-01
8.619827032089233398e-01
7.717394828796386719e-01
6.859817504882812500e-01
6.102731227874755859e-01
6.773247122764587402e-01
8.360266089439392090e-01
9.286508560180664062e-01
9.970800876617431641e-01
9.987491965293884277e-01
9.994155764579772949e-01
9.991134405136108398e-01
9.802889227867126465e-01
8.982911705970764160e-01
3.340610265731811523e-01
4.709441782324574888e-05
1.061630518961464986e-05
1.716071598720030587e-15
3.282522549852728844e-03
4.156911671161651611e-01
7.551105618476867676e-01
9.302197694778442383e-01
9.993762969970703125e-01
9.999215006828308105e-01
9.993524551391601562e-01
9.939807057380676270e-01
9.700151085853576660e-01
9.302666187286376953e-01
8.747197389602661133e-01
8.707498311996459961e-01
8.850812911987304688e-01
9.491146206855773926e-01
9.879536628723144531e-01
9.881557822227478027e-01
9.852383732795715332e-01
9.809291362762451172e-01
9.842916727066040039e-01
9.805780053138732910e-01
9.590908885002136230e-01
8.856415748596191406e-01
7.749652862548828125e-01
6.435024738311767578e-01
5.207785964012145996e-01
4.520277976989746094e-01
4.539976119995117188e-01
5.355975031852722168e-01
5.150767564773559570e-01
4.616183042526245117e-01
3.811549246311187744e-01
3.895455002784729004e-01
5.571841597557067871e-01
6.830099225044250488e-01
7.864867448806762695e-01
7.106781005859375000e-01
6.245457530021667480e-01
5.354257822036743164e-01
5.029799938201904297e-01
5.193390250205993652e-01
6.537353396415710449e-01
8.044877052307128906e-01
9.021893143653869629e-01
9.636542797088623047e-01
9.746146798133850098e-01
9.658806324005126953e-01
9.491807818412780762e-01
9.303086400032043457e-01
8.817590475082397461e-01
7.640147805213928223e-01
5.664504170417785645e-01
3.141291737556457520e-01
1.416310667991638184e-01
7.322379853576421738e-03
2.536736428737640381e-03
6.206927333218814624e-11
1.941517918657709174e-10
5.861715972423553467e-02
1.587998270988464355e-01
6.620922088623046875e-01
9.916707277297973633e-01
9.925127029418945312e-01
9.950115084648132324e-01
9.984576106071472168e-01
9.994041323661804199e-01
9.999940395355224609e-01
9.999904632568359375e-01
9.998285770416259766e-01
9.995160102844238281e-01
9.987971186637878418e-01
9.980428814888000488e-01
9.979084134101867676e-01
9.980751872062683105e-01
9.987281560897827148e-01
9.992365241050720215e-01
9.996752738952636719e-01
9.996184110641479492e-01
9.991016387939453125e-01
9.972797036170959473e-01
9.936950206756591797e-01
9.886285066604614258e-01
9.913600683212280273e-01
9.954429864883422852e-01
9.980236291885375977e-01
9.987673163414001465e-01
9.968994855880737305e-01
8.985143899917602539e-01
7.588079571723937988e-01
6.331864595413208008e-01
4.634632170200347900e-01
1.776785701513290405e-01
1.434030681848526001e-01
3.031399548053741455e-01
6.349688172340393066e-01
9.495314955711364746e-01
9.805862307548522949e-01
9.985440373420715332e-01
9.990580081939697266e-01
9.984639883041381836e-01
9.974163770675659180e-01
9.932002425193786621e-01
9.882788062095642090e-01
9.816383123397827148e-01
9.815797805786132812e-01
9.863467216491699219e-01
9.901983141899108887e-01
9.939302206039428711e-01
9.978070855140686035e-01
9.997615814208984375e-01
9.992142915725708008e-01
9.986170530319213867e-01
9.980106353759765625e-01
9.989160895347595215e-01
9.995525479316711426e-01
9.995372891426086426e-01
9.992246627807617188e-01
9.986958503723144531e-01
9.983915090560913086e-01
9.982815980911254883e-01
9.990910887718200684e-01
9.996570348739624023e-01
9.999012947082519531e-01
9.999749064445495605e-01
9.999802112579345703e-01
9.999783039093017578e-01
9.999807476997375488e-01
9.999941587448120117e-01
9.999898076057434082e-01
9.999718070030212402e-01
9.998049139976501465e-01
9.995157718658447266e-01
9.985998272895812988e-01
9.941008687019348145e-01
9.845536351203918457e-01
9.538672566413879395e-01
9.140499830245971680e-01
9.413006305694580078e-01
9.678899049758911133e-01
9.887806177139282227e-01
9.987611770629882812e-01
9.996317625045776367e-01
9.997732043266296387e-01
9.997323751449584961e-01
9.994532465934753418e-01
9.991172552108764648e-01
9.986919164657592773e-01
9.991183280944824219e-01
9.999607801437377930e-01
9.986488819122314453e-01
9.974501729011535645e-01
9.969569444656372070e-01
9.917302131652832031e-01
9.820404052734375000e-01
7.735721468925476074e-01
5.102515220642089844e-01
2.001715451478958130e-01
1.943933020811527967e-04
1.870268897619098425e-04
9.603731334209442139e-02
2.467420399188995361e-01
6.149041056632995605e-01
9.346733093261718750e-01
9.729403853416442871e-01
9.922964572906494141e-01
9.907717108726501465e-01
9.757825136184692383e-01
9.549081921577453613e-01
8.897460103034973145e-01
8.306428194046020508e-01
7.851298451423645020e-01
7.978210449218750000e-01
8.509365320205688477e-01
9.168092012405395508e-01
9.763705134391784668e-01
9.874048233032226562e-01
9.943048954010009766e-01
9.956011772155761719e-01
9.957762956619262695e-01
9.954757690429687500e-01
9.967799186706542969e-01
9.971157908439636230e-01
9.945931434631347656e-01
9.871180057525634766e-01
9.753231406211853027e-01
9.768187403678894043e-01
9.813108444213867188e-01
9.849075675010681152e-01
9.859178662300109863e-01
9.823744893074035645e-01
9.504677057266235352e-01
9.025426506996154785e-01
8.753506541252136230e-01
8.667309880256652832e-01
9.291161894798278809e-01
9.724307656288146973e-01
9.940339326858520508e-01
9.997709989547729492e-01
9.999889135360717773e-01
9.999678730964660645e-01
9.998562335968017578e-01
9.995245337486267090e-01
9.977892637252807617e-01
9.949749112129211426e-01
9.472351670265197754e-01
8.857951760292053223e-01
7.841739654541015625e-01
7.342441678047180176e-01
7.660779953002929688e-01
8.572314381599426270e-01
9.785937070846557617e-01
9.920985698699951172e-01
9.971017837524414062e-01
9.979723095893859863e-01
9.987446069717407227e-01
9.994100332260131836e-01
9.996225237846374512e-01
9.996866583824157715e-01
9.996748566627502441e-01
9.997128844261169434e-01
9.998673796653747559e-01
9.999483823776245117e-01
9.999743700027465820e-01
9.999400377273559570e-01
9.996862411499023438e-01
9.978369474411010742e-01
9.818104505538940430e-01
9.433134198188781738e-01
9.328665137290954590e-01
9.369865059852600098e-01
9.660838842391967773e-01
9.912295341491699219e-01
9.933845400810241699e-01
9.937173724174499512e-01
9.920032024383544922e-01
9.942913055419921875e-01
9.979395270347595215e-01
9.990049600601196289e-01
9.997747540473937988e-01
9.997889995574951172e-01
9.998140335083007812e-01
9.998478293418884277e-01
9.999101161956787109e-01
9.999719858169555664e-01
9.999683499336242676e-01
9.989947676658630371e-01
9.963125586509704590e-01
9.833636283874511719e-01
9.644296169281005859e-01
9.710613489151000977e-01
9.789516329765319824e-01
9.790025949478149414e-01
9.762639999389648438e-01
9.699155092239379883e-01
8.658876419067382812e-01
7.209467291831970215e-01
5.983888506889343262e-01
5.437570214271545410e-01
7.022510170936584473e-01
8.347202539443969727e-01
9.416844248771667480e-01
9.758507609367370605e-01
9.886833429336547852e-01
9.934942722320556641e-01
9.972158074378967285e-01
9.985135197639465332e-01
9.992442727088928223e-01
9.995595216751098633e-01
9.996558427810668945e-01
9.997187852859497070e-01
9.998434782028198242e-01
9.998389482498168945e-01
9.996183514595031738e-01
9.990920424461364746e-01
9.983925819396972656e-01
9.985216259956359863e-01
9.988053441047668457e-01
9.994223713874816895e-01
9.997980594635009766e-01
9.998624324798583984e-01
9.999150037765502930e-01
9.999626278877258301e-01
9.999808073043823242e-01
9.999941587448120117e-01
9.999945759773254395e-01
9.998714327812194824e-01
9.996222257614135742e-01
9.935157299041748047e-01
9.854495525360107422e-01
9.732076525688171387e-01
9.703417420387268066e-01
9.907945990562438965e-01
1.000000000000000000e+00
1.000000000000000000e+00
9.902064800262451172e-01
9.798363447189331055e-01
9.889727830886840820e-01
9.954565167427062988e-01
9.968002438545227051e-01
9.950590729713439941e-01
9.912848472595214844e-01
9.910160899162292480e-01
9.913917779922485352e-01
9.924277067184448242e-01
9.942574501037597656e-01
9.973326921463012695e-01
9.989569187164306641e-01
9.998002052307128906e-01
9.999305605888366699e-01
9.999827742576599121e-01
9.999921917915344238e-01
9.999088048934936523e-01
9.997051954269409180e-01
9.980674982070922852e-01
9.958034157752990723e-01
9.913446903228759766e-01
9.892677664756774902e-01
9.961301088333129883e-01
9.997936487197875977e-01
9.999444484710693359e-01
9.999697208404541016e-01
9.999503493309020996e-01
9.998999238014221191e-01
9.998692870140075684e-01
9.998962283134460449e-01
9.999331235885620117e-01
9.999794363975524902e-01
9.999809265136718750e-01
9.999682307243347168e-01
9.999201893806457520e-01
9.992881417274475098e-01
9.972627162933349609e-01
9.913679361343383789e-01
9.823434352874755859e-01
9.780024886131286621e-01
9.755076766014099121e-01
9.830572009086608887e-01
9.891535043716430664e-01
9.922527074813842773e-01
9.952161312103271484e-01
9.980768561363220215e-01
9.992144703865051270e-01
9.999492764472961426e-01
9.999549984931945801e-01
9.997293353080749512e-01
9.990906715393066406e-01
9.987301230430603027e-01
9.985429644584655762e-01
9.839050769805908203e-01
9.667048454284667969e-01
9.467420578002929688e-01
9.292156100273132324e-01
9.156096577644348145e-01
8.849251866340637207e-01
8.445268869400024414e-01
8.550726175308227539e-01
8.772405982017517090e-01
9.313654899597167969e-01
9.716269969940185547e-01
9.916195273399353027e-01
9.989514946937561035e-01
9.998446106910705566e-01
9.997127056121826172e-01
9.995448589324951172e-01
9.996466636657714844e-01
9.997769594192504883e-01
9.999458789825439453e-01
9.997923970222473145e-01
9.994869232177734375e-01
9.992821812629699707e-01
9.991053938865661621e-01
9.990171790122985840e-01
9.990057349205017090e-01
9.990917444229125977e-01
9.993531703948974609e-01
9.996913075447082520e-01
9.997669458389282227e-01
9.997071027755737305e-01
9.991683959960937500e-01
9.987420439720153809e-01
9.984510540962219238e-01
9.983097910881042480e-01
9.982304573059082031e-01
9.959545731544494629e-01
9.942619800567626953e-01
9.951103329658508301e-01
9.967395067214965820e-01
9.992751479148864746e-01
1.000000000000000000e+00
1.000000000000000000e+00
1.000000000000000000e+00
9.995915889739990234e-01
9.977189302444458008e-01
9.946798086166381836e-01
9.903169870376586914e-01
9.910631775856018066e-01
9.937741756439208984e-01
9.970183968544006348e-01
9.995977878570556641e-01
9.997753500938415527e-01
9.997836947441101074e-01
9.996023178100585938e-01
9.990686178207397461e-01
9.983981251716613770e-01
9.977676868438720703e-01
9.974582195281982422e-01
9.982796907424926758e-01
9.990062117576599121e-01
9.996252059936523438e-01
9.998819828033447266e-01
9.999964237213134766e-01
1.000000000000000000e+00
1.000000000000000000e+00
1.000000000000000000e+00
1.000000000000000000e+00
1.000000000000000000e+00
9.999529719352722168e-01
9.998869299888610840e-01
9.997435808181762695e-01
9.993958473205566406e-01
9.982822537422180176e-01
9.980609416961669922e-01
9.989089965820312500e-01
9.994661808013916016e-01
9.999004006385803223e-01
9.999572634696960449e-01
9.999865889549255371e-01
9.999844431877136230e-01
9.999772310256958008e-01
9.999635219573974609e-01
9.999123811721801758e-01
9.998445510864257812e-01
9.998939037322998047e-01
9.999466538429260254e-01
9.999784231185913086e-01
9.999973773956298828e-01
9.999993443489074707e-01
9.999823570251464844e-01
9.999561905860900879e-01
9.992765188217163086e-01
9.968330264091491699e-01
9.856737852096557617e-01
9.745801091194152832e-01
9.635813832283020020e-01
9.588900804519653320e-01
9.575405120849609375e-01
9.734056591987609863e-01
9.895036816596984863e-01
9.953977465629577637e-01
9.992160797119140625e-01
9.997271895408630371e-01
9.999283552169799805e-01
9.999477267265319824e-01
9.999290108680725098e-01
9.998944401741027832e-01
9.997828006744384766e-01
9.997133016586303711e-01
9.997182488441467285e-01
9.997469782829284668e-01
9.997912049293518066e-01
9.993162155151367188e-01
9.986869096755981445e-01
9.974470734596252441e-01
9.969931244850158691e-01
9.981139898300170898e-01
9.989875555038452148e-01
9.996796250343322754e-01
9.998815059661865234e-01
9.999626278877258301e-01
9.998703598976135254e-01
9.997838139533996582e-01
9.997103810310363770e-01
9.997159838676452637e-01
9.997887015342712402e-01
9.992187619209289551e-01
9.983050227165222168e-01
9.907523393630981445e-01
9.848169088363647461e-01
9.833562374114990234e-01
9.866815805435180664e-01
9.946728348731994629e-01
9.980480670928955078e-01
9.998471736907958984e-01
9.999428987503051758e-01
9.999921917915344238e-01
9.999741315841674805e-01
9.999398589134216309e-01
9.998868107795715332e-01
9.998526573181152344e-01
9.998264908790588379e-01
9.998157024383544922e-01
9.997986555099487305e-01
9.997493624687194824e-01
9.991764426231384277e-01
9.978797435760498047e-01
9.906436800956726074e-01
9.803497195243835449e-01
9.762569665908813477e-01
9.726805090904235840e-01
9.678307175636291504e-01
9.604638814926147461e-01
9.488345384597778320e-01
9.237766265869140625e-01
8.900827169418334961e-01
9.174168705940246582e-01
9.534762501716613770e-01
9.633908867835998535e-01
9.749655723571777344e-01
9.900644421577453613e-01
9.977360367774963379e-01
9.994969367980957031e-01
9.999201893806457520e-01
9.999960064888000488e-01
9.999887943267822266e-01
9.983976483345031738e-01
9.924476742744445801e-01
9.678687453269958496e-01
9.247605204582214355e-01
9.151281714439392090e-01
9.174972772598266602e-01
9.604643583297729492e-01
9.959604740142822266e-01
9.983787536621093750e-01
9.992182254791259766e-01
9.980613589286804199e-01
9.962151050567626953e-01
9.940404295921325684e-01
9.938856959342956543e-01
9.943593740463256836e-01
9.973607063293457031e-01
9.993407130241394043e-01
9.996676445007324219e-01
9.998348355293273926e-01
9.999015331268310547e-01
9.998516440391540527e-01
9.996566772460937500e-01
9.980484247207641602e-01
9.956748485565185547e-01
9.916252493858337402e-01
9.925099611282348633e-01
9.974811673164367676e-01
9.992032051086425781e-01
9.999991059303283691e-01
9.999330043792724609e-01
9.998858571052551270e-01
9.998969435691833496e-01
9.999022483825683594e-01
9.999014139175415039e-01
9.998739957809448242e-01
9.998356699943542480e-01
9.998021125793457031e-01
9.997870326042175293e-01
9.998596310615539551e-01
9.999202489852905273e-01
9.999630451202392578e-01
9.999815225601196289e-01
9.999860525131225586e-01
9.998799562454223633e-01
9.995359182357788086e-01
9.971262216567993164e-01
9.951454401016235352e-01
9.940344691276550293e-01
9.908693432807922363e-01
9.860830307006835938e-01
9.853807687759399414e-01
9.858798384666442871e-01
9.920298457145690918e-01
9.970333576202392578e-01
9.985254406929016113e-01
9.993485212326049805e-01
9.994312524795532227e-01
9.995319247245788574e-01
9.996401667594909668e-01
9.991359114646911621e-01
9.964047670364379883e-01
9.824884533882141113e-01
9.544271826744079590e-01
9.044209122657775879e-01
6.890582442283630371e-01
3.722228705883026123e-01
1.691630482673645020e-01
1.418966610877703260e-10
2.043838209786486004e-09
4.979519546031951904e-02
2.155426144599914551e-01
5.010478496551513672e-01
8.937019109725952148e-01
9.940874576568603516e-01
9.993196725845336914e-01
9.994879364967346191e-01
9.988751411437988281e-01
9.956705570220947266e-01
9.810954332351684570e-01
9.517024755477905273e-01
7.702211141586303711e-01
5.109995603561401367e-01
3.187506794929504395e-01
1.486291885375976562e-01
8.674941956996917725e-02
2.270395755767822266e-01
7.645342350006103516e-01
9.999739527702331543e-01
9.999660849571228027e-01
9.998542666435241699e-01
9.997153878211975098e-01
9.996787309646606445e-01
9.967567920684814453e-01
9.845342636108398438e-01
9.739512205123901367e-01
9.652721285820007324e-01
9.470583796501159668e-01
9.244970679283142090e-01
9.560847878456115723e-01
9.886913895606994629e-01
9.939833283424377441e-01
9.975849986076354980e-01
9.981637597084045410e-01
9.960483312606811523e-01
9.919828772544860840e-01
9.785969257354736328e-01
9.631017446517944336e-01
9.535941481590270996e-01
9.299993515014648438e-01
8.638036847114562988e-01
7.164726257324218750e-01
4.785917103290557861e-01
3.508399128913879395e-01
2.715328633785247803e-01
5.910515189170837402e-01
9.053096175193786621e-01
9.610845446586608887e-01
8.924517035484313965e-01
6.025891900062561035e-01
3.243546187877655029e-01
5.419950559735298157e-02
9.525389224290847778e-02
2.195254564285278320e-01
6.256328821182250977e-01
9.418540000915527344e-01
9.776908159255981445e-01
9.971787929534912109e-01
9.978575706481933594e-01
9.981180429458618164e-01
9.981859922409057617e-01
9.938244819641113281e-01
9.895474910736083984e-01
9.890080094337463379e-01
9.904472231864929199e-01
9.956463575363159180e-01
9.985589385032653809e-01
9.996933341026306152e-01
9.999664425849914551e-01
9.999997019767761230e-01
9.999994039535522461e-01
9.999934434890747070e-01
9.999671578407287598e-01
9.997675418853759766e-01
9.993451833724975586e-01
9.988701343536376953e-01
9.983668923377990723e-01
9.985472559928894043e-01
9.988256096839904785e-01
9.991090297698974609e-01
9.993157386779785156e-01
9.993516802787780762e-01
9.995036721229553223e-01
9.997596740722656250e-01
9.998911023139953613e-01
9.999794960021972656e-01
9.999888539314270020e-01
9.999932646751403809e-01
9.999907612800598145e-01
9.999873042106628418e-01
9.999824166297912598e-01
9.998463392257690430e-01
9.996260404586791992e-01
9.975660443305969238e-01
9.952679872512817383e-01
9.965139031410217285e-01
9.977276325225830078e-01
9.988427162170410156e-01
9.973856806755065918e-01
9.930506348609924316e-01
9.686087369918823242e-01
9.349173903465270996e-01
9.298854470252990723e-01
9.299435615539550781e-01
9.449879527091979980e-01
9.283659458160400391e-01
8.470517396926879883e-01
6.495487093925476074e-01
3.546254038810729980e-01
1.717517226934432983e-01
2.463210187852382660e-02
9.338181465864181519e-03
3.166642770224825654e-08
1.273287342229423302e-08
1.809514506021514535e-04
6.334685604088008404e-04
2.245989143848419189e-01
5.896383523941040039e-01
4.098185002803802490e-01
1.242669224739074707e-01
9.472649544477462769e-02
1.212148219347000122e-01
3.157898485660552979e-01
5.556945800781250000e-01
8.483599424362182617e-01
8.791354298591613770e-01
7.831705808639526367e-01
6.069470643997192383e-01
4.194773733615875244e-01
2.226233035326004028e-01
8.363299071788787842e-02
7.296869158744812012e-02
2.166752815246582031e-01
5.018464922904968262e-01
5.290813446044921875e-01
4.616912305355072021e-01
2.320938259363174438e-01
2.672150358557701111e-02
1.040548644959926605e-02
2.414212758594658226e-07
7.234852006376968347e-08
1.022947878957116462e-43
1.821688003622262192e-44
5.958870063091525892e-19
1.356798922966895289e-18
8.964401669800281525e-03
9.682828933000564575e-02
4.923042356967926025e-01
7.493935823440551758e-01
8.090397119522094727e-01
7.962722182273864746e-01
7.389747500419616699e-01
6.468884944915771484e-01
5.584089159965515137e-01
7.613131999969482422e-01
9.214472770690917969e-01
9.486319422721862793e-01
9.523081183433532715e-01
9.275335073471069336e-01
7.715049386024475098e-01
5.477419495582580566e-01
5.043970346450805664e-01
4.899546802043914795e-01
4.905309081077575684e-01
4.521827697753906250e-01
3.151167631149291992e-01
4.506804049015045166e-01
8.708698749542236328e-01
9.984735250473022461e-01
9.977117180824279785e-01
9.965471029281616211e-01
9.954608082771301270e-01
9.954090714454650879e-01
9.357866644859313965e-01
7.453196048736572266e-01
5.236905217170715332e-01
2.728019952774047852e-01
3.135786056518554688e-01
4.648093879222869873e-01
7.387221455574035645e-01
9.843893051147460938e-01
9.928424358367919922e-01
9.985110163688659668e-01
9.988199472427368164e-01
9.980723857879638672e-01
9.964406490325927734e-01
9.743696451187133789e-01
9.454513788223266602e-01
8.717566728591918945e-01
8.081116676330566406e-01
8.111298084259033203e-01
8.491093516349792480e-01
9.491680860519409180e-01
9.912264943122863770e-01
9.883713722229003906e-01
9.865660071372985840e-01
9.850778579711914062e-01
9.830695986747741699e-01
9.819007515907287598e-01
9.847870469093322754e-01
9.820479154586791992e-01
9.699370265007019043e-01
9.638453125953674316e-01
9.621362686157226562e-01
9.761432409286499023e-01
9.945970177650451660e-01
9.976928234100341797e-01
9.999743700027465820e-01
9.999824166297912598e-01
9.999870657920837402e-01
9.999864697456359863e-01
9.999907016754150391e-01
9.999983906745910645e-01
9.999783635139465332e-01
9.999509453773498535e-01
9.998772144317626953e-01
9.998146295547485352e-01
9.998018145561218262e-01
9.998109340667724609e-01
9.998544454574584961e-01
9.998725652694702148e-01
9.998729228973388672e-01
9.985510706901550293e-01
9.968759417533874512e-01
9.739570021629333496e-01
9.483491778373718262e-01
9.121289849281311035e-01
9.013612270355224609e-01
9.307366013526916504e-01
9.594686627388000488e-01
9.877474308013916016e-01
9.965109229087829590e-01
9.999486804008483887e-01
9.999784827232360840e-01
9.999043345451354980e-01
9.995951652526855469e-01
9.994950890541076660e-01
9.997368454933166504e-01
9.992498159408569336e-01
9.982286691665649414e-01
9.881066679954528809e-01
9.753123521804809570e-01
9.429490566253662109e-01
9.168028831481933594e-01
9.239513278007507324e-01
9.283418655395507812e-01
9.279559850692749023e-01
9.148876667022705078e-01
8.920236229896545410e-01
9.227487444877624512e-01
9.702920913696289062e-01
9.855086207389831543e-01
9.973763227462768555e-01
9.989637136459350586e-01
9.999643564224243164e-01
9.998616576194763184e-01
9.996498227119445801e-01
9.993464946746826172e-01
9.995015859603881836e-01
9.998190999031066895e-01
9.999164938926696777e-01
9.999884366989135742e-01
9.999940395355224609e-01
9.999959468841552734e-01
9.999902248382568359e-01
9.999626278877258301e-01
9.999148845672607422e-01
9.997892975807189941e-01
9.996325969696044922e-01
9.992604851722717285e-01
9.988481402397155762e-01
9.982709288597106934e-01
9.982100129127502441e-01
9.993921518325805664e-01
9.991660714149475098e-01
9.974494576454162598e-01
9.979194402694702148e-01
9.994231462478637695e-01
9.996781945228576660e-01
9.992853403091430664e-01
9.921880960464477539e-01
9.762483835220336914e-01
9.350033402442932129e-01
9.290106296539306641e-01
9.659591913223266602e-01
9.855627417564392090e-01
9.955909848213195801e-01
9.979505538940429688e-01
9.987038969993591309e-01
9.962280392646789551e-01
9.886473417282104492e-01
9.623622894287109375e-01
9.545173048973083496e-01
9.735966324806213379e-01
9.700514674186706543e-01
9.513387084007263184e-01
9.692581892013549805e-01
9.969568252563476562e-01
9.987772703170776367e-01
9.998264312744140625e-01
9.998690485954284668e-01
9.998797774314880371e-01
9.998340606689453125e-01
9.996355772018432617e-01
9.993115663528442383e-01
9.946162700653076172e-01
9.883616566658020020e-01
7.938796877861022949e-01
5.812736153602600098e-01
3.462249338626861572e-01
1.526556462049484253e-01
5.196174606680870056e-02
1.252743005752563477e-01
3.772236108779907227e-01
6.514528989791870117e-01
9.353073835372924805e-01
9.847537279129028320e-01
9.984614253044128418e-01
9.947128295898437500e-01
9.837684035301208496e-01
9.510806798934936523e-01
9.296799302101135254e-01
9.231226444244384766e-01
8.662656545639038086e-01
7.785798311233520508e-01
4.374127089977264404e-01
3.493045642971992493e-02
1.364353448152542114e-01
2.861574292182922363e-01
6.408362984657287598e-01
8.879101276397705078e-01
9.511691927909851074e-01
9.489910602569580078e-01
8.940382599830627441e-01
7.604183554649353027e-01
5.996479988098144531e-01
5.877584218978881836e-01
6.105268001556396484e-01
8.176103234291076660e-01
9.691629409790039062e-01
9.883328080177307129e-01
9.987305402755737305e-01
9.995560050010681152e-01
9.985863566398620605e-01
9.967055916786193848e-01
9.893998503684997559e-01
9.816591143608093262e-01
9.894309639930725098e-01
9.960600733757019043e-01
9.985207319259643555e-01
9.999886155128479004e-01
9.999943971633911133e-01
9.999774098396301270e-01
9.999444484710693359e-01
9.989375472068786621e-01
9.976425766944885254e-01
9.607267379760742188e-01
8.931840658187866211e-01
6.383363008499145508e-01
4.738895893096923828e-01
5.030413269996643066e-01
6.104063987731933594e-01
7.953889966011047363e-01
9.044203162193298340e-01
9.778639078140258789e-01
9.844189286231994629e-01
9.640497565269470215e-01
6.195381283760070801e-01
3.126015961170196533e-01
1.338037848472595215e-01
5.061944574117660522e-02
1.037001311779022217e-01
3.531526923179626465e-01
7.393873929977416992e-01
8.994714617729187012e-01
9.923933148384094238e-01
9.962492585182189941e-01
9.955784082412719727e-01
9.954017400741577148e-01
9.958445429801940918e-01
9.976481199264526367e-01
9.986543655395507812e-01
9.988306164741516113e-01
9.985465407371520996e-01
9.980363249778747559e-01
9.965820908546447754e-01
9.940001368522644043e-01
9.617596268653869629e-01
9.395701289176940918e-01
9.557936787605285645e-01
9.717828631401062012e-01
9.875019192695617676e-01
9.953334927558898926e-01
9.971228241920471191e-01
9.973120689392089844e-01
9.969497323036193848e-01
9.973244667053222656e-01
9.976939558982849121e-01
9.974415302276611328e-01
9.939797520637512207e-01
9.822106361389160156e-01
9.548821449279785156e-01
9.090912938117980957e-01
9.238238930702209473e-01
9.737448692321777344e-01
9.883552789688110352e-01
9.947369694709777832e-01
9.971215128898620605e-01
9.980351924896240234e-01
9.915602803230285645e-01
9.688107371330261230e-01
9.139137864112854004e-01
8.001898527145385742e-01
6.300641894340515137e-01
4.067981839179992676e-01
1.601915955543518066e-01
6.670124828815460205e-02
2.099932462442666292e-04
9.217879414791241288e-05
3.382053748168800666e-09
1.462033161203635245e-08
1.191070675849914551e-01
4.222633242607116699e-01
3.977294266223907471e-01
1.205388084053993225e-01
3.705788254737854004e-01
8.064231276512145996e-01
9.171205759048461914e-01
9.908201098442077637e-01
9.947280883789062500e-01
9.977298974990844727e-01
9.981988072395324707e-01
9.981997609138488770e-01
9.975929856300354004e-01
9.969418644905090332e-01
9.962639212608337402e-01
9.974775910377502441e-01
9.992119073867797852e-01
9.974012970924377441e-01
9.943847656250000000e-01
9.843962788581848145e-01
9.811199903488159180e-01
9.934657216072082520e-01
7.425687313079833984e-01
1.971862316131591797e-01
2.522763563320040703e-03
3.908141225110739470e-04
4.728109575808048248e-03
1.053461339324712753e-02
4.198649227619171143e-01
7.867217659950256348e-01
9.089191555976867676e-01
9.919900894165039062e-01
9.965558648109436035e-01
9.989556670188903809e-01
9.992203116416931152e-01
9.993903040885925293e-01
9.995137453079223633e-01
9.977051019668579102e-01
9.955843687057495117e-01
9.974293112754821777e-01
9.887945055961608887e-01
9.329212903976440430e-01
7.544314265251159668e-01
3.481682538986206055e-01
1.111678183078765869e-01
2.964326739311218262e-02
5.102783814072608948e-02
1.190822497010231018e-01
3.902337551116943359e-01
6.886918544769287109e-01
7.758744955062866211e-01
8.611897826194763184e-01
9.398587346076965332e-01
9.893190860748291016e-01
9.876010417938232422e-01
9.590767025947570801e-01
9.068990349769592285e-01
8.437975049018859863e-01
7.759891748428344727e-01
8.584929704666137695e-01
9.619326591491699219e-01
9.818798899650573730e-01
9.973122477531433105e-01
9.943093061447143555e-01
9.934142827987670898e-01
9.961669445037841797e-01
9.978740811347961426e-01
9.986721277236938477e-01
9.983386397361755371e-01
9.975233078002929688e-01
9.948174357414245605e-01
9.918874502182006836e-01
9.909477233886718750e-01
9.906550049781799316e-01
9.929969310760498047e-01
9.898297190666198730e-01
9.769411683082580566e-01
9.570534229278564453e-01
9.308767318725585938e-01
7.424500584602355957e-01
4.810302853584289551e-01
5.223376750946044922e-01
6.162212491035461426e-01
7.896295189857482910e-01
9.370906352996826172e-01
9.729660749435424805e-01
9.968860745429992676e-01
9.988136887550354004e-01
9.998093843460083008e-01
9.999252557754516602e-01
9.999736547470092773e-01
9.999896883964538574e-01
9.999945759773254395e-01
9.999973773956298828e-01
9.999970197677612305e-01
9.999969601631164551e-01
9.999985098838806152e-01
9.999906420707702637e-01
9.999635219573974609e-01
9.988671541213989258e-01
9.966632723808288574e-01
9.783141613006591797e-01
9.514018297195434570e-01
9.282806515693664551e-01
9.060545563697814941e-01
9.410589337348937988e-01
9.740682840347290039e-01
9.878602027893066406e-01
9.978899359703063965e-01
9.992140531539916992e-01
9.999458789825439453e-01
9.999839663505554199e-01
9.999989271163940430e-01
9.999997019767761230e-01
9.999970793724060059e-01
9.999935626983642578e-01
9.999961256980895996e-01
9.999988079071044922e-01
9.999994635581970215e-01
9.999794960021972656e-01
9.999020099639892578e-01
9.997407793998718262e-01
9.994655251502990723e-01
9.993130564689636230e-01
9.992481470108032227e-01
9.994592070579528809e-01
9.997653365135192871e-01
9.998810291290283203e-01
9.999691247940063477e-01
9.999578595161437988e-01
9.998406171798706055e-01
9.993451237678527832e-01
9.986001253128051758e-01
9.974429607391357422e-01
9.970802664756774902e-01
9.974060058593750000e-01
9.978976845741271973e-01
9.984644651412963867e-01
9.992198348045349121e-01
1.000000000000000000e+00
1.000000000000000000e+00
1.000000000000000000e+00
1.000000000000000000e+00
9.997187852859497070e-01
9.988451600074768066e-01
9.982837438583374023e-01
9.980681538581848145e-01
9.983664155006408691e-01
9.989640116691589355e-01
9.993967413902282715e-01
9.997868537902832031e-01
9.998384714126586914e-01
9.997776150703430176e-01
9.988877177238464355e-01
9.980553388595581055e-01
9.973815083503723145e-01
9.974588751792907715e-01
9.986082315444946289e-01
9.993571043014526367e-01
9.997990727424621582e-01
9.999415874481201172e-01
9.999675154685974121e-01
9.999816417694091797e-01
9.999938011169433594e-01
9.999971985816955566e-01
1.000000000000000000e+00
1.000000000000000000e+00
9.999655485153198242e-01
9.998632669448852539e-01
9.988552927970886230e-01
9.969064593315124512e-01
9.927447438240051270e-01
9.873531460762023926e-01
9.882282018661499023e-01
9.906632304191589355e-01
9.909390807151794434e-01
9.907056093215942383e-01
9.869992733001708984e-01
9.575082659721374512e-01
8.536546230316162109e-01
6.174229383468627930e-01
1.906751096248626709e-01
1.575904665514826775e-03
3.544300270732492208e-04
9.711861610412597656e-02
2.337196022272109985e-01
2.077207118272781372e-01
1.583699434995651245e-01
2.448830753564834595e-01
3.697201311588287354e-01
6.863052845001220703e-01
8.985531330108642578e-01
8.891839981079101562e-01
8.962733149528503418e-01
9.219273328781127930e-01
9.490608572959899902e-01
9.770017862319946289e-01
9.883448481559753418e-01
9.946231245994567871e-01
9.966858625411987305e-01
9.983003139495849609e-01
9.988356828689575195e-01
9.992982745170593262e-01
9.994923472404479980e-01
9.996531605720520020e-01
9.997573494911193848e-01
9.998477101325988770e-01
9.999255537986755371e-01
9.999414682388305664e-01
9.999262094497680664e-01
9.998912811279296875e-01
9.998518824577331543e-01
9.998658299446105957e-01
9.998778104782104492e-01
9.998555183410644531e-01
9.994307756423950195e-01
9.978337287902832031e-01
8.534996509552001953e-01
4.965458810329437256e-01
2.365960329771041870e-01
5.492569878697395325e-02
8.170220255851745605e-02
1.992214769124984741e-01
5.716294646263122559e-01
9.899687767028808594e-01
9.962456822395324707e-01
9.984558820724487305e-01
9.981366395950317383e-01
9.979045391082763672e-01
9.978927373886108398e-01
9.982287883758544922e-01
9.990277290344238281e-01
9.995436072349548340e-01
9.998466968536376953e-01
9.991990923881530762e-01
9.981770515441894531e-01
9.762685894966125488e-01
9.510208964347839355e-01
9.288062453269958496e-01
9.162737727165222168e-01
9.571135640144348145e-01
9.565147161483764648e-01
8.582299351692199707e-01
6.113135218620300293e-01
1.791989654302597046e-01
2.867145894924760796e-06
6.128452127995842602e-07
9.407072328031063080e-03
2.231451123952865601e-02
4.219388365745544434e-01
8.723523616790771484e-01
9.366558194160461426e-01
9.847907423973083496e-01
9.463947415351867676e-01
9.187799692153930664e-01
9.158654808998107910e-01
9.173859953880310059e-01
9.244508743286132812e-01
9.194532632827758789e-01
9.060586690902709961e-01
7.983562946319580078e-01
6.563315987586975098e-01
4.762487411499023438e-01
2.977442443370819092e-01
5.924033522605895996e-01
8.549321293830871582e-01
9.381265044212341309e-01
9.972491860389709473e-01
9.984043240547180176e-01
9.973596334457397461e-01
9.934683442115783691e-01
9.785368442535400391e-01
9.554471373558044434e-01
9.136240482330322266e-01
8.645701408386230469e-01
8.559975624084472656e-01
8.541280031204223633e-01
9.174903631210327148e-01
9.739784002304077148e-01
9.879085421562194824e-01
9.981613159179687500e-01
9.988058805465698242e-01
9.992216229438781738e-01
9.993147253990173340e-01
9.994649291038513184e-01
9.996613860130310059e-01
9.997710585594177246e-01
9.998428821563720703e-01
9.999054670333862305e-01
9.999660253524780273e-01
9.999800324440002441e-01
9.999911785125732422e-01
9.999912381172180176e-01
9.999849200248718262e-01
9.999593496322631836e-01
9.997391700744628906e-01
9.992117881774902344e-01
9.980386495590209961e-01
9.962775707244873047e-01
9.943542480468750000e-01
9.923403263092041016e-01
9.770202040672302246e-01
9.582449197769165039e-01
8.533363938331604004e-01
7.443009614944458008e-01
6.606731414794921875e-01
6.186547279357910156e-01
7.385998964309692383e-01
8.347915410995483398e-01
8.850437402725219727e-01
9.139733314514160156e-01
9.193793535232543945e-01
9.279676675796508789e-01
9.385597705841064453e-01
9.628373980522155762e-01
9.917680621147155762e-01
9.973798394203186035e-01
9.995232820510864258e-01
9.785752892494201660e-01
9.508774876594543457e-01
8.848760724067687988e-01
8.342397809028625488e-01
8.216682672500610352e-01
8.464949131011962891e-01
9.226508140563964844e-01
9.683361649513244629e-01
9.893122911453247070e-01
9.957937002182006836e-01
9.956736564636230469e-01
9.955554008483886719e-01
9.954372644424438477e-01
9.610869288444519043e-01
9.287430047988891602e-01
9.334057569503784180e-01
9.431726932525634766e-01
9.710695743560791016e-01
9.898622035980224609e-01
9.920366406440734863e-01
9.826917052268981934e-01
9.611604213714599609e-01
9.344511032104492188e-01
9.046193361282348633e-01
9.052025675773620605e-01
9.161063432693481445e-01
8.876457214355468750e-01
8.524067997932434082e-01
7.042627930641174316e-01
5.948648452758789062e-01
7.200369834899902344e-01
8.376080989837646484e-01
9.360798001289367676e-01
9.948001503944396973e-01
9.950488805770874023e-01
9.729946851730346680e-01
9.315567016601562500e-01
8.491481542587280273e-01
7.461928129196166992e-01
8.380702733993530273e-01
9.812602400779724121e-01
9.960145354270935059e-01
9.998851418495178223e-01
9.999305605888366699e-01
9.999696612358093262e-01
9.999795556068420410e-01
9.999863505363464355e-01
9.999863505363464355e-01
9.998738169670104980e-01
9.996176958084106445e-01
9.880890846252441406e-01
9.680531024932861328e-01
9.247067570686340332e-01
8.712853193283081055e-01
8.700657486915588379e-01
8.802078366279602051e-01
9.332264661788940430e-01
9.849318861961364746e-01
9.926010370254516602e-01
9.964783787727355957e-01
9.854653477668762207e-01
9.780665040016174316e-01
9.779135584831237793e-01
9.440460205078125000e-01
8.701014518737792969e-01
7.590152025222778320e-01
6.220130324363708496e-01
5.228596329689025879e-01
4.393891394138336182e-01
4.243601560592651367e-01
4.227848052978515625e-01
5.913325548171997070e-01
7.625868320465087891e-01
8.893559575080871582e-01
9.905288219451904297e-01
9.955803155899047852e-01
9.990084171295166016e-01
9.992775917053222656e-01
9.992403388023376465e-01
9.988470673561096191e-01
9.986360073089599609e-01
9.985526204109191895e-01
9.990887641906738281e-01
9.998724460601806641e-01
9.988719820976257324e-01
9.975253343582153320e-01
9.986026883125305176e-01
9.996900558471679688e-01
9.998265504837036133e-01
9.997218847274780273e-01
9.986914396286010742e-01
9.743154644966125488e-01
9.023541212081909180e-01
8.582129478454589844e-01
8.474875092506408691e-01
8.877274394035339355e-01
9.652689695358276367e-01
9.929040670394897461e-01
9.988952279090881348e-01
9.999826550483703613e-01
9.999957084655761719e-01
9.999709725379943848e-01
9.999476075172424316e-01
9.999743103981018066e-01
9.999958872795104980e-01
9.999948740005493164e-01
9.999837279319763184e-01
9.999494552612304688e-01
9.999435544013977051e-01
9.999756217002868652e-01
9.999926090240478516e-01
9.999972581863403320e-01
9.999989867210388184e-01
9.999992847442626953e-01
9.999991059303283691e-01
9.999988675117492676e-01
9.999724626541137695e-01
9.999317526817321777e-01
9.995253086090087891e-01
9.989988207817077637e-01
9.978009462356567383e-01
9.967628121376037598e-01
9.961494207382202148e-01
9.966418743133544922e-01
9.988897442817687988e-01
1.000000000000000000e+00
1.000000000000000000e+00
9.983168244361877441e-01
9.956250190734863281e-01
9.837042093276977539e-01
9.685673713684082031e-01
9.552856087684631348e-01
9.422650933265686035e-01
9.663957953453063965e-01
9.894915819168090820e-01
9.950354695320129395e-01
9.994231462478637695e-01
9.996430277824401855e-01
9.997898340225219727e-01
9.997903108596801758e-01
9.997303485870361328e-01
9.995964169502258301e-01
9.993253946304321289e-01
9.989497065544128418e-01
9.986933469772338867e-01
9.984936714172363281e-01
9.987429976463317871e-01
9.991075396537780762e-01
9.995555877685546875e-01
1.000000000000000000e+00
1.000000000000000000e+00
9.999808669090270996e-01
9.998476505279541016e-01
9.997532367706298828e-01
9.997686743736267090e-01
9.997895359992980957e-01
9.998193383216857910e-01
9.970799684524536133e-01
9.914664030075073242e-01
8.890425562858581543e-01
7.228252887725830078e-01
6.599149107933044434e-01
6.374145746231079102e-01
7.401332855224609375e-01
8.685702085494995117e-01
9.368391036987304688e-01
9.975759983062744141e-01
9.958595037460327148e-01
9.946075081825256348e-01
9.955765008926391602e-01
9.968360066413879395e-01
9.988121390342712402e-01
9.795413613319396973e-01
9.285641908645629883e-01
9.008380770683288574e-01
8.953991532325744629e-01
9.226285815238952637e-01
9.696167111396789551e-01
9.877845644950866699e-01
9.956544637680053711e-01
9.912432432174682617e-01
9.846331477165222168e-01
7.871080040931701660e-01
5.745176076889038086e-01
2.640277147293090820e-01
6.890496611595153809e-02
3.898198008537292480e-01
6.744883060455322266e-01
8.695134520530700684e-01
9.889292716979980469e-01
9.962785243988037109e-01
9.987241029739379883e-01
9.965809583663940430e-01
9.749222993850708008e-01
9.414635300636291504e-01
8.147773742675781250e-01
6.547741293907165527e-01
4.655082225799560547e-01
2.713440060615539551e-01
1.373663097620010376e-01
1.431760471314191818e-02
8.408944122493267059e-03
7.674390822649002075e-02
5.027944445610046387e-01
8.379231691360473633e-01
9.367411732673645020e-01
9.972363114356994629e-01
9.981056451797485352e-01
9.977182149887084961e-01
9.960654973983764648e-01
9.917169213294982910e-01
9.856340885162353516e-01
9.747157096862792969e-01
9.618849158287048340e-01
9.653946161270141602e-01
9.725270867347717285e-01
9.853732585906982422e-01
9.982848167419433594e-01
9.991939067840576172e-01
9.999790191650390625e-01
9.999870061874389648e-01
9.999904036521911621e-01
9.999799132347106934e-01
9.999633431434631348e-01
9.999356269836425781e-01
9.999078512191772461e-01
9.998800754547119141e-01
9.998829960823059082e-01
9.999094605445861816e-01
9.999421834945678711e-01
9.999780654907226562e-01
9.999867081642150879e-01
9.999875426292419434e-01
9.999868869781494141e-01
9.999860525131225586e-01
9.999817013740539551e-01
9.999752044677734375e-01
9.999466538429260254e-01
9.998614788055419922e-01
9.995386004447937012e-01
9.984738826751708984e-01
9.956792593002319336e-01
9.947006702423095703e-01
9.964140653610229492e-01
9.979442954063415527e-01
9.992926716804504395e-01
9.998701214790344238e-01
9.999587535858154297e-01
9.999881982803344727e-01
9.999938011169433594e-01
9.996473789215087891e-01
9.992222785949707031e-01
9.300661683082580566e-01
8.546558618545532227e-01
7.672390341758728027e-01
7.048182487487792969e-01
8.201915621757507324e-01
9.204584956169128418e-01
9.675598740577697754e-01
9.994397163391113281e-01
9.996992945671081543e-01
9.983035922050476074e-01
9.947006106376647949e-01
7.449888586997985840e-01
2.762744128704071045e-01
6.905975192785263062e-02
1.475846674293279648e-02
1.034330271068029106e-04
9.916999260894954205e-05
4.376075267791748047e-01
9.644417166709899902e-01
9.603965878486633301e-01
9.194689393043518066e-01
9.283420443534851074e-01
9.398782253265380859e-01
9.688228368759155273e-01
9.916207790374755859e-01
9.943025708198547363e-01
9.966933727264404297e-01
9.985154867172241211e-01
9.995802640914916992e-01
9.996532201766967773e-01
9.985252022743225098e-01
9.963381290435791016e-01
9.896469116210937500e-01
9.802835583686828613e-01
9.805400967597961426e-01
9.844225645065307617e-01
9.910616874694824219e-01
9.983105659484863281e-01
9.994145035743713379e-01
9.999817013740539551e-01
9.999904632568359375e-01
9.999973773956298828e-01
9.999899864196777344e-01
9.999526739120483398e-01
9.998061656951904297e-01
9.994918704032897949e-01
9.988105893135070801e-01
9.978727102279663086e-01
9.965653419494628906e-01
9.787047505378723145e-01
9.444755315780639648e-01
7.888320088386535645e-01
5.512842535972595215e-01
3.686689734458923340e-01
2.105828970670700073e-01
3.870212435722351074e-01
6.521815061569213867e-01
8.061582446098327637e-01
9.454652070999145508e-01
9.668852686882019043e-01
9.850741028785705566e-01
9.908902049064636230e-01
9.957337975502014160e-01
9.957764744758605957e-01
9.930458664894104004e-01
9.826229810714721680e-01
9.786036014556884766e-01
9.860187172889709473e-01
9.921562671661376953e-01
9.967373609542846680e-01
9.989521503448486328e-01
9.991825222969055176e-01
9.986335635185241699e-01
9.976415634155273438e-01
9.561893343925476074e-01
8.997908234596252441e-01
5.850040912628173828e-01
2.144264876842498779e-01
4.858387410640716553e-01
8.104589581489562988e-01
8.108726143836975098e-01
7.843315005302429199e-01
5.231128931045532227e-01
3.104595839977264404e-01
2.962118089199066162e-01
3.379966020584106445e-01
5.185601711273193359e-01
6.430351138114929199e-01
6.743040084838867188e-01
6.970444321632385254e-01
7.102515101432800293e-01
7.715758085250854492e-01
