9.998240470886230469e-01
9.979942440986633301e-01
9.930492639541625977e-01
9.538676738739013672e-01
9.459649920463562012e-01
9.908401966094970703e-01
9.975051879882812500e-01
9.995253682136535645e-01
9.996720552444458008e-01
9.938357472419738770e-01
9.395038485527038574e-01
8.332235813140869141e-01
6.795974373817443848e-01
6.305919885635375977e-01
6.843262314796447754e-01
8.824489116668701172e-01
9.810782074928283691e-01
9.991222023963928223e-01
9.997216463088989258e-01
9.999499917030334473e-01
9.848914146423339844e-01
8.525471091270446777e-01
6.110535860061645508e-01
3.351286947727203369e-01
2.300457805395126343e-01
2.884361147880554199e-01
4.726426899433135986e-01
8.527420163154602051e-01
9.824552536010742188e-01
9.985879659652709961e-01
9.939930438995361328e-01
5.511577725410461426e-01
8.315909653902053833e-02
1.564358547329902649e-02
1.466115736548090354e-05
1.914492696523666382e-01
8.637571334838867188e-01
9.986510276794433594e-01
9.990422725677490234e-01
9.993075132369995117e-01
9.995673894882202148e-01
9.997613430023193359e-01
9.998328685760498047e-01
9.998030662536621094e-01
9.989622235298156738e-01
9.968134164810180664e-01
9.689572453498840332e-01
8.834528326988220215e-01
7.186424136161804199e-01
6.044334173202514648e-01
6.297899484634399414e-01
8.286093473434448242e-01
9.373632669448852539e-01
9.948566555976867676e-01
9.987238645553588867e-01
9.987732172012329102e-01
9.990100264549255371e-01
9.995139241218566895e-01
9.996841549873352051e-01
9.997906684875488281e-01
9.998365044593811035e-01
9.998127818107604980e-01
9.979967474937438965e-01
9.881862401962280273e-01
8.829477429389953613e-01
5.906739830970764160e-01
2.443140000104904175e-01
7.630252838134765625e-01
9.818857312202453613e-01
9.988547563552856445e-01
9.995274543762207031e-01
9.998520016670227051e-01
9.999496340751647949e-01
9.999309182167053223e-01
9.993264079093933105e-01
9.967371821403503418e-01
9.855649471282958984e-01
9.659581184387207031e-01
9.457103013992309570e-01
9.405257701873779297e-01
9.535576701164245605e-01
9.672746062278747559e-01
9.532660245895385742e-01
9.438611268997192383e-01
9.285717606544494629e-01
8.872779607772827148e-01
7.814148068428039551e-01
6.869342327117919922e-01
6.954970955848693848e-01
8.181003332138061523e-01
9.451260566711425781e-01
9.874219894409179688e-01
9.978441596031188965e-01
9.989155530929565430e-01
9.990529417991638184e-01
9.983928203582763672e-01
9.974139928817749023e-01
9.961696863174438477e-01
9.941743016242980957e-01
9.902797341346740723e-01
9.827998280525207520e-01
9.800060391426086426e-01
9.834750294685363770e-01
9.971723556518554688e-01
9.996282458305358887e-01
9.996857643127441406e-01
9.989259243011474609e-01
9.923163056373596191e-01
9.814510345458984375e-01
9.650379419326782227e-01
9.802964329719543457e-01
9.937506318092346191e-01
9.979267716407775879e-01
9.986079335212707520e-01
9.984439015388488770e-01
9.976246953010559082e-01
9.971680641174316406e-01
9.972916245460510254e-01
9.981681108474731445e-01
9.987874031066894531e-01
9.981932640075683594e-01
9.960497021675109863e-01
9.925274848937988281e-01
9.829919338226318359e-01
9.661443829536437988e-01
9.513637423515319824e-01
8.969837427139282227e-01
7.956726551055908203e-01
4.168380498886108398e-01
1.934137791395187378e-01
1.561293601989746094e-01
8.320700377225875854e-02
3.046058677136898041e-02
3.622348012868314981e-04
2.450982342430685357e-12
2.376675807384778892e-35
7.209174840067362174e-35
8.761684000546665629e-08
1.281532347202301025e-01
3.836073279380798340e-01
5.384094119071960449e-01
6.549689769744873047e-01
7.353367209434509277e-01
8.780082464218139648e-01
9.580464363098144531e-01
9.795943498611450195e-01
9.902881383895874023e-01
9.962501525878906250e-01
9.902144074440002441e-01
7.259504199028015137e-01
3.886280953884124756e-01
4.366061742908904680e-30
1.386096765071541130e-30
1.258590953483832643e-17
1.337510620942339301e-04
3.651175182312726974e-03
9.782610461115837097e-03
2.269057184457778931e-02
1.397427767515182495e-01
3.249292373657226562e-01
5.595544576644897461e-01
6.412349343299865723e-01
6.649561524391174316e-01
6.449991464614868164e-01
7.005402445793151855e-01
6.737031340599060059e-01
5.727149248123168945e-01
3.423637449741363525e-01
2.843911647796630859e-01
3.608321547508239746e-01
3.463959991931915283e-01
2.142305374145507812e-01
1.034623437590198591e-06
3.174835683239507489e-07
1.197327219415456057e-05
2.580543421208858490e-02
4.742127954959869385e-01
7.763713598251342773e-01
9.531635046005249023e-01
9.773066639900207520e-01
9.917163848876953125e-01
9.977384209632873535e-01
9.932297468185424805e-01
9.644857645034790039e-01
9.199494123458862305e-01
9.396829605102539062e-01
9.617266058921813965e-01
9.836699366569519043e-01
9.692465066909790039e-01
9.261057376861572266e-01
8.649190664291381836e-01
9.047539830207824707e-01
9.475778341293334961e-01
9.910746812820434570e-01
9.960040450096130371e-01
9.968006014823913574e-01
9.943104386329650879e-01
9.962515234947204590e-01
9.980562925338745117e-01
9.989532232284545898e-01
9.790962338447570801e-01
8.096785545349121094e-01
5.190541744232177734e-01
5.192596912384033203e-01
6.084991097450256348e-01
7.739911079406738281e-01
8.348581790924072266e-01
8.603370785713195801e-01
8.501240611076354980e-01
6.681619882583618164e-01
4.272962212562561035e-01
1.335575878620147705e-01
1.301424503326416016e-01
1.901682317256927490e-01
3.118957877159118652e-01
3.813744187355041504e-01
5.314840674400329590e-01
7.629252076148986816e-01
9.008370041847229004e-01
9.797697663307189941e-01
9.980726242065429688e-01
9.993214607238769531e-01
9.997370839118957520e-01
9.995508193969726562e-01
9.979239702224731445e-01
9.970591664314270020e-01
9.971119761466979980e-01
9.985432028770446777e-01
9.995184540748596191e-01
9.998770356178283691e-01
9.998749494552612305e-01
9.992581009864807129e-01
9.978935122489929199e-01
9.952498674392700195e-01
9.925005435943603516e-01
9.897201061248779297e-01
9.837538599967956543e-01
9.828343391418457031e-01
9.894094467163085938e-01
9.951501488685607910e-01
9.989106655120849609e-01
9.998326301574707031e-01
9.999402761459350586e-01
9.999247789382934570e-01
9.998689889907836914e-01
9.995309114456176758e-01
9.987276196479797363e-01
9.971998929977416992e-01
9.906508326530456543e-01
9.526872038841247559e-01
8.587455153465270996e-01
5.091679096221923828e-01
1.968520730733871460e-01
5.215576663613319397e-02
3.155696392059326172e-01
6.464062333106994629e-01
9.381742477416992188e-01
9.927628040313720703e-01
9.930938482284545898e-01
9.985142350196838379e-01
9.997154474258422852e-01
9.997416138648986816e-01
9.996270537376403809e-01
9.994968771934509277e-01
9.994196295738220215e-01
9.995054602622985840e-01
9.996877312660217285e-01
9.998700618743896484e-01
9.999492764472961426e-01
9.980654120445251465e-01
9.417482018470764160e-01
6.924435496330261230e-01
4.339551925659179688e-01
2.501388192176818848e-01
3.877617418766021729e-01
6.401004195213317871e-01
9.009569287300109863e-01
9.535381793975830078e-01
9.530020952224731445e-01
8.962228894233703613e-01
6.747035980224609375e-01
4.718727171421051025e-01
3.228232860565185547e-01
4.760010242462158203e-01
6.959997415542602539e-01
9.362577199935913086e-01
9.813359379768371582e-01
9.922620654106140137e-01
9.807153344154357910e-01
9.863730072975158691e-01
9.908130168914794922e-01
9.942740201950073242e-01
9.969999194145202637e-01
9.987329840660095215e-01
9.995748400688171387e-01
9.991924166679382324e-01
9.976207017898559570e-01
9.948970079421997070e-01
9.962974786758422852e-01
9.979231953620910645e-01
9.997655749320983887e-01
9.999286532402038574e-01
9.999899268150329590e-01
9.999994039535522461e-01
1.000000000000000000e+00
9.999984502792358398e-01
9.999948143959045410e-01
9.999641776084899902e-01
9.999113678932189941e-01
9.998286366462707520e-01
9.997971057891845703e-01
9.998074173927307129e-01
9.998791217803955078e-01
9.996815323829650879e-01
9.984369277954101562e-01
9.951538443565368652e-01
9.897269606590270996e-01
9.863603115081787109e-01
9.890671372413635254e-01
9.939634203910827637e-01
9.983655810356140137e-01
9.996688365936279297e-01
1.000000000000000000e+00
9.998383522033691406e-01
9.991340041160583496e-01
9.985099434852600098e-01
9.980496764183044434e-01
9.981333613395690918e-01
9.982962012290954590e-01
9.984263777732849121e-01
9.981887340545654297e-01
9.962838292121887207e-01
9.902179241180419922e-01
9.614989757537841797e-01
8.279902935028076172e-01
6.300088763236999512e-01
4.653506875038146973e-01
4.546221196651458740e-01
5.578283667564392090e-01
6.105346679687500000e-01
5.426585674285888672e-01
3.726870715618133545e-01
5.126507878303527832e-01
6.999891400337219238e-01
9.353620409965515137e-01
9.737628698348999023e-01
9.932478666305541992e-01
9.960808753967285156e-01
9.941994547843933105e-01
9.855668544769287109e-01
9.679273962974548340e-01
9.646219015121459961e-01
9.616413116455078125e-01
9.564056992530822754e-01
8.014907240867614746e-01
6.839175224304199219e-01
6.919228434562683105e-01
8.137335181236267090e-01
9.342396259307861328e-01
9.873315095901489258e-01
9.997364282608032227e-01
9.999712109565734863e-01
9.998953342437744141e-01
9.991323947906494141e-01
9.975194334983825684e-01
9.936173558235168457e-01
9.953107237815856934e-01
9.990190267562866211e-01
9.997180700302124023e-01
9.999542832374572754e-01
9.999274611473083496e-01
9.998836517333984375e-01
9.997843503952026367e-01
9.987177848815917969e-01
9.857160449028015137e-01
8.883598446846008301e-01
7.270779609680175781e-01
7.604042887687683105e-01
8.280208110809326172e-01
9.294280409812927246e-01
9.455071091651916504e-01
6.691632270812988281e-01
4.389672353863716125e-02
5.613507892121560872e-05
0.000000000000000000e+00
0.000000000000000000e+00
0.000000000000000000e+00
2.301251441240310669e-01
8.733537197113037109e-01
9.906432628631591797e-01
9.999992251396179199e-01
9.999997615814208984e-01
9.999457001686096191e-01
8.296005725860595703e-01
1.744201630353927612e-01
1.543839927762746811e-03
9.178503602743148804e-02
5.183328390121459961e-01
7.943195104598999023e-01
9.699178338050842285e-01
9.857670664787292480e-01
9.925270080566406250e-01
9.938305616378784180e-01
9.940108656883239746e-01
9.950939416885375977e-01
9.967822432518005371e-01
9.975746870040893555e-01
9.920836091041564941e-01
9.808968901634216309e-01
6.624845266342163086e-01
3.416740000247955322e-01
1.861623488366603851e-02
1.295243419008329511e-04
3.142959903925657272e-04
1.067182631231844425e-03
1.128119677305221558e-01
1.570020765066146851e-01
5.761458724737167358e-02
1.863763295114040375e-02
3.033974738109179725e-10
5.507709913143976621e-11
0.000000000000000000e+00
0.000000000000000000e+00
0.000000000000000000e+00
1.275144703686237335e-02
1.413647234439849854e-01
7.398554682731628418e-01
9.608570933341979980e-01
9.860506653785705566e-01
9.938820004463195801e-01
9.981641769409179688e-01
9.999667406082153320e-01
9.998980760574340820e-01
9.711530804634094238e-01
9.181471467018127441e-01
8.390091657638549805e-01
8.193054795265197754e-01
8.628197312355041504e-01
9.468221068382263184e-01
9.964509606361389160e-01
9.967707991600036621e-01
9.926728010177612305e-01
9.876038432121276855e-01
9.817521572113037109e-01
9.807267189025878906e-01
9.822241067886352539e-01
9.873223900794982910e-01
9.922488331794738770e-01
9.965932965278625488e-01
9.992273449897766113e-01
9.988124966621398926e-01
9.916913509368896484e-01
9.587377309799194336e-01
5.505172610282897949e-01
1.191805582493543625e-03
3.542246704455465078e-04
2.042953031139150808e-41
0.000000000000000000e+00
0.000000000000000000e+00
1.934841873707566143e-38
5.707198296153171828e-38
2.332079224288463593e-02
3.061632215976715088e-01
9.095835685729980469e-01
9.823078513145446777e-01
9.976079463958740234e-01
9.996803998947143555e-01
9.988720417022705078e-01
9.956597089767456055e-01
9.883185625076293945e-01
9.764280915260314941e-01
9.616322517395019531e-01
9.418414235115051270e-01
9.184279441833496094e-01
8.925415277481079102e-01
8.618273138999938965e-01
8.166318535804748535e-01
7.578933835029602051e-01
6.532815098762512207e-01
5.715657472610473633e-01
5.181038975715637207e-01
7.745993137359619141e-01
9.334074258804321289e-01
9.939810633659362793e-01
9.985826015472412109e-01
9.996066689491271973e-01
9.986855983734130859e-01
9.969347715377807617e-01
9.945390224456787109e-01
9.911653995513916016e-01
9.944408535957336426e-01
9.982091188430786133e-01
9.995115399360656738e-01
9.999154806137084961e-01
9.999916553497314453e-01
9.999876618385314941e-01
9.998583197593688965e-01
9.996069073677062988e-01
9.989605545997619629e-01
9.991016387939453125e-01
9.996995925903320312e-01
9.991037845611572266e-01
9.966463446617126465e-01
9.924725890159606934e-01
9.806638360023498535e-01
9.777991771697998047e-01
9.861677885055541992e-01
9.943596720695495605e-01
9.995927810668945312e-01
9.997878670692443848e-01
9.997172951698303223e-01
9.996312260627746582e-01
9.996401071548461914e-01
9.997634887695312500e-01
9.998908638954162598e-01
9.998929500579833984e-01
9.990403652191162109e-01
9.827594161033630371e-01
8.684611916542053223e-01
5.775053501129150391e-01
1.909043937921524048e-01
2.339840680360794067e-01
3.855783641338348389e-01
6.401060223579406738e-01
8.070449233055114746e-01
9.157125949859619141e-01
9.510564208030700684e-01
9.740869998931884766e-01
9.905082583427429199e-01
9.974263906478881836e-01
9.993662238121032715e-01
9.999426007270812988e-01
9.999808669090270996e-01
9.999949932098388672e-01
9.999979734420776367e-01
9.999917745590209961e-01
9.997840523719787598e-01
9.994614720344543457e-01
9.990991950035095215e-01
9.982692599296569824e-01
9.971025586128234863e-01
9.974467754364013672e-01
9.972194433212280273e-01
9.963612556457519531e-01
9.935846328735351562e-01
9.938489794731140137e-01
9.990568757057189941e-01
9.999295473098754883e-01
9.999960660934448242e-01
9.999925494194030762e-01
9.981467127799987793e-01
9.948861598968505859e-01
9.886140823364257812e-01
9.728468060493469238e-01
9.585723876953125000e-01
9.845855236053466797e-01
9.954324960708618164e-01
9.955514669418334961e-01
9.957901239395141602e-01
9.954995512962341309e-01
9.946734905242919922e-01
9.937342405319213867e-01
9.934978485107421875e-01
9.942939281463623047e-01
9.890367388725280762e-01
9.845284819602966309e-01
9.836778044700622559e-01
9.844759702682495117e-01
9.815993905067443848e-01
9.644879102706909180e-01
8.510175943374633789e-01
7.116149067878723145e-01
6.983001828193664551e-01
7.248420715332031250e-01
7.674672007560729980e-01
5.392972826957702637e-01
4.611931443214416504e-01
5.359085202217102051e-01
7.552926540374755859e-01
9.176908731460571289e-01
9.849200248718261719e-01
9.880691170692443848e-01
8.774401545524597168e-01
5.346480011940002441e-01
2.317908555269241333e-01
1.811326853930950165e-02
8.861798793077468872e-02
3.561906516551971436e-01
6.966026425361633301e-01
8.333969712257385254e-01
9.210134148597717285e-01
9.704924821853637695e-01
9.757537245750427246e-01
9.736775159835815430e-01
9.634628891944885254e-01
9.799911379814147949e-01
9.898281693458557129e-01
9.849753379821777344e-01
9.704845547676086426e-01
9.625313282012939453e-01
9.768365025520324707e-01
9.894769191741943359e-01
9.994206428527832031e-01
9.997757077217102051e-01
9.998905658721923828e-01
9.998696446418762207e-01
9.999130964279174805e-01
9.999545216560363770e-01
9.999942183494567871e-01
9.998351335525512695e-01
9.897964596748352051e-01
9.666372537612915039e-01
9.408612847328186035e-01
9.340695738792419434e-01
9.670681953430175781e-01
9.332650303840637207e-01
9.075932502746582031e-01
9.764076471328735352e-01
9.993709325790405273e-01
9.999934434890747070e-01
9.999972581863403320e-01
9.999930858612060547e-01
9.999794960021972656e-01
9.997967481613159180e-01
9.973778724670410156e-01
9.924213886260986328e-01
9.712854027748107910e-01
9.544723033905029297e-01
9.479620456695556641e-01
9.701662659645080566e-01
9.919357895851135254e-01
9.926174879074096680e-01
9.894389510154724121e-01
9.841102361679077148e-01
9.759243130683898926e-01
9.766855835914611816e-01
9.835712909698486328e-01
9.914956092834472656e-01
9.966099262237548828e-01
9.987701773643493652e-01
9.981895089149475098e-01
9.974241256713867188e-01
9.966725707054138184e-01
9.931164979934692383e-01
9.891523718833923340e-01
9.856854081153869629e-01
9.913437366485595703e-01
9.992205500602722168e-01
9.996988773345947266e-01
9.997279644012451172e-01
9.994430541992187500e-01
9.987357854843139648e-01
9.986528158187866211e-01
9.992035627365112305e-01
9.996449947357177734e-01
9.999145269393920898e-01
9.999200105667114258e-01
9.999076128005981445e-01
9.999081492424011230e-01
9.999531507492065430e-01
9.993087053298950195e-01
9.966548681259155273e-01
9.848396182060241699e-01
8.503780364990234375e-01
6.260533928871154785e-01
2.113322019577026367e-01
3.095633164048194885e-02
9.407375752925872803e-02
5.816939473152160645e-01
9.262272715568542480e-01
9.842848777770996094e-01
9.886971116065979004e-01
9.849442243576049805e-01
9.920168519020080566e-01
9.963381886482238770e-01
9.991024136543273926e-01
9.995208978652954102e-01
9.997162818908691406e-01
9.997459650039672852e-01
9.995080828666687012e-01
9.984589815139770508e-01
9.964948892593383789e-01
9.898505210876464844e-01
9.827429056167602539e-01
9.756432175636291504e-01
9.657993316650390625e-01
9.632250070571899414e-01
9.870191216468811035e-01
9.804382920265197754e-01
9.608360528945922852e-01
9.549205303192138672e-01
9.520935416221618652e-01
9.517626762390136719e-01
9.177862405776977539e-01
8.924332857131958008e-01
8.785979747772216797e-01
8.941395282745361328e-01
9.067592620849609375e-01
9.036144018173217773e-01
9.175335168838500977e-01
9.395065307617187500e-01
9.718283414840698242e-01
9.899896979331970215e-01
9.991515874862670898e-01
9.997190237045288086e-01
9.998877048492431641e-01
9.996652603149414062e-01
9.994899630546569824e-01
9.994152784347534180e-01
9.994993805885314941e-01
9.993343353271484375e-01
9.989938139915466309e-01
9.983055591583251953e-01
9.976071119308471680e-01
9.963399171829223633e-01
9.913465380668640137e-01
9.883946180343627930e-01
9.870238900184631348e-01
9.923582077026367188e-01
9.963530302047729492e-01
9.986632466316223145e-01
9.992579221725463867e-01
9.994081258773803711e-01
9.991082549095153809e-01
9.977961778640747070e-01
9.963123202323913574e-01
9.955317378044128418e-01
9.957807660102844238e-01
9.965644478797912598e-01
9.959453344345092773e-01
9.883258342742919922e-01
9.735303521156311035e-01
9.594339728355407715e-01
9.571426510810852051e-01
9.754167795181274414e-01
9.896386861801147461e-01
9.997747540473937988e-01
9.998385906219482422e-01
9.994242787361145020e-01
9.987387657165527344e-01
9.977536797523498535e-01
9.960118532180786133e-01
9.936208724975585938e-01
9.962634444236755371e-01
9.983990788459777832e-01
9.995762109756469727e-01
9.997128248214721680e-01
9.828061461448669434e-01
9.205150008201599121e-01
5.005059838294982910e-01
3.983593732118606567e-02
2.601125240325927734e-01
5.708647370338439941e-01
9.483854174613952637e-01
9.813891649246215820e-01
9.999563694000244141e-01
9.999871850013732910e-01
9.999901652336120605e-01
9.999758601188659668e-01
9.999312758445739746e-01
9.998632073402404785e-01
9.998115301132202148e-01
9.998866319656372070e-01
9.998830556869506836e-01
9.998297095298767090e-01
9.999033212661743164e-01
9.997951388359069824e-01
9.994722604751586914e-01
9.975666403770446777e-01
9.908223152160644531e-01
9.742859601974487305e-01
9.410318136215209961e-01
9.164941310882568359e-01
9.559286236763000488e-01
9.798295497894287109e-01
9.932796955108642578e-01
9.918275475502014160e-01
9.872608780860900879e-01
9.791818857192993164e-01
9.335905313491821289e-01
8.542913794517517090e-01
7.149992585182189941e-01
8.354997634887695312e-01
1.000000000000000000e+00
1.000000000000000000e+00
9.647290110588073730e-01
9.052363038063049316e-01
7.949136495590209961e-01
8.127866983413696289e-01
9.720504879951477051e-01
9.943766593933105469e-01
9.995356202125549316e-01
9.995487928390502930e-01
9.993790984153747559e-01
9.991936087608337402e-01
9.991902709007263184e-01
9.991948604583740234e-01
9.991097450256347656e-01
9.968763589859008789e-01
9.937379360198974609e-01
9.895799160003662109e-01
9.953441023826599121e-01
1.000000000000000000e+00
1.000000000000000000e+00
1.000000000000000000e+00
9.940122365951538086e-01
9.601734876632690430e-01
6.818111538887023926e-01
2.500829696655273438e-01
8.920297026634216309e-02
1.285631326027214527e-03
5.342448130249977112e-04
4.782555401325225830e-01
8.823196887969970703e-01
9.749654531478881836e-01
9.995590448379516602e-01
9.966921210289001465e-01
9.787772297859191895e-01
8.842263817787170410e-01
7.331705093383789062e-01
3.399080336093902588e-01
8.604102581739425659e-02
1.539219543337821960e-02
5.463431477546691895e-01
1.000000000000000000e+00
1.000000000000000000e+00
1.000000000000000000e+00
1.000000000000000000e+00
1.000000000000000000e+00
6.533772349357604980e-01
2.822139300405979156e-02
1.311641484498977661e-01
3.901709914207458496e-01
8.590270280838012695e-01
9.717299938201904297e-01
9.994010925292968750e-01
9.994772672653198242e-01
9.994816184043884277e-01
9.994727373123168945e-01
9.996845722198486328e-01
9.997890591621398926e-01
9.997920989990234375e-01
9.990928173065185547e-01
9.988309144973754883e-01
9.994333982467651367e-01
9.997802376747131348e-01
1.000000000000000000e+00
1.000000000000000000e+00
9.998512268066406250e-01
9.996269941329956055e-01
9.996938109397888184e-01
9.997253417968750000e-01
9.997165203094482422e-01
9.995082020759582520e-01
9.994040131568908691e-01
9.995908141136169434e-01
9.997580647468566895e-01
9.998624324798583984e-01
9.996487498283386230e-01
9.967930316925048828e-01
9.919490218162536621e-01
9.451135396957397461e-01
9.270543456077575684e-01
9.510964155197143555e-01
9.787020683288574219e-01
9.650518298149108887e-01
8.244583010673522949e-01
5.194085836410522461e-01
1.661635786294937134e-01
1.693276315927505493e-01
3.351377248764038086e-01
6.593687534332275391e-01
8.664851188659667969e-01
9.963542222976684570e-01
9.971368312835693359e-01
9.971896409988403320e-01
9.967363476753234863e-01
9.950160384178161621e-01
9.663103222846984863e-01
9.108283519744873047e-01
3.423134684562683105e-01
2.795176021754741669e-02
4.537395387887954712e-02
5.602884888648986816e-01
8.301881551742553711e-01
1.985063254833221436e-01
0.000000000000000000e+00
1.293096829613205045e-06
1.390268062095856294e-05
3.231777846813201904e-01
9.436573982238769531e-01
9.904573559761047363e-01
9.934130311012268066e-01
9.866865277290344238e-01
9.702500700950622559e-01
9.556282758712768555e-01
9.621178507804870605e-01
9.733936786651611328e-01
9.877829551696777344e-01
9.946159720420837402e-01
9.970028400421142578e-01
9.934955835342407227e-01
9.946575760841369629e-01
9.965299367904663086e-01
9.979815483093261719e-01
9.983292818069458008e-01
9.968230128288269043e-01
9.818772673606872559e-01
9.759050607681274414e-01
9.787899255752563477e-01
9.893617630004882812e-01
9.950072169303894043e-01
9.892890453338623047e-01
9.505802989006042480e-01
9.141946434974670410e-01
9.499402642250061035e-01
9.772121310234069824e-01
9.981380105018615723e-01
9.993665814399719238e-01
9.996097683906555176e-01
9.988233447074890137e-01
9.900891184806823730e-01
9.801835417747497559e-01
9.725897908210754395e-01
6.975756287574768066e-01
2.818363308906555176e-01
1.001270115375518799e-01
6.500450894236564636e-03
1.624499633908271790e-02
3.063321113586425781e-01
6.243873238563537598e-01
9.102932214736938477e-01
9.982952475547790527e-01
9.995455145835876465e-01
9.966200590133666992e-01
9.793298244476318359e-01
9.488356709480285645e-01
9.358446002006530762e-01
8.374395966529846191e-01
5.722731351852416992e-01
2.674201726913452148e-01
1.067499048076570034e-03
1.985838869586586952e-03
9.579829871654510498e-02
2.588595449924468994e-01
2.839894592761993408e-01
2.242479622364044189e-01
3.697584196925163269e-02
2.137797754795262651e-31
3.240688783989753574e-06
1.840826189436484128e-05
3.507413566112518311e-01
8.903703093528747559e-01
6.711821556091308594e-01
4.838730394840240479e-01
3.368435502052307129e-01
5.013999938964843750e-01
7.180426120758056641e-01
9.236654043197631836e-01
9.944618940353393555e-01
9.973185062408447266e-01
9.981964826583862305e-01
9.988347291946411133e-01
9.992147684097290039e-01
9.845280647277832031e-01
9.738240838050842285e-01
9.768657088279724121e-01
9.820796847343444824e-01
9.864206314086914062e-01
9.765055179595947266e-01
9.773633480072021484e-01
9.882478117942810059e-01
9.949055910110473633e-01
9.993067979812622070e-01
9.998350143432617188e-01
9.999182820320129395e-01
9.996011257171630859e-01
9.978435039520263672e-01
9.917703866958618164e-01
9.821902513504028320e-01
9.754020571708679199e-01
9.740932583808898926e-01
9.822016358375549316e-01
9.179528951644897461e-01
7.630500197410583496e-01
2.780794203281402588e-01
2.776300609111785889e-01
6.326058506965637207e-01
8.554269075393676758e-01
9.926654100418090820e-01
9.986720681190490723e-01
9.999597072601318359e-01
9.999943375587463379e-01
9.999983906745910645e-01
9.991601109504699707e-01
9.976094365119934082e-01
9.661691188812255859e-01
9.551540613174438477e-01
9.738059043884277344e-01
9.875460863113403320e-01
9.976514577865600586e-01
9.986088275909423828e-01
9.986858963966369629e-01
9.982454180717468262e-01
9.990613460540771484e-01
9.996540546417236328e-01
9.999443888664245605e-01
9.999972581863403320e-01
9.999998807907104492e-01
9.999999403953552246e-01
9.999914765357971191e-01
9.999160766601562500e-01
9.981626868247985840e-01
9.862878918647766113e-01
9.614234566688537598e-01
9.199293255805969238e-01
8.926867842674255371e-01
9.207425713539123535e-01
9.529536962509155273e-01
9.861102104187011719e-01
9.899582266807556152e-01
9.933376908302307129e-01
9.961305856704711914e-01
9.979479908943176270e-01
9.992784857749938965e-01
9.996784329414367676e-01
9.998686909675598145e-01
9.999127388000488281e-01
9.992980360984802246e-01
9.855946898460388184e-01
9.556837677955627441e-01
7.194750905036926270e-01
4.642578363418579102e-01
2.662074565887451172e-01
3.989045321941375732e-01
7.038435935974121094e-01
7.987656593322753906e-01
8.298594355583190918e-01
7.806376218795776367e-01
8.125353455543518066e-01
8.567613363265991211e-01
8.924024105072021484e-01
9.067180752754211426e-01
9.103780388832092285e-01
9.484507441520690918e-01
9.537857174873352051e-01
9.166181683540344238e-01
9.454408288002014160e-01
9.810064435005187988e-01
9.944716691970825195e-01
9.996757507324218750e-01
9.999685883522033691e-01
9.997611045837402344e-01
9.993379116058349609e-01
9.986215233802795410e-01
9.983437061309814453e-01
9.984101653099060059e-01
9.993732571601867676e-01
9.998232722282409668e-01
9.999467134475708008e-01
9.999091029167175293e-01
9.997893571853637695e-01
9.995485544204711914e-01
9.995275139808654785e-01
9.996070265769958496e-01
9.998732805252075195e-01
9.999853968620300293e-01
9.999912977218627930e-01
9.999852180480957031e-01
9.999785423278808594e-01
9.999709725379943848e-01
9.999660253524780273e-01
9.999606013298034668e-01
9.999490976333618164e-01
9.998964667320251465e-01
9.998126626014709473e-01
9.997246265411376953e-01
9.995099306106567383e-01
9.990660548210144043e-01
9.992495179176330566e-01
9.996020197868347168e-01
9.997275471687316895e-01
9.998382925987243652e-01
9.999365806579589844e-01
9.999725818634033203e-01
9.999948740005493164e-01
9.999979138374328613e-01
9.999989867210388184e-01
9.999991059303283691e-01
9.999979138374328613e-01
9.995610713958740234e-01
9.986981153488159180e-01
9.950547814369201660e-01
9.929529428482055664e-01
9.954050183296203613e-01
9.975867271423339844e-01
9.994655847549438477e-01
9.991459250450134277e-01
9.981857538223266602e-01
9.964975118637084961e-01
9.965088367462158203e-01
9.962152242660522461e-01
9.941882491111755371e-01
9.667704701423645020e-01
9.156623482704162598e-01
5.805789828300476074e-01
4.323326945304870605e-01
5.393878221511840820e-01
7.424501776695251465e-01
9.299687147140502930e-01
9.714521765708923340e-01
9.910593032836914062e-01
9.956924915313720703e-01
9.952457547187805176e-01
9.857494235038757324e-01
9.612964391708374023e-01
9.295064806938171387e-01
9.068579077720642090e-01
9.471232891082763672e-01
9.767314791679382324e-01
9.973993301391601562e-01
9.991571903228759766e-01
9.993004798889160156e-01
9.990061521530151367e-01
9.993097782135009766e-01
9.988364577293395996e-01
9.886849522590637207e-01
9.795167446136474609e-01
9.713885784149169922e-01
9.766702651977539062e-01
9.807959794998168945e-01
9.761055111885070801e-01
9.245061278343200684e-01
8.483113050460815430e-01
7.970297932624816895e-01
7.221556901931762695e-01
6.150371432304382324e-01
3.754774928092956543e-01
1.474118083715438843e-01
9.581659734249114990e-02
1.102799102663993835e-01
1.719877123832702637e-01
2.481723427772521973e-01
2.507227361202239990e-01
1.196227520704269409e-01
8.088789135217666626e-02
1.063131168484687805e-01
3.479878902435302734e-01
5.896776318550109863e-01
8.308099508285522461e-01
9.219570159912109375e-01
9.795271754264831543e-01
9.943150877952575684e-01
9.986307621002197266e-01
9.975979924201965332e-01
9.931086301803588867e-01
9.913982748985290527e-01
9.932052493095397949e-01
8.768692016601562500e-01
7.204250693321228027e-01
5.065876245498657227e-01
5.187498331069946289e-01
6.835972666740417480e-01
6.840475797653198242e-01
5.782384872436523438e-01
2.931137084960937500e-01
1.421966701745986938e-01
4.768754541873931885e-02
2.737883292138576508e-02
2.224199622869491577e-01
6.206416487693786621e-01
8.472757935523986816e-01
9.968836903572082520e-01
9.989529848098754883e-01
9.955545663833618164e-01
9.863395690917968750e-01
9.148753285408020020e-01
8.091369867324829102e-01
6.576813459396362305e-01
7.929593324661254883e-01
9.609280228614807129e-01
9.881085157394409180e-01
9.997902512550354004e-01
9.999611377716064453e-01
9.999169707298278809e-01
9.998798966407775879e-01
9.998764395713806152e-01
9.998889565467834473e-01
9.999097585678100586e-01
9.999493956565856934e-01
9.999591708183288574e-01
9.999366998672485352e-01
9.995041489601135254e-01
9.990100264549255371e-01
9.985318183898925781e-01
9.985338449478149414e-01
9.988264441490173340e-01
9.985409975051879883e-01
9.984123110771179199e-01
9.985384941101074219e-01
9.990478157997131348e-01
9.996237158775329590e-01
9.998677372932434082e-01
9.999898672103881836e-01
9.999990463256835938e-01
1.000000000000000000e+00
9.999998807907104492e-01
9.999994635581970215e-01
9.999991655349731445e-01
9.999989271163940430e-01
9.999992251396179199e-01
9.999990463256835938e-01
9.999982118606567383e-01
9.999790787696838379e-01
9.999498724937438965e-01
9.998948574066162109e-01
9.998769760131835938e-01
9.998899698257446289e-01
9.999494552612304688e-01
9.999940991401672363e-01
9.999956488609313965e-01
9.999962449073791504e-01
9.999965429306030273e-01
9.999987483024597168e-01
1.000000000000000000e+00
1.000000000000000000e+00
9.999962449073791504e-01
9.999918341636657715e-01
9.999885559082031250e-01
9.999583959579467773e-01
9.999073147773742676e-01
9.974356889724731445e-01
9.827193021774291992e-01
9.414069652557373047e-01
9.370201826095581055e-01
9.500283598899841309e-01
9.744319319725036621e-01
9.908595085144042969e-01
9.971697926521301270e-01
9.988927245140075684e-01
9.993481040000915527e-01
9.987680315971374512e-01
9.988259673118591309e-01
9.993765950202941895e-01
9.935770034790039062e-01
9.817305803298950195e-01
9.575063586235046387e-01
9.673961997032165527e-01
9.916611313819885254e-01
9.969055056571960449e-01
9.998994469642639160e-01
9.999676942825317383e-01
9.999721646308898926e-01
9.999586343765258789e-01
9.999324679374694824e-01
9.999185800552368164e-01
9.999144077301025391e-01
9.998866319656372070e-01
9.998615384101867676e-01
9.998469352722167969e-01
9.999073147773742676e-01
9.999997019767761230e-01
9.999932646751403809e-01
9.999912381172180176e-01
9.999953508377075195e-01
9.999979138374328613e-01
9.999996423721313477e-01
9.999994039535522461e-01
9.999991655349731445e-01
9.999990463256835938e-01
9.999988675117492676e-01
9.999988079071044922e-01
9.999989867210388184e-01
9.999991655349731445e-01
9.999993443489074707e-01
9.999983310699462891e-01
9.999855756759643555e-01
9.999540448188781738e-01
9.999627470970153809e-01
9.999831318855285645e-01
9.999943375587463379e-01
9.995974302291870117e-01
9.987862110137939453e-01
9.975646138191223145e-01
9.966534376144409180e-01
9.969388246536254883e-01
9.975888729095458984e-01
9.984762668609619141e-01
9.987633824348449707e-01
9.986854195594787598e-01
9.979392886161804199e-01
9.786493182182312012e-01
9.156414866447448730e-01
4.274247288703918457e-01
1.275517791509628296e-01
5.941257253289222717e-02
1.593561023473739624e-01
3.538020849227905273e-01
8.003553152084350586e-01
9.923634529113769531e-01
9.785384535789489746e-01
9.836970567703247070e-01
9.903688430786132812e-01
9.967069029808044434e-01
9.990161657333374023e-01
9.991992115974426270e-01
9.994728565216064453e-01
9.994530081748962402e-01
9.989670515060424805e-01
9.945720434188842773e-01
9.898494482040405273e-01
9.920343160629272461e-01
9.948720932006835938e-01
9.984021782875061035e-01
9.994439482688903809e-01
9.999099373817443848e-01
9.998371601104736328e-01
9.994441866874694824e-01
9.988239407539367676e-01
9.852423667907714844e-01
9.298604726791381836e-01
7.851397991180419922e-01
7.156637310981750488e-01
6.884562373161315918e-01
8.062890172004699707e-01
9.058254361152648926e-01
9.789322018623352051e-01
9.975990056991577148e-01
9.998618960380554199e-01
9.993564486503601074e-01
9.987072944641113281e-01
9.979160428047180176e-01
9.982190728187561035e-01
9.987760782241821289e-01
9.996168017387390137e-01
9.999405741691589355e-01
9.999095201492309570e-01
9.846462607383728027e-01
9.616927504539489746e-01
9.239119291305541992e-01
9.292624592781066895e-01
9.542597532272338867e-01
9.686006307601928711e-01
9.826003313064575195e-01
9.960618615150451660e-01
9.914370775222778320e-01
9.786182641983032227e-01
9.475061297416687012e-01
9.331465363502502441e-01
9.359447360038757324e-01
9.676781892776489258e-01
9.943673014640808105e-01
9.850696325302124023e-01
9.192340373992919922e-01
8.121255040168762207e-01
6.834704875946044922e-01
6.637413501739501953e-01
9.027608036994934082e-01
9.904177188873291016e-01
9.996961951255798340e-01
9.996753334999084473e-01
9.992023706436157227e-01
9.979971647262573242e-01
9.974020123481750488e-01
9.972087144851684570e-01
9.986785054206848145e-01
9.995764493942260742e-01
9.998055100440979004e-01
9.999001622200012207e-01
9.999555945396423340e-01
9.999670386314392090e-01
9.995256066322326660e-01
9.986971020698547363e-01
9.722250103950500488e-01
9.545084834098815918e-01
9.701724648475646973e-01
9.783288836479187012e-01
9.818307161331176758e-01
9.514113068580627441e-01
9.131764769554138184e-01
8.609541058540344238e-01
8.605446219444274902e-01
8.855202794075012207e-01
9.550217986106872559e-01
9.971952438354492188e-01
9.994614720344543457e-01
9.850005507469177246e-01
9.676181077957153320e-01
9.671979546546936035e-01
9.708367586135864258e-01
9.789265394210815430e-01
9.708869457244873047e-01
9.605172276496887207e-01
9.539255499839782715e-01
9.594820737838745117e-01
9.750732183456420898e-01
9.870829582214355469e-01
9.958954453468322754e-01
9.966040849685668945e-01
9.453012347221374512e-01
8.612582087516784668e-01
8.945718407630920410e-01
9.354748725891113281e-01
9.843684434890747070e-01
1.000000000000000000e+00
9.996443390846252441e-01
9.894546866416931152e-01
8.953897356986999512e-01
6.698045134544372559e-01
7.766568064689636230e-01
9.762090444564819336e-01
9.912315607070922852e-01
9.996038675308227539e-01
9.999210834503173828e-01
9.999881982803344727e-01
9.999939203262329102e-01
9.999914765357971191e-01
9.999566674232482910e-01
9.998909235000610352e-01
9.992901086807250977e-01
9.988303184509277344e-01
9.991638660430908203e-01
9.993825554847717285e-01
9.995156526565551758e-01
9.997923374176025391e-01
1.000000000000000000e+00
1.000000000000000000e+00
1.000000000000000000e+00
1.000000000000000000e+00
9.995329380035400391e-01
9.990435838699340820e-01
9.985259175300598145e-01
9.984797239303588867e-01
9.986429810523986816e-01
9.986299276351928711e-01
9.983752369880676270e-01
9.977416396141052246e-01
9.930269122123718262e-01
9.847515225410461426e-01
9.558329582214355469e-01
9.357082843780517578e-01
9.265719652175903320e-01
9.489626288414001465e-01
9.769680500030517578e-01
9.895606637001037598e-01
9.971486926078796387e-01
9.996145367622375488e-01
1.000000000000000000e+00
9.989941716194152832e-01
9.938195347785949707e-01
9.874764084815979004e-01
9.801532626152038574e-01
9.881670475006103516e-01
9.962316751480102539e-01
9.987313151359558105e-01
9.998312592506408691e-01
9.999724626541137695e-01
9.998820424079895020e-01
9.986184239387512207e-01
9.945216774940490723e-01
9.659059643745422363e-01
9.233520030975341797e-01
8.894383907318115234e-01
8.775647878646850586e-01
9.096129536628723145e-01
9.490127563476562500e-01
9.908172488212585449e-01
9.964694380760192871e-01
9.899511337280273438e-01
9.632667303085327148e-01
9.140208363533020020e-01
8.591504693031311035e-01
8.432987332344055176e-01
8.507958054542541504e-01
8.908911347389221191e-01
9.362828135490417480e-01
9.795309305191040039e-01
9.917163848876953125e-01
9.987971782684326172e-01
9.997403621673583984e-01
9.999610185623168945e-01
9.999794363975524902e-01
9.998658299446105957e-01
9.997741580009460449e-01
9.997053742408752441e-01
9.998492002487182617e-01
1.000000000000000000e+00
1.000000000000000000e+00
9.987312555313110352e-01
9.963358044624328613e-01
9.812501072883605957e-01
9.553304910659790039e-01
8.970014452934265137e-01
8.450953960418701172e-01
7.983161211013793945e-01
8.813619017601013184e-01
9.605011343955993652e-01
9.875211119651794434e-01
9.990228414535522461e-01
9.999027252197265625e-01
9.999802112579345703e-01
9.999983906745910645e-01
9.999989271163940430e-01
9.999984502792358398e-01
9.999973177909851074e-01
9.999960064888000488e-01
9.999960064888000488e-01
9.999989867210388184e-01
1.000000000000000000e+00
1.000000000000000000e+00
1.000000000000000000e+00
9.999956488609313965e-01
9.999827146530151367e-01
9.999670386314392090e-01
9.999508857727050781e-01
9.999687671661376953e-01
9.999840855598449707e-01
9.999949932098388672e-01
9.999695420265197754e-01
9.998695850372314453e-01
9.985771179199218750e-01
9.973595738410949707e-01
9.962604045867919922e-01
9.974274635314941406e-01
9.993250370025634766e-01
9.996594786643981934e-01
9.998705387115478516e-01
9.999030828475952148e-01
9.999513626098632812e-01
1.000000000000000000e+00
1.000000000000000000e+00
1.000000000000000000e+00
1.000000000000000000e+00
9.999065399169921875e-01
9.997455477714538574e-01
9.992635846138000488e-01
9.977874755859375000e-01
9.950877428054809570e-01
9.952503442764282227e-01
9.963082075119018555e-01
9.981927275657653809e-01
9.992916584014892578e-01
9.994812011718750000e-01
9.982081651687622070e-01
9.969091415405273438e-01
9.976511597633361816e-01
9.984699487686157227e-01
9.993724226951599121e-01
9.997490048408508301e-01
9.999698996543884277e-01
9.999898672103881836e-01
9.999817013740539551e-01
9.999445676803588867e-01
9.998599290847778320e-01
9.997783303260803223e-01
9.997614622116088867e-01
9.996871948242187500e-01
9.995557069778442383e-01
9.994664192199707031e-01
9.994302392005920410e-01
9.996060729026794434e-01
9.997252225875854492e-01
9.997900724411010742e-01
9.998157620429992676e-01
9.998359680175781250e-01
9.998636841773986816e-01
9.997815489768981934e-01
9.995974302291870117e-01
9.994045495986938477e-01
9.993320703506469727e-01
9.997841119766235352e-01
9.996207356452941895e-01
9.988946318626403809e-01
9.990015625953674316e-01
9.992829561233520508e-01
9.997131824493408203e-01
9.999384880065917969e-01
9.999792575836181641e-01
9.999914765357971191e-01
9.999977946281433105e-01
9.999989271163940430e-01
9.999995231628417969e-01
9.999995827674865723e-01
9.999997019767761230e-01
9.999998211860656738e-01
9.999999403953552246e-01
1.000000000000000000e+00
1.000000000000000000e+00
1.000000000000000000e+00
9.999986886978149414e-01
9.999920725822448730e-01
9.999160170555114746e-01
9.997775554656982422e-01
9.992063641548156738e-01
9.988355636596679688e-01
9.995939731597900391e-01
9.999638795852661133e-01
9.999831318855285645e-01
9.999596476554870605e-01
9.997900128364562988e-01
9.990215897560119629e-01
9.942230582237243652e-01
9.856869578361511230e-01
9.436763525009155273e-01
8.816010355949401855e-01
7.551972866058349609e-01
6.603798866271972656e-01
5.957881808280944824e-01
6.823821663856506348e-01
7.716513276100158691e-01
7.380750179290771484e-01
7.233004570007324219e-01
7.270904779434204102e-01
7.716969251632690430e-01
8.153831958770751953e-01
8.128858208656311035e-01
7.962707877159118652e-01
7.650548815727233887e-01
8.706524968147277832e-01
9.867626428604125977e-01
9.932733178138732910e-01
9.964213967323303223e-01
9.959009289741516113e-01
9.925227761268615723e-01
9.882573485374450684e-01
9.826708436012268066e-01
9.805725216865539551e-01
9.824892282485961914e-01
9.787155389785766602e-01
9.631633758544921875e-01
8.733708858489990234e-01
6.328261494636535645e-01
2.067914605140686035e-01
1.832266598939895630e-01
2.877016365528106689e-01
4.903547167778015137e-01
6.711521148681640625e-01
8.228541612625122070e-01
9.201493859291076660e-01
9.933596849441528320e-01
9.966068863868713379e-01
9.876270294189453125e-01
9.610204100608825684e-01
9.065920710563659668e-01
8.474520444869995117e-01
8.644414544105529785e-01
8.973860740661621094e-01
9.554846286773681641e-01
9.628936648368835449e-01
9.454062581062316895e-01
8.161332011222839355e-01
7.437230944633483887e-01
7.709819674491882324e-01
8.037507534027099609e-01
8.395668268203735352e-01
9.190612435340881348e-01
9.766295552253723145e-01
9.913336634635925293e-01
9.972328543663024902e-01
9.986551403999328613e-01
9.978996515274047852e-01
8.463225960731506348e-01
3.627212643623352051e-01
1.155960708856582642e-01
4.536547232419252396e-03
0.000000000000000000e+00
5.036608405201912797e-27
2.289975693599924315e-26
1.017285883426666260e-01
2.696032524108886719e-01
6.250105500221252441e-01
9.062579274177551270e-01
9.241187572479248047e-01
9.015240073204040527e-01
8.490639328956604004e-01
7.758412361145019531e-01
7.234262228012084961e-01
7.527367472648620605e-01
8.215835690498352051e-01
9.236645102500915527e-01
9.002709984779357910e-01
8.409308195114135742e-01
7.102524042129516602e-01
7.390876412391662598e-01
9.236818552017211914e-01
9.338311553001403809e-01
8.321419358253479004e-01
2.965826094150543213e-01
8.742871694266796112e-03
1.511847600340843201e-03
2.549528810291690206e-09
3.719387948513031006e-02
3.700777292251586914e-01
6.697527170181274414e-01
9.248664379119873047e-01
9.915552139282226562e-01
9.955486059188842773e-01
9.963417053222656250e-01
9.945487380027770996e-01
9.887068271636962891e-01
9.837149381637573242e-01
9.775005578994750977e-01
9.157986044883728027e-01
6.952329277992248535e-01
1.766966730356216431e-01
2.241587499156594276e-03
3.265171471866779029e-05
8.163617698508929266e-11
2.984921075403690338e-02
1.278160214424133301e-01
3.113996684551239014e-01
5.470883846282958984e-01
5.152548551559448242e-01
4.055781066417694092e-01
1.214989051222801208e-01
2.829617878887802362e-04
2.785855213005561382e-05
3.880475834012031555e-02
1.874333024024963379e-01
7.334676384925842285e-01
9.940046668052673340e-01
9.972383975982666016e-01
9.935539364814758301e-01
9.885587096214294434e-01
9.834880232810974121e-01
9.830186367034912109e-01
9.876090288162231445e-01
8.572822213172912598e-01
7.234250903129577637e-01
8.590404987335205078e-01
9.387708902359008789e-01
9.419338107109069824e-01
9.255289435386657715e-01
9.051792621612548828e-01
9.400795698165893555e-01
9.666682481765747070e-01
9.789565205574035645e-01
9.545329809188842773e-01
9.129713773727416992e-01
6.540510654449462891e-01
4.770964384078979492e-01
4.811722934246063232e-01
6.090977787971496582e-01
8.113560080528259277e-01
7.465444207191467285e-01
7.230591773986816406e-01
8.716177344322204590e-01
9.574588537216186523e-01
9.953261613845825195e-01
4.780256450176239014e-01
3.647178527899086475e-04
1.204299478558823466e-04
9.982784681844105945e-32
1.798936440753706992e-32
3.079678947415231960e-07
3.775304928421974182e-02
3.183845281600952148e-01
4.755519032478332520e-01
4.791403412818908691e-01
5.047304034233093262e-01
5.481357574462890625e-01
7.373700737953186035e-01
8.805302977561950684e-01
9.485549330711364746e-01
9.678835868835449219e-01
9.655985832214355469e-01
9.683170914649963379e-01
9.701696634292602539e-01
9.701310992240905762e-01
7.868620157241821289e-01
4.942603409290313721e-01
3.797117173671722412e-01
3.718671798706054688e-01
6.527426838874816895e-01
8.469314575195312500e-01
9.726615548133850098e-01
9.873435497283935547e-01
9.856959581375122070e-01
9.874021410942077637e-01
9.895831942558288574e-01
9.922677874565124512e-01
9.701254367828369141e-01
9.070666432380676270e-01
5.484856963157653809e-01
3.378325700759887695e-01
3.349486291408538818e-01
3.583996593952178955e-01
3.830542862415313721e-01
1.522645950317382812e-01
2.629525959491729736e-03
8.733368478715419769e-03
2.249366194009780884e-01
5.547872781753540039e-01
8.116533756256103516e-01
9.981082677841186523e-01
9.989947676658630371e-01
9.993607997894287109e-01
9.993368983268737793e-01
9.987348914146423340e-01
9.910973906517028809e-01
9.532609581947326660e-01
7.266462445259094238e-01
3.069751858711242676e-01
1.418128311634063721e-01
6.072267889976501465e-02
1.507876664400100708e-01
3.854349851608276367e-01
8.245852589607238770e-01
9.651655554771423340e-01
9.887734055519104004e-01
9.928812980651855469e-01
9.964754581451416016e-01
9.990325570106506348e-01
9.999753832817077637e-01
9.999967217445373535e-01
9.999334216117858887e-01
9.915897846221923828e-01
9.582126736640930176e-01
8.858793377876281738e-01
7.823801040649414062e-01
7.896144986152648926e-01
8.283635973930358887e-01
9.362846612930297852e-01
9.953873753547668457e-01
9.986211657524108887e-01
9.995024204254150391e-01
9.996671676635742188e-01
9.996212124824523926e-01
9.986128807067871094e-01
9.960235953330993652e-01
8.944180011749267578e-01
7.465420961380004883e-01
4.093849360942840576e-01
1.774016916751861572e-01
2.127039283514022827e-01
4.919298589229583740e-01
9.390681385993957520e-01
9.930813908576965332e-01
9.991998672485351562e-01
9.995768666267395020e-01
9.998298883438110352e-01
9.999580979347229004e-01
9.999894499778747559e-01
9.999957680702209473e-01
9.999954104423522949e-01
9.996219277381896973e-01
9.986966252326965332e-01
9.984667301177978516e-01
9.985337257385253906e-01
9.993375539779663086e-01
9.998821616172790527e-01
9.998459219932556152e-01
9.980985522270202637e-01
9.952514767646789551e-01
9.941210746765136719e-01
9.938572645187377930e-01
9.962258338928222656e-01
9.980275630950927734e-01
9.992835521697998047e-01
9.995598196983337402e-01
9.993501305580139160e-01
9.970449209213256836e-01
9.640502929687500000e-01
8.864395618438720703e-01
7.873502373695373535e-01
6.811078190803527832e-01
7.889887690544128418e-01
8.761143684387207031e-01
9.165051579475402832e-01
9.270383715629577637e-01
9.182298183441162109e-01
9.542857408523559570e-01
9.883491992950439453e-01
9.956399202346801758e-01
9.990036487579345703e-01
9.984526634216308594e-01
9.960728883743286133e-01
9.935759305953979492e-01
9.943718314170837402e-01
9.956110715866088867e-01
9.975338578224182129e-01
9.979533553123474121e-01
9.977020025253295898e-01
9.773061275482177734e-01
9.597761631011962891e-01
9.498572945594787598e-01
9.555825591087341309e-01
9.725155830383300781e-01
9.578232169151306152e-01
8.454533219337463379e-01
2.927353978157043457e-01
0.000000000000000000e+00
0.000000000000000000e+00
0.000000000000000000e+00
1.383574708597734571e-04
2.347816713154315948e-03
2.026059329509735107e-01
7.578158378601074219e-01
9.691076874732971191e-01
9.981123805046081543e-01
9.992560744285583496e-01
9.819987416267395020e-01
9.122131466865539551e-01
7.058666348457336426e-01
3.825667500495910645e-01
2.795333266258239746e-01
2.578302025794982910e-01
4.937096238136291504e-01
7.178534269332885742e-01
9.250458478927612305e-01
9.647752642631530762e-01
9.360537528991699219e-01
7.595205307006835938e-01
5.891127586364746094e-01
4.337214827537536621e-01
3.419252038002014160e-01
2.937553822994232178e-01
2.433649897575378418e-01
2.064936310052871704e-01
2.335499674081802368e-01
2.041246294975280762e-01
1.109887138009071350e-01
7.987495511770248413e-02
7.393843680620193481e-02
1.685470789670944214e-01
2.965841293334960938e-01
4.878811538219451904e-01
7.051512598991394043e-01
9.374889731407165527e-01
9.747329950332641602e-01
9.900681972503662109e-01
9.799347519874572754e-01
9.662657380104064941e-01
9.492204785346984863e-01
9.712368845939636230e-01
9.998310208320617676e-01
9.998800754547119141e-01
9.994797110557556152e-01
9.983540177345275879e-01
9.966891407966613770e-01
9.947626590728759766e-01
9.953063726425170898e-01
9.962458610534667969e-01
9.980790019035339355e-01
8.236042857170104980e-01
5.011010766029357910e-01
2.309455871582031250e-01
2.902960171923041344e-03
1.073555788025259972e-03
1.281985078094294295e-07
1.079749054611056636e-07
2.322289049625396729e-01
5.638800263404846191e-01
8.102023601531982422e-01
9.777286648750305176e-01
9.429334998130798340e-01
8.705947399139404297e-01
7.692950963973999023e-01
7.364093661308288574e-01
7.375325560569763184e-01
8.732339739799499512e-01
9.628013372421264648e-01
9.909226298332214355e-01
9.993287324905395508e-01
9.999309778213500977e-01
9.999414682388305664e-01
9.999095797538757324e-01
9.997743368148803711e-01
9.937214851379394531e-01
9.833430647850036621e-01
9.653379321098327637e-01
9.495248794555664062e-01
9.531632065773010254e-01
9.609436392784118652e-01
9.740813970565795898e-01
9.566249251365661621e-01
9.274851083755493164e-01
9.204933047294616699e-01
9.281477332115173340e-01
9.710980653762817383e-01
9.876794219017028809e-01
9.850863218307495117e-01
9.905200600624084473e-01
9.962350130081176758e-01
9.961737990379333496e-01
9.963167905807495117e-01
9.967296123504638672e-01
9.968222975730895996e-01
9.967868328094482422e-01
9.932354092597961426e-01
9.898968935012817383e-01
9.871143698692321777e-01
9.881595373153686523e-01
9.921567440032958984e-01
9.960933923721313477e-01
9.995377063751220703e-01
9.998275041580200195e-01
9.999976158142089844e-01
9.999994635581970215e-01
1.000000000000000000e+00
1.000000000000000000e+00
9.999999403953552246e-01
9.999968409538269043e-01
9.999849796295166016e-01
9.999114274978637695e-01
9.997863173484802246e-01
9.996655583381652832e-01
9.995728135108947754e-01
9.997051358222961426e-01
9.968485236167907715e-01
9.893227815628051758e-01
7.907173037528991699e-01
4.987842738628387451e-01
3.380025923252105713e-01
2.073324322700500488e-01
1.531931906938552856e-01
1.033616587519645691e-01
5.759184062480926514e-02
2.484422028064727783e-01
4.930083751678466797e-01
6.500954031944274902e-01
7.727636694908142090e-01
8.329203128814697266e-01
8.847970962524414062e-01
9.318202733993530273e-01
9.350656270980834961e-01
9.140669703483581543e-01
8.098630905151367188e-01
6.461645960807800293e-01
4.173499345779418945e-01
3.189651966094970703e-01
2.669754922389984131e-01
3.373569846153259277e-01
4.792514741420745850e-01
7.782685756683349609e-01
9.183966517448425293e-01
9.481724500656127930e-01
6.771239638328552246e-01
3.721303939819335938e-01
1.386671513319015503e-01
3.260134486481547356e-03
7.629627943970263004e-04
5.027913721278309822e-04
1.191805931739509106e-03
6.618357449769973755e-02
2.212715297937393188e-01
6.306583285331726074e-01
8.423072695732116699e-01
8.821048140525817871e-01
8.700894713401794434e-01
8.550933599472045898e-01
9.348777532577514648e-01
9.886637330055236816e-01
9.967310428619384766e-01
9.997683167457580566e-01
9.999709129333496094e-01
9.999943375587463379e-01
9.999998211860656738e-01
9.999998807907104492e-01
9.999967217445373535e-01
9.999900460243225098e-01
9.999628663063049316e-01
9.999290704727172852e-01
9.999204874038696289e-01
9.999034404754638672e-01
9.998657703399658203e-01
9.953082799911499023e-01
9.872757792472839355e-01
9.657896161079406738e-01
9.465340375900268555e-01
9.645126461982727051e-01
9.808933138847351074e-01
9.947463870048522949e-01
9.994992017745971680e-01
9.995831251144409180e-01
9.461715817451477051e-01
7.917858958244323730e-01
2.698753476142883301e-01
3.260705625507398508e-06
6.397893912435392849e-07
1.370028005973078500e-12
7.789775729179382324e-03
2.930205166339874268e-01
5.810135006904602051e-01
8.742921352386474609e-01
9.866713881492614746e-01
9.633440375328063965e-01
9.724639654159545898e-01
9.866963028907775879e-01
9.935637712478637695e-01
9.979295730590820312e-01
9.983304142951965332e-01
9.980050921440124512e-01
9.973019361495971680e-01
9.980312585830688477e-01
9.986918568611145020e-01
9.986597299575805664e-01
9.930562376976013184e-01
9.811863899230957031e-01
8.552452325820922852e-01
6.931479573249816895e-01
8.281163573265075684e-01
8.685926198959350586e-01
6.673535704612731934e-01
6.176595091819763184e-01
6.907174587249755859e-01
8.234946727752685547e-01
9.582007527351379395e-01
9.831443428993225098e-01
9.992374777793884277e-01
9.997939467430114746e-01
9.999992251396179199e-01
9.999998807907104492e-01
9.999996423721313477e-01
9.999969601631164551e-01
9.999822378158569336e-01
9.999684095382690430e-01
9.999555945396423340e-01
9.999569654464721680e-01
9.999642372131347656e-01
9.999793767929077148e-01
9.999904632568359375e-01
9.999881982803344727e-01
9.999813437461853027e-01
9.999700784683227539e-01
9.999696016311645508e-01
9.999724626541137695e-01
9.999798536300659180e-01
9.999867677688598633e-01
9.999927282333374023e-01
9.999959468841552734e-01
9.999970793724060059e-01
9.999929666519165039e-01
9.999833106994628906e-01
9.999363422393798828e-01
9.998806118965148926e-01
9.998103976249694824e-01
9.998108148574829102e-01
9.998512268066406250e-01
9.999307394027709961e-01
9.999985098838806152e-01
9.999897480010986328e-01
9.999347925186157227e-01
9.998200535774230957e-01
9.921770691871643066e-01
9.813560843467712402e-01
8.622341156005859375e-01
7.258169054985046387e-01
5.438178777694702148e-01
5.875669121742248535e-01
8.615750074386596680e-01
9.588295817375183105e-01
9.988563060760498047e-01
9.991461038589477539e-01
9.992537498474121094e-01
9.989084601402282715e-01
9.990320801734924316e-01
9.995395541191101074e-01
9.997902512550354004e-01
9.999672770500183105e-01
9.999737739562988281e-01
9.999281764030456543e-01
9.997816085815429688e-01
9.990428686141967773e-01
9.979147315025329590e-01
9.965879321098327637e-01
9.955683946609497070e-01
9.968969225883483887e-01
9.981519579887390137e-01
9.992872476577758789e-01
9.995716810226440430e-01
9.993982315063476562e-01
9.976887702941894531e-01
9.954896569252014160e-01
9.916889667510986328e-01
9.901053309440612793e-01
9.913930296897888184e-01
9.949980378150939941e-01
9.996165037155151367e-01
9.998305439949035645e-01
9.997792840003967285e-01
9.994732737541198730e-01
9.991787075996398926e-01
9.988963007926940918e-01
9.981386065483093262e-01
9.972113966941833496e-01
9.921308159828186035e-01
9.871664643287658691e-01
9.825726151466369629e-01
9.464620947837829590e-01
8.809005022048950195e-01
6.621758937835693359e-01
4.172127544879913330e-01
6.512048840522766113e-01
8.451895713806152344e-01
9.444018006324768066e-01
9.922277331352233887e-01
9.984897971153259277e-01
9.998123049736022949e-01
9.997276067733764648e-01
9.962613582611083984e-01
9.412401318550109863e-01
7.798907756805419922e-01
6.335382461547851562e-01
4.981501102447509766e-01
4.942672550678253174e-01
4.955245852470397949e-01
3.226654231548309326e-01
1.748087853193283081e-01
7.219116389751434326e-02
2.171837352216243744e-02
3.751059994101524353e-03
6.549209356307983398e-02
1.759634912014007568e-01
5.377200841903686523e-01
8.027802705764770508e-01
9.122409820556640625e-01
7.546006441116333008e-01
4.454325735569000244e-01
2.294159084558486938e-01
6.395898759365081787e-02
1.225198879837989807e-01
3.287275433540344238e-01
7.515770196914672852e-01
9.255593419075012207e-01
9.729915261268615723e-01
9.877930283546447754e-01
9.978570938110351562e-01
9.991647601127624512e-01
9.996922612190246582e-01
9.991714954376220703e-01
9.927501082420349121e-01
9.835464358329772949e-01
9.691288471221923828e-01
9.617280364036560059e-01
9.862747788429260254e-01
1.000000000000000000e+00
1.000000000000000000e+00
9.987604022026062012e-01
9.969779849052429199e-01
9.916560053825378418e-01
9.861785769462585449e-01
9.808419942855834961e-01
9.761202931404113770e-01
9.721460938453674316e-01
9.795587658882141113e-01
9.916795492172241211e-01
9.950094819068908691e-01
9.973953366279602051e-01
9.976506233215332031e-01
9.863393902778625488e-01
9.616013169288635254e-01
8.575884699821472168e-01
7.216781377792358398e-01
6.288599967956542969e-01
6.126353740692138672e-01
8.657239079475402832e-01
1.000000000000000000e+00
1.000000000000000000e+00
1.000000000000000000e+00
1.000000000000000000e+00
9.684084057807922363e-01
9.103434681892395020e-01
7.619097232818603516e-01
5.706923007965087891e-01
3.312498033046722412e-01
2.056995779275894165e-01
1.243650540709495544e-01
5.900903344154357910e-01
9.705427885055541992e-01
9.897421002388000488e-01
9.999466538429260254e-01
9.999725818634033203e-01
9.999030828475952148e-01
9.997963309288024902e-01
9.996169209480285645e-01
9.995224475860595703e-01
9.997428059577941895e-01
9.998955130577087402e-01
9.999700784683227539e-01
9.999949932098388672e-01
9.999998211860656738e-01
1.000000000000000000e+00
9.999997615814208984e-01
9.999986290931701660e-01
9.999716877937316895e-01
9.999136924743652344e-01
9.986381530761718750e-01
9.968433380126953125e-01
9.791582226753234863e-01
9.577629566192626953e-01
9.246597290039062500e-01
9.257177114486694336e-01
9.695435762405395508e-01
9.890360832214355469e-01
9.976608157157897949e-01
9.987975955009460449e-01
9.993395209312438965e-01
9.995113611221313477e-01
9.996751546859741211e-01
9.998285174369812012e-01
9.999252557754516602e-01
9.999942779541015625e-01
9.999778866767883301e-01
9.999584555625915527e-01
9.999626874923706055e-01
9.999654889106750488e-01
9.999661445617675781e-01
9.999443292617797852e-01
9.999106526374816895e-01
9.994706511497497559e-01
9.977462887763977051e-01
9.885665774345397949e-01
9.443200230598449707e-01
8.445464372634887695e-01
5.454980134963989258e-01
1.295106112957000732e-01
5.661666020750999451e-02
6.584399193525314331e-02
3.177704215049743652e-01
5.832089781761169434e-01
8.725528120994567871e-01
9.899274110794067383e-01
9.947270750999450684e-01
9.341385960578918457e-01
8.679133653640747070e-01
8.609957098960876465e-01
8.791549205780029297e-01
9.476069808006286621e-01
9.836882948875427246e-01
9.959439039230346680e-01
9.989146590232849121e-01
9.997373223304748535e-01
9.995569586753845215e-01
9.966511130332946777e-01
9.873818159103393555e-01
9.580250382423400879e-01
9.116237759590148926e-01
8.816683888435363770e-01
8.521617054939270020e-01
6.556164622306823730e-01
4.488825798034667969e-01
2.139571458101272583e-01
2.395121604204177856e-01
5.193860530853271484e-01
7.604780197143554688e-01
9.883273839950561523e-01
9.961056709289550781e-01
9.993882775306701660e-01
9.991879463195800781e-01
9.986180663108825684e-01
9.976202845573425293e-01
9.972628355026245117e-01
9.971767663955688477e-01
9.984886050224304199e-01
9.996538758277893066e-01
9.997723698616027832e-01
9.997972249984741211e-01
9.996927380561828613e-01
9.991101622581481934e-01
9.982814192771911621e-01
9.857088923454284668e-01
9.632482528686523438e-01
8.854045271873474121e-01
8.382734060287475586e-01
8.428728580474853516e-01
8.673012852668762207e-01
9.044817090034484863e-01
9.428170323371887207e-01
9.790601730346679688e-01
9.906049370765686035e-01
9.984537363052368164e-01
9.984562993049621582e-01
9.987925887107849121e-01
9.993929862976074219e-01
9.996500611305236816e-01
9.997979402542114258e-01
9.992907047271728516e-01
9.924185872077941895e-01
9.680341482162475586e-01
9.204760193824768066e-01
8.498682975769042969e-01
8.213437199592590332e-01
8.078863024711608887e-01
8.822737336158752441e-01
9.465439915657043457e-01
9.624176025390625000e-01
9.772096872329711914e-01
9.906515479087829590e-01
9.967477321624755859e-01
9.993599653244018555e-01
9.996636509895324707e-01
9.991557598114013672e-01
9.952169060707092285e-01
8.418295383453369141e-01
4.456685781478881836e-01
2.570535242557525635e-01
1.989984661340713501e-01
4.531310796737670898e-01
7.500354647636413574e-01
8.951666355133056641e-01
9.956805706024169922e-01
9.984933137893676758e-01
9.997621178627014160e-01
9.997487664222717285e-01
9.997805953025817871e-01
9.998173117637634277e-01
9.992621541023254395e-01
9.987266659736633301e-01
9.982537031173706055e-01
9.861395359039306641e-01
9.613383412361145020e-01
6.567773818969726562e-01
2.370612770318984985e-01
9.942619502544403076e-02
7.352281954808859155e-06
2.748580300249159336e-06
2.825989442456489087e-09
9.431566638795629842e-09
7.914469391107559204e-02
2.037744820117950439e-01
5.428184270858764648e-01
8.856994509696960449e-01
9.541236758232116699e-01
9.919828176498413086e-01
9.675933122634887695e-01
9.332390427589416504e-01
8.910203576087951660e-01
5.897188186645507812e-01
2.238476723432540894e-01
1.244859322905540466e-01
7.710961997509002686e-02
1.889540553092956543e-01
3.311070203781127930e-01
5.063341259956359863e-01
5.403454899787902832e-01
5.151814222335815430e-01
6.656205654144287109e-01
8.201485276222229004e-01
9.301692843437194824e-01
9.976922869682312012e-01
9.992826581001281738e-01
9.999214410781860352e-01
9.999784827232360840e-01
9.999926090240478516e-01
9.999985098838806152e-01
9.999971389770507812e-01
9.999959468841552734e-01
9.999951720237731934e-01
9.999935626983642578e-01
9.999912977218627930e-01
9.999904036521911621e-01
9.999899864196777344e-01
9.999902844429016113e-01
9.999907612800598145e-01
9.999919533729553223e-01
9.999929070472717285e-01
9.999935626983642578e-01
9.999909996986389160e-01
9.999867677688598633e-01
9.999852776527404785e-01
9.999827146530151367e-01
9.999693632125854492e-01
9.999477267265319824e-01
9.999098777770996094e-01
9.998587965965270996e-01
9.997974038124084473e-01
9.996960163116455078e-01
9.995812177658081055e-01
9.992727041244506836e-01
9.990624785423278809e-01
9.991688728332519531e-01
9.974412322044372559e-01
9.935671687126159668e-01
9.233969449996948242e-01
8.230286240577697754e-01
8.254606127738952637e-01
8.479802608489990234e-01
9.359246492385864258e-01
9.938308000564575195e-01
9.980008006095886230e-01
9.984390139579772949e-01
9.961762428283691406e-01
9.667282700538635254e-01
9.317542314529418945e-01
9.381341934204101562e-01
9.490926861763000488e-01
9.738968610763549805e-01
9.903230667114257812e-01
9.973172545433044434e-01
9.995855689048767090e-01
9.997751116752624512e-01
8.892563581466674805e-01
7.496980428695678711e-01
4.940139651298522949e-01
4.146858453750610352e-01
6.489649415016174316e-01
8.256954550743103027e-01
9.609742760658264160e-01
9.924619793891906738e-01
9.982462525367736816e-01
9.991770982742309570e-01
9.998945593833923340e-01
9.999463558197021484e-01
9.999735355377197266e-01
9.999722838401794434e-01
9.999785423278808594e-01
9.999881982803344727e-01
9.999842643737792969e-01
9.997676014900207520e-01
9.980950355529785156e-01
9.872095584869384766e-01
9.588168263435363770e-01
9.329612255096435547e-01
9.091275334358215332e-01
9.249821901321411133e-01
9.518868923187255859e-01
9.756289124488830566e-01
9.947441220283508301e-01
9.972857236862182617e-01
9.988368749618530273e-01
9.991155862808227539e-01
9.967514872550964355e-01
9.929956793785095215e-01
8.473948240280151367e-01
6.632551550865173340e-01
3.011194467544555664e-01
1.667194813489913940e-01
5.395136475563049316e-01
7.844437360763549805e-01
9.151126146316528320e-01
9.537070989608764648e-01
9.604733586311340332e-01
9.769597649574279785e-01
9.916407465934753418e-01
9.960382580757141113e-01
9.982938170433044434e-01
9.972285032272338867e-01
9.796119928359985352e-01
9.513812661170959473e-01
9.678695201873779297e-01
9.929307103157043457e-01
9.968863129615783691e-01
9.994589686393737793e-01
9.980351328849792480e-01
9.785439968109130859e-01
9.388364553451538086e-01
9.170973896980285645e-01
9.035707712173461914e-01
9.505414962768554688e-01
9.981001615524291992e-01
9.990832805633544922e-01
9.995210766792297363e-01
9.988454580307006836e-01
9.944393634796142578e-01
9.869072437286376953e-01
9.646169543266296387e-01
9.376173615455627441e-01
9.365044832229614258e-01
9.408653974533081055e-01
9.657557010650634766e-01
9.850032329559326172e-01
9.957823753356933594e-01
9.999764561653137207e-01
9.999927878379821777e-01
9.996250271797180176e-01
9.990891218185424805e-01
9.962934255599975586e-01
9.940221309661865234e-01
9.933363199234008789e-01
9.934138059616088867e-01
9.943795800209045410e-01
9.936240315437316895e-01
9.920341968536376953e-01
9.486826658248901367e-01
8.913966417312622070e-01
7.557847499847412109e-01
6.570856571197509766e-01
6.402367353439331055e-01
6.825751066207885742e-01
7.791380286216735840e-01
8.536540269851684570e-01
9.200820326805114746e-01
9.558694958686828613e-01
9.856671094894409180e-01
9.930083751678466797e-01
9.980695843696594238e-01
9.991170167922973633e-01
9.996345043182373047e-01
9.997552633285522461e-01
9.996960759162902832e-01
9.995870590209960938e-01
9.992121458053588867e-01
9.984933733940124512e-01
9.964422583580017090e-01
9.943704605102539062e-01
9.922693371772766113e-01
9.927598834037780762e-01
9.948442578315734863e-01
9.948925971984863281e-01
9.934225082397460938e-01
9.624392986297607422e-01
9.349730014801025391e-01
9.184215068817138672e-01
9.299823641777038574e-01
9.755893945693969727e-01
9.611552953720092773e-01
9.157364964485168457e-01
9.468641281127929688e-01
9.869261384010314941e-01
9.936618804931640625e-01
9.985682964324951172e-01
9.988353252410888672e-01
9.986448884010314941e-01
9.979766607284545898e-01
9.983709454536437988e-01
9.992312788963317871e-01
9.996228814125061035e-01
9.999261498451232910e-01
9.999216794967651367e-01
9.998707175254821777e-01
9.997177124023437500e-01
9.994941353797912598e-01
9.992045760154724121e-01
9.994786381721496582e-01
9.999662041664123535e-01
9.998363256454467773e-01
9.993198513984680176e-01
9.966391324996948242e-01
9.911998510360717773e-01
9.804250597953796387e-01
9.691394567489624023e-01
9.574265480041503906e-01
9.548150300979614258e-01
9.552728533744812012e-01
9.312912225723266602e-01
9.056994915008544922e-01
8.780105113983154297e-01
8.811699748039245605e-01
9.392083883285522461e-01
9.754528403282165527e-01
9.948206543922424316e-01
9.996141791343688965e-01
9.999788999557495117e-01
9.999950528144836426e-01
9.999979734420776367e-01
9.999861717224121094e-01
9.998296499252319336e-01
9.994319081306457520e-01
9.980672597885131836e-01
9.959964752197265625e-01
9.919529557228088379e-01
9.873512983322143555e-01
8.410438895225524902e-01
6.461070775985717773e-01
2.462025582790374756e-01
1.952972088474780321e-04
2.069695765385404229e-04
6.521926820278167725e-02
1.758839488029479980e-01
4.736453294754028320e-01
8.214985728263854980e-01
8.816996812820434570e-01
9.152483344078063965e-01
8.473901152610778809e-01
7.469668984413146973e-01
5.955553054809570312e-01
6.295035481452941895e-01
7.930830121040344238e-01
8.739443421363830566e-01
9.327561855316162109e-01
8.718733787536621094e-01
8.160297274589538574e-01
7.882071137428283691e-01
7.864756584167480469e-01
8.259127140045166016e-01
8.419815301895141602e-01
8.415880203247070312e-01
9.086148142814636230e-01
9.938899278640747070e-01
9.972885251045227051e-01
9.945884346961975098e-01
9.700567126274108887e-01
9.270115494728088379e-01
8.538600206375122070e-01
7.987791895866394043e-01
7.569406628608703613e-01
7.361788153648376465e-01
7.215520143508911133e-01
6.468638777732849121e-01
5.415399670600891113e-01
2.941559255123138428e-01
1.154835671186447144e-01
5.572928115725517273e-02
6.379586458206176758e-02
1.241872534155845642e-01
4.556917250156402588e-01
8.722812533378601074e-01
9.485116600990295410e-01
9.996640086174011230e-01
9.986768960952758789e-01
9.981669187545776367e-01
9.985540509223937988e-01
9.933932423591613770e-01
9.835688471794128418e-01
9.472962617874145508e-01
9.016482234001159668e-01
9.453218579292297363e-01
9.897116422653198242e-01
9.954537153244018555e-01
9.994090199470520020e-01
9.996421933174133301e-01
9.997569322586059570e-01
9.997619986534118652e-01
9.997141957283020020e-01
9.996452331542968750e-01
9.998199939727783203e-01
1.000000000000000000e+00
1.000000000000000000e+00
9.999350905418395996e-01
9.997137188911437988e-01
9.988031387329101562e-01
9.971630573272705078e-01
9.934979677200317383e-01
9.888812303543090820e-01
9.877666831016540527e-01
9.871109724044799805e-01
9.856758713722229004e-01
9.668348431587219238e-01
8.981224298477172852e-01
8.546259403228759766e-01
8.417972922325134277e-01
8.787052035331726074e-01
9.434244036674499512e-01
9.751924276351928711e-01
9.998565316200256348e-01
9.999359250068664551e-01
9.999982714653015137e-01
9.999989271163940430e-01
9.999988079071044922e-01
9.999976158142089844e-01
9.999716877937316895e-01
9.999292492866516113e-01
9.995287060737609863e-01
9.990332126617431641e-01
9.965045452117919922e-01
9.939756989479064941e-01
9.916647672653198242e-01
9.920219182968139648e-01
9.971066117286682129e-01
9.995796084403991699e-01
9.998962879180908203e-01
9.999092817306518555e-01
9.998151063919067383e-01
9.865232706069946289e-01
9.112984538078308105e-01
3.730551898479461670e-01
1.461091727605889901e-07
4.901522032696448150e-08
1.515433893928275211e-07
4.590968103457271354e-07
3.563174009323120117e-01
8.763943314552307129e-01
9.703710675239562988e-01
9.995421171188354492e-01
9.996848702430725098e-01
9.996089339256286621e-01
9.988716244697570801e-01
9.977231621742248535e-01
9.960449934005737305e-01
9.864491820335388184e-01
9.720016121864318848e-01
9.063919186592102051e-01
8.284162878990173340e-01
7.907719016075134277e-01
7.833531498908996582e-01
9.127227663993835449e-01
9.943585991859436035e-01
9.942675232887268066e-01
9.884540438652038574e-01
9.780005812644958496e-01
9.318472743034362793e-01
8.733375072479248047e-01
6.626045703887939453e-01
4.540846943855285645e-01
3.590207695960998535e-01
4.015857279300689697e-01
7.712301015853881836e-01
9.722946882247924805e-01
9.893969893455505371e-01
7.164919972419738770e-01
2.965267896652221680e-01
1.591460704803466797e-01
8.147515356540679932e-02
2.901585102081298828e-01
5.189468860626220703e-01
8.180398941040039062e-01
9.969487786293029785e-01
9.988546371459960938e-01
9.992206096649169922e-01
9.985037446022033691e-01
9.969792962074279785e-01
9.952176809310913086e-01
9.950509667396545410e-01
9.952229261398315430e-01
9.970614314079284668e-01
9.986064434051513672e-01
9.995203614234924316e-01
9.999594688415527344e-01
9.999219775199890137e-01
9.996949434280395508e-01
9.993796348571777344e-01
9.947862625122070312e-01
9.869865179061889648e-01
9.297972917556762695e-01
8.728810548782348633e-01
8.173417448997497559e-01
8.179240822792053223e-01
8.987826704978942871e-01
9.223905205726623535e-01
9.065189361572265625e-01
5.217062830924987793e-01
2.890100516378879547e-02
2.234108280390501022e-03
5.760454504892542626e-13
2.383264755250608102e-13
1.256411336362361908e-02
5.271799117326736450e-02
2.931828796863555908e-01
7.396979331970214844e-01
7.047038674354553223e-01
4.329280555248260498e-01
3.212528824806213379e-01
2.484359294176101685e-01
5.290454626083374023e-01
7.724053263664245605e-01
8.719096779823303223e-01
8.507071733474731445e-01
6.381934285163879395e-01
4.046850502490997314e-01
1.539928913116455078e-01
6.658425927162170410e-02
3.563385829329490662e-02
3.757895529270172119e-02
4.349083825945854187e-02
5.988934636116027832e-02
6.453406065702438354e-02
3.871203213930130005e-02
2.545638084411621094e-01
7.582959532737731934e-01
9.408063292503356934e-01
9.361889958381652832e-01
9.574186801910400391e-01
9.847679734230041504e-01
9.921929240226745605e-01
9.943156838417053223e-01
9.702321290969848633e-01
9.118319153785705566e-01
7.855702042579650879e-01
7.761002779006958008e-01
8.774859905242919922e-01
9.427365660667419434e-01
9.915862679481506348e-01
9.987710714340209961e-01
9.993459582328796387e-01
9.983035922050476074e-01
9.960411190986633301e-01
9.894080162048339844e-01
9.779701828956604004e-01
9.591491818428039551e-01
9.490585327148437500e-01
9.457194209098815918e-01
9.538525938987731934e-01
9.660377502441406250e-01
9.801906943321228027e-01
9.936303496360778809e-01
9.972977042198181152e-01
9.999479651451110840e-01
9.997482895851135254e-01
9.996362924575805664e-01
9.996374249458312988e-01
9.995381832122802734e-01
9.993751049041748047e-01
9.995062947273254395e-01
9.997186064720153809e-01
9.997653961181640625e-01
9.997986555099487305e-01
9.997927546501159668e-01
9.998068213462829590e-01
9.998670220375061035e-01
9.998496770858764648e-01
9.997453689575195312e-01
9.983060359954833984e-01
9.961255192756652832e-01
9.975511431694030762e-01
9.997927546501159668e-01
9.999173879623413086e-01
9.998660683631896973e-01
9.990233182907104492e-01
9.968087673187255859e-01
9.918037056922912598e-01
9.920565485954284668e-01
9.974777698516845703e-01
9.994214177131652832e-01
9.996706247329711914e-01
9.980800151824951172e-01
9.959695935249328613e-01
9.803999662399291992e-01
9.613680243492126465e-01
9.269469380378723145e-01
9.141042232513427734e-01
9.415468573570251465e-01
9.664919972419738770e-01
9.892440438270568848e-01
9.974890351295471191e-01
9.991949796676635742e-01
9.992989897727966309e-01
9.991539120674133301e-01
9.996231198310852051e-01
9.992018938064575195e-01
9.950957298278808594e-01
9.920545220375061035e-01
9.908824563026428223e-01
9.922076463699340820e-01
9.957426786422729492e-01
9.980084300041198730e-01
9.997170567512512207e-01
9.999707341194152832e-01
9.999969005584716797e-01
9.999850988388061523e-01
9.999709129333496094e-01
9.999470710754394531e-01
9.999386668205261230e-01
9.999569654464721680e-01
9.999744892120361328e-01
9.999913573265075684e-01
9.999786019325256348e-01
9.999532103538513184e-01
9.999639391899108887e-01
9.999800324440002441e-01
9.999904036521911621e-01
9.999988079071044922e-01
9.999994635581970215e-01
9.999964833259582520e-01
9.999871850013732910e-01
9.974366426467895508e-01
9.925924539566040039e-01
8.689811825752258301e-01
6.919896602630615234e-01
6.371923089027404785e-01
6.060068011283874512e-01
7.266827821731567383e-01
7.886112332344055176e-01
5.943220257759094238e-01
4.884085357189178467e-01
5.455611348152160645e-01
6.683897376060485840e-01
8.527597188949584961e-01
9.319114089012145996e-01
9.605374932289123535e-01
6.093998551368713379e-01
1.868034452199935913e-01
8.586232364177703857e-02
1.380057074129581451e-03
5.551336798816919327e-04
1.108749358991190093e-07
3.726799135961300635e-08
7.036487981298684795e-18
2.135821204334177576e-17
4.113511749892495573e-05
1.040667702909559011e-04
3.931035101413726807e-01
8.720738887786865234e-01
9.388344883918762207e-01
9.882303476333618164e-01
9.856320619583129883e-01
9.805970788002014160e-01
9.699517488479614258e-01
9.555186629295349121e-01
9.367495775222778320e-01
9.054770469665527344e-01
8.666347861289978027e-01
8.084470629692077637e-01
7.447493076324462891e-01
7.302822470664978027e-01
7.224821448326110840e-01
7.472670078277587891e-01
7.185489535331726074e-01
5.415645837783813477e-01
4.916574656963348389e-01
6.131390929222106934e-01
7.630916237831115723e-01
9.328626394271850586e-01
9.848906993865966797e-01
9.958861470222473145e-01
8.968257904052734375e-01
7.663185000419616699e-01
3.376490175724029541e-01
1.501450780779123306e-03
5.778028862550854683e-04
4.558813060384636628e-08
1.444307784481679846e-08
2.205576975279404662e-26
5.166861358456754822e-27
1.740865111351013184e-01
4.257916510105133057e-01
7.049294114112854004e-01
9.857057332992553711e-01
9.546582102775573730e-01
9.126792550086975098e-01
8.141920566558837891e-01
7.673593163490295410e-01
8.295757770538330078e-01
8.868383765220642090e-01
9.383676052093505859e-01
9.572724103927612305e-01
9.571125507354736328e-01
9.669147729873657227e-01
9.794041514396667480e-01
9.887545704841613770e-01
9.940755367279052734e-01
9.648972153663635254e-01
8.217588663101196289e-01
3.478062152862548828e-01
5.430437251925468445e-02
1.646389998495578766e-02
7.218779996037483215e-03
1.977355964481830597e-02
3.081108331680297852e-01
7.024059891700744629e-01
8.395348787307739258e-01
9.316450357437133789e-01
7.711417078971862793e-01
6.068201661109924316e-01
4.277012944221496582e-01
3.075645864009857178e-01
3.042781352996826172e-01
4.063211381435394287e-01
6.177080273628234863e-01
7.526786327362060547e-01
8.462308049201965332e-01
8.497641086578369141e-01
8.308507204055786133e-01
9.157933592796325684e-01
9.958254098892211914e-01
9.892435669898986816e-01
9.794860482215881348e-01
9.605852365493774414e-01
9.459879398345947266e-01
9.377173781394958496e-01
6.509596705436706543e-01
1.450168341398239136e-01
1.499999013887531873e-09
2.036850133002587881e-10
5.693654064089059830e-03
2.068619430065155029e-02
5.478033423423767090e-01
9.862490892410278320e-01
9.916311502456665039e-01
9.940330386161804199e-01
9.900768399238586426e-01
9.869261980056762695e-01
9.846926927566528320e-01
9.849987030029296875e-01
9.868731498718261719e-01
9.722139239311218262e-01
9.525289535522460938e-01
9.272122979164123535e-01
9.045924544334411621e-01
9.272456765174865723e-01
9.380885362625122070e-01
9.058994054794311523e-01
8.178053498268127441e-01
6.322644948959350586e-01
6.094348430633544922e-01
7.395799160003662109e-01
8.497586250305175781e-01
9.496498703956604004e-01
9.816218614578247070e-01
9.977841973304748535e-01
9.991869330406188965e-01
9.997964501380920410e-01
9.990975856781005859e-01
9.970979690551757812e-01
9.913149476051330566e-01
9.888844490051269531e-01
9.914689064025878906e-01
9.924453496932983398e-01
9.921094775199890137e-01
9.906719326972961426e-01
9.887503385543823242e-01
9.879118800163269043e-01
9.872744679450988770e-01
9.724025130271911621e-01
9.565672278404235840e-01
9.351773262023925781e-01
9.280313253402709961e-01
9.567979574203491211e-01
9.785154461860656738e-01
9.906896352767944336e-01
9.971715211868286133e-01
9.993801712989807129e-01
9.984877705574035645e-01
9.963784813880920410e-01
9.943965673446655273e-01
9.924718737602233887e-01
9.956831336021423340e-01
9.985054731369018555e-01
9.992206692695617676e-01
9.995586276054382324e-01
9.990099668502807617e-01
9.986417293548583984e-01
9.984999299049377441e-01
9.985240697860717773e-01
9.986652731895446777e-01
9.965076446533203125e-01
9.934944510459899902e-01
9.713797569274902344e-01
9.470845460891723633e-01
9.621061682701110840e-01
9.766982793807983398e-01
9.888188838958740234e-01
9.977040290832519531e-01
9.991816282272338867e-01
9.999374151229858398e-01
9.997964501380920410e-01
9.997165799140930176e-01
9.996796250343322754e-01
9.990558028221130371e-01
9.982182383537292480e-01
9.953988790512084961e-01
9.923408031463623047e-01
9.927149415016174316e-01
9.934564828872680664e-01
9.961894154548645020e-01
9.983649849891662598e-01
9.991936087608337402e-01
9.997090697288513184e-01
9.998231530189514160e-01
9.998851418495178223e-01
9.999092817306518555e-01
9.999333620071411133e-01
9.999573230743408203e-01
9.999788999557495117e-01
9.999999403953552246e-01
9.987730383872985840e-01
9.770470261573791504e-01
8.305761218070983887e-01
6.477091312408447266e-01
3.722351491451263428e-01
2.699912190437316895e-01
4.113057553768157959e-01
5.906285047531127930e-01
8.011132478713989258e-01
8.949246406555175781e-01
9.376376271247863770e-01
9.610333442687988281e-01
9.805005192756652832e-01
9.896056056022644043e-01
9.975617527961730957e-01
9.988660812377929688e-01
9.998630881309509277e-01
9.999323487281799316e-01
9.997557401657104492e-01
9.991904497146606445e-01
9.948853254318237305e-01
9.871699213981628418e-01
9.773717522621154785e-01
9.664651155471801758e-01
9.728771448135375977e-01
9.837447404861450195e-01
9.911674261093139648e-01
9.978898167610168457e-01
9.986859560012817383e-01
9.973986148834228516e-01
9.879607558250427246e-01
9.675761461257934570e-01
9.261782765388488770e-01
9.123734831809997559e-01
9.288892745971679688e-01
9.424022436141967773e-01
9.539909958839416504e-01
9.674301743507385254e-01
9.815316200256347656e-01
9.881058335304260254e-01
9.936593174934387207e-01
9.966159462928771973e-01
9.989255070686340332e-01
9.976439476013183594e-01
9.959610700607299805e-01
9.932582974433898926e-01
9.922710657119750977e-01
9.936435818672180176e-01
9.959188103675842285e-01
9.989100694656372070e-01
9.998999238014221191e-01
9.999781250953674316e-01
9.999417066574096680e-01
9.998806118965148926e-01
9.983959794044494629e-01
9.961258769035339355e-01
9.865078926086425781e-01
9.773176908493041992e-01
9.695360660552978516e-01
9.669219851493835449e-01
9.737963676452636719e-01
9.810878038406372070e-01
9.888034462928771973e-01
9.917211532592773438e-01
9.916360378265380859e-01
9.449326992034912109e-01
8.824485540390014648e-01
4.632883071899414062e-01
1.562842044222634286e-05
7.222421118058264256e-06
1.284221156083731330e-07
1.027042458190408070e-06
1.172974929213523865e-01
5.465710163116455078e-01
8.444206118583679199e-01
9.495826363563537598e-01
9.990070462226867676e-01
9.997339844703674316e-01
9.984800815582275391e-01
9.962226748466491699e-01
5.743283033370971680e-01
4.205951467156410217e-02
6.003755843266844749e-04
7.276267126798616203e-16
3.282931091061605305e-16
1.681562513113021851e-02
1.095976531505584717e-01
2.977030873298645020e-01
6.984568834304809570e-01
9.337394237518310547e-01
9.600234627723693848e-01
9.680544137954711914e-01
9.622443914413452148e-01
9.693269729614257812e-01
9.820411205291748047e-01
9.844278097152709961e-01
9.845656156539916992e-01
9.437556862831115723e-01
8.966048359870910645e-01
8.006307482719421387e-01
7.505287528038024902e-01
8.805986046791076660e-01
9.727723598480224609e-01
9.890798926353454590e-01
9.959936141967773438e-01
9.918280839920043945e-01
9.544262886047363281e-01
8.936823606491088867e-01
8.527109026908874512e-01
8.198951482772827148e-01
7.855331897735595703e-01
7.508838772773742676e-01
8.082022666931152344e-01
8.693267703056335449e-01
9.316769838333129883e-01
9.829581975936889648e-01
9.926033616065979004e-01
9.991372227668762207e-01
9.996166229248046875e-01
9.999019503593444824e-01
9.999633431434631348e-01
9.999652504920959473e-01
9.999255537986755371e-01
9.888079166412353516e-01
9.732701182365417480e-01
9.116746783256530762e-01
8.411572575569152832e-01
8.887585997581481934e-01
9.383380413055419922e-01
9.578055739402770996e-01
9.732843637466430664e-01
9.732894897460937500e-01
9.647247195243835449e-01
9.386945962905883789e-01
8.709723353385925293e-01
7.524487972259521484e-01
6.990117430686950684e-01
6.934670805931091309e-01
7.941681742668151855e-01
9.403899908065795898e-01
9.800524711608886719e-01
9.963601231575012207e-01
9.984878301620483398e-01
9.996761083602905273e-01
9.991145133972167969e-01
9.985394477844238281e-01
9.979112744331359863e-01
9.967427253723144531e-01
9.943453669548034668e-01
9.933297038078308105e-01
9.941600561141967773e-01
9.957451820373535156e-01
9.979459047317504883e-01
9.991207718849182129e-01
9.997828602790832520e-01
9.999466538429260254e-01
9.999763369560241699e-01
9.999743700027465820e-01
9.999679923057556152e-01
9.999210238456726074e-01
9.998674988746643066e-01
9.997776150703430176e-01
9.995624423027038574e-01
9.990045428276062012e-01
9.961879253387451172e-01
9.897741675376892090e-01
9.802546501159667969e-01
9.677344560623168945e-01
9.530910253524780273e-01
9.372242689132690430e-01
9.145330190658569336e-01
8.894754648208618164e-01
8.893996477127075195e-01
8.933488130569458008e-01
9.205012321472167969e-01
9.439734220504760742e-01
9.279405474662780762e-01
9.117496013641357422e-01
8.947982192039489746e-01
9.010677337646484375e-01
9.541785120964050293e-01
9.870189428329467773e-01
9.949316382408142090e-01
9.950022101402282715e-01
9.890116453170776367e-01
9.709048271179199219e-01
9.470887184143066406e-01
9.394732117652893066e-01
9.359662532806396484e-01
9.550933241844177246e-01
9.761531949043273926e-01
9.871628284454345703e-01
9.968026280403137207e-01
9.984502196311950684e-01
9.995352029800415039e-01
9.990246891975402832e-01
9.985114336013793945e-01
9.979947209358215332e-01
9.979895949363708496e-01
9.985179901123046875e-01
9.980664849281311035e-01
9.969683289527893066e-01
8.951353430747985840e-01
7.533425092697143555e-01
5.355838537216186523e-01
3.017657101154327393e-01
4.333072602748870850e-01
5.893886685371398926e-01
8.044440746307373047e-01
9.539462327957153320e-01
7.896498441696166992e-01
5.700542926788330078e-01
2.140186876058578491e-01
1.087501533270085474e-09
3.572815099328607857e-10
2.002172578841054928e-07
5.913278187108517159e-07
9.647935628890991211e-02
2.513734698295593262e-01
5.605759024620056152e-01
9.262666702270507812e-01
9.900639057159423828e-01
9.993908405303955078e-01
9.984868764877319336e-01
9.957482218742370605e-01
9.742790460586547852e-01
9.556549787521362305e-01
9.497908353805541992e-01
9.496012926101684570e-01
9.630772471427917480e-01
9.737005233764648438e-01
9.800736904144287109e-01
9.857494235038757324e-01
9.907977581024169922e-01
9.943881034851074219e-01
9.971172213554382324e-01
9.983217120170593262e-01
9.989732503890991211e-01
9.992409348487854004e-01
9.994363188743591309e-01
9.434061050415039062e-01
8.646211028099060059e-01
4.899077117443084717e-01
2.235742807388305664e-01
4.846366941928863525e-01
7.093392014503479004e-01
8.389704823493957520e-01
9.222356677055358887e-01
9.334237575531005859e-01
9.518504738807678223e-01
9.776450395584106445e-01
9.897137880325317383e-01
9.928692579269409180e-01
9.623099565505981445e-01
9.182613492012023926e-01
6.916303634643554688e-01
4.246213436126708984e-01
2.916485965251922607e-01
1.793235093355178833e-01
3.682213425636291504e-01
5.591552257537841797e-01
7.597807645797729492e-01
9.204967617988586426e-01
9.608051180839538574e-01
9.880209565162658691e-01
9.914190769195556641e-01
9.710870385169982910e-01
9.230876564979553223e-01
7.781935334205627441e-01
5.596382021903991699e-01
5.981845259666442871e-01
7.635705471038818359e-01
8.716941475868225098e-01
9.636335968971252441e-01
9.809381961822509766e-01
9.881479740142822266e-01
9.815310239791870117e-01
9.752389192581176758e-01
9.742973446846008301e-01
9.748119115829467773e-01
9.814100861549377441e-01
9.876270890235900879e-01
9.929386973381042480e-01
9.960630536079406738e-01
9.959334135055541992e-01
9.813472628593444824e-01
9.527287483215332031e-01
8.677324652671813965e-01
7.464867830276489258e-01
7.248938679695129395e-01
7.433580756187438965e-01
8.389876484870910645e-01
9.518147706985473633e-01
9.788649678230285645e-01
9.977325797080993652e-01
9.979560375213623047e-01
9.977958202362060547e-01
9.949091672897338867e-01
9.916078448295593262e-01
9.869127869606018066e-01
9.830536842346191406e-01
9.809418320655822754e-01
9.769068956375122070e-01
9.702937006950378418e-01
9.288265109062194824e-01
8.563159704208374023e-01
8.520485162734985352e-01
8.875650167465209961e-01
9.367529153823852539e-01
9.908118844032287598e-01
6.789159774780273438e-01
2.922770380973815918e-01
1.989658474922180176e-01
1.273825764656066895e-01
7.659402489662170410e-02
3.654803335666656494e-02
6.812120974063873291e-02
1.713218688964843750e-01
5.128239989280700684e-01
7.833120226860046387e-01
9.127706289291381836e-01
9.892333149909973145e-01
9.962912797927856445e-01
9.997144937515258789e-01
9.999013543128967285e-01
9.999644756317138672e-01
9.999538064002990723e-01
9.998976588249206543e-01
9.998241662979125977e-01
9.998857975006103516e-01
9.999765753746032715e-01
9.999915957450866699e-01
9.999998807907104492e-01
9.999924302101135254e-01
9.999839663505554199e-01
9.999673962593078613e-01
9.999490976333618164e-01
9.999244809150695801e-01
9.998955726623535156e-01
9.998574852943420410e-01
9.998446702957153320e-01
9.998686313629150391e-01
9.997997283935546875e-01
9.996391534805297852e-01
9.991723895072937012e-01
9.984987378120422363e-01
9.977018237113952637e-01
9.968528747558593750e-01
9.966320991516113281e-01
9.965796470642089844e-01
9.971609711647033691e-01
9.978254437446594238e-01
9.989499449729919434e-01
1.000000000000000000e+00
1.000000000000000000e+00
1.000000000000000000e+00
1.000000000000000000e+00
9.995164275169372559e-01
9.976913928985595703e-01
9.961532950401306152e-01
9.951184391975402832e-01
9.938258528709411621e-01
9.922255277633666992e-01
9.869667291641235352e-01
9.786788225173950195e-01
8.675531744956970215e-01
6.980166435241699219e-01
4.780194163322448730e-01
2.388196289539337158e-01
4.569376111030578613e-01
7.727941870689392090e-01
8.838338851928710938e-01
9.754610657691955566e-01
9.858111143112182617e-01
9.952732324600219727e-01
9.972489476203918457e-01
9.989509582519531250e-01
9.995335340499877930e-01
9.999573826789855957e-01
9.999836087226867676e-01
1.000000000000000000e+00
1.000000000000000000e+00
9.997729063034057617e-01
9.992875456809997559e-01
9.978513717651367188e-01
