9.917929768562316895e-01
9.811421036720275879e-01
9.670688509941101074e-01
9.693902730941772461e-01
9.587134718894958496e-01
9.256519079208374023e-01
7.755473256111145020e-01
6.042964458465576172e-01
4.183959364891052246e-01
6.022076606750488281e-01
7.987664937973022461e-01
9.938055276870727539e-01
9.962970018386840820e-01
9.195955395698547363e-01
7.628048062324523926e-01
4.319197237491607666e-01
1.830870360136032104e-01
1.301820948719978333e-02
8.219735696911811829e-03
9.616784751415252686e-02
2.753468751907348633e-01
6.740207672119140625e-01
8.898323774337768555e-01
9.842221140861511230e-01
9.952147006988525391e-01
9.988176226615905762e-01
9.988537430763244629e-01
9.995461106300354004e-01
9.970544576644897461e-01
9.691492915153503418e-01
8.544680476188659668e-01
5.729687213897705078e-01
2.867879867553710938e-01
1.675927191972732544e-01
4.740677773952484131e-01
7.891650199890136719e-01
8.038508296012878418e-01
6.551522016525268555e-01
5.510109663009643555e-01
6.323169469833374023e-01
8.432388901710510254e-01
9.986271858215332031e-01
9.996938109397888184e-01
9.997456669807434082e-01
9.997589588165283203e-01
9.999767541885375977e-01
1.000000000000000000e+00
9.997779726982116699e-01
9.992333650588989258e-01
9.994613528251647949e-01
9.996728301048278809e-01
9.997826218605041504e-01
9.997506141662597656e-01
9.990597963333129883e-01
9.976249337196350098e-01
9.585672616958618164e-01
9.382309317588806152e-01
9.380921125411987305e-01
9.717608094215393066e-01
9.918820261955261230e-01
9.993937015533447266e-01
9.997961521148681641e-01
9.999843239784240723e-01
9.999948143959045410e-01
9.999737143516540527e-01
9.998732805252075195e-01
9.996696710586547852e-01
9.990020990371704102e-01
9.988603591918945312e-01
9.990887641906738281e-01
9.994761347770690918e-01
9.992210865020751953e-01
9.984446167945861816e-01
9.968084096908569336e-01
9.976713061332702637e-01
9.995527267456054688e-01
9.997844099998474121e-01
9.988135099411010742e-01
9.963447451591491699e-01
9.898817539215087891e-01
9.856635332107543945e-01
9.842379093170166016e-01
9.897667765617370605e-01
9.948164224624633789e-01
9.985015988349914551e-01
9.982507228851318359e-01
9.949115514755249023e-01
9.896254539489746094e-01
9.817507863044738770e-01
9.469016790390014648e-01
8.831445574760437012e-01
7.644240260124206543e-01
5.064032077789306641e-01
3.759292662143707275e-01
6.545962691307067871e-01
8.330032229423522949e-01
8.562995195388793945e-01
5.870352387428283691e-01
3.109384477138519287e-01
2.832452952861785889e-01
7.717731595039367676e-01
9.329816102981567383e-01
9.969751834869384766e-01
9.991483092308044434e-01
9.988552927970886230e-01
9.982925653457641602e-01
9.980035424232482910e-01
9.990758895874023438e-01
9.998893737792968750e-01
9.999303817749023438e-01
9.999202489852905273e-01
9.999215006828308105e-01
9.999510645866394043e-01
9.995014071464538574e-01
9.990686178207397461e-01
9.987388253211975098e-01
9.989519119262695312e-01
9.970555305480957031e-01
9.921771287918090820e-01
9.872456789016723633e-01
9.867827296257019043e-01
9.921255111694335938e-01
9.970688223838806152e-01
9.998503923416137695e-01
9.999788403511047363e-01
9.999159574508666992e-01
9.965465664863586426e-01
9.892798662185668945e-01
8.961040377616882324e-01
6.609515547752380371e-01
2.694793343544006348e-01
1.885249912738800049e-01
2.452281415462493896e-01
4.422205090522766113e-01
7.067888379096984863e-01
8.671705722808837891e-01
9.190415740013122559e-01
9.587398171424865723e-01
9.856600165367126465e-01
9.997321367263793945e-01
9.999108314514160156e-01
9.999864101409912109e-01
9.999433159828186035e-01
9.983771443367004395e-01
9.936366081237792969e-01
9.861552715301513672e-01
9.888662099838256836e-01
9.931131005287170410e-01
9.986111521720886230e-01
9.992648363113403320e-01
9.994669556617736816e-01
9.992842674255371094e-01
9.995175600051879883e-01
9.979530572891235352e-01
9.950407743453979492e-01
9.974064826965332031e-01
9.986054301261901855e-01
9.983660578727722168e-01
9.879596829414367676e-01
9.844314455986022949e-01
9.869396090507507324e-01
9.956579208374023438e-01
9.997296333312988281e-01
9.999684691429138184e-01
9.999817013740539551e-01
9.999896287918090820e-01
9.999928474426269531e-01
9.999889135360717773e-01
9.999918937683105469e-01
9.999994039535522461e-01
9.999905228614807129e-01
9.999891519546508789e-01
9.999936819076538086e-01
9.999963641166687012e-01
9.999951720237731934e-01
9.999904632568359375e-01
9.999778866767883301e-01
9.999760389328002930e-01
9.999825954437255859e-01
9.999889731407165527e-01
9.999909996986389160e-01
9.999890923500061035e-01
9.999811053276062012e-01
9.999836683273315430e-01
9.999943971633911133e-01
9.999982714653015137e-01
9.999966621398925781e-01
9.999902844429016113e-01
9.999780058860778809e-01
9.999813437461853027e-01
9.999964833259582520e-01
9.999963641166687012e-01
9.999872446060180664e-01
9.999542236328125000e-01
9.995782375335693359e-01
9.952432513236999512e-01
9.870405793190002441e-01
9.660972356796264648e-01
9.560955166816711426e-01
9.561523199081420898e-01
9.736128449440002441e-01
9.882350564002990723e-01
1.000000000000000000e+00
1.000000000000000000e+00
9.982739686965942383e-01
9.949393868446350098e-01
9.887080192565917969e-01
9.895852804183959961e-01
9.954407215118408203e-01
9.179860949516296387e-01
6.873718500137329102e-01
3.142033815383911133e-01
1.745091229677200317e-01
3.969686031341552734e-01
9.713813662528991699e-01
9.900085926055908203e-01
9.988316297531127930e-01
9.977652430534362793e-01
9.901672005653381348e-01
9.825540184974670410e-01
9.749598503112792969e-01
9.912709593772888184e-01
9.776604175567626953e-01
9.308246970176696777e-01
8.573406934738159180e-01
8.142828941345214844e-01
8.068688511848449707e-01
8.650124073028564453e-01
9.200743436813354492e-01
9.680662751197814941e-01
9.704392552375793457e-01
9.659247398376464844e-01
9.558108448982238770e-01
9.438478350639343262e-01
9.250758886337280273e-01
8.974510431289672852e-01
9.028657674789428711e-01
8.797937631607055664e-01
8.126093745231628418e-01
8.919980525970458984e-01
9.596017599105834961e-01
9.874702692031860352e-01
9.935017228126525879e-01
9.960318207740783691e-01
9.971574544906616211e-01
9.982653260231018066e-01
9.986179471015930176e-01
9.976903200149536133e-01
9.881240129470825195e-01
9.704682230949401855e-01
9.405283927917480469e-01
9.664323925971984863e-01
9.923430085182189941e-01
9.977923035621643066e-01
9.963501095771789551e-01
9.839472174644470215e-01
9.510597586631774902e-01
9.120778441429138184e-01
9.003349542617797852e-01
9.558185338973999023e-01
9.812281131744384766e-01
9.942486882209777832e-01
9.959870576858520508e-01
9.947153329849243164e-01
9.920290708541870117e-01
9.878691434860229492e-01
9.920668005943298340e-01
9.974510073661804199e-01
9.976900219917297363e-01
9.959704279899597168e-01
9.944192171096801758e-01
9.960941076278686523e-01
9.979287981986999512e-01
9.995233416557312012e-01
9.998579025268554688e-01
9.999182820320129395e-01
9.984166622161865234e-01
9.901090264320373535e-01
9.868887662887573242e-01
9.873535633087158203e-01
9.939399957656860352e-01
9.963056445121765137e-01
9.934274554252624512e-01
9.706106185913085938e-01
9.569088220596313477e-01
9.529411196708679199e-01
9.846822023391723633e-01
9.985839128494262695e-01
9.999030232429504395e-01
9.999605417251586914e-01
9.999893903732299805e-01
9.999958872795104980e-01
9.999966025352478027e-01
9.999952912330627441e-01
9.999921321868896484e-01
9.999772310256958008e-01
9.999620318412780762e-01
9.999466538429260254e-01
9.999616742134094238e-01
9.999756813049316406e-01
9.999884963035583496e-01
9.999799728393554688e-01
9.998931288719177246e-01
9.997119307518005371e-01
9.987570047378540039e-01
9.975975751876831055e-01
9.962285161018371582e-01
9.969470500946044922e-01
9.979724287986755371e-01
9.991384148597717285e-01
9.994430541992187500e-01
9.995315670967102051e-01
9.994530081748962402e-01
9.957206249237060547e-01
9.709435701370239258e-01
9.045292139053344727e-01
4.861389994621276855e-01
1.170797049999237061e-01
5.823273584246635437e-02
2.228576838970184326e-01
4.917672276496887207e-01
8.771621584892272949e-01
9.866399168968200684e-01
9.987164139747619629e-01
9.993126988410949707e-01
9.990356564521789551e-01
9.986420273780822754e-01
9.992304444313049316e-01
9.933380484580993652e-01
9.244844913482666016e-01
5.419694185256958008e-01
2.416476607322692871e-01
1.824701949954032898e-02
1.323195174336433411e-02
3.639350533485412598e-01
8.989999890327453613e-01
9.659133553504943848e-01
9.958271980285644531e-01
9.977047443389892578e-01
9.990116953849792480e-01
9.997552633285522461e-01
1.000000000000000000e+00
1.000000000000000000e+00
9.999912381172180176e-01
9.999735355377197266e-01
9.998994469642639160e-01
9.992775917053222656e-01
9.980048537254333496e-01
9.979456663131713867e-01
9.981845617294311523e-01
9.987258911132812500e-01
9.987010359764099121e-01
9.985516071319580078e-01
9.983041286468505859e-01
9.981597661972045898e-01
9.977356195449829102e-01
9.967169761657714844e-01
9.978128075599670410e-01
9.991403818130493164e-01
9.998399615287780762e-01
1.000000000000000000e+00
9.999173283576965332e-01
9.995868206024169922e-01
9.987018704414367676e-01
9.979957938194274902e-01
9.987696409225463867e-01
9.971114993095397949e-01
9.872742891311645508e-01
9.405544400215148926e-01
7.191030979156494141e-01
4.094894230365753174e-01
1.794516891241073608e-01
2.185673266649246216e-01
4.466193020343780518e-01
7.321882247924804688e-01
8.997862339019775391e-01
9.693406224250793457e-01
9.898054599761962891e-01
9.994192719459533691e-01
9.982648491859436035e-01
9.824831485748291016e-01
9.619728326797485352e-01
9.361662268638610840e-01
6.371838450431823730e-01
3.296775221824645996e-01
3.909493237733840942e-02
5.486931651830673218e-03
6.656523048877716064e-02
2.362282574176788330e-01
5.539065599441528320e-01
8.346754908561706543e-01
9.686343073844909668e-01
9.987567663192749023e-01
9.990029931068420410e-01
9.952393770217895508e-01
9.542869925498962402e-01
8.990210890769958496e-01
8.406162261962890625e-01
7.317869067192077637e-01
5.566835403442382812e-01
1.503867357969284058e-01
1.676511310506612062e-04
3.275961717008613050e-05
3.458299033809453249e-04
2.636249065399169922e-01
7.026468515396118164e-01
8.719031810760498047e-01
9.663393497467041016e-01
9.931498765945434570e-01
9.915880560874938965e-01
9.919434785842895508e-01
9.944927096366882324e-01
7.988629937171936035e-01
6.602641344070434570e-01
6.186236739158630371e-01
8.059144616127014160e-01
9.561889171600341797e-01
9.908825755119323730e-01
9.940898418426513672e-01
7.924435138702392578e-01
1.438558250665664673e-01
1.098078428185544908e-08
0.000000000000000000e+00
0.000000000000000000e+00
0.000000000000000000e+00
3.237618147977627814e-05
2.019110979745164514e-04
2.864236235618591309e-01
6.268909573554992676e-01
3.639105558395385742e-01
1.929867118597030640e-01
9.376599639654159546e-02
1.352039277553558350e-01
3.353804349899291992e-01
6.650871634483337402e-01
8.457648754119873047e-01
9.539293050765991211e-01
9.849642515182495117e-01
9.925042390823364258e-01
9.818018078804016113e-01
9.478483200073242188e-01
3.970899283885955811e-01
4.311549942940473557e-03
6.209298153407871723e-04
1.897915664280709404e-18
3.770242115809009122e-16
1.631866359367586082e-15
7.879036664962768555e-02
2.884013950824737549e-01
8.381127119064331055e-01
9.988286495208740234e-01
9.970963001251220703e-01
9.906731843948364258e-01
7.787669301033020020e-01
4.541567265987396240e-01
1.427011489868164062e-01
1.159818246960639954e-01
3.077181577682495117e-01
7.107040882110595703e-01
9.374354481697082520e-01
9.972450137138366699e-01
9.986805915832519531e-01
9.964827895164489746e-01
9.912487268447875977e-01
9.810839295387268066e-01
9.760788083076477051e-01
9.802286028861999512e-01
9.906551241874694824e-01
9.988878965377807617e-01
9.997299313545227051e-01
9.972134828567504883e-01
9.923343062400817871e-01
9.830899834632873535e-01
9.619028568267822266e-01
9.165652394294738770e-01
7.805982828140258789e-01
8.168141245841979980e-01
9.394931197166442871e-01
9.780160784721374512e-01
9.927612543106079102e-01
9.863251447677612305e-01
8.866463899612426758e-01
8.394255638122558594e-01
8.450029492378234863e-01
9.290964007377624512e-01
9.847449660301208496e-01
9.982159137725830078e-01
9.998491406440734863e-01
9.999676346778869629e-01
9.999726414680480957e-01
9.999467730522155762e-01
9.998810887336730957e-01
9.997318983078002930e-01
9.997224211692810059e-01
9.997469782829284668e-01
9.997199773788452148e-01
9.979557991027832031e-01
9.958741664886474609e-01
9.972625970840454102e-01
9.986670017242431641e-01
9.989205598831176758e-01
9.805893301963806152e-01
9.528477787971496582e-01
9.164117574691772461e-01
9.318948984146118164e-01
9.568302631378173828e-01
9.924619197845458984e-01
9.981377124786376953e-01
9.998381137847900391e-01
9.999095797538757324e-01
9.996068477630615234e-01
9.607066512107849121e-01
8.277148008346557617e-01
4.064828753471374512e-01
1.550757233053445816e-02
8.853928744792938232e-02
5.002039074897766113e-01
1.000000000000000000e+00
1.000000000000000000e+00
6.138647794723510742e-01
3.388491741830632635e-20
6.478514746667111945e-19
1.903471797704696655e-01
5.611591339111328125e-01
8.351055383682250977e-01
9.917268753051757812e-01
9.979363083839416504e-01
9.983613491058349609e-01
9.969812631607055664e-01
9.935703873634338379e-01
9.867630600929260254e-01
9.806125760078430176e-01
9.784051179885864258e-01
9.839511513710021973e-01
9.918901324272155762e-01
9.977062344551086426e-01
9.998630285263061523e-01
1.000000000000000000e+00
1.000000000000000000e+00
1.000000000000000000e+00
1.000000000000000000e+00
9.999996423721313477e-01
9.999993443489074707e-01
9.999990463256835938e-01
9.998967647552490234e-01
9.986652731895446777e-01
9.956875443458557129e-01
9.944298267364501953e-01
9.947522878646850586e-01
9.979562759399414062e-01
9.986897706985473633e-01
9.982954263687133789e-01
9.966049790382385254e-01
9.961810111999511719e-01
9.966046214103698730e-01
9.985998868942260742e-01
9.996440410614013672e-01
1.000000000000000000e+00
1.000000000000000000e+00
9.999761581420898438e-01
9.999282360076904297e-01
9.998817443847656250e-01
9.998748898506164551e-01
9.999255537986755371e-01
9.999538660049438477e-01
9.999337792396545410e-01
9.998175501823425293e-01
9.984881281852722168e-01
9.969096183776855469e-01
9.957163929939270020e-01
9.965738058090209961e-01
9.958797097206115723e-01
9.788507223129272461e-01
6.898930072784423828e-01
2.267244160175323486e-01
1.307719051837921143e-01
3.075103461742401123e-01
7.619438767433166504e-01
9.152458906173706055e-01
9.975330233573913574e-01
9.991167187690734863e-01
9.971379041671752930e-01
9.939050674438476562e-01
9.891955256462097168e-01
9.844036698341369629e-01
9.814754724502563477e-01
9.855502843856811523e-01
9.909957647323608398e-01
9.966624975204467773e-01
9.987354874610900879e-01
9.996884465217590332e-01
9.996541142463684082e-01
9.931939244270324707e-01
9.911674261093139648e-01
9.940668940544128418e-01
9.972046613693237305e-01
9.993320703506469727e-01
9.997491836547851562e-01
9.530500769615173340e-01
8.464946150779724121e-01
6.096511483192443848e-01
6.314284205436706543e-01
7.536882162094116211e-01
8.930065035820007324e-01
9.252548217773437500e-01
8.846061825752258301e-01
7.291759848594665527e-01
6.649394035339355469e-01
6.817179918289184570e-01
8.765492439270019531e-01
9.924986958503723145e-01
9.990506172180175781e-01
9.999335408210754395e-01
9.999752044677734375e-01
9.999072551727294922e-01
7.747756242752075195e-01
4.721361696720123291e-01
1.259513646364212036e-01
7.438154425472021103e-03
7.947814464569091797e-02
7.222895622253417969e-01
9.985663294792175293e-01
9.999995827674865723e-01
9.999997615814208984e-01
9.999312162399291992e-01
9.997847080230712891e-01
9.961276054382324219e-01
9.897737503051757812e-01
9.792153835296630859e-01
9.890545606613159180e-01
9.958711266517639160e-01
9.797891378402709961e-01
9.711793065071105957e-01
9.653187394142150879e-01
9.570451974868774414e-01
9.623240828514099121e-01
9.753716588020324707e-01
9.554166197776794434e-01
8.872359991073608398e-01
7.687439322471618652e-01
6.044868826866149902e-01
3.801350891590118408e-01
6.266092509031295776e-02
1.017721369862556458e-02
1.847103238105773926e-01
8.193451762199401855e-01
9.775268435478210449e-01
9.398983716964721680e-01
8.696487545967102051e-01
8.872614502906799316e-01
9.585807919502258301e-01
9.703896045684814453e-01
9.806430935859680176e-01
9.893298745155334473e-01
9.896963238716125488e-01
9.902467727661132812e-01
9.919156432151794434e-01
9.939798712730407715e-01
9.896011948585510254e-01
9.678095579147338867e-01
9.190903902053833008e-01
8.708550930023193359e-01
8.815445899963378906e-01
9.300920367240905762e-01
9.999062418937683105e-01
9.979168176651000977e-01
9.940539598464965820e-01
9.882445335388183594e-01
9.939592480659484863e-01
9.980643987655639648e-01
9.981488585472106934e-01
9.985758662223815918e-01
9.991177916526794434e-01
9.997707605361938477e-01
9.999800324440002441e-01
9.999984502792358398e-01
9.999988079071044922e-01
9.999940395355224609e-01
9.999853968620300293e-01
9.999654293060302734e-01
9.999684691429138184e-01
9.999974370002746582e-01
9.999541044235229492e-01
9.998895525932312012e-01
9.997992515563964844e-01
9.995056390762329102e-01
9.975080490112304688e-01
9.900603890419006348e-01
9.816294312477111816e-01
9.754415154457092285e-01
9.904412031173706055e-01
9.981197118759155273e-01
9.998812675476074219e-01
9.999533295631408691e-01
9.999846816062927246e-01
9.999790787696838379e-01
9.999711513519287109e-01
9.999339580535888672e-01
9.998328089714050293e-01
9.991579055786132812e-01
9.982139468193054199e-01
9.969301819801330566e-01
9.968530535697937012e-01
9.975554347038269043e-01
9.991405606269836426e-01
9.999232888221740723e-01
9.999191164970397949e-01
9.990973472595214844e-01
9.973365068435668945e-01
9.941394329071044922e-01
9.925875067710876465e-01
9.927456378936767578e-01
9.967852830886840820e-01
9.988465905189514160e-01
9.998419880867004395e-01
9.995670914649963379e-01
9.989594221115112305e-01
9.980944991111755371e-01
9.962185621261596680e-01
9.944118857383728027e-01
9.926898479461669922e-01
9.924437999725341797e-01
9.796556830406188965e-01
9.389967918395996094e-01
7.501256465911865234e-01
5.145794749259948730e-01
2.889904081821441650e-01
1.870385557413101196e-01
1.606379002332687378e-01
1.487479656934738159e-01
1.573009938001632690e-01
1.868098825216293335e-01
4.499664008617401123e-01
6.901424527168273926e-01
8.577732443809509277e-01
9.044889211654663086e-01
9.265783429145812988e-01
9.678758382797241211e-01
9.771120548248291016e-01
9.482601881027221680e-01
7.277901172637939453e-01
7.219313383102416992e-01
9.002162218093872070e-01
8.701586723327636719e-01
8.156501054763793945e-01
7.342767715454101562e-01
7.786017060279846191e-01
6.853283047676086426e-01
1.559352576732635498e-01
1.893260332508361898e-06
2.663033206796739661e-37
7.996652058593544017e-38
2.802596928649634142e-44
2.586002167959122744e-08
5.250808499113190919e-06
2.515160441398620605e-01
8.259603977203369141e-01
9.502043128013610840e-01
9.824807047843933105e-01
9.577813148498535156e-01
9.020834565162658691e-01
8.287406563758850098e-01
7.230157852172851562e-01
8.009228706359863281e-01
9.962493777275085449e-01
9.400300383567810059e-01
7.688789963722229004e-01
4.619569480419158936e-01
3.245233595371246338e-01
3.010121881961822510e-01
4.729304909706115723e-01
4.958036839962005615e-01
4.596154093742370605e-01
3.779630661010742188e-01
3.483521342277526855e-01
3.666474819183349609e-01
7.318616509437561035e-01
9.475520253181457520e-01
9.951529502868652344e-01
9.999259710311889648e-01
9.964375495910644531e-01
9.857156872749328613e-01
9.183450341224670410e-01
8.600960969924926758e-01
9.178091287612915039e-01
9.632628560066223145e-01
9.993748068809509277e-01
9.992330670356750488e-01
9.992437362670898438e-01
9.994226694107055664e-01
9.964360594749450684e-01
9.954120516777038574e-01
9.990372061729431152e-01
9.999541044235229492e-01
9.999977350234985352e-01
9.999932646751403809e-01
9.998199343681335449e-01
9.992845654487609863e-01
9.929371476173400879e-01
9.806781411170959473e-01
9.617707133293151855e-01
9.741779565811157227e-01
9.776663780212402344e-01
9.551268219947814941e-01
8.579623699188232422e-01
7.848767042160034180e-01
9.388415217399597168e-01
9.449876546859741211e-01
8.580351471900939941e-01
9.151067137718200684e-01
9.600147008895874023e-01
9.903911352157592773e-01
9.968441724777221680e-01
9.990767240524291992e-01
9.990468025207519531e-01
9.991394281387329102e-01
9.992753267288208008e-01
9.994057416915893555e-01
9.993629455566406250e-01
9.991858005523681641e-01
9.976977705955505371e-01
9.975272417068481445e-01
9.990883469581604004e-01
9.856553673744201660e-01
8.994071483612060547e-01
6.334834098815917969e-01
5.560402274131774902e-01
5.859655737876892090e-01
8.088430762290954590e-01
9.399173855781555176e-01
9.974405169486999512e-01
9.990820288658142090e-01
9.970133900642395020e-01
9.912595152854919434e-01
9.521203041076660156e-01
9.258191585540771484e-01
9.606944918632507324e-01
9.826761484146118164e-01
9.970065355300903320e-01
9.987270832061767578e-01
9.996623396873474121e-01
9.998559355735778809e-01
9.999310374259948730e-01
9.999755620956420898e-01
9.999799728393554688e-01
9.999451041221618652e-01
9.997740387916564941e-01
9.991114735603332520e-01
9.970161318778991699e-01
9.941810965538024902e-01
9.938467741012573242e-01
9.658175110816955566e-01
9.060353636741638184e-01
9.374414682388305664e-01
9.732914566993713379e-01
9.929850101470947266e-01
9.990951418876647949e-01
9.999874234199523926e-01
9.999951720237731934e-01
9.999987483024597168e-01
9.999991655349731445e-01
9.999968409538269043e-01
9.999678730964660645e-01
9.999005198478698730e-01
9.994021058082580566e-01
9.987013936042785645e-01
9.976569414138793945e-01
9.981328248977661133e-01
9.992958307266235352e-01
9.997106194496154785e-01
9.998659491539001465e-01
9.997685551643371582e-01
9.993347525596618652e-01
9.988540410995483398e-01
9.983374476432800293e-01
9.849207997322082520e-01
9.446128010749816895e-01
8.011275529861450195e-01
7.703697085380554199e-01
8.132445216178894043e-01
7.486166357994079590e-01
5.193638205528259277e-01
7.520151138305664062e-02
4.100943449884653091e-03
6.344699671022877275e-19
1.678614677653992967e-19
4.414881186676211655e-05
5.772899463772773743e-02
6.196771860122680664e-01
9.249494671821594238e-01
9.946973323822021484e-01
9.993961453437805176e-01
9.987793564796447754e-01
9.964292645454406738e-01
9.335814714431762695e-01
7.669602632522583008e-01
2.196879833936691284e-01
1.471734401015112326e-10
3.070511389523744583e-03
2.092500329017639160e-01
5.062042474746704102e-01
9.234939813613891602e-01
9.939538836479187012e-01
9.976170659065246582e-01
9.921580553054809570e-01
9.807900786399841309e-01
9.687442779541015625e-01
9.784660339355468750e-01
9.869306683540344238e-01
9.941359758377075195e-01
9.971470236778259277e-01
9.991068840026855469e-01
9.997027516365051270e-01
9.997735619544982910e-01
9.995430111885070801e-01
9.986706376075744629e-01
9.980432987213134766e-01
9.975995421409606934e-01
9.897330999374389648e-01
9.580835700035095215e-01
8.908421993255615234e-01
6.633070111274719238e-01
4.034708440303802490e-01
1.600398272275924683e-01
1.755510121583938599e-01
3.477366268634796143e-01
6.982213854789733887e-01
9.026921391487121582e-01
9.358655810356140137e-01
9.593825936317443848e-01
9.792755842208862305e-01
9.935780763626098633e-01
9.987897872924804688e-01
9.999091029167175293e-01
9.999493956565856934e-01
9.998582601547241211e-01
9.996461272239685059e-01
9.988747239112854004e-01
9.982174634933471680e-01
9.978624582290649414e-01
9.981222748756408691e-01
9.985370635986328125e-01
9.987036585807800293e-01
9.991072416305541992e-01
9.996871948242187500e-01
9.997336864471435547e-01
9.994959235191345215e-01
9.988330006599426270e-01
9.989783167839050293e-01
9.992269277572631836e-01
9.991258978843688965e-01
9.990060925483703613e-01
9.988839626312255859e-01
9.990513324737548828e-01
9.989666342735290527e-01
9.985609650611877441e-01
9.978287816047668457e-01
9.971168041229248047e-01
9.966337084770202637e-01
9.957594275474548340e-01
9.950063228607177734e-01
9.982939958572387695e-01
9.986596703529357910e-01
9.958702921867370605e-01
9.940556287765502930e-01
9.933543801307678223e-01
9.949929714202880859e-01
9.953359961509704590e-01
9.952219724655151367e-01
9.958006739616394043e-01
9.969905614852905273e-01
9.987493157386779785e-01
9.993373155593872070e-01
9.995573759078979492e-01
9.992275834083557129e-01
9.980978369712829590e-01
9.968481063842773438e-01
9.965756535530090332e-01
9.973123669624328613e-01
9.988707900047302246e-01
9.995751380920410156e-01
9.999834895133972168e-01
9.999378919601440430e-01
9.999502301216125488e-01
9.999757409095764160e-01
9.999801516532897949e-01
9.999803900718688965e-01
9.999775886535644531e-01
9.999727010726928711e-01
9.999735951423645020e-01
9.999836087226867676e-01
9.999586343765258789e-01
9.996437430381774902e-01
9.981721043586730957e-01
9.834814667701721191e-01
9.602570533752441406e-01
9.836841821670532227e-01
9.644531607627868652e-01
8.832114934921264648e-01
4.915129840373992920e-01
1.103511452674865723e-01
3.052243590354919434e-02
1.402917515491708400e-08
3.940862913776044252e-11
1.855269382566859804e-09
1.690236926078796387e-01
5.671642422676086426e-01
8.236629962921142578e-01
9.985845088958740234e-01
9.995293617248535156e-01
9.997517466545104980e-01
9.995676875114440918e-01
9.996595978736877441e-01
9.995395541191101074e-01
9.991470575332641602e-01
9.982748627662658691e-01
9.974959492683410645e-01
9.973049163818359375e-01
9.978908300399780273e-01
9.988850355148315430e-01
9.993178248405456543e-01
9.992492794990539551e-01
9.985528588294982910e-01
9.987379312515258789e-01
9.991135001182556152e-01
9.995782971382141113e-01
9.997994303703308105e-01
9.998859763145446777e-01
9.999327659606933594e-01
9.999682903289794922e-01
9.999901056289672852e-01
9.999969005584716797e-01
9.999829530715942383e-01
9.999131560325622559e-01
9.976228475570678711e-01
9.943384528160095215e-01
9.960088133811950684e-01
9.976984858512878418e-01
9.994146227836608887e-01
9.998478293418884277e-01
9.999961853027343750e-01
9.999986886978149414e-01
9.999993443489074707e-01
9.999980330467224121e-01
9.999729394912719727e-01
9.999239444732666016e-01
9.998439550399780273e-01
9.998865127563476562e-01
9.999471902847290039e-01
9.999856948852539062e-01
9.999482631683349609e-01
9.998501539230346680e-01
9.991415143013000488e-01
9.982438087463378906e-01
9.970903992652893066e-01
9.972277283668518066e-01
9.978156089782714844e-01
9.990103244781494141e-01
9.994122385978698730e-01
9.992371201515197754e-01
9.907999634742736816e-01
9.724320769309997559e-01
9.394447803497314453e-01
8.772951960563659668e-01
7.367280721664428711e-01
3.052075803279876709e-01
9.152139723300933838e-02
2.787485159933567047e-02
6.266721487045288086e-01
7.605789303779602051e-01
1.375858336687088013e-01
2.005915011977776885e-04
6.920435931533575058e-03
4.682612046599388123e-02
3.246961236000061035e-01
7.831212878227233887e-01
9.000676870346069336e-01
9.736884832382202148e-01
9.931260347366333008e-01
9.988209009170532227e-01
9.998128414154052734e-01
9.998643994331359863e-01
9.998794198036193848e-01
9.998630285263061523e-01
9.998572468757629395e-01
9.998307228088378906e-01
9.997599720954895020e-01
9.995985627174377441e-01
9.993770122528076172e-01
9.989627599716186523e-01
9.981432557106018066e-01
9.969273209571838379e-01
9.968497753143310547e-01
9.973022341728210449e-01
9.987304210662841797e-01
9.994613528251647949e-01
9.997956752777099609e-01
9.992321729660034180e-01
9.985631108283996582e-01
9.977754950523376465e-01
9.974753260612487793e-01
9.973281621932983398e-01
9.973992109298706055e-01
9.956351518630981445e-01
9.928950667381286621e-01
9.914739131927490234e-01
9.919560551643371582e-01
9.950388073921203613e-01
9.969207048416137695e-01
9.975792169570922852e-01
9.945476055145263672e-01
9.675275683403015137e-01
9.240878224372863770e-01
7.788136601448059082e-01
6.504256129264831543e-01
5.527352094650268555e-01
5.014784336090087891e-01
5.122309923171997070e-01
7.865222692489624023e-01
9.162929654121398926e-01
9.245455861091613770e-01
9.580087661743164062e-01
9.849646091461181641e-01
9.939889311790466309e-01
9.970148801803588867e-01
9.972527027130126953e-01
9.945093393325805664e-01
9.887152314186096191e-01
9.796524047851562500e-01
9.875109791755676270e-01
9.910023212432861328e-01
9.751207232475280762e-01
9.280079603195190430e-01
8.649895191192626953e-01
8.315243124961853027e-01
8.420741558074951172e-01
9.127801656723022461e-01
9.579953551292419434e-01
9.893921017646789551e-01
9.886779785156250000e-01
9.503713846206665039e-01
8.851789832115173340e-01
7.240850925445556641e-01
6.241640448570251465e-01
6.403768658638000488e-01
8.076604604721069336e-01
9.985561370849609375e-01
9.986461997032165527e-01
9.990218281745910645e-01
9.996647834777832031e-01
9.998245835304260254e-01
9.999013543128967285e-01
9.999028444290161133e-01
9.998967647552490234e-01
9.989537000656127930e-01
9.824606776237487793e-01
7.110140323638916016e-01
1.168676167726516724e-01
3.090525865554809570e-01
6.438135504722595215e-01
8.952572345733642578e-01
9.974553585052490234e-01
9.988232254981994629e-01
9.763830900192260742e-01
8.929730653762817383e-01
7.042632699012756348e-01
7.543787956237792969e-01
8.776088953018188477e-01
9.514223337173461914e-01
9.910795092582702637e-01
9.985917210578918457e-01
9.808783531188964844e-01
8.816494941711425781e-01
5.798720121383666992e-01
5.328905582427978516e-01
6.201591491699218750e-01
8.193811178207397461e-01
9.500517249107360840e-01
9.897014498710632324e-01
9.973177909851074219e-01
9.933513998985290527e-01
9.719071388244628906e-01
9.584416747093200684e-01
9.508930444717407227e-01
9.698356986045837402e-01
9.866181612014770508e-01
9.967452883720397949e-01
9.997769594192504883e-01
9.999930858612060547e-01
9.999765157699584961e-01
9.999176859855651855e-01
9.998131394386291504e-01
9.998067021369934082e-01
9.998220205307006836e-01
9.998562335968017578e-01
9.998384714126586914e-01
9.997887015342712402e-01
9.992960691452026367e-01
9.989806413650512695e-01
9.989537596702575684e-01
9.994207620620727539e-01
9.999576807022094727e-01
9.999685287475585938e-01
9.998154044151306152e-01
9.995110630989074707e-01
9.969426393508911133e-01
9.896578192710876465e-01
9.707961082458496094e-01
9.224726557731628418e-01
8.596764206886291504e-01
8.175318241119384766e-01
8.205884695053100586e-01
8.878409862518310547e-01
9.423605203628540039e-01
9.826930761337280273e-01
9.701936244964599609e-01
6.892873644828796387e-01
1.852417886257171631e-01
8.553134649991989136e-02
1.238335445523262024e-01
4.035905599594116211e-01
6.967545151710510254e-01
9.798072576522827148e-01
9.861650466918945312e-01
7.254115343093872070e-01
1.161254942417144775e-01
1.537551241881374153e-08
1.589496037013304885e-07
1.019424644255195744e-06
3.401355445384979248e-01
9.456678628921508789e-01
9.921021461486816406e-01
9.981079101562500000e-01
9.975269436836242676e-01
9.960048198699951172e-01
9.937869310379028320e-01
9.876666665077209473e-01
9.810903072357177734e-01
9.739263653755187988e-01
9.672785997390747070e-01
9.603748321533203125e-01
9.519070982933044434e-01
9.588122963905334473e-01
9.775962829589843750e-01
9.888634085655212402e-01
9.968503713607788086e-01
9.986967444419860840e-01
9.994475841522216797e-01
9.996829628944396973e-01
9.996843338012695312e-01
9.988941550254821777e-01
9.970749020576477051e-01
9.950971007347106934e-01
9.938372969627380371e-01
9.959625005722045898e-01
9.979435205459594727e-01
9.998093247413635254e-01
9.999654889106750488e-01
9.999437332153320312e-01
9.998189806938171387e-01
9.993874430656433105e-01
9.985564351081848145e-01
9.922668337821960449e-01
9.798262119293212891e-01
9.587935209274291992e-01
9.568991065025329590e-01
9.634895324707031250e-01
9.876447916030883789e-01
9.992755055427551270e-01
9.998790621757507324e-01
9.998541474342346191e-01
9.997158646583557129e-01
9.994531869888305664e-01
9.993622303009033203e-01
9.993606805801391602e-01
9.990260601043701172e-01
9.978876113891601562e-01
9.954673051834106445e-01
9.730905890464782715e-01
8.978325128555297852e-01
5.012348294258117676e-01
2.096907198429107666e-01
2.481444552540779114e-02
9.187658317387104034e-03
1.050634086132049561e-01
4.754658043384552002e-01
7.431639432907104492e-01
9.440389275550842285e-01
9.603958129882812500e-01
9.710595011711120605e-01
9.803954362869262695e-01
9.733879566192626953e-01
9.572117924690246582e-01
9.114698767662048340e-01
8.886796832084655762e-01
8.941494822502136230e-01
8.826605677604675293e-01
8.467408418655395508e-01
7.189114093780517578e-01
7.152556777000427246e-01
8.120998144149780273e-01
9.159440994262695312e-01
9.921268820762634277e-01
9.978678226470947266e-01
9.998926520347595215e-01
9.999527335166931152e-01
9.999217987060546875e-01
9.996948838233947754e-01
9.991564154624938965e-01
9.944202899932861328e-01
9.846246242523193359e-01
9.478948116302490234e-01
9.071263670921325684e-01
8.620464801788330078e-01
8.512150645256042480e-01
8.356388807296752930e-01
7.827546596527099609e-01
6.854353547096252441e-01
5.565211176872253418e-01
4.232253730297088623e-01
3.447876870632171631e-01
3.860046565532684326e-01
5.704911947250366211e-01
8.122197389602661133e-01
8.269203901290893555e-01
8.649082779884338379e-01
9.365354180335998535e-01
9.674506783485412598e-01
9.849268198013305664e-01
9.929059743881225586e-01
9.978098869323730469e-01
9.996737837791442871e-01
9.999586939811706543e-01
9.999900460243225098e-01
9.999850988388061523e-01
9.999806284904479980e-01
9.999764561653137207e-01
9.999843239784240723e-01
9.999877810478210449e-01
9.999806880950927734e-01
9.999451637268066406e-01
9.998719692230224609e-01
9.992706775665283203e-01
9.970834851264953613e-01
9.925963878631591797e-01
9.906405210494995117e-01
9.903510808944702148e-01
9.960110783576965332e-01
9.991768598556518555e-01
9.997856616973876953e-01
9.998142719268798828e-01
9.995131492614746094e-01
9.983714222908020020e-01
9.934014678001403809e-01
9.856380224227905273e-01
9.839594364166259766e-01
9.861509799957275391e-01
9.964819550514221191e-01
9.907093644142150879e-01
9.764298200607299805e-01
9.521086215972900391e-01
8.984919786453247070e-01
7.974254488945007324e-01
8.408794999122619629e-01
9.294460415840148926e-01
9.735425114631652832e-01
9.980508685111999512e-01
9.996516108512878418e-01
9.997478723526000977e-01
9.991713166236877441e-01
9.970346093177795410e-01
9.872710108757019043e-01
9.709871411323547363e-01
9.813541769981384277e-01
9.926463961601257324e-01
9.979646205902099609e-01
9.512683153152465820e-01
8.723236322402954102e-01
8.813269734382629395e-01
8.973029851913452148e-01
9.229272007942199707e-01
9.412971735000610352e-01
9.565214514732360840e-01
9.736790060997009277e-01
9.863430857658386230e-01
9.924554228782653809e-01
9.948818087577819824e-01
9.962002038955688477e-01
9.978231787681579590e-01
9.989486336708068848e-01
9.995307326316833496e-01
9.967538714408874512e-01
9.944536089897155762e-01
9.970385432243347168e-01
9.988036751747131348e-01
9.998936653137207031e-01
9.844393730163574219e-01
9.597064852714538574e-01
9.133144021034240723e-01
9.334130883216857910e-01
9.953314661979675293e-01
9.988617897033691406e-01
9.999750256538391113e-01
9.999815821647644043e-01
9.999816417694091797e-01
9.999788999557495117e-01
9.999843239784240723e-01
9.999895691871643066e-01
9.999947547912597656e-01
9.999969005584716797e-01
9.999979138374328613e-01
9.999970197677612305e-01
9.999974966049194336e-01
9.999995827674865723e-01
1.000000000000000000e+00
9.999942779541015625e-01
9.999585151672363281e-01
9.998889565467834473e-01
9.997870326042175293e-01
9.995355606079101562e-01
9.972203969955444336e-01
9.876569509506225586e-01
9.558070898056030273e-01
9.072693586349487305e-01
9.514228105545043945e-01
9.903874397277832031e-01
9.970830082893371582e-01
9.995887875556945801e-01
9.996381998062133789e-01
9.988854527473449707e-01
9.985655546188354492e-01
9.991354942321777344e-01
9.995816946029663086e-01
9.999577403068542480e-01
9.999839663505554199e-01
9.999974370002746582e-01
9.999908208847045898e-01
9.999787807464599609e-01
9.999656677246093750e-01
9.999606013298034668e-01
9.997546076774597168e-01
9.992974400520324707e-01
9.887875318527221680e-01
9.692565798759460449e-01
9.119338393211364746e-01
8.658702373504638672e-01
8.313303589820861816e-01
9.044932723045349121e-01
9.816993474960327148e-01
9.923620223999023438e-01
9.978260993957519531e-01
9.989299774169921875e-01
9.995630979537963867e-01
1.000000000000000000e+00
1.000000000000000000e+00
9.999357461929321289e-01
9.998275041580200195e-01
9.997690916061401367e-01
9.992995262145996094e-01
9.978173375129699707e-01
9.773782491683959961e-01
9.461627602577209473e-01
4.520844519138336182e-01
9.370927512645721436e-02
2.267883904278278351e-02
1.436312013538554311e-04
4.573674406856298447e-03
1.552668362855911255e-01
3.863485157489776611e-01
7.500209808349609375e-01
8.750343918800354004e-01
9.094629883766174316e-01
9.496747255325317383e-01
9.799206852912902832e-01
9.961552619934082031e-01
9.642707109451293945e-01
8.835875391960144043e-01
5.251228213310241699e-01
2.387795299291610718e-01
3.965119644999504089e-02
1.202158540764127967e-14
1.383661018015696024e-22
1.083689906156057593e-21
6.495439447462558746e-03
1.966856047511100769e-02
2.584080994129180908e-01
5.348252058029174805e-01
7.857825756072998047e-01
9.324563145637512207e-01
9.859389662742614746e-01
9.962970614433288574e-01
9.995776414871215820e-01
9.998711347579956055e-01
9.999501109123229980e-01
9.998613595962524414e-01
9.997836351394653320e-01
9.997421503067016602e-01
9.998061060905456543e-01
9.998741149902343750e-01
9.999447464942932129e-01
9.998578429222106934e-01
9.995499849319458008e-01
9.987069964408874512e-01
9.982594847679138184e-01
9.980487823486328125e-01
9.984922409057617188e-01
9.988964796066284180e-01
9.991671442985534668e-01
9.993951916694641113e-01
9.996002316474914551e-01
9.996938705444335938e-01
9.997075796127319336e-01
9.995653033256530762e-01
9.995610117912292480e-01
9.996246099472045898e-01
9.998116493225097656e-01
9.999449253082275391e-01
9.999841451644897461e-01
9.998941421508789062e-01
9.994705319404602051e-01
9.934299588203430176e-01
9.852322340011596680e-01
9.736244678497314453e-01
9.824421405792236328e-01
9.978143572807312012e-01
9.986554980278015137e-01
9.974851012229919434e-01
9.934033751487731934e-01
9.911456704139709473e-01
9.869958758354187012e-01
9.574254155158996582e-01
8.125249147415161133e-01
5.145916938781738281e-01
4.368696808815002441e-01
4.592675864696502686e-01
7.577177882194519043e-01
9.376995563507080078e-01
9.718756079673767090e-01
7.530788779258728027e-01
4.640948772430419922e-01
1.621194481849670410e-01
6.632082659052684903e-05
1.102335136238252744e-05
2.162440121173858643e-02
1.135535314679145813e-01
6.026334762573242188e-01
8.912667036056518555e-01
9.615317583084106445e-01
9.735863208770751953e-01
9.742182493209838867e-01
9.837950468063354492e-01
9.910554885864257812e-01
9.959244728088378906e-01
9.943176507949829102e-01
9.920628666877746582e-01
9.933094382286071777e-01
9.953247904777526855e-01
9.981052875518798828e-01
9.577974081039428711e-01
8.215178847312927246e-01
2.700551450252532959e-01
1.752587422743090428e-06
2.336264088853567955e-07
3.031931410077959299e-04
7.811848819255828857e-02
5.006873607635498047e-01
7.885754108428955078e-01
9.514884352684020996e-01
9.835610985755920410e-01
9.906255006790161133e-01
9.872627854347229004e-01
8.784600496292114258e-01
6.732420325279235840e-01
4.847131371498107910e-01
3.820869922637939453e-01
6.283774375915527344e-01
8.101236820220947266e-01
9.337109923362731934e-01
9.650012850761413574e-01
9.798860549926757812e-01
9.891008734703063965e-01
9.940184354782104492e-01
9.951202869415283203e-01
9.934437870979309082e-01
9.922497272491455078e-01
9.948457479476928711e-01
9.970076084136962891e-01
9.987819790840148926e-01
9.994419813156127930e-01
9.998376369476318359e-01
9.998872280120849609e-01
9.999202489852905273e-01
9.999384284019470215e-01
9.996411800384521484e-01
9.991447329521179199e-01
9.980292320251464844e-01
9.966259598731994629e-01
9.949630498886108398e-01
9.936748743057250977e-01
9.885858297348022461e-01
9.668595790863037109e-01
8.355773091316223145e-01
6.026953458786010742e-01
5.799468159675598145e-01
5.494537949562072754e-01
3.146821856498718262e-01
1.451687216758728027e-01
3.810210525989532471e-02
3.036990389227867126e-02
6.987150013446807861e-02
2.458184659481048584e-01
4.952569305896759033e-01
8.172599077224731445e-01
9.236244559288024902e-01
9.772918820381164551e-01
9.822028875350952148e-01
9.819863438606262207e-01
9.764668941497802734e-01
9.310145378112792969e-01
8.831919431686401367e-01
8.711992502212524414e-01
8.893688321113586426e-01
9.404459595680236816e-01
9.715369343757629395e-01
9.946672320365905762e-01
9.979670047760009766e-01
9.998056292533874512e-01
9.999624490737915039e-01
9.999883174896240234e-01
9.999482035636901855e-01
9.996777176856994629e-01
9.995086193084716797e-01
9.994640946388244629e-01
9.162324666976928711e-01
7.980507016181945801e-01
5.840565562248229980e-01
5.490339398384094238e-01
7.522673010826110840e-01
8.682777285575866699e-01
9.502631425857543945e-01
9.699853062629699707e-01
9.845026135444641113e-01
9.915165901184082031e-01
9.888831973075866699e-01
9.810969233512878418e-01
9.481843709945678711e-01
8.965343832969665527e-01
8.153440952301025391e-01
8.179256319999694824e-01
8.539403676986694336e-01
8.833757042884826660e-01
9.216446876525878906e-01
9.753971695899963379e-01
8.523650169372558594e-01
6.472142338752746582e-01
2.791503667831420898e-01
4.553574323654174805e-02
7.476084679365158081e-02
4.106424748897552490e-01
9.014508724212646484e-01
3.719697296619415283e-01
4.154439015024991022e-09
1.745476474468432571e-08
7.161904126405715942e-02
1.841658055782318115e-01
6.257312893867492676e-01
9.606068134307861328e-01
9.880948662757873535e-01
9.991250038146972656e-01
9.993984699249267578e-01
9.916637539863586426e-01
9.850316047668457031e-01
9.835060238838195801e-01
9.871557354927062988e-01
9.946243762969970703e-01
9.975482225418090820e-01
9.994980096817016602e-01
9.998233914375305176e-01
9.999665021896362305e-01
9.999552965164184570e-01
9.986392855644226074e-01
9.956218004226684570e-01
9.859915375709533691e-01
9.809824228286743164e-01
9.804996848106384277e-01
9.848365783691406250e-01
9.896770715713500977e-01
9.916249513626098633e-01
9.926376938819885254e-01
9.925913214683532715e-01
9.865567088127136230e-01
9.425965547561645508e-01
6.097140908241271973e-01
3.122465908527374268e-01
6.223815679550170898e-02
1.105595046624330280e-07
8.858541150402743369e-06
1.356363063678145409e-04
8.307528495788574219e-02
2.955904006958007812e-01
5.790283679962158203e-01
8.844080567359924316e-01
9.353969693183898926e-01
9.611660838127136230e-01
9.394186735153198242e-01
6.735098361968994141e-01
2.853744328022003174e-01
1.179122328758239746e-01
7.461425382643938065e-03
2.021616511046886444e-02
2.663757801055908203e-01
6.545820832252502441e-01
8.504984378814697266e-01
9.889009594917297363e-01
9.963876008987426758e-01
9.997045397758483887e-01
9.999245405197143555e-01
9.963541626930236816e-01
9.887124300003051758e-01
9.674433469772338867e-01
9.670563936233520508e-01
9.854892492294311523e-01
9.939214587211608887e-01
9.994900822639465332e-01
9.998014569282531738e-01
9.999731183052062988e-01
9.999912381172180176e-01
9.999932050704956055e-01
9.999883174896240234e-01
9.999617934226989746e-01
9.999163150787353516e-01
9.998449683189392090e-01
9.998154640197753906e-01
9.998001456260681152e-01
9.997698664665222168e-01
9.996597766876220703e-01
9.994122982025146484e-01
9.988746643066406250e-01
9.982011914253234863e-01
9.974540472030639648e-01
9.970600008964538574e-01
9.974427223205566406e-01
9.944149851799011230e-01
9.893409609794616699e-01
9.737327694892883301e-01
9.626268148422241211e-01
9.667803645133972168e-01
9.776511788368225098e-01
9.936846494674682617e-01
9.733220934867858887e-01
8.858593106269836426e-01
5.398740768432617188e-01
4.124712347984313965e-01
4.977051317691802979e-01
6.783097386360168457e-01
8.556064367294311523e-01
8.780499696731567383e-01
7.902292609214782715e-01
5.649703145027160645e-01
5.558827519416809082e-01
6.238821148872375488e-01
8.015149235725402832e-01
9.264472126960754395e-01
9.653902053833007812e-01
9.743587970733642578e-01
9.700725674629211426e-01
9.853559136390686035e-01
9.965951442718505859e-01
9.990050792694091797e-01
9.997731447219848633e-01
9.995633363723754883e-01
9.967716336250305176e-01
9.922259449958801270e-01
9.828583598136901855e-01
9.677196741104125977e-01
9.479963183403015137e-01
7.674977779388427734e-01
5.361261367797851562e-01
1.817582100629806519e-01
4.873752443290690906e-12
8.270484449200699029e-13
4.640152454376220703e-01
9.867095351219177246e-01
9.923995733261108398e-01
9.935881495475769043e-01
9.884452223777770996e-01
9.875130057334899902e-01
9.883893728256225586e-01
9.952315092086791992e-01
9.995251893997192383e-01
9.989271759986877441e-01
9.964936971664428711e-01
9.930673241615295410e-01
9.897231459617614746e-01
9.884036779403686523e-01
9.926916956901550293e-01
9.958738088607788086e-01
9.982274174690246582e-01
9.956538677215576172e-01
9.879019260406494141e-01
9.605992436408996582e-01
9.353182315826416016e-01
9.121048450469970703e-01
8.944333791732788086e-01
8.742507696151733398e-01
8.220812082290649414e-01
8.032147288322448730e-01
8.314534425735473633e-01
8.905004858970642090e-01
9.599639177322387695e-01
9.741676449775695801e-01
9.797723889350891113e-01
9.680213332176208496e-01
9.765834212303161621e-01
9.967018961906433105e-01
9.921658635139465332e-01
9.698837995529174805e-01
8.984149694442749023e-01
6.061106920242309570e-01
1.368739455938339233e-01
3.511155769228935242e-02
1.185210112453205511e-05
4.600185093295294791e-06
1.392632815986871719e-02
4.370834305882453918e-02
2.829909324645996094e-01
5.751160979270935059e-01
7.486923336982727051e-01
8.851462602615356445e-01
9.600446224212646484e-01
9.877734184265136719e-01
9.934598803520202637e-01
9.950523376464843750e-01
9.960015416145324707e-01
9.955186247825622559e-01
9.966031908988952637e-01
9.987667202949523926e-01
9.993674159049987793e-01
9.910658597946166992e-01
9.471811652183532715e-01
6.770936250686645508e-01
1.791046112775802612e-01
8.108858764171600342e-02
1.360052078962326050e-01
6.538940072059631348e-01
9.716032147407531738e-01
9.932246804237365723e-01
9.996657967567443848e-01
9.997466206550598145e-01
9.998964071273803711e-01
1.000000000000000000e+00
1.000000000000000000e+00
1.000000000000000000e+00
1.000000000000000000e+00
9.919934868812561035e-01
9.843922853469848633e-01
9.813066124916076660e-01
9.842758178710937500e-01
9.931015968322753906e-01
9.968904256820678711e-01
9.992219209671020508e-01
9.993124008178710938e-01
9.993520379066467285e-01
9.993180036544799805e-01
9.994853138923645020e-01
9.997345209121704102e-01
9.998716115951538086e-01
9.999724030494689941e-01
9.999914169311523438e-01
9.999893903732299805e-01
9.999736547470092773e-01
9.999830722808837891e-01
9.999935626983642578e-01
9.999978542327880859e-01
1.000000000000000000e+00
1.000000000000000000e+00
9.988544583320617676e-01
9.969018101692199707e-01
9.900315999984741211e-01
9.863107800483703613e-01
9.874216914176940918e-01
9.914773702621459961e-01
9.968470931053161621e-01
9.799532294273376465e-01
9.007976055145263672e-01
6.675981283187866211e-01
4.583122730255126953e-01
2.661587297916412354e-01
2.773391306400299072e-01
3.378759622573852539e-01
4.984051883220672607e-01
6.473956108093261719e-01
7.833935022354125977e-01
5.212088823318481445e-01
1.559724807739257812e-01
6.097564101219177246e-02
1.794926902221050113e-06
5.506194156623678282e-06
3.508721664547920227e-02
8.865576237440109253e-02
5.724344253540039062e-01
9.606013894081115723e-01
9.827877283096313477e-01
9.911810159683227539e-01
9.876953959465026855e-01
9.741625189781188965e-01
9.508337378501892090e-01
8.730428814888000488e-01
7.528584599494934082e-01
5.741478204727172852e-01
5.475191473960876465e-01
5.831933021545410156e-01
7.781636118888854980e-01
9.249690771102905273e-01
9.585568308830261230e-01
9.767316579818725586e-01
9.843330979347229004e-01
9.914183020591735840e-01
9.974747300148010254e-01
9.990521669387817383e-01
9.937776327133178711e-01
9.807742238044738770e-01
5.419294238090515137e-01
4.462686188470843529e-13
1.765003751876340066e-13
2.740637994325112459e-10
1.066766674995278663e-09
1.314430963248014450e-02
3.379573300480842590e-02
1.648806035518646240e-02
7.124623516574501991e-04
3.517365257721394300e-04
1.917796616908162832e-04
2.224026102339848876e-04
8.001018315553665161e-03
4.761595651507377625e-02
3.776559233665466309e-01
6.664614081382751465e-01
8.891139626502990723e-01
9.754538536071777344e-01
9.959234595298767090e-01
9.985082149505615234e-01
9.999399185180664062e-01
9.999774694442749023e-01
9.999954700469970703e-01
9.999969601631164551e-01
9.999985694885253906e-01
9.999985694885253906e-01
9.999868273735046387e-01
9.999648928642272949e-01
9.999285936355590820e-01
9.998692274093627930e-01
9.997999668121337891e-01
9.995346665382385254e-01
9.992941021919250488e-01
9.991235733032226562e-01
9.992510080337524414e-01
9.996081590652465820e-01
9.998187422752380371e-01
9.999768733978271484e-01
9.999724626541137695e-01
9.999045133590698242e-01
9.997519254684448242e-01
9.996571540832519531e-01
9.995843768119812012e-01
9.993126392364501953e-01
9.990558624267578125e-01
9.988356232643127441e-01
9.983907938003540039e-01
9.977821707725524902e-01
9.978418946266174316e-01
9.981106519699096680e-01
9.989695549011230469e-01
9.995893239974975586e-01
9.998968243598937988e-01
9.999840259552001953e-01
9.999856948852539062e-01
9.999527335166931152e-01
9.997518062591552734e-01
9.991466403007507324e-01
9.420620799064636230e-01
8.439078927040100098e-01
7.184496521949768066e-01
6.305881142616271973e-01
7.858338356018066406e-01
9.041495323181152344e-01
9.736844897270202637e-01
9.447313547134399414e-01
8.762621879577636719e-01
3.666532337665557861e-01
1.424344372935593128e-04
4.317767889006063342e-05
2.627064787930066814e-09
7.282389358209684360e-09
8.815106004476547241e-02
1.775425374507904053e-01
1.728892475366592407e-01
2.573580443859100342e-01
4.673591554164886475e-01
7.200541496276855469e-01
9.912908077239990234e-01
9.985815882682800293e-01
9.999832510948181152e-01
9.999421238899230957e-01
9.989199042320251465e-01
9.970766305923461914e-01
9.932655096054077148e-01
9.887611865997314453e-01
9.819360375404357910e-01
9.673154354095458984e-01
9.405037164688110352e-01
9.112809300422668457e-01
8.808805346488952637e-01
9.299476742744445801e-01
9.557575583457946777e-01
8.934248089790344238e-01
8.812954425811767578e-01
9.165025353431701660e-01
9.588328599929809570e-01
9.996305704116821289e-01
9.998407959938049316e-01
9.999607205390930176e-01
9.999164342880249023e-01
9.997435212135314941e-01
9.994971156120300293e-01
7.006275057792663574e-01
3.899887800216674805e-01
1.439769119024276733e-01
7.690013200044631958e-02
2.070991992950439453e-01
4.935886263847351074e-01
8.214716911315917969e-01
8.857241868972778320e-01
9.360314607620239258e-01
9.553944468498229980e-01
9.739013314247131348e-01
9.918136000633239746e-01
9.969928860664367676e-01
9.994120597839355469e-01
9.970304369926452637e-01
9.751183986663818359e-01
9.267339706420898438e-01
8.196492195129394531e-01
6.875181198120117188e-01
7.782057523727416992e-01
8.670801520347595215e-01
9.385777115821838379e-01
9.795917272567749023e-01
9.941230416297912598e-01
9.981002807617187500e-01
9.995166659355163574e-01
9.997269511222839355e-01
9.998813271522521973e-01
9.999372363090515137e-01
9.999606609344482422e-01
9.999658465385437012e-01
9.999434947967529297e-01
9.999140501022338867e-01
9.998649954795837402e-01
9.998693466186523438e-01
9.999346733093261719e-01
9.999668002128601074e-01
9.999798536300659180e-01
9.995515942573547363e-01
9.980345368385314941e-01
9.938730597496032715e-01
9.875317811965942383e-01
9.795145988464355469e-01
9.853705763816833496e-01
9.931849837303161621e-01
9.956011176109313965e-01
9.977362155914306641e-01
9.994267821311950684e-01
9.978386759757995605e-01
9.945745468139648438e-01
9.873681068420410156e-01
9.735829830169677734e-01
9.359712004661560059e-01
8.998478651046752930e-01
8.654052615165710449e-01
9.069647192955017090e-01
9.716815948486328125e-01
9.870035052299499512e-01
9.979411959648132324e-01
9.985842704772949219e-01
9.982838630676269531e-01
9.972755908966064453e-01
9.892747402191162109e-01
9.769249558448791504e-01
9.413423538208007812e-01
9.352456927299499512e-01
9.758837223052978516e-01
9.936662912368774414e-01
9.995911717414855957e-01
9.842645525932312012e-01
9.730561375617980957e-01
9.843985438346862793e-01
9.927432537078857422e-01
9.977300167083740234e-01
9.986078143119812012e-01
9.980462789535522461e-01
9.963697791099548340e-01
9.955056905746459961e-01
9.967192411422729492e-01
9.977893233299255371e-01
9.987441897392272949e-01
9.986875653266906738e-01
9.983184933662414551e-01
9.970223903656005859e-01
9.968066811561584473e-01
9.984914064407348633e-01
9.993848204612731934e-01
9.998169541358947754e-01
9.997118711471557617e-01
9.995858669281005859e-01
9.996516704559326172e-01
9.995691180229187012e-01
9.992945790290832520e-01
9.993280768394470215e-01
9.994911551475524902e-01
9.997403621673583984e-01
9.999116063117980957e-01
9.998282194137573242e-01
9.991331696510314941e-01
9.978479146957397461e-01
9.890071749687194824e-01
9.770401120185852051e-01
9.444317221641540527e-01
9.186634421348571777e-01
9.081241488456726074e-01
9.246116280555725098e-01
9.609078168869018555e-01
8.969475030899047852e-01
8.330342173576354980e-01
9.239429831504821777e-01
9.847030043601989746e-01
9.950465559959411621e-01
9.988182187080383301e-01
9.988856911659240723e-01
9.987958073616027832e-01
9.986470341682434082e-01
9.982926845550537109e-01
9.970881342887878418e-01
9.947839975357055664e-01
9.902260899543762207e-01
9.847155809402465820e-01
9.852592945098876953e-01
9.877153038978576660e-01
9.958801865577697754e-01
9.998984336853027344e-01
9.996932148933410645e-01
9.997260570526123047e-01
9.998341202735900879e-01
9.999143481254577637e-01
9.998803734779357910e-01
9.995620250701904297e-01
9.993460774421691895e-01
9.992139339447021484e-01
9.990534186363220215e-01
9.986303448677062988e-01
9.951816797256469727e-01
9.895954728126525879e-01
9.798672795295715332e-01
9.804739356040954590e-01
9.879023432731628418e-01
9.939947724342346191e-01
9.991937279701232910e-01
9.996465444564819336e-01
9.999229311943054199e-01
9.999203085899353027e-01
9.991185665130615234e-01
9.978867173194885254e-01
9.953403472900390625e-01
9.935789108276367188e-01
9.961606264114379883e-01
9.954037070274353027e-01
9.903227090835571289e-01
6.008971333503723145e-01
4.364191740751266479e-02
9.021034464240074158e-03
3.616848516685422510e-06
2.027600021392572671e-05
2.718800306320190430e-01
8.429785370826721191e-01
9.957097768783569336e-01
9.996272325515747070e-01
9.998461008071899414e-01
9.998989701271057129e-01
9.995042085647583008e-01
9.931943416595458984e-01
9.813574552536010742e-01
9.417094588279724121e-01
8.958701491355895996e-01
8.986944556236267090e-01
9.157232642173767090e-01
9.666506648063659668e-01
9.920482039451599121e-01
9.967959523200988770e-01
9.983366727828979492e-01
9.990673065185546875e-01
9.990117549896240234e-01
9.987390041351318359e-01
9.980183243751525879e-01
9.976307749748229980e-01
9.974806904792785645e-01
9.985287189483642578e-01
9.996917247772216797e-01
9.998794198036193848e-01
9.999989867210388184e-01
9.999961256980895996e-01
9.999943375587463379e-01
9.999933242797851562e-01
9.999915957450866699e-01
9.999771714210510254e-01
9.998771548271179199e-01
9.966226816177368164e-01
9.882920980453491211e-01
8.428412675857543945e-01
6.195226907730102539e-01
4.673587381839752197e-01
3.621236383914947510e-01
4.748823344707489014e-01
6.361905932426452637e-01
8.688496351242065430e-01
9.669030308723449707e-01
9.965112209320068359e-01
9.994802474975585938e-01
9.999619126319885254e-01
9.999547600746154785e-01
9.999526143074035645e-01
9.999572634696960449e-01
9.999365210533142090e-01
9.999038577079772949e-01
9.996418356895446777e-01
9.993104934692382812e-01
9.987488985061645508e-01
9.985377788543701172e-01
9.987710118293762207e-01
9.992313385009765625e-01
9.997907876968383789e-01
9.998424053192138672e-01
9.998397231101989746e-01
9.997306466102600098e-01
9.996671080589294434e-01
9.996582269668579102e-01
9.997525811195373535e-01
9.998896718025207520e-01
9.999274611473083496e-01
9.999499320983886719e-01
9.999309778213500977e-01
9.997512102127075195e-01
9.993847012519836426e-01
9.900200963020324707e-01
9.770379662513732910e-01
9.235753417015075684e-01
8.816407322883605957e-01
8.860344290733337402e-01
9.165395498275756836e-01
9.766276478767395020e-01
9.957110881805419922e-01
9.990367889404296875e-01
9.991123080253601074e-01
9.985505342483520508e-01
9.960716962814331055e-01
9.919820427894592285e-01
9.860810041427612305e-01
9.892160296440124512e-01
9.958590269088745117e-01
9.971642494201660156e-01
9.981829524040222168e-01
9.987850785255432129e-01
9.993249177932739258e-01
9.997942447662353516e-01
9.999471902847290039e-01
9.999759793281555176e-01
9.999776482582092285e-01
9.999433755874633789e-01
9.997826814651489258e-01
9.965741634368896484e-01
9.898649454116821289e-01
9.826660156250000000e-01
9.752694368362426758e-01
9.808194637298583984e-01
9.807315468788146973e-01
9.570324420928955078e-01
8.178079724311828613e-01
5.401361584663391113e-01
4.808519482612609863e-01
5.143400430679321289e-01
6.875267028808593750e-01
8.487615585327148438e-01
9.315957427024841309e-01
9.828267693519592285e-01
9.945559501647949219e-01
9.988030791282653809e-01
9.997076392173767090e-01
9.998735785484313965e-01
9.999596476554870605e-01
9.999130368232727051e-01
9.998161792755126953e-01
9.996517300605773926e-01
9.992755651473999023e-01
9.987961053848266602e-01
9.974551200866699219e-01
9.962786436080932617e-01
9.963299036026000977e-01
9.931749701499938965e-01
9.853827953338623047e-01
7.184854745864868164e-01
3.151674270629882812e-01
1.343953907489776611e-01
7.003445061855018139e-04
2.761074865702539682e-04
7.794526871293783188e-03
2.789770998060703278e-02
1.616124063730239868e-01
3.619968593120574951e-01
5.545277595520019531e-01
7.374181151390075684e-01
8.547027111053466797e-01
9.430304765701293945e-01
9.801287055015563965e-01
9.963895678520202637e-01
9.990122914314270020e-01
9.994527697563171387e-01
9.995015263557434082e-01
9.995150566101074219e-01
9.995578527450561523e-01
9.996593594551086426e-01
9.990919828414916992e-01
9.980311393737792969e-01
9.847183823585510254e-01
9.694175720214843750e-01
9.666450619697570801e-01
9.696980714797973633e-01
9.863435626029968262e-01
9.957529902458190918e-01
9.990224242210388184e-01
9.997360706329345703e-01
9.997406005859375000e-01
9.998685121536254883e-01
9.999681711196899414e-01
9.999894499778747559e-01
9.928231239318847656e-01
9.786548018455505371e-01
7.057784795761108398e-01
3.445636332035064697e-01
2.943001091480255127e-01
3.342361748218536377e-01
6.689335107803344727e-01
8.871179223060607910e-01
9.703962802886962891e-01
9.969657063484191895e-01
9.995038509368896484e-01
9.998328685760498047e-01
9.999927282333374023e-01
9.999967813491821289e-01
9.999950528144836426e-01
9.999853372573852539e-01
9.993786215782165527e-01
9.984646439552307129e-01
9.982810616493225098e-01
9.983316659927368164e-01
9.993568062782287598e-01
9.982394576072692871e-01
9.935044050216674805e-01
9.895842671394348145e-01
9.861881732940673828e-01
9.923485517501831055e-01
9.995864033699035645e-01
9.995867013931274414e-01
9.986556768417358398e-01
9.957477450370788574e-01
9.932168126106262207e-01
9.909906387329101562e-01
9.936124086380004883e-01
9.973392486572265625e-01
9.964650273323059082e-01
9.904372692108154297e-01
9.702318906784057617e-01
9.556953310966491699e-01
9.467971324920654297e-01
9.589890837669372559e-01
9.787643551826477051e-01
9.313488602638244629e-01
9.042454957962036133e-01
9.623339176177978516e-01
9.960155487060546875e-01
9.988609552383422852e-01
9.997613430023193359e-01
9.997387528419494629e-01
9.997872114181518555e-01
9.998465776443481445e-01
9.999297857284545898e-01
9.999830722808837891e-01
9.999880790710449219e-01
9.999904036521911621e-01
9.999911189079284668e-01
9.999906420707702637e-01
9.999895095825195312e-01
9.999831914901733398e-01
9.999825954437255859e-01
9.999945759773254395e-01
9.998978376388549805e-01
9.997113347053527832e-01
9.992440342903137207e-01
9.987102746963500977e-01
9.991196393966674805e-01
9.994887113571166992e-01
9.997328519821166992e-01
9.962821006774902344e-01
9.888045191764831543e-01
9.259653091430664062e-01
8.403349518775939941e-01
8.879755735397338867e-01
9.403906464576721191e-01
9.758802056312561035e-01
9.975227117538452148e-01
9.986535310745239258e-01
9.993175268173217773e-01
9.997140169143676758e-01
9.998811483383178711e-01
9.999970793724060059e-01
9.999665021896362305e-01
9.999216198921203613e-01
9.998474717140197754e-01
9.998200535774230957e-01
9.998295307159423828e-01
9.979302287101745605e-01
9.942688345909118652e-01
9.202271103858947754e-01
8.119267225265502930e-01
5.986990332603454590e-01
3.948796391487121582e-01
2.019629776477813721e-01
8.731043338775634766e-02
5.453953985124826431e-03
6.066590979569852493e-11
1.996034892925990789e-09
1.422181927779320176e-08
2.212667167186737061e-01
7.858147621154785156e-01
8.739496469497680664e-01
6.705936193466186523e-01
7.253471016883850098e-01
8.236547708511352539e-01
8.907452225685119629e-01
8.813369274139404297e-01
6.938766837120056152e-01
4.748581647872924805e-01
2.274473756551742554e-01
3.210183084011077881e-01
5.256019830703735352e-01
7.640767097473144531e-01
9.573372006416320801e-01
9.770045876502990723e-01
9.875599741935729980e-01
9.862406253814697266e-01
9.878864288330078125e-01
9.910513758659362793e-01
9.940139651298522949e-01
9.965029954910278320e-01
9.954299926757812500e-01
9.943251013755798340e-01
9.931615591049194336e-01
9.934853315353393555e-01
9.949685335159301758e-01
9.923584461212158203e-01
9.872324466705322266e-01
8.691693544387817383e-01
7.531743645668029785e-01
6.438455581665039062e-01
6.341604590415954590e-01
7.409636378288269043e-01
8.486177921295166016e-01
9.567188620567321777e-01
9.788759350776672363e-01
9.912803769111633301e-01
9.945357441902160645e-01
9.972702264785766602e-01
9.990767240524291992e-01
9.998447299003601074e-01
9.998610615730285645e-01
9.977330565452575684e-01
9.944211840629577637e-01
9.664919376373291016e-01
9.313157200813293457e-01
8.742240667343139648e-01
8.703902959823608398e-01
9.262541532516479492e-01
9.621980190277099609e-01
9.893792271614074707e-01
9.923076629638671875e-01
9.901908636093139648e-01
9.705147743225097656e-01
9.605412483215332031e-01
9.678213000297546387e-01
9.782516360282897949e-01
9.909755587577819824e-01
9.954150915145874023e-01
9.977481365203857422e-01
9.972671866416931152e-01
9.965996742248535156e-01
9.953485131263732910e-01
9.934990406036376953e-01
9.909574985504150391e-01
9.907155632972717285e-01
9.915324449539184570e-01
9.950934052467346191e-01
9.985517859458923340e-01
9.993563890457153320e-01
9.998854994773864746e-01
9.998912811279296875e-01
9.999207854270935059e-01
9.999687075614929199e-01
9.999796152114868164e-01
9.999802708625793457e-01
9.999446272850036621e-01
9.998242259025573730e-01
9.994028806686401367e-01
9.933302402496337891e-01
9.799976348876953125e-01
9.531042575836181641e-01
9.190517663955688477e-01
9.196208715438842773e-01
9.283331036567687988e-01
9.682572484016418457e-01
9.963622689247131348e-01
9.981704950332641602e-01
9.993126988410949707e-01
9.998595118522644043e-01
9.994379878044128418e-01
9.986817240715026855e-01
9.974582791328430176e-01
9.965491890907287598e-01
9.971958994865417480e-01
9.979913830757141113e-01
9.990175962448120117e-01
9.995908737182617188e-01
9.998715519905090332e-01
9.999127984046936035e-01
9.998921155929565430e-01
9.996092319488525391e-01
9.987930059432983398e-01
9.964439868927001953e-01
9.853326082229614258e-01
9.644165039062500000e-01
9.678621292114257812e-01
9.824825525283813477e-01
9.920359849929809570e-01
9.953125715255737305e-01
9.545577168464660645e-01
9.347725510597229004e-01
9.577895998954772949e-01
9.740812778472900391e-01
9.847621917724609375e-01
9.586727023124694824e-01
9.208501577377319336e-01
9.187235832214355469e-01
9.236715435981750488e-01
9.548698067665100098e-01
9.767764210700988770e-01
9.847382903099060059e-01
9.891276955604553223e-01
9.912464022636413574e-01
9.947323799133300781e-01
9.984002709388732910e-01
9.992544651031494141e-01
9.999082088470458984e-01
9.999570846557617188e-01
9.999876618385314941e-01
9.999969601631164551e-01
9.984263181686401367e-01
9.960889220237731934e-01
8.896319270133972168e-01
7.388030886650085449e-01
3.052642941474914551e-01
5.484487395733594894e-03
2.371857175603508949e-03
5.652106925845146179e-02
1.631456464529037476e-01
4.988493919372558594e-01
9.185917973518371582e-01
9.726749658584594727e-01
9.992470741271972656e-01
9.995914697647094727e-01
9.996192455291748047e-01
9.990895986557006836e-01
9.987857341766357422e-01
9.986510872840881348e-01
9.962145686149597168e-01
9.931405186653137207e-01
9.948495030403137207e-01
9.951984286308288574e-01
9.900962114334106445e-01
9.758057594299316406e-01
9.484059810638427734e-01
9.265090227127075195e-01
9.079680442810058594e-01
9.398545622825622559e-01
9.810368418693542480e-01
9.912570714950561523e-01
9.989175796508789062e-01
9.986186623573303223e-01
9.975085258483886719e-01
9.954146742820739746e-01
9.628892540931701660e-01
9.146593809127807617e-01
6.083577871322631836e-01
2.893517017364501953e-01
2.914407849311828613e-01
3.672795295715332031e-01
6.301581859588623047e-01
6.852301955223083496e-01
5.229566097259521484e-01
4.260307848453521729e-01
3.577747642993927002e-01
3.568462431430816650e-01
3.646475672721862793e-01
3.831651508808135986e-01
4.438056051731109619e-01
5.969673991203308105e-01
7.439397573471069336e-01
8.853338360786437988e-01
9.307100772857666016e-01
9.397513270378112793e-01
9.562548398971557617e-01
9.717133045196533203e-01
9.770191311836242676e-01
9.826053977012634277e-01
9.887459874153137207e-01
9.931935071945190430e-01
9.962242245674133301e-01
9.977515935897827148e-01
9.987701773643493652e-01
9.992775321006774902e-01
9.996856451034545898e-01
9.996936321258544922e-01
9.959078431129455566e-01
9.853842258453369141e-01
8.191182613372802734e-01
5.322504639625549316e-01
3.372933864593505859e-01
1.700648814439773560e-01
1.684864759445190430e-01
2.172870039939880371e-01
4.820644557476043701e-01
7.139967679977416992e-01
8.915129303932189941e-01
9.766499400138854980e-01
9.945186376571655273e-01
9.953328371047973633e-01
9.913214445114135742e-01
9.823866486549377441e-01
9.758073687553405762e-01
9.800916910171508789e-01
9.858219027519226074e-01
9.938634634017944336e-01
9.968438148498535156e-01
9.962528944015502930e-01
9.936181902885437012e-01
9.904363155364990234e-01
9.921638369560241699e-01
9.942038655281066895e-01
9.973525404930114746e-01
9.993386864662170410e-01
9.995044469833374023e-01
9.979011416435241699e-01
9.950590729713439941e-01
8.237601518630981445e-01
6.074475646018981934e-01
2.768556177616119385e-01
2.882708422839641571e-02
1.450871825218200684e-01
3.290545940399169922e-01
6.202186346054077148e-01
8.075292110443115234e-01
9.216775894165039062e-01
9.669807553291320801e-01
9.934734106063842773e-01
9.930552840232849121e-01
9.925649762153625488e-01
9.935841560363769531e-01
9.949937462806701660e-01
9.970366954803466797e-01
9.984486699104309082e-01
9.993982911109924316e-01
9.997693300247192383e-01
9.999716877937316895e-01
9.999882578849792480e-01
9.999181628227233887e-01
9.994482398033142090e-01
9.529531002044677734e-01
8.266000747680664062e-01
7.424808740615844727e-01
6.908617615699768066e-01
7.552644014358520508e-01
8.560789227485656738e-01
9.202321171760559082e-01
9.502624273300170898e-01
8.000976443290710449e-01
6.979290246963500977e-01
6.860092878341674805e-01
6.690186262130737305e-01
6.477928757667541504e-01
3.795910477638244629e-01
2.384104020893573761e-02
4.302988236304372549e-05
2.378165701611431940e-16
2.075673295487976203e-15
7.129786163568496704e-02
2.911205589771270752e-01
5.694294571876525879e-01
9.022861123085021973e-01
9.982260465621948242e-01
9.994956254959106445e-01
9.996792078018188477e-01
9.997204542160034180e-01
9.994835853576660156e-01
9.994072318077087402e-01
9.997169375419616699e-01
9.996321201324462891e-01
9.991296529769897461e-01
9.466871023178100586e-01
8.697625398635864258e-01
6.783374547958374023e-01
4.808471202850341797e-01
4.376931488513946533e-01
4.840745627880096436e-01
7.872325181961059570e-01
9.650891423225402832e-01
9.905058145523071289e-01
9.997218847274780273e-01
9.999597072601318359e-01
9.999995827674865723e-01
1.000000000000000000e+00
9.999999403953552246e-01
9.999998211860656738e-01
9.999992847442626953e-01
9.999958872795104980e-01
9.999884366989135742e-01
9.999720454216003418e-01
9.999498128890991211e-01
9.999295473098754883e-01
9.999099373817443848e-01
9.998505711555480957e-01
9.994514584541320801e-01
9.974215030670166016e-01
9.886490702629089355e-01
9.679828882217407227e-01
9.616317749023437500e-01
9.670854210853576660e-01
9.778175950050354004e-01
9.904494285583496094e-01
9.943279027938842773e-01
9.970633983612060547e-01
9.962139725685119629e-01
9.887606501579284668e-01
9.662143588066101074e-01
7.657115459442138672e-01
3.818953633308410645e-01
1.624106615781784058e-01
1.938736625015735626e-02
5.176917766220867634e-04
2.440430307615315542e-06
1.924488742588437162e-06
1.574431166773138102e-06
1.727088715597346891e-06
8.299268782138824463e-03
2.737355791032314301e-02
3.638012111186981201e-01
8.947696685791015625e-01
9.862034320831298828e-01
9.733843207359313965e-01
5.177969336509704590e-01
1.276105791330337524e-01
5.138493329286575317e-02
7.107176817953586578e-03
1.759761758148670197e-02
2.313778549432754517e-01
6.100242137908935547e-01
7.716999053955078125e-01
8.571990728378295898e-01
9.251018762588500977e-01
9.845905900001525879e-01
9.886510968208312988e-01
9.876046180725097656e-01
9.744198918342590332e-01
9.653913378715515137e-01
9.609189033508300781e-01
9.681383967399597168e-01
9.812914729118347168e-01
9.893151521682739258e-01
9.961944222450256348e-01
9.956934452056884766e-01
9.928486943244934082e-01
9.815990328788757324e-01
9.566799998283386230e-01
9.113544225692749023e-01
8.000032901763916016e-01
6.416957974433898926e-01
3.773901760578155518e-01
8.210979402065277100e-02
3.227655962109565735e-02
5.689820281595814322e-10
2.306578539279513507e-10
3.040992750582421911e-13
1.257351753096436209e-12
3.254627063870429993e-02
9.745005518198013306e-02
1.175301596522331238e-01
1.166581064462661743e-01
1.048078015446662903e-01
9.957095980644226074e-02
2.570134103298187256e-01
4.093997776508331299e-01
5.436378717422485352e-01
6.633709073066711426e-01
7.630681991577148438e-01
8.440075516700744629e-01
9.123144149780273438e-01
8.565539121627807617e-01
7.642980813980102539e-01
4.538964033126831055e-01
1.624401956796646118e-01
6.633024662733078003e-02
1.827837695600464940e-04
6.491161184385418892e-05
3.521797907524160109e-06
8.737311532058811281e-07
5.887487025679760677e-11
1.464281057517169415e-10
5.518952384591102600e-02
1.198350489139556885e-01
1.760718226432800293e-01
1.953812986612319946e-01
7.413793355226516724e-02
0.000000000000000000e+00
0.000000000000000000e+00
2.742288813806226244e-07
7.608956593685434200e-07
3.847090899944305420e-01
9.009965062141418457e-01
7.538149356842041016e-01
5.698366761207580566e-01
5.685701370239257812e-01
5.811139941215515137e-01
6.294116973876953125e-01
5.297863483428955078e-01
2.537819147109985352e-01
9.995406866073608398e-02
1.741999387741088867e-02
1.239492907188832760e-03
5.559495184570550919e-04
2.204289659857749939e-02
1.003825366497039795e-01
4.726965427398681641e-01
7.666831612586975098e-01
9.088740348815917969e-01
7.337554097175598145e-01
2.564976811408996582e-01
1.123782992362976074e-01
1.183467209339141846e-01
9.551437199115753174e-02
6.918047368526458740e-02
6.546194851398468018e-02
5.508696660399436951e-02
2.086200192570686340e-02
1.551591077841862898e-09
4.719069579550705384e-10
2.568821582826785743e-05
7.113794708857312799e-05
3.659951984882354736e-01
8.614960312843322754e-01
9.275962114334106445e-01
9.484933614730834961e-01
9.176286458969116211e-01
8.777766227722167969e-01
8.121516108512878418e-01
8.080992102622985840e-01
8.839829564094543457e-01
9.368366599082946777e-01
9.748543500900268555e-01
9.871329665184020996e-01
9.922384619712829590e-01
9.879828691482543945e-01
9.838507771492004395e-01
9.834267497062683105e-01
9.845460057258605957e-01
9.892419576644897461e-01
9.933765530586242676e-01
9.968705177307128906e-01
9.791103005409240723e-01
9.495703577995300293e-01
6.245089173316955566e-01
2.319524437189102173e-01
1.043205335736274719e-01
3.746504953596740961e-04
2.578578190878033638e-03
1.189655140042304993e-01
4.671058952808380127e-01
4.635901749134063721e-01
1.143679544329643250e-01
6.317980860703897861e-11
8.648408378331140511e-12
0.000000000000000000e+00
0.000000000000000000e+00
0.000000000000000000e+00
1.491375733166933060e-02
9.701690822839736938e-02
3.082532584667205811e-01
7.592622041702270508e-01
9.758144021034240723e-01
9.764808416366577148e-01
9.047115445137023926e-01
7.998907566070556641e-01
7.223535180091857910e-01
6.556983590126037598e-01
8.194465637207031250e-01
9.537917375564575195e-01
9.683139920234680176e-01
9.791487455368041992e-01
9.835110306739807129e-01
9.887760281562805176e-01
9.948176741600036621e-01
9.966804385185241699e-01
9.967149496078491211e-01
9.949521422386169434e-01
9.917039275169372559e-01
9.521293640136718750e-01
9.150977134704589844e-01
8.887291550636291504e-01
7.027593255043029785e-01
2.389021962881088257e-01
1.611969061195850372e-02
3.715683706104755402e-03
2.235265914350748062e-03
5.418320652097463608e-03
4.390478730201721191e-01
9.245296716690063477e-01
9.662990570068359375e-01
9.998624324798583984e-01
9.999390840530395508e-01
9.999748468399047852e-01
9.999381899833679199e-01
9.989619851112365723e-01
9.971377253532409668e-01
9.738666415214538574e-01
9.409527778625488281e-01
9.541443586349487305e-01
9.741024374961853027e-01
9.479687809944152832e-01
9.300677776336669922e-01
9.479510188102722168e-01
9.554268121719360352e-01
9.436643719673156738e-01
9.202709197998046875e-01
8.859828114509582520e-01
6.249225735664367676e-01
2.565223276615142822e-01
1.069914102554321289e-01
1.506131866335636005e-05
3.717110725119709969e-03
8.666200935840606689e-02
5.652086734771728516e-01
9.069290757179260254e-01
9.670165181159973145e-01
9.980907440185546875e-01
9.994167089462280273e-01
9.999180436134338379e-01
9.999874234199523926e-01
9.999392628669738770e-01
9.998652338981628418e-01
9.988638758659362793e-01
9.971498250961303711e-01
9.911361336708068848e-01
9.854367971420288086e-01
9.804766178131103516e-01
9.775443673133850098e-01
9.769899249076843262e-01
9.774481058120727539e-01
9.785224199295043945e-01
9.735757112503051758e-01
9.669551253318786621e-01
9.612697362899780273e-01
9.578052163124084473e-01
9.729735851287841797e-01
9.862742424011230469e-01
9.945309758186340332e-01
9.994338154792785645e-01
9.998338222503662109e-01
9.999968409538269043e-01
9.999914169311523438e-01
9.999205470085144043e-01
9.998272657394409180e-01
9.991077184677124023e-01
9.903675913810729980e-01
8.582923412322998047e-01
6.659033298492431641e-01
2.595859467983245850e-01
4.322497174143791199e-03
1.369851408526301384e-03
1.833581477403640747e-01
5.268368124961853027e-01
7.598165273666381836e-01
9.447401762008666992e-01
9.823917746543884277e-01
9.943340420722961426e-01
9.971624612808227539e-01
9.995611906051635742e-01
9.997994303703308105e-01
9.999679923057556152e-01
9.999889731407165527e-01
1.000000000000000000e+00
1.000000000000000000e+00
9.999807476997375488e-01
9.999502897262573242e-01
9.988440871238708496e-01
9.974474906921386719e-01
9.856961369514465332e-01
9.742121100425720215e-01
9.707192182540893555e-01
9.716430902481079102e-01
9.853441119194030762e-01
9.947816729545593262e-01
9.981937408447265625e-01
9.992644190788269043e-01
9.985494017601013184e-01
9.935672283172607422e-01
9.869473576545715332e-01
9.840760231018066406e-01
9.820396900177001953e-01
9.894325733184814453e-01
9.958208799362182617e-01
9.976568222045898438e-01
9.975201487541198730e-01
9.934954047203063965e-01
9.932030439376831055e-01
9.967658519744873047e-01
9.986959099769592285e-01
9.997373819351196289e-01
9.999500513076782227e-01
9.999555945396423340e-01
9.998824000358581543e-01
9.997941255569458008e-01
9.996070265769958496e-01
9.993994832038879395e-01
9.991333484649658203e-01
9.991160631179809570e-01
9.994596838951110840e-01
9.994893670082092285e-01
9.992712736129760742e-01
9.938070774078369141e-01
9.862090349197387695e-01
9.842512011528015137e-01
9.828056097030639648e-01
9.589635729789733887e-01
9.277059435844421387e-01
8.592418432235717773e-01
8.232067823410034180e-01
8.562822341918945312e-01
8.929616808891296387e-01
9.336206912994384766e-01
8.901569843292236328e-01
7.948694229125976562e-01
4.632900059223175049e-01
5.997462570667266846e-02
1.363504957407712936e-02
4.141528429880269410e-24
1.822349943733775035e-24
0.000000000000000000e+00
0.000000000000000000e+00
0.000000000000000000e+00
0.000000000000000000e+00
1.156002730131149292e-01
3.405088782310485840e-01
6.049541234970092773e-01
8.885930776596069336e-01
9.520062804222106934e-01
9.642781019210815430e-01
9.677039980888366699e-01
9.668875336647033691e-01
9.342907667160034180e-01
8.914090991020202637e-01
8.188717961311340332e-01
7.322788834571838379e-01
6.250125169754028320e-01
6.585772633552551270e-01
8.076164126396179199e-01
7.811183333396911621e-01
6.781901121139526367e-01
5.430727005004882812e-01
4.023695886135101318e-01
5.430837869644165039e-01
6.875724196434020996e-01
8.426920771598815918e-01
9.607822895050048828e-01
9.852690100669860840e-01
9.993948340415954590e-01
9.995952844619750977e-01
9.995849132537841797e-01
9.994167089462280273e-01
9.774658679962158203e-01
9.469135403633117676e-01
5.045461058616638184e-01
8.999573765322566032e-06
4.121406618651235476e-06
0.000000000000000000e+00
0.000000000000000000e+00
1.677408967282190133e-08
7.322646666807486326e-08
1.704701781272888184e-01
5.536244511604309082e-01
7.966982722282409668e-01
9.399260878562927246e-01
9.855610132217407227e-01
9.947513341903686523e-01
9.970974922180175781e-01
9.984326362609863281e-01
9.982014298439025879e-01
9.957077503204345703e-01
9.812253117561340332e-01
9.572894573211669922e-01
9.113054871559143066e-01
8.830856680870056152e-01
8.768848776817321777e-01
9.142094850540161133e-01
9.817861318588256836e-01
9.951454401016235352e-01
9.885218739509582520e-01
9.455970525741577148e-01
8.980515003204345703e-01
8.971044421195983887e-01
8.964083194732666016e-01
8.970915675163269043e-01
8.782076835632324219e-01
8.125946521759033203e-01
7.541937828063964844e-01
7.047790884971618652e-01
7.785389423370361328e-01
9.429251551628112793e-01
9.932383894920349121e-01
9.987766146659851074e-01
9.994090795516967773e-01
9.992303848266601562e-01
9.994520545005798340e-01
9.996699690818786621e-01
9.998615384101867676e-01
1.000000000000000000e+00
1.000000000000000000e+00
1.000000000000000000e+00
1.000000000000000000e+00
9.999876022338867188e-01
9.999651908874511719e-01
9.999055266380310059e-01
9.998292326927185059e-01
9.898879528045654297e-01
9.779938459396362305e-01
6.296715140342712402e-01
3.194283246994018555e-01
3.977141976356506348e-01
5.111686587333679199e-01
7.302499413490295410e-01
8.813257217407226562e-01
9.236096143722534180e-01
9.474700689315795898e-01
9.544298052787780762e-01
9.667447805404663086e-01
9.818622469902038574e-01
9.876615405082702637e-01
9.910919070243835449e-01
9.952651262283325195e-01
9.992247819900512695e-01
9.996568560600280762e-01
9.989232420921325684e-01
9.936291575431823730e-01
9.621696472167968750e-01
8.804412484169006348e-01
7.556033730506896973e-01
5.841436386108398438e-01
5.406466722488403320e-01
5.783246755599975586e-01
7.491409182548522949e-01
9.650096893310546875e-01
9.946031570434570312e-01
9.996179342269897461e-01
9.997898340225219727e-01
9.999387264251708984e-01
9.999613761901855469e-01
9.999794363975524902e-01
9.999861717224121094e-01
9.999906420707702637e-01
9.999920129776000977e-01
9.999948143959045410e-01
9.999987483024597168e-01
1.000000000000000000e+00
1.000000000000000000e+00
9.999978542327880859e-01
9.999952316284179688e-01
9.998347759246826172e-01
9.994418025016784668e-01
9.967467784881591797e-01
9.941926598548889160e-01
9.921079874038696289e-01
9.917641878128051758e-01
9.946205019950866699e-01
9.949944615364074707e-01
9.927364587783813477e-01
9.761161804199218750e-01
9.506077766418457031e-01
9.384345412254333496e-01
9.307966828346252441e-01
9.574005007743835449e-01
9.884222745895385742e-01
9.934918284416198730e-01
9.978198409080505371e-01
9.976256489753723145e-01
9.978527426719665527e-01
9.991987347602844238e-01
1.000000000000000000e+00
1.000000000000000000e+00
1.000000000000000000e+00
1.000000000000000000e+00
9.995476603507995605e-01
9.988668560981750488e-01
9.980815649032592773e-01
9.972692131996154785e-01
9.928442239761352539e-01
9.882797598838806152e-01
9.868687391281127930e-01
9.866056442260742188e-01
9.915437102317810059e-01
9.954477548599243164e-01
9.970920085906982422e-01
9.916176795959472656e-01
9.770658612251281738e-01
9.611877202987670898e-01
9.443441033363342285e-01
9.476575851440429688e-01
9.598030447959899902e-01
9.767022132873535156e-01
9.946269989013671875e-01
9.977864623069763184e-01
1.000000000000000000e+00
1.000000000000000000e+00
9.999016523361206055e-01
9.994189143180847168e-01
9.991094470024108887e-01
9.991478323936462402e-01
9.978336691856384277e-01
9.949118494987487793e-01
9.919546246528625488e-01
9.889795780181884766e-01
9.889718294143676758e-01
9.901670217514038086e-01
9.791404604911804199e-01
9.657179713249206543e-01
9.366673827171325684e-01
9.076206684112548828e-01
8.856698274612426758e-01
8.606995344161987305e-01
8.247249126434326172e-01
8.183165192604064941e-01
8.698481321334838867e-01
9.189250469207763672e-01
9.654096961021423340e-01
9.883122444152832031e-01
9.947074055671691895e-01
9.971194267272949219e-01
9.979202151298522949e-01
9.986789822578430176e-01
9.994291663169860840e-01
9.978222846984863281e-01
9.956903457641601562e-01
9.889401197433471680e-01
9.743353128433227539e-01
9.296827912330627441e-01
7.698759436607360840e-01
3.750553131103515625e-01
1.439395248889923096e-01
1.096101775765419006e-01
2.115580141544342041e-01
4.132608473300933838e-01
6.596742868423461914e-01
9.245312809944152832e-01
9.737091064453125000e-01
9.756325483322143555e-01
9.800366163253784180e-01
9.847644567489624023e-01
9.918483495712280273e-01
9.975787997245788574e-01
9.973250627517700195e-01
9.956306815147399902e-01
9.906717538833618164e-01
9.876362085342407227e-01
9.871611595153808594e-01
9.890808463096618652e-01
9.929612278938293457e-01
9.953593611717224121e-01
9.970139861106872559e-01
9.971224069595336914e-01
9.968150258064270020e-01
9.956538677215576172e-01
9.945105910301208496e-01
9.966508150100708008e-01
9.985640048980712891e-01
9.991668462753295898e-01
9.995952844619750977e-01
9.995535016059875488e-01
9.987353682518005371e-01
9.966818094253540039e-01
9.849992394447326660e-01
9.639701843261718750e-01
9.505143761634826660e-01
9.416792988777160645e-01
9.597061276435852051e-01
9.871076941490173340e-01
9.940760731697082520e-01
9.977717995643615723e-01
9.989486932754516602e-01
9.999666810035705566e-01
9.999751448631286621e-01
9.998201727867126465e-01
9.990672469139099121e-01
9.967572689056396484e-01
9.912922382354736328e-01
9.865947365760803223e-01
9.828493595123291016e-01
9.782971739768981934e-01
9.731410741806030273e-01
9.765892028808593750e-01
9.841025471687316895e-01
9.900808334350585938e-01
9.956859350204467773e-01
9.969477057456970215e-01
9.977803230285644531e-01
9.980676770210266113e-01
9.979878067970275879e-01
9.957202672958374023e-01
9.936956763267517090e-01
9.923453330993652344e-01
9.922557473182678223e-01
9.942511320114135742e-01
9.958809614181518555e-01
9.971214532852172852e-01
9.970840215682983398e-01
9.962024092674255371e-01
9.888346791267395020e-01
9.788911938667297363e-01
9.798943400382995605e-01
9.831222295761108398e-01
9.901022315025329590e-01
9.969610571861267090e-01
9.986200332641601562e-01
9.999885559082031250e-01
9.999769330024719238e-01
9.994279742240905762e-01
9.975493550300598145e-01
9.807649850845336914e-01
9.417568445205688477e-01
8.426819443702697754e-01
6.864284276962280273e-01
7.245476841926574707e-01
8.797431588172912598e-01
9.504001736640930176e-01
9.909076690673828125e-01
9.866720438003540039e-01
9.743968844413757324e-01
9.644380211830139160e-01
9.565748572349548340e-01
9.752160310745239258e-01
9.909775853157043457e-01
9.938320517539978027e-01
9.958161115646362305e-01
9.956879615783691406e-01
9.954285025596618652e-01
9.949761033058166504e-01
9.949715137481689453e-01
9.953870177268981934e-01
9.949853420257568359e-01
9.940915703773498535e-01
9.932846426963806152e-01
9.925110340118408203e-01
9.835187196731567383e-01
9.730228185653686523e-01
9.384478330612182617e-01
9.049114584922790527e-01
9.050504565238952637e-01
9.088718295097351074e-01
9.304290413856506348e-01
9.411163330078125000e-01
9.237365722656250000e-01
8.798989653587341309e-01
7.943590879440307617e-01
8.168550729751586914e-01
9.480770826339721680e-01
9.997965097427368164e-01
9.999326467514038086e-01
9.999769926071166992e-01
9.999842643737792969e-01
9.999900460243225098e-01
9.999955296516418457e-01
9.999944567680358887e-01
9.999898076057434082e-01
9.998969435691833496e-01
9.994160532951354980e-01
9.965474605560302734e-01
9.947349429130554199e-01
9.961324334144592285e-01
9.975152611732482910e-01
9.988808631896972656e-01
9.997096061706542969e-01
9.999093413352966309e-01
9.998488426208496094e-01
9.995890259742736816e-01
9.971901178359985352e-01
9.937384128570556641e-01
9.554855227470397949e-01
9.070691466331481934e-01
8.552120327949523926e-01
8.027433753013610840e-01
8.381695747375488281e-01
8.689218163490295410e-01
8.386943340301513672e-01
8.069425821304321289e-01
7.684277892112731934e-01
7.476841807365417480e-01
7.684898972511291504e-01
7.813361287117004395e-01
7.823322415351867676e-01
8.352057337760925293e-01
9.384332895278930664e-01
9.136137366294860840e-01
8.071364760398864746e-01
5.006120204925537109e-01
1.124753281474113464e-01
2.328792214393615723e-02
1.847487175837159157e-03
8.436416834592819214e-02
1.819468289613723755e-01
5.857776403427124023e-01
9.432265162467956543e-01
9.701759815216064453e-01
9.917243123054504395e-01
9.944190382957458496e-01
9.967992305755615234e-01
9.985172748565673828e-01
9.995704889297485352e-01
9.997463822364807129e-01
9.998036026954650879e-01
9.997561573982238770e-01
9.996674656867980957e-01
9.995549321174621582e-01
9.983867406845092773e-01
9.968336224555969238e-01
9.891914129257202148e-01
9.803067445755004883e-01
9.745819568634033203e-01
9.695157408714294434e-01
9.778171777725219727e-01
9.857468605041503906e-01
9.910926222801208496e-01
9.957195520401000977e-01
9.980146288871765137e-01
9.995802640914916992e-01
9.996881484985351562e-01
9.974434375762939453e-01
9.921315312385559082e-01
8.475597500801086426e-01
5.802569985389709473e-01
4.139297902584075928e-01
3.079666495323181152e-01
5.319564938545227051e-01
8.810369968414306641e-01
9.642264842987060547e-01
9.907572865486145020e-01
9.916613698005676270e-01
9.884318709373474121e-01
8.817166686058044434e-01
7.397214770317077637e-01
3.256785273551940918e-01
6.721494719386100769e-04
2.742547076195478439e-04
2.112200248586474059e-33
7.864584342749050298e-34
3.560196331700667568e-39
1.228134688154034991e-38
8.893675985746085644e-04
2.657847246155142784e-03
3.161964118480682373e-01
8.396987915039062500e-01
9.987710118293762207e-01
9.976795911788940430e-01
9.975999593734741211e-01
9.977905154228210449e-01
9.985783100128173828e-01
9.994444251060485840e-01
9.996629357337951660e-01
9.997535943984985352e-01
9.984343051910400391e-01
9.950364828109741211e-01
9.815416932106018066e-01
9.664793610572814941e-01
9.469445943832397461e-01
9.357510805130004883e-01
9.394118189811706543e-01
9.170790910720825195e-01
8.634352087974548340e-01
7.677642703056335449e-01
6.374543309211730957e-01
6.276183724403381348e-01
6.864048242568969727e-01
7.819679975509643555e-01
8.913099169731140137e-01
9.406108260154724121e-01
9.773107171058654785e-01
9.881774187088012695e-01
9.966375827789306641e-01
9.980816841125488281e-01
9.989676475524902344e-01
9.950286149978637695e-01
9.818912148475646973e-01
9.313054680824279785e-01
8.664783239364624023e-01
7.668392062187194824e-01
7.075076699256896973e-01
7.150362133979797363e-01
7.595370411872863770e-01
8.461117148399353027e-01
8.513346314430236816e-01
