9.995351433753967285e-01
9.999071955680847168e-01
9.999827146530151367e-01
9.999915361404418945e-01
9.999869465827941895e-01
9.999756813049316406e-01
9.998433589935302734e-01
9.993240833282470703e-01
9.983303546905517578e-01
9.948545098304748535e-01
9.943554401397705078e-01
9.971618056297302246e-01
9.988427162170410156e-01
9.997664690017700195e-01
9.999539256095886230e-01
9.993143677711486816e-01
9.985257983207702637e-01
9.977765083312988281e-01
9.989639520645141602e-01
9.996640086174011230e-01
9.999918937683105469e-01
9.999943971633911133e-01
9.999921917915344238e-01
9.999864697456359863e-01
9.999770522117614746e-01
9.999773502349853516e-01
9.999830126762390137e-01
9.999905228614807129e-01
9.999752640724182129e-01
9.997901916503906250e-01
9.990276098251342773e-01
9.732611179351806641e-01
9.394342303276062012e-01
9.086008667945861816e-01
9.276050925254821777e-01
9.610214233398437500e-01
9.929444193840026855e-01
9.996538758277893066e-01
9.997432827949523926e-01
9.991558194160461426e-01
9.978166222572326660e-01
9.974451661109924316e-01
9.991863965988159180e-01
9.996556043624877930e-01
9.995775818824768066e-01
9.989356994628906250e-01
9.983137845993041992e-01
9.982698559761047363e-01
9.990611672401428223e-01
9.986464977264404297e-01
9.545357823371887207e-01
8.545937538146972656e-01
8.531962633132934570e-01
8.943293690681457520e-01
9.783515334129333496e-01
9.918344616889953613e-01
9.884166717529296875e-01
9.687863588333129883e-01
9.045946002006530762e-01
8.771932125091552734e-01
8.847370743751525879e-01
9.295288324356079102e-01
9.139088988304138184e-01
8.424276709556579590e-01
6.789616346359252930e-01
5.152185559272766113e-01
3.687372803688049316e-01
4.030441045761108398e-01
5.823796987533569336e-01
8.392351269721984863e-01
9.511917829513549805e-01
9.869152307510375977e-01
9.064057469367980957e-01
3.827126026153564453e-01
1.131250336766242981e-01
2.655514981597661972e-03
1.111799199134111404e-02
4.099797308444976807e-01
9.017555117607116699e-01
9.753038287162780762e-01
9.983080029487609863e-01
9.974070787429809570e-01
9.891696572303771973e-01
9.130468964576721191e-01
7.903541922569274902e-01
6.002613902091979980e-01
5.028650164604187012e-01
3.837622702121734619e-01
1.002313122153282166e-01
1.840127259492874146e-02
2.583336830139160156e-02
1.029701456427574158e-01
5.678145885467529297e-01
9.804340600967407227e-01
9.959636330604553223e-01
9.988985657691955566e-01
9.983718991279602051e-01
9.971937537193298340e-01
9.973379373550415039e-01
9.980016350746154785e-01
9.991249442100524902e-01
9.996402263641357422e-01
9.998398423194885254e-01
9.996657371520996094e-01
9.994463920593261719e-01
9.991762638092041016e-01
9.988302588462829590e-01
9.945187568664550781e-01
9.727479219436645508e-01
9.231250882148742676e-01
9.021351933479309082e-01
9.177553057670593262e-01
9.845245480537414551e-01
9.933387637138366699e-01
9.918269515037536621e-01
9.848350882530212402e-01
9.935455918312072754e-01
9.992691278457641602e-01
9.988321065902709961e-01
9.994176626205444336e-01
9.998045563697814941e-01
9.998321533203125000e-01
9.998682141304016113e-01
9.998691678047180176e-01
9.998259544372558594e-01
9.995959997177124023e-01
9.992645978927612305e-01
9.988241195678710938e-01
9.988526105880737305e-01
9.991875290870666504e-01
9.998475909233093262e-01
9.999445080757141113e-01
9.999840855598449707e-01
9.999768733978271484e-01
9.999555945396423340e-01
9.999384284019470215e-01
9.999257922172546387e-01
9.998149871826171875e-01
9.987694025039672852e-01
9.967653155326843262e-01
9.888996481895446777e-01
9.891391396522521973e-01
9.971376061439514160e-01
9.990492463111877441e-01
9.999541044235229492e-01
9.999227523803710938e-01
9.999169111251831055e-01
9.999362826347351074e-01
9.999777078628540039e-01
9.999919533729553223e-01
9.999850988388061523e-01
9.999535083770751953e-01
9.997459053993225098e-01
9.997073411941528320e-01
9.998154640197753906e-01
9.999182224273681641e-01
9.999755620956420898e-01
9.999692440032958984e-01
9.993923902511596680e-01
9.971764683723449707e-01
9.937314987182617188e-01
9.931175112724304199e-01
9.954176545143127441e-01
9.998724460601806641e-01
9.996668100357055664e-01
9.971527457237243652e-01
9.903984665870666504e-01
9.403153061866760254e-01
5.791009664535522461e-01
4.774045603284093886e-10
1.471218008530783550e-10
4.809864913113415241e-05
2.986346930265426636e-02
5.698831677436828613e-01
8.791344165802001953e-01
9.980733990669250488e-01
9.983915090560913086e-01
9.988349080085754395e-01
9.993668198585510254e-01
9.997023940086364746e-01
9.984407424926757812e-01
9.958087801933288574e-01
9.915548563003540039e-01
9.915938377380371094e-01
9.950544834136962891e-01
9.979429841041564941e-01
9.993582963943481445e-01
9.995763301849365234e-01
9.997133612632751465e-01
9.996442794799804688e-01
9.993512630462646484e-01
9.979873299598693848e-01
9.977690577507019043e-01
9.985075592994689941e-01
9.994192123413085938e-01
9.998937845230102539e-01
9.999955296516418457e-01
9.999698996543884277e-01
9.976403713226318359e-01
9.767842292785644531e-01
5.192522406578063965e-01
2.009388655424118042e-01
1.017586421221494675e-02
5.580669734627008438e-03
3.543046116828918457e-01
9.994799494743347168e-01
9.974244236946105957e-01
9.956037998199462891e-01
9.938424229621887207e-01
9.838072061538696289e-01
9.741138219833374023e-01
9.649770855903625488e-01
9.797992706298828125e-01
9.913263320922851562e-01
9.995890855789184570e-01
9.994897246360778809e-01
9.653400778770446777e-01
8.968443274497985840e-01
7.841876149177551270e-01
7.508541941642761230e-01
8.003151416778564453e-01
9.258214831352233887e-01
9.943094849586486816e-01
9.990445971488952637e-01
9.993976950645446777e-01
9.994654059410095215e-01
9.993474483489990234e-01
9.995123147964477539e-01
9.997270107269287109e-01
9.999868869781494141e-01
9.999279975891113281e-01
9.999001026153564453e-01
9.999324083328247070e-01
9.999718070030212402e-01
9.999958872795104980e-01
9.999991059303283691e-01
9.999992847442626953e-01
9.999968409538269043e-01
9.999908804893493652e-01
9.997833967208862305e-01
9.992485046386718750e-01
9.982538819313049316e-01
9.972489476203918457e-01
9.948132634162902832e-01
9.901071786880493164e-01
9.929422736167907715e-01
9.965188503265380859e-01
9.995772242546081543e-01
1.000000000000000000e+00
1.000000000000000000e+00
1.000000000000000000e+00
9.920554161071777344e-01
9.814994335174560547e-01
9.686526656150817871e-01
8.651787638664245605e-01
7.783877253532409668e-01
7.684366703033447266e-01
8.480991721153259277e-01
9.317388534545898438e-01
9.744240641593933105e-01
9.903389811515808105e-01
9.971882700920104980e-01
9.990206360816955566e-01
9.996542930603027344e-01
9.998788833618164062e-01
9.999602437019348145e-01
9.999902248382568359e-01
1.000000000000000000e+00
1.000000000000000000e+00
1.000000000000000000e+00
1.000000000000000000e+00
1.000000000000000000e+00
9.999099969863891602e-01
9.998102188110351562e-01
9.998233318328857422e-01
9.997451305389404297e-01
9.984059929847717285e-01
9.912908077239990234e-01
9.510877132415771484e-01
9.051771759986877441e-01
9.220653772354125977e-01
9.515190124511718750e-01
9.840173721313476562e-01
9.878597855567932129e-01
9.817732572555541992e-01
9.667647480964660645e-01
9.279642701148986816e-01
9.441876411437988281e-01
9.950232505798339844e-01
9.984895586967468262e-01
1.000000000000000000e+00
1.000000000000000000e+00
1.000000000000000000e+00
9.592223167419433594e-01
8.838906884193420410e-01
8.368558883666992188e-01
8.387302756309509277e-01
8.879846334457397461e-01
9.303015470504760742e-01
9.648585319519042969e-01
9.911270737648010254e-01
9.949241876602172852e-01
9.966487884521484375e-01
9.968171715736389160e-01
9.979676604270935059e-01
9.989885687828063965e-01
9.997448325157165527e-01
9.999069571495056152e-01
9.999766945838928223e-01
9.999974370002746582e-01
1.000000000000000000e+00
9.999780654907226562e-01
9.999170899391174316e-01
9.992356300354003906e-01
9.982936978340148926e-01
9.970523715019226074e-01
9.974026083946228027e-01
9.982969760894775391e-01
9.996122121810913086e-01
9.999504685401916504e-01
9.999929666519165039e-01
9.999726414680480957e-01
9.979420900344848633e-01
9.944636821746826172e-01
9.884383678436279297e-01
9.879518151283264160e-01
9.905421137809753418e-01
9.965967535972595215e-01
9.992001056671142578e-01
9.997740387916564941e-01
9.983643889427185059e-01
9.971206188201904297e-01
9.963214993476867676e-01
9.979893565177917480e-01
9.990743398666381836e-01
9.997169375419616699e-01
9.996649622917175293e-01
9.984776377677917480e-01
9.958587884902954102e-01
9.826798439025878906e-01
9.810193777084350586e-01
9.894617795944213867e-01
9.954453110694885254e-01
9.989501237869262695e-01
9.999089241027832031e-01
9.994839429855346680e-01
9.949220418930053711e-01
9.854725599288940430e-01
9.717628359794616699e-01
9.699570536613464355e-01
9.851905703544616699e-01
9.942916631698608398e-01
9.996456503868103027e-01
9.999346733093261719e-01
9.998970031738281250e-01
9.997534155845642090e-01
9.995091557502746582e-01
9.989132881164550781e-01
9.982637166976928711e-01
9.976833462715148926e-01
9.984171390533447266e-01
9.993259906768798828e-01
9.995914697647094727e-01
9.991129040718078613e-01
9.918412566184997559e-01
9.594867229461669922e-01
8.169008493423461914e-01
6.785020232200622559e-01
8.287032842636108398e-01
9.314782619476318359e-01
9.987943768501281738e-01
9.994050264358520508e-01
9.880703687667846680e-01
9.640830755233764648e-01
8.828859925270080566e-01
8.586227893829345703e-01
8.814505934715270996e-01
9.195781350135803223e-01
9.436188936233520508e-01
9.536522030830383301e-01
9.591462612152099609e-01
9.691321849822998047e-01
9.846307039260864258e-01
9.941321015357971191e-01
9.995667338371276855e-01
9.997485876083374023e-01
9.996624588966369629e-01
9.989933967590332031e-01
9.973417520523071289e-01
5.820627808570861816e-01
1.907420307397842407e-01
3.377676010131835938e-02
1.998230182047555666e-30
0.000000000000000000e+00
0.000000000000000000e+00
0.000000000000000000e+00
8.268930429267129512e-09
4.808305931192080607e-08
1.567805558443069458e-01
3.357974886894226074e-01
2.424641847610473633e-01
1.221530884504318237e-01
2.749188279267400503e-04
4.831107507925480604e-04
4.827507585287094116e-02
1.499889492988586426e-01
5.999050736427307129e-01
8.581483960151672363e-01
9.431698322296142578e-01
9.248127341270446777e-01
9.192506670951843262e-01
9.282051920890808105e-01
9.539237618446350098e-01
9.777956008911132812e-01
9.976018071174621582e-01
9.999086856842041016e-01
9.996438026428222656e-01
9.986825585365295410e-01
9.968667626380920410e-01
9.957734942436218262e-01
9.966825246810913086e-01
9.983013272285461426e-01
9.992133378982543945e-01
9.973768591880798340e-01
9.758882522583007812e-01
9.525212645530700684e-01
9.535043835639953613e-01
8.629209995269775391e-01
7.147351503372192383e-01
4.979082942008972168e-01
2.952645719051361084e-01
1.137671843171119690e-01
7.984513789415359497e-02
2.541446387767791748e-01
6.000041365623474121e-01
8.417415022850036621e-01
9.753511548042297363e-01
9.939495921134948730e-01
9.975230097770690918e-01
9.992823600769042969e-01
9.995758533477783203e-01
9.991604685783386230e-01
9.986978173255920410e-01
9.983021020889282227e-01
9.945837855339050293e-01
9.533787965774536133e-01
8.264613747596740723e-01
5.573222041130065918e-01
3.618956804275512695e-01
5.377446413040161133e-01
7.483551502227783203e-01
9.414065480232238770e-01
9.825833439826965332e-01
9.921383261680603027e-01
9.681201577186584473e-01
8.151848912239074707e-01
8.266614079475402832e-01
9.539543390274047852e-01
9.806901216506958008e-01
9.911929965019226074e-01
9.863105416297912598e-01
9.587517976760864258e-01
9.573874473571777344e-01
9.889688491821289062e-01
9.955317974090576172e-01
9.979249835014343262e-01
9.973108172416687012e-01
9.978579878807067871e-01
9.987094998359680176e-01
9.997618794441223145e-01
9.999976158142089844e-01
9.999994635581970215e-01
9.999991655349731445e-01
9.999938011169433594e-01
9.999871850013732910e-01
9.999842643737792969e-01
9.999896287918090820e-01
9.999954700469970703e-01
9.999661445617675781e-01
9.879258871078491211e-01
9.676656723022460938e-01
9.697325825691223145e-01
9.796716570854187012e-01
9.975547194480895996e-01
9.993294477462768555e-01
9.999965429306030273e-01
9.999991059303283691e-01
9.999990463256835938e-01
9.999984502792358398e-01
9.999974370002746582e-01
9.999978542327880859e-01
9.999983906745910645e-01
9.999986290931701660e-01
9.999988675117492676e-01
9.999982714653015137e-01
9.999945759773254395e-01
9.999671578407287598e-01
9.998944401741027832e-01
9.996023774147033691e-01
9.988556504249572754e-01
9.979141354560852051e-01
9.987719655036926270e-01
9.994130730628967285e-01
9.998554587364196777e-01
9.999432563781738281e-01
9.999319314956665039e-01
9.998048543930053711e-01
9.960829019546508789e-01
9.929832816123962402e-01
9.915759563446044922e-01
9.913836717605590820e-01
9.904682040214538574e-01
9.871789813041687012e-01
9.894574284553527832e-01
9.935606122016906738e-01
9.976027011871337891e-01
9.992725253105163574e-01
9.997368454933166504e-01
9.998677968978881836e-01
9.999449849128723145e-01
9.999840259552001953e-01
9.999947547912597656e-01
1.000000000000000000e+00
1.000000000000000000e+00
9.998744726181030273e-01
9.994899034500122070e-01
9.987700581550598145e-01
9.985995292663574219e-01
9.983309507369995117e-01
9.977586865425109863e-01
9.961173534393310547e-01
9.951528310775756836e-01
9.967063069343566895e-01
9.981836676597595215e-01
9.994208216667175293e-01
9.997529983520507812e-01
9.999103546142578125e-01
9.999676346778869629e-01
9.999870061874389648e-01
9.999971389770507812e-01
1.000000000000000000e+00
1.000000000000000000e+00
9.999949336051940918e-01
9.999842643737792969e-01
9.999082088470458984e-01
9.998242259025573730e-01
9.997351765632629395e-01
9.997883439064025879e-01
9.998624324798583984e-01
9.999259710311889648e-01
9.998983740806579590e-01
9.996169209480285645e-01
9.985307455062866211e-01
9.841654300689697266e-01
9.640366435050964355e-01
9.480211138725280762e-01
9.604836106300354004e-01
9.919883608818054199e-01
9.972825646400451660e-01
9.999608397483825684e-01
9.999982118606567383e-01
1.000000000000000000e+00
9.999964833259582520e-01
9.999877214431762695e-01
9.992970228195190430e-01
9.816596508026123047e-01
9.279059767723083496e-01
7.111811041831970215e-01
4.828825592994689941e-01
3.813728988170623779e-01
4.725004434585571289e-01
6.613807082176208496e-01
8.961552381515502930e-01
9.955593943595886230e-01
9.995666742324829102e-01
9.995283484458923340e-01
9.995971322059631348e-01
9.997749924659729004e-01
9.999167323112487793e-01
1.000000000000000000e+00
1.000000000000000000e+00
9.999956488609313965e-01
9.999890923500061035e-01
9.999793171882629395e-01
9.999809861183166504e-01
9.999815821647644043e-01
9.999647736549377441e-01
9.999492168426513672e-01
9.999392032623291016e-01
9.999657869338989258e-01
9.999588727951049805e-01
9.999029040336608887e-01
9.987627863883972168e-01
9.636818170547485352e-01
8.910203576087951660e-01
7.253985404968261719e-01
6.178508400917053223e-01
6.192041039466857910e-01
8.225574493408203125e-01
1.000000000000000000e+00
1.000000000000000000e+00
1.000000000000000000e+00
9.999463558197021484e-01
9.996443390846252441e-01
9.993695020675659180e-01
9.991754889488220215e-01
9.997344017028808594e-01
9.999972581863403320e-01
9.999971985816955566e-01
9.999930858612060547e-01
9.999802112579345703e-01
9.999558329582214355e-01
9.999095797538757324e-01
9.998790025711059570e-01
9.998867511749267578e-01
9.999375939369201660e-01
9.999881386756896973e-01
9.999951124191284180e-01
9.999985098838806152e-01
1.000000000000000000e+00
1.000000000000000000e+00
9.999935030937194824e-01
9.999801516532897949e-01
9.998667240142822266e-01
9.991437196731567383e-01
9.977288842201232910e-01
9.763283729553222656e-01
9.521849751472473145e-01
9.264505505561828613e-01
9.450305104255676270e-01
9.719694256782531738e-01
9.927414059638977051e-01
9.993188977241516113e-01
9.994664192199707031e-01
9.973857402801513672e-01
9.970189332962036133e-01
9.978354573249816895e-01
9.990863800048828125e-01
9.998119473457336426e-01
9.999857544898986816e-01
9.999988079071044922e-01
9.999998211860656738e-01
9.999996423721313477e-01
9.999486207962036133e-01
9.991018772125244141e-01
9.961366653442382812e-01
9.915687441825866699e-01
9.868921637535095215e-01
9.849842190742492676e-01
9.563428163528442383e-01
9.134519696235656738e-01
9.275042414665222168e-01
9.474110007286071777e-01
9.732857942581176758e-01
9.734646081924438477e-01
9.732667207717895508e-01
9.750130772590637207e-01
9.705244898796081543e-01
9.677264094352722168e-01
9.729138016700744629e-01
9.839235544204711914e-01
9.955307841300964355e-01
9.981028437614440918e-01
9.994111657142639160e-01
9.998384714126586914e-01
9.993243813514709473e-01
9.940867424011230469e-01
9.839411973953247070e-01
9.790464043617248535e-01
9.806283712387084961e-01
9.923197031021118164e-01
9.851639270782470703e-01
9.784755110740661621e-01
9.851197600364685059e-01
9.883155822753906250e-01
9.907228350639343262e-01
9.971192479133605957e-01
9.998065233230590820e-01
9.998061656951904297e-01
9.976903796195983887e-01
9.756554365158081055e-01
9.311515688896179199e-01
7.192416191101074219e-01
5.683675408363342285e-01
5.599731802940368652e-01
7.175160646438598633e-01
8.896284103393554688e-01
9.665849208831787109e-01
9.943877458572387695e-01
9.978526830673217773e-01
9.984385967254638672e-01
9.706801176071166992e-01
9.200139045715332031e-01
3.813330531120300293e-01
6.453872472047805786e-02
4.107490181922912598e-02
2.042805030941963196e-02
1.826832443475723267e-02
5.588177591562271118e-02
9.115779399871826172e-02
1.452118903398513794e-01
2.826220393180847168e-01
5.797333121299743652e-01
9.479932188987731934e-01
9.811100959777832031e-01
9.982255101203918457e-01
9.996494054794311523e-01
9.986588954925537109e-01
9.062212109565734863e-01
6.660717725753784180e-01
3.399303555488586426e-01
1.043374910950660706e-01
1.837021410465240479e-01
5.576317906379699707e-01
9.945244789123535156e-01
9.976086616516113281e-01
9.973224401473999023e-01
9.944462180137634277e-01
9.853035211563110352e-01
9.502589702606201172e-01
8.824644684791564941e-01
7.765616178512573242e-01
7.039181590080261230e-01
7.154390811920166016e-01
3.734738826751708984e-01
3.136859089136123657e-02
1.932688951492309570e-01
1.738302111625671387e-01
5.531068891286849976e-02
1.052723005414009094e-01
4.046033322811126709e-01
9.595602750778198242e-01
4.573608338832855225e-01
6.885711103677749634e-02
2.325154840946197510e-02
1.532191038131713867e-02
5.989229306578636169e-02
2.458036243915557861e-01
2.951200604438781738e-01
3.247444033622741699e-01
7.713140249252319336e-01
9.674826264381408691e-01
9.487988352775573730e-01
9.602658152580261230e-01
9.756531715393066406e-01
9.955020546913146973e-01
9.895436167716979980e-01
9.614247083663940430e-01
8.870102763175964355e-01
4.962477087974548340e-01
4.131897538900375366e-02
1.240875571966171265e-02
1.940351921803085133e-06
2.266371484438423067e-05
4.203123506158590317e-03
1.172157302498817444e-01
3.699689805507659912e-01
6.827868819236755371e-01
9.243605732917785645e-01
9.792010784149169922e-01
9.964122176170349121e-01
9.993774294853210449e-01
9.995744824409484863e-01
9.992019534111022949e-01
9.981849193572998047e-01
9.879869222640991211e-01
9.757055640220642090e-01
9.609631299972534180e-01
9.603340029716491699e-01
9.018002152442932129e-01
7.175022959709167480e-01
3.499610424041748047e-01
0.000000000000000000e+00
0.000000000000000000e+00
3.897937834262847900e-01
9.735882282257080078e-01
3.369701802730560303e-01
0.000000000000000000e+00
0.000000000000000000e+00
1.357139647006988525e-01
3.965941667556762695e-01
8.810500502586364746e-01
9.963402748107910156e-01
9.952115416526794434e-01
9.961214065551757812e-01
9.973027110099792480e-01
9.985892176628112793e-01
9.986312389373779297e-01
9.977524876594543457e-01
9.958601593971252441e-01
9.971843361854553223e-01
9.986578226089477539e-01
9.997389316558837891e-01
9.976471662521362305e-01
9.955451488494873047e-01
9.977607131004333496e-01
9.991436600685119629e-01
9.999675154685974121e-01
9.999460577964782715e-01
9.997222423553466797e-01
9.992709755897521973e-01
9.872972369194030762e-01
8.206518888473510742e-01
3.335362076759338379e-01
1.110798269510269165e-01
2.549896889831870794e-04
1.695692888461053371e-03
2.458233982324600220e-01
6.451345682144165039e-01
8.735496997833251953e-01
9.950264692306518555e-01
9.887478947639465332e-01
7.169480919837951660e-01
4.143155217170715332e-01
1.238124743103981018e-01
1.162680089473724365e-01
2.086343616247177124e-01
2.880403697490692139e-01
3.137268424034118652e-01
3.036756515502929688e-01
6.216847896575927734e-01
8.417993187904357910e-01
9.332435727119445801e-01
9.718502759933471680e-01
9.940521121025085449e-01
9.971435070037841797e-01
9.985871315002441406e-01
9.992883801460266113e-01
9.996274113655090332e-01
9.997699260711669922e-01
9.997549057006835938e-01
9.979717135429382324e-01
9.894872307777404785e-01
9.710019826889038086e-01
9.491604566574096680e-01
9.329140782356262207e-01
9.360139966011047363e-01
9.608032703399658203e-01
9.935148358345031738e-01
9.977714419364929199e-01
9.998214840888977051e-01
9.997875094413757324e-01
9.997883439064025879e-01
9.998241662979125977e-01
9.999180436134338379e-01
9.999524354934692383e-01
9.999679327011108398e-01
9.999745488166809082e-01
9.999855160713195801e-01
9.999984502792358398e-01
9.999989271163940430e-01
9.999994039535522461e-01
9.999998807907104492e-01
9.999998807907104492e-01
9.999994039535522461e-01
9.999980926513671875e-01
9.999762177467346191e-01
9.997927546501159668e-01
9.987291097640991211e-01
9.980210661888122559e-01
9.975796341896057129e-01
9.984213709831237793e-01
9.991211295127868652e-01
9.995992183685302734e-01
9.998026490211486816e-01
9.999268651008605957e-01
9.999817609786987305e-01
1.000000000000000000e+00
9.999967217445373535e-01
9.999592900276184082e-01
9.995782971382141113e-01
9.988626241683959961e-01
9.957542419433593750e-01
9.940239191055297852e-01
9.952784776687622070e-01
9.976524114608764648e-01
9.998883008956909180e-01
9.999508261680603027e-01
9.998855590820312500e-01
9.995453357696533203e-01
9.881299734115600586e-01
8.985169529914855957e-01
7.068209052085876465e-01
3.701414763927459717e-01
2.575973868370056152e-01
8.224840760231018066e-01
1.000000000000000000e+00
1.000000000000000000e+00
1.000000000000000000e+00
1.000000000000000000e+00
1.000000000000000000e+00
9.984070658683776855e-01
8.652170896530151367e-01
4.895829856395721436e-01
6.813769936561584473e-01
9.795516729354858398e-01
9.906026124954223633e-01
9.824389815330505371e-01
9.586549401283264160e-01
7.557107210159301758e-01
6.492880582809448242e-01
6.708191037178039551e-01
8.329396247863769531e-01
9.753066301345825195e-01
9.881588220596313477e-01
9.920926094055175781e-01
9.921249151229858398e-01
9.958403706550598145e-01
9.984149932861328125e-01
9.998592734336853027e-01
9.999908804893493652e-01
1.000000000000000000e+00
1.000000000000000000e+00
1.000000000000000000e+00
9.999920129776000977e-01
9.999418258666992188e-01
9.997761249542236328e-01
9.995239377021789551e-01
9.997208118438720703e-01
9.998769164085388184e-01
9.999619722366333008e-01
9.999090433120727539e-01
9.675428271293640137e-01
8.229843974113464355e-01
4.850321412086486816e-01
5.653947219252586365e-02
2.008397877216339111e-02
2.794432640075683594e-01
8.866618871688842773e-01
9.834939241409301758e-01
9.997905492782592773e-01
9.999512434005737305e-01
1.000000000000000000e+00
9.999991655349731445e-01
9.999912381172180176e-01
9.999842643737792969e-01
9.999781847000122070e-01
9.999864697456359863e-01
9.993754029273986816e-01
9.975710511207580566e-01
7.379204630851745605e-01
4.206735789775848389e-01
2.457480132579803467e-01
2.806750535964965820e-01
4.724158942699432373e-01
7.988019585609436035e-01
9.988374710083007812e-01
9.998065829277038574e-01
9.999818205833435059e-01
9.999585151672363281e-01
9.999234080314636230e-01
9.997709393501281738e-01
9.995585680007934570e-01
9.997037053108215332e-01
9.997425079345703125e-01
9.996460080146789551e-01
9.991195797920227051e-01
9.987225532531738281e-01
9.989267587661743164e-01
9.993713498115539551e-01
9.998981952667236328e-01
9.999311566352844238e-01
9.998311996459960938e-01
9.995875358581542969e-01
9.988217353820800781e-01
9.982103705406188965e-01
9.981138110160827637e-01
9.878771901130676270e-01
9.725469946861267090e-01
9.507251381874084473e-01
9.574825763702392578e-01
9.908391237258911133e-01
9.971149563789367676e-01
9.888894557952880859e-01
9.558959007263183594e-01
5.087617635726928711e-01
1.445009070082450831e-13
4.483274916675800137e-14
0.000000000000000000e+00
0.000000000000000000e+00
5.996608734130859375e-01
9.990360736846923828e-01
9.995587468147277832e-01
9.995759129524230957e-01
9.994721412658691406e-01
9.995243549346923828e-01
9.994175434112548828e-01
9.991940259933471680e-01
9.991928339004516602e-01
9.993383288383483887e-01
9.997096657752990723e-01
9.997516870498657227e-01
9.994595050811767578e-01
9.981482028961181641e-01
9.252101778984069824e-01
8.027873635292053223e-01
3.001779317855834961e-01
2.038972219452261925e-03
6.554870633408427238e-04
3.815045207738876343e-02
1.802103817462921143e-01
6.715583205223083496e-01
9.132983684539794922e-01
9.987410306930541992e-01
9.990013241767883301e-01
9.939777851104736328e-01
9.817919135093688965e-01
9.858245253562927246e-01
9.912511706352233887e-01
9.900287389755249023e-01
9.830821156501770020e-01
9.735783934593200684e-01
9.842075109481811523e-01
9.925724864006042480e-01
9.980009198188781738e-01
9.989123940467834473e-01
9.988067150115966797e-01
9.982275962829589844e-01
9.981644153594970703e-01
9.976868033409118652e-01
9.815706610679626465e-01
9.264633655548095703e-01
8.225342035293579102e-01
7.526912093162536621e-01
7.498441934585571289e-01
9.316760301589965820e-01
9.974744915962219238e-01
1.000000000000000000e+00
1.000000000000000000e+00
9.999909996986389160e-01
9.999707937240600586e-01
9.999725818634033203e-01
9.999525547027587891e-01
9.998527765274047852e-01
9.996297955513000488e-01
9.993492364883422852e-01
9.992932677268981934e-01
9.988541603088378906e-01
9.979323148727416992e-01
9.534438252449035645e-01
7.801094055175781250e-01
2.290068119764328003e-01
4.703623801469802856e-02
8.691509068012237549e-02
4.769006073474884033e-01
7.793977260589599609e-01
9.683106541633605957e-01
1.000000000000000000e+00
9.979273676872253418e-01
9.889402985572814941e-01
9.910737276077270508e-01
9.995899796485900879e-01
9.998464584350585938e-01
9.999595880508422852e-01
9.998767375946044922e-01
9.998091459274291992e-01
9.997891187667846680e-01
9.999286532402038574e-01
9.999873042106628418e-01
9.999946951866149902e-01
9.999898076057434082e-01
9.999604821205139160e-01
9.998951554298400879e-01
9.938250780105590820e-01
9.892144203186035156e-01
9.966500997543334961e-01
9.997998476028442383e-01
9.999975562095642090e-01
1.000000000000000000e+00
8.674984574317932129e-01
5.227187275886535645e-01
5.718326568603515625e-01
7.330917119979858398e-01
8.988551497459411621e-01
9.806389212608337402e-01
9.988695979118347168e-01
9.996556043624877930e-01
9.996425509452819824e-01
9.994159936904907227e-01
9.982301592826843262e-01
9.960087537765502930e-01
9.895541071891784668e-01
9.889716506004333496e-01
9.934214353561401367e-01
9.970750212669372559e-01
9.995971918106079102e-01
9.999119639396667480e-01
9.996895194053649902e-01
9.990144371986389160e-01
9.964397549629211426e-01
9.534089565277099609e-01
8.708087205886840820e-01
7.863443493843078613e-01
7.546787858009338379e-01
8.527466058731079102e-01
9.328062534332275391e-01
9.991865754127502441e-01
9.996948242187500000e-01
9.999719262123107910e-01
9.999845623970031738e-01
9.999904632568359375e-01
9.999939799308776855e-01
9.999936223030090332e-01
9.999939203262329102e-01
9.999946951866149902e-01
9.999969601631164551e-01
9.999960064888000488e-01
9.999906420707702637e-01
9.999945163726806641e-01
9.999864697456359863e-01
9.999240040779113770e-01
9.979436397552490234e-01
9.946504831314086914e-01
9.534851312637329102e-01
8.293192386627197266e-01
5.676554441452026367e-01
3.103859126567840576e-01
1.533099114894866943e-01
5.418309569358825684e-01
8.039472699165344238e-01
9.599305391311645508e-01
9.868447780609130859e-01
9.979979991912841797e-01
9.960223436355590820e-01
9.914111495018005371e-01
9.863397479057312012e-01
9.872167110443115234e-01
9.903800487518310547e-01
9.959914684295654297e-01
9.331604838371276855e-01
8.525255322456359863e-01
7.496940493583679199e-01
7.770115137100219727e-01
8.743438124656677246e-01
9.538609385490417480e-01
9.998162388801574707e-01
9.999018907546997070e-01
9.997864365577697754e-01
9.920479059219360352e-01
9.533526897430419922e-01
9.256431460380554199e-01
9.057903885841369629e-01
8.614753484725952148e-01
8.104488253593444824e-01
7.488811016082763672e-01
5.147570371627807617e-01
2.568383216857910156e-01
2.381234467029571533e-01
4.072701334953308105e-01
7.523615360260009766e-01
9.050403237342834473e-01
9.990993142127990723e-01
9.994509816169738770e-01
9.989697933197021484e-01
9.981424808502197266e-01
9.983375072479248047e-01
9.986947774887084961e-01
9.992573857307434082e-01
9.993907809257507324e-01
9.984331727027893066e-01
9.937575459480285645e-01
8.954780697822570801e-01
7.339599728584289551e-01
5.048952698707580566e-01
3.666568696498870850e-01
3.881661891937255859e-01
4.887197613716125488e-01
6.216825246810913086e-01
7.931535243988037109e-01
8.671516180038452148e-01
8.493715524673461914e-01
6.463385224342346191e-01
4.068584144115447998e-01
1.278654634952545166e-01
1.219050586223602295e-01
2.661435902118682861e-01
6.591630578041076660e-01
8.881065845489501953e-01
8.990918397903442383e-01
5.662990212440490723e-01
2.751512527465820312e-01
4.912132322788238525e-01
7.245174050331115723e-01
9.709280133247375488e-01
9.924171566963195801e-01
9.998382925987243652e-01
9.999427199363708496e-01
9.999746680259704590e-01
9.999633431434631348e-01
9.998194575309753418e-01
9.991906285285949707e-01
9.980381727218627930e-01
9.958257079124450684e-01
9.846784472465515137e-01
9.462745189666748047e-01
7.099727392196655273e-01
3.537520170211791992e-01
1.353269219398498535e-01
6.333625030691125701e-12
1.222850922084905978e-12
8.084757313326180477e-27
3.390089049935340881e-02
2.763996422290802002e-01
5.688782334327697754e-01
9.069066643714904785e-01
9.580236673355102539e-01
9.762348532676696777e-01
9.925605654716491699e-01
9.984545707702636719e-01
9.988871216773986816e-01
9.987407922744750977e-01
9.989013671875000000e-01
9.994977712631225586e-01
9.998026490211486816e-01
9.999923110008239746e-01
9.999968409538269043e-01
9.999983906745910645e-01
9.999974966049194336e-01
9.999643564224243164e-01
9.998409152030944824e-01
9.995145797729492188e-01
9.991396665573120117e-01
9.987771511077880859e-01
9.990106821060180664e-01
9.982483386993408203e-01
9.961868524551391602e-01
9.908638000488281250e-01
9.859035015106201172e-01
9.859263300895690918e-01
9.905928969383239746e-01
9.988829493522644043e-01
9.994543790817260742e-01
9.995052218437194824e-01
9.995477199554443359e-01
9.997037053108215332e-01
9.999009370803833008e-01
9.999569654464721680e-01
9.999886155128479004e-01
9.999893307685852051e-01
9.999928474426269531e-01
9.996207356452941895e-01
9.976552128791809082e-01
9.661857485771179199e-01
9.118961095809936523e-01
6.592168211936950684e-01
4.992142021656036377e-01
5.708561539649963379e-01
7.217891812324523926e-01
8.989144563674926758e-01
9.185634851455688477e-01
8.930364251136779785e-01
8.087766170501708984e-01
7.539087533950805664e-01
7.088984251022338867e-01
6.770918369293212891e-01
5.073272585868835449e-01
2.272649407386779785e-01
3.313394486904144287e-01
5.313172340393066406e-01
8.841219544410705566e-01
9.998742938041687012e-01
9.999490976333618164e-01
9.999634623527526855e-01
9.999762773513793945e-01
9.999868273735046387e-01
9.999906420707702637e-01
9.999913573265075684e-01
9.999854564666748047e-01
9.999660253524780273e-01
9.999346137046813965e-01
9.999220967292785645e-01
9.999285936355590820e-01
9.999800920486450195e-01
9.999985098838806152e-01
9.999986886978149414e-01
9.999985098838806152e-01
9.999918341636657715e-01
9.999748468399047852e-01
9.997683763504028320e-01
9.995254874229431152e-01
9.994525313377380371e-01
9.995458126068115234e-01
9.998078346252441406e-01
9.998261332511901855e-01
9.997764825820922852e-01
9.996296763420104980e-01
9.993494749069213867e-01
9.989825487136840820e-01
9.966669082641601562e-01
9.927022457122802734e-01
9.856709837913513184e-01
9.850623607635498047e-01
9.873470067977905273e-01
9.929016828536987305e-01
9.969052672386169434e-01
9.990026950836181641e-01
9.934631586074829102e-01
9.809511899948120117e-01
9.450300335884094238e-01
8.326679468154907227e-01
6.583253145217895508e-01
5.630362033843994141e-01
5.397911071777343750e-01
6.791250109672546387e-01
8.330634832382202148e-01
9.916415214538574219e-01
9.965972900390625000e-01
9.996946454048156738e-01
9.998438954353332520e-01
9.999110102653503418e-01
9.995965361595153809e-01
9.966924786567687988e-01
9.825867414474487305e-01
9.566434621810913086e-01
9.231085181236267090e-01
8.939808607101440430e-01
8.849928379058837891e-01
7.294808626174926758e-01
4.699870347976684570e-01
2.640271186828613281e-01
1.263558417558670044e-01
1.310555934906005859e-01
1.922805607318878174e-01
2.687526941299438477e-01
9.982793778181076050e-02
4.772306965605821460e-06
8.820300081424647942e-07
6.664943597023409438e-11
2.283373661339282990e-02
1.874715834856033325e-01
4.648296833038330078e-01
8.536137342453002930e-01
9.470695257186889648e-01
9.851902723312377930e-01
9.899501204490661621e-01
9.928987622261047363e-01
9.946040511131286621e-01
9.969147443771362305e-01
9.986971616744995117e-01
9.992836117744445801e-01
9.978781342506408691e-01
9.954808354377746582e-01
9.917493462562561035e-01
9.875466823577880859e-01
9.826712012290954590e-01
9.667662382125854492e-01
9.532802104949951172e-01
9.770002365112304688e-01
9.921109080314636230e-01
9.983850121498107910e-01
9.995572566986083984e-01
9.997954964637756348e-01
9.997677803039550781e-01
9.997439980506896973e-01
9.997231960296630859e-01
9.998675584793090820e-01
9.999403953552246094e-01
9.998200535774230957e-01
9.995761513710021973e-01
9.992634057998657227e-01
9.986911416053771973e-01
9.986593127250671387e-01
9.995026588439941406e-01
9.998214244842529297e-01
9.999189376831054688e-01
9.996786117553710938e-01
9.990012049674987793e-01
9.978127479553222656e-01
9.971461296081542969e-01
9.969813227653503418e-01
9.985749125480651855e-01
9.995254874229431152e-01
9.999263286590576172e-01
9.999296665191650391e-01
9.996737241744995117e-01
9.988025426864624023e-01
8.977136015892028809e-01
7.344909310340881348e-01
3.047155141830444336e-01
1.177540887147188187e-02
2.902843058109283447e-03
5.946290120482444763e-02
1.625047475099563599e-01
6.094368696212768555e-01
8.894336223602294922e-01
9.256950616836547852e-01
9.563291072845458984e-01
9.830803275108337402e-01
9.940909743309020996e-01
9.998881816864013672e-01
9.999824166297912598e-01
9.999934434890747070e-01
9.998683333396911621e-01
9.992340207099914551e-01
9.921603798866271973e-01
9.797635078430175781e-01
9.498836398124694824e-01
9.265555143356323242e-01
9.275725483894348145e-01
9.528478980064392090e-01
9.933943748474121094e-01
9.966383576393127441e-01
9.977700114250183105e-01
9.970064759254455566e-01
9.868117570877075195e-01
9.728336930274963379e-01
9.770308136940002441e-01
9.815514087677001953e-01
9.865841865539550781e-01
9.882945418357849121e-01
9.892547130584716797e-01
9.936485886573791504e-01
9.962126016616821289e-01
9.965605735778808594e-01
9.955910444259643555e-01
9.949133396148681641e-01
9.974405765533447266e-01
9.990060329437255859e-01
9.996573328971862793e-01
9.998406767845153809e-01
9.999368786811828613e-01
9.999785423278808594e-01
9.999932050704956055e-01
9.999877810478210449e-01
9.999506473541259766e-01
9.996340870857238770e-01
9.986023902893066406e-01
9.958472847938537598e-01
9.920772314071655273e-01
9.920681715011596680e-01
9.936693310737609863e-01
9.983477592468261719e-01
9.998939633369445801e-01
9.999995231628417969e-01
9.999992251396179199e-01
9.999700784683227539e-01
9.998956918716430664e-01
9.998553395271301270e-01
9.998391270637512207e-01
9.999425411224365234e-01
9.998512268066406250e-01
9.995164871215820312e-01
9.991582036018371582e-01
9.989356994628906250e-01
9.995546340942382812e-01
9.999003410339355469e-01
9.999663829803466797e-01
9.999817013740539551e-01
9.999876022338867188e-01
9.999931454658508301e-01
9.999964833259582520e-01
9.999979734420776367e-01
9.999982714653015137e-01
9.999980926513671875e-01
9.999969601631164551e-01
9.999911189079284668e-01
9.999821186065673828e-01
9.999762773513793945e-01
9.999771118164062500e-01
9.999939203262329102e-01
9.998210668563842773e-01
9.995404481887817383e-01
9.955437779426574707e-01
9.851809144020080566e-01
9.622192978858947754e-01
9.341915249824523926e-01
9.050779938697814941e-01
9.206764101982116699e-01
9.408078193664550781e-01
9.683927893638610840e-01
9.839185476303100586e-01
9.942153096199035645e-01
9.962714314460754395e-01
9.958900213241577148e-01
9.921041131019592285e-01
9.931778907775878906e-01
9.904075860977172852e-01
9.437382817268371582e-01
9.344257116317749023e-01
9.699150919914245605e-01
9.870864152908325195e-01
9.979396462440490723e-01
9.985069036483764648e-01
9.962369203567504883e-01
9.910485744476318359e-01
9.200837612152099609e-01
8.590656518936157227e-01
8.982658982276916504e-01
9.408924579620361328e-01
9.864715933799743652e-01
9.820334315299987793e-01
8.956278562545776367e-01
5.400067567825317383e-01
2.535785734653472900e-01
2.178795821964740753e-02
2.052922546863555908e-02
1.166496574878692627e-01
4.333521425724029541e-01
6.176730394363403320e-01
7.112049460411071777e-01
7.764575481414794922e-01
8.208343386650085449e-01
8.168860077857971191e-01
6.893799304962158203e-01
4.884129464626312256e-01
2.310300320386886597e-01
1.212562769651412964e-01
3.429117798805236816e-01
6.195261478424072266e-01
9.248316884040832520e-01
9.549716114997863770e-01
9.630053639411926270e-01
9.300213456153869629e-01
8.896803855895996094e-01
8.447355031967163086e-01
7.467045783996582031e-01
6.912824511528015137e-01
7.102887630462646484e-01
8.243348002433776855e-01
9.709939956665039062e-01
9.828338027000427246e-01
9.888837337493896484e-01
9.857806563377380371e-01
9.904649853706359863e-01
9.968530535697937012e-01
9.869398474693298340e-01
9.723887443542480469e-01
9.511250257492065430e-01
9.501981735229492188e-01
9.579123258590698242e-01
9.840825796127319336e-01
9.992343187332153320e-01
9.997655153274536133e-01
9.998384714126586914e-01
9.995740652084350586e-01
9.976937770843505859e-01
9.120277166366577148e-01
7.232417464256286621e-01
3.966772556304931641e-01
7.863430678844451904e-02
7.713865488767623901e-02
2.842313051223754883e-01
7.328212261199951172e-01
8.193402886390686035e-01
8.288450837135314941e-01
9.159342646598815918e-01
9.721266031265258789e-01
9.946596026420593262e-01
9.993834495544433594e-01
9.999940991401672363e-01
9.999975562095642090e-01
9.999985098838806152e-01
9.999969601631164551e-01
9.999746680259704590e-01
9.999050498008728027e-01
9.996179342269897461e-01
9.972555637359619141e-01
9.928277730941772461e-01
9.897524714469909668e-01
9.871088862419128418e-01
9.852445125579833984e-01
9.677928090095520020e-01
9.353829026222229004e-01
8.914371728897094727e-01
8.504478931427001953e-01
8.316494822502136230e-01
8.303809762001037598e-01
8.453791141510009766e-01
9.187050461769104004e-01
9.877051711082458496e-01
9.951484799385070801e-01
9.967959523200988770e-01
9.931437373161315918e-01
9.823012351989746094e-01
9.709602594375610352e-01
9.625216722488403320e-01
9.582552313804626465e-01
9.577481150627136230e-01
9.726401567459106445e-01
9.874364733695983887e-01
9.916414618492126465e-01
9.925273656845092773e-01
9.904661774635314941e-01
9.899228811264038086e-01
9.906041026115417480e-01
9.953140020370483398e-01
9.975621104240417480e-01
9.976128339767456055e-01
9.832113385200500488e-01
9.129236340522766113e-01
6.207954287528991699e-01
3.306819200515747070e-01
4.237676039338111877e-02
4.962918534874916077e-02
1.742152720689773560e-01
5.873983502388000488e-01
7.004449367523193359e-01
5.425783395767211914e-01
2.720304429531097412e-01
1.145208626985549927e-01
5.227336287498474121e-01
8.061046600341796875e-01
9.737004041671752930e-01
9.990684390068054199e-01
9.991224408149719238e-01
9.989568591117858887e-01
9.981513619422912598e-01
9.967334866523742676e-01
9.930822849273681641e-01
9.895523786544799805e-01
9.885902404785156250e-01
9.903822541236877441e-01
9.948935508728027344e-01
9.977253079414367676e-01
9.998276829719543457e-01
9.999288916587829590e-01
9.996460676193237305e-01
9.989662766456604004e-01
9.990752339363098145e-01
9.993761181831359863e-01
9.997860789299011230e-01
9.766020774841308594e-01
9.276766180992126465e-01
8.226895332336425781e-01
7.327194213867187500e-01
8.217261433601379395e-01
9.044548869132995605e-01
9.799573421478271484e-01
9.973553419113159180e-01
9.987283349037170410e-01
9.937070608139038086e-01
9.777346253395080566e-01
9.482876658439636230e-01
9.196944832801818848e-01
8.872530460357666016e-01
8.185485601425170898e-01
8.119958639144897461e-01
8.881827592849731445e-01
9.489467144012451172e-01
1.000000000000000000e+00
1.000000000000000000e+00
8.872808814048767090e-01
6.120637059211730957e-01
3.793629407882690430e-01
1.695437431335449219e-01
6.703340262174606323e-02
3.115264885127544403e-02
1.003159582614898682e-01
4.018894731998443604e-01
7.860824465751647949e-01
9.122870564460754395e-01
9.940468668937683105e-01
9.979040622711181641e-01
9.991481900215148926e-01
9.991412162780761719e-01
9.944458007812500000e-01
9.584154486656188965e-01
8.611274361610412598e-01
8.818544149398803711e-01
9.624035954475402832e-01
9.588566422462463379e-01
9.143685698509216309e-01
7.818105220794677734e-01
8.324424028396606445e-01
9.880152940750122070e-01
9.975472092628479004e-01
9.999306797981262207e-01
9.999484419822692871e-01
9.999542832374572754e-01
9.999523162841796875e-01
9.999729990959167480e-01
9.999786019325256348e-01
9.999340772628784180e-01
9.996926784515380859e-01
9.993062019348144531e-01
9.969907402992248535e-01
9.930893778800964355e-01
9.843603968620300293e-01
9.801356792449951172e-01
9.797244071960449219e-01
9.873533844947814941e-01
9.951360821723937988e-01
9.979841113090515137e-01
9.994590878486633301e-01
9.995892047882080078e-01
9.992216229438781738e-01
9.988381862640380859e-01
9.989612102508544922e-01
9.990342259407043457e-01
9.990504384040832520e-01
9.853436350822448730e-01
9.664425849914550781e-01
9.350878596305847168e-01
9.250488281250000000e-01
9.430972933769226074e-01
9.675994515419006348e-01
9.926756620407104492e-01
9.969196915626525879e-01
9.995719194412231445e-01
9.997201561927795410e-01
9.997124671936035156e-01
9.996455907821655273e-01
9.997510313987731934e-01
9.998541474342346191e-01
9.999524950981140137e-01
9.999908208847045898e-01
9.999992251396179199e-01
9.999899268150329590e-01
9.999268054962158203e-01
9.997416138648986816e-01
9.997295737266540527e-01
9.998229146003723145e-01
9.999111890792846680e-01
9.999799132347106934e-01
9.999924898147583008e-01
9.999977350234985352e-01
9.999976158142089844e-01
9.999931454658508301e-01
9.999861717224121094e-01
9.999719262123107910e-01
9.999619722366333008e-01
9.999558329582214355e-01
9.998953938484191895e-01
9.998355507850646973e-01
9.998317360877990723e-01
9.998173713684082031e-01
9.997913241386413574e-01
9.993536472320556641e-01
9.983025193214416504e-01
9.930506348609924316e-01
9.849236607551574707e-01
9.728575944900512695e-01
9.767315983772277832e-01
9.862285852432250977e-01
9.941950440406799316e-01
9.993602633476257324e-01
9.997059106826782227e-01
9.996694326400756836e-01
9.994548559188842773e-01
9.994260668754577637e-01
9.994386434555053711e-01
9.995417594909667969e-01
9.995944499969482422e-01
9.996170997619628906e-01
9.995229244232177734e-01
9.994403123855590820e-01
9.994135499000549316e-01
9.993733763694763184e-01
9.993229508399963379e-01
9.987605214118957520e-01
9.313191771507263184e-01
5.860798358917236328e-01
3.568946123123168945e-01
2.404093593358993530e-01
2.602246403694152832e-01
3.311664164066314697e-01
5.405399203300476074e-01
7.307563424110412598e-01
8.973454833030700684e-01
9.628176689147949219e-01
9.938884377479553223e-01
9.957605004310607910e-01
9.942889809608459473e-01
9.873504638671875000e-01
9.739013314247131348e-01
9.576442241668701172e-01
9.713449478149414062e-01
9.839001297950744629e-01
9.939658641815185547e-01
9.985263943672180176e-01
9.998092651367187500e-01
9.998942613601684570e-01
9.998881220817565918e-01
9.998484253883361816e-01
9.997532963752746582e-01
9.996142387390136719e-01
9.996896386146545410e-01
9.997977018356323242e-01
9.999048113822937012e-01
9.997418522834777832e-01
9.992938637733459473e-01
9.946255087852478027e-01
9.889239668846130371e-01
9.836508631706237793e-01
9.851192235946655273e-01
9.960751533508300781e-01
9.994673728942871094e-01
9.999630451202392578e-01
9.999448060989379883e-01
9.998472332954406738e-01
9.995967745780944824e-01
9.987633228302001953e-01
9.976145029067993164e-01
9.865597486495971680e-01
9.480893015861511230e-01
8.346124291419982910e-01
6.107416749000549316e-01
3.041605353355407715e-01
1.282012015581130981e-01
7.097668799360690173e-07
2.383495285585013335e-07
3.876652037576588938e-12
1.171780814740452925e-11
1.749495027070224751e-06
5.212771706283092499e-03
5.305932089686393738e-02
2.660996913909912109e-01
7.127967476844787598e-01
9.051869511604309082e-01
9.959024190902709961e-01
9.980785250663757324e-01
9.995141625404357910e-01
9.994550347328186035e-01
9.995073080062866211e-01
9.996228218078613281e-01
9.988101720809936523e-01
9.969469904899597168e-01
9.920751452445983887e-01
9.875519275665283203e-01
9.833188652992248535e-01
9.788942337036132812e-01
9.757581353187561035e-01
9.793893694877624512e-01
9.851265549659729004e-01
9.932523369789123535e-01
9.972622394561767578e-01
9.998469352722167969e-01
9.999123811721801758e-01
9.997012615203857422e-01
9.990354776382446289e-01
9.974210858345031738e-01
9.953633546829223633e-01
9.976335763931274414e-01
9.994139075279235840e-01
9.998145103454589844e-01
9.999824166297912598e-01
9.999902248382568359e-01
9.999766945838928223e-01
9.998569488525390625e-01
9.993140697479248047e-01
9.967635273933410645e-01
9.921903014183044434e-01
9.922772049903869629e-01
9.936103224754333496e-01
9.956092834472656250e-01
9.960209727287292480e-01
9.940850138664245605e-01
9.872178435325622559e-01
9.783090949058532715e-01
9.742788076400756836e-01
9.744526147842407227e-01
9.840447902679443359e-01
9.891727566719055176e-01
9.914435744285583496e-01
9.682996869087219238e-01
9.237746596336364746e-01
8.080185055732727051e-01
7.572610974311828613e-01
7.692731618881225586e-01
8.206407427787780762e-01
8.826997876167297363e-01
9.563828706741333008e-01
9.916931390762329102e-01
9.713105559349060059e-01
9.728825092315673828e-01
9.834030866622924805e-01
9.853245615959167480e-01
9.600630998611450195e-01
8.734235167503356934e-01
6.000127792358398438e-01
2.053427547216415405e-01
2.648129463195800781e-01
4.045878052711486816e-01
6.717727780342102051e-01
8.554087877273559570e-01
9.558940529823303223e-01
9.855358600616455078e-01
9.961663484573364258e-01
9.968416690826416016e-01
9.977707862854003906e-01
9.990915060043334961e-01
9.997025132179260254e-01
9.999967813491821289e-01
9.998309612274169922e-01
9.993889331817626953e-01
9.982730746269226074e-01
9.966682195663452148e-01
9.947130680084228516e-01
9.823649525642395020e-01
9.691565632820129395e-01
9.586051702499389648e-01
9.657949209213256836e-01
9.929608106613159180e-01
9.995851516723632812e-01
9.998988509178161621e-01
9.997494220733642578e-01
9.996457099914550781e-01
9.996241331100463867e-01
9.997001290321350098e-01
9.998275637626647949e-01
9.999263882637023926e-01
1.000000000000000000e+00
1.000000000000000000e+00
1.000000000000000000e+00
1.000000000000000000e+00
9.999777674674987793e-01
9.999486207962036133e-01
9.999028444290161133e-01
9.998934268951416016e-01
9.999343752861022949e-01
9.999326467514038086e-01
9.999131560325622559e-01
9.998046159744262695e-01
9.996792674064636230e-01
9.995150566101074219e-01
9.994888305664062500e-01
9.995572566986083984e-01
9.997782111167907715e-01
9.999785423278808594e-01
9.999917149543762207e-01
9.999970793724060059e-01
9.999935626983642578e-01
9.999895691871643066e-01
9.999861121177673340e-01
9.999945163726806641e-01
1.000000000000000000e+00
1.000000000000000000e+00
1.000000000000000000e+00
1.000000000000000000e+00
9.999356269836425781e-01
9.998700022697448730e-01
9.998169541358947754e-01
9.997586607933044434e-01
9.996953606605529785e-01
9.992700219154357910e-01
9.987300634384155273e-01
9.979346990585327148e-01
9.979334473609924316e-01
9.992130398750305176e-01
9.997674226760864258e-01
9.999714493751525879e-01
9.999881982803344727e-01
9.999936223030090332e-01
9.999864101409912109e-01
9.999882578849792480e-01
9.999976158142089844e-01
9.999961256980895996e-01
9.999892115592956543e-01
9.999582767486572266e-01
9.999026656150817871e-01
9.998117685317993164e-01
9.994087219238281250e-01
9.988719820976257324e-01
9.978772401809692383e-01
9.966788291931152344e-01
9.949599504470825195e-01
9.879351854324340820e-01
9.768175482749938965e-01
9.451056122779846191e-01
9.113605022430419922e-01
8.866667151451110840e-01
8.984091281890869141e-01
9.586808681488037109e-01
9.858005642890930176e-01
9.997066259384155273e-01
9.998695254325866699e-01
9.999850988388061523e-01
9.999852776527404785e-01
9.999866485595703125e-01
9.999887943267822266e-01
9.999648928642272949e-01
9.996918439865112305e-01
9.980173110961914062e-01
9.954804182052612305e-01
9.918307065963745117e-01
9.930937886238098145e-01
9.962500333786010742e-01
9.984027147293090820e-01
9.999387860298156738e-01
9.999814033508300781e-01
9.999994635581970215e-01
9.999997019767761230e-01
9.999980330467224121e-01
9.999898076057434082e-01
9.999460577964782715e-01
9.999057650566101074e-01
9.998700618743896484e-01
9.997851848602294922e-01
9.996804594993591309e-01
9.987398386001586914e-01
9.978865385055541992e-01
9.972591996192932129e-01
9.945076704025268555e-01
9.901152253150939941e-01
8.904288411140441895e-01
7.770815491676330566e-01
6.848585009574890137e-01
6.787522435188293457e-01
7.938381433486938477e-01
8.967889547348022461e-01
9.945616126060485840e-01
9.971544742584228516e-01
9.917020201683044434e-01
9.689861536026000977e-01
8.558208942413330078e-01
6.669303178787231445e-01
6.976675987243652344e-01
7.700671553611755371e-01
8.041391372680664062e-01
7.598315477371215820e-01
5.931440591812133789e-01
4.621833562850952148e-01
3.486723899841308594e-01
7.065097093582153320e-01
9.978010654449462891e-01
9.990342259407043457e-01
9.988514184951782227e-01
9.973334670066833496e-01
9.944017529487609863e-01
9.913682341575622559e-01
9.915128946304321289e-01
9.839262366294860840e-01
9.622976779937744141e-01
9.320622682571411133e-01
8.969430923461914062e-01
9.090574383735656738e-01
9.200955033302307129e-01
9.088200330734252930e-01
9.002292752265930176e-01
8.946177959442138672e-01
8.581517934799194336e-01
8.088787794113159180e-01
6.777347922325134277e-01
5.915336012840270996e-01
6.047625541687011719e-01
6.766788959503173828e-01
7.893550395965576172e-01
8.023578524589538574e-01
7.889179587364196777e-01
7.100200653076171875e-01
5.370851159095764160e-01
2.366881072521209717e-01
9.531969577074050903e-02
2.127898856997489929e-02
4.542578384280204773e-02
5.506308749318122864e-02
1.781028695404529572e-02
3.105191588401794434e-01
8.907821178436279297e-01
9.999778866767883301e-01
9.999876022338867188e-01
9.999855160713195801e-01
9.999833703041076660e-01
9.999811649322509766e-01
9.999506473541259766e-01
9.999040961265563965e-01
9.995957612991333008e-01
9.982193112373352051e-01
9.923861622810363770e-01
9.753624796867370605e-01
9.455395340919494629e-01
9.249330759048461914e-01
9.083787202835083008e-01
9.411144256591796875e-01
9.699292182922363281e-01
9.893226623535156250e-01
9.982073307037353516e-01
9.990123510360717773e-01
9.991829991340637207e-01
9.991553425788879395e-01
9.985315799713134766e-01
9.380984902381896973e-01
7.830613851547241211e-01
5.395608544349670410e-01
2.512082755565643311e-01
3.972601890563964844e-01
5.907056927680969238e-01
8.504771590232849121e-01
9.889647960662841797e-01
9.975664019584655762e-01
9.994940161705017090e-01
9.992569684982299805e-01
9.986828565597534180e-01
9.980781078338623047e-01
9.974039196968078613e-01
9.942409992218017578e-01
9.892109632492065430e-01
9.825505614280700684e-01
9.773354530334472656e-01
9.856012463569641113e-01
9.925676584243774414e-01
9.974745512008666992e-01
9.987232685089111328e-01
9.980720281600952148e-01
9.866221547126770020e-01
9.655545353889465332e-01
9.095758795738220215e-01
8.934215903282165527e-01
9.219906330108642578e-01
8.815818428993225098e-01
8.164288401603698730e-01
6.852801442146301270e-01
5.599376559257507324e-01
4.492975473403930664e-01
4.742965102195739746e-01
6.092323660850524902e-01
7.836356759071350098e-01
9.518918991088867188e-01
9.737403392791748047e-01
9.856432676315307617e-01
9.800739884376525879e-01
9.666847586631774902e-01
9.487366676330566406e-01
9.611938595771789551e-01
9.732619524002075195e-01
9.667178988456726074e-01
9.673762917518615723e-01
9.773550629615783691e-01
9.856513142585754395e-01
9.932253360748291016e-01
9.943112134933471680e-01
9.949179291725158691e-01
9.945913553237915039e-01
9.955180287361145020e-01
9.976554512977600098e-01
9.975427985191345215e-01
9.929335117340087891e-01
9.047436714172363281e-01
7.538170814514160156e-01
4.647285640239715576e-01
5.220419764518737793e-01
8.332439064979553223e-01
9.394548535346984863e-01
9.978427886962890625e-01
9.780340790748596191e-01
9.674784541130065918e-01
9.723962545394897461e-01
9.829361438751220703e-01
9.966616034507751465e-01
9.975934624671936035e-01
9.972402453422546387e-01
9.970786571502685547e-01
9.959573745727539062e-01
9.935952425003051758e-01
9.872321486473083496e-01
9.791789650917053223e-01
9.822860956192016602e-01
9.866592288017272949e-01
9.939883947372436523e-01
9.982953667640686035e-01
9.995259046554565430e-01
9.998972415924072266e-01
9.999926090240478516e-01
9.999969005584716797e-01
1.000000000000000000e+00
1.000000000000000000e+00
9.999991059303283691e-01
9.999975562095642090e-01
9.999895095825195312e-01
9.999798536300659180e-01
9.999682903289794922e-01
9.999617338180541992e-01
9.999648928642272949e-01
9.999488592147827148e-01
9.999201297760009766e-01
9.989323019981384277e-01
9.973492026329040527e-01
9.926790595054626465e-01
9.880535602569580078e-01
9.835128188133239746e-01
9.781529903411865234e-01
9.723523259162902832e-01
9.725793004035949707e-01
9.759314656257629395e-01
9.913175106048583984e-01
1.000000000000000000e+00
1.000000000000000000e+00
9.990418553352355957e-01
9.976653456687927246e-01
9.938049912452697754e-01
9.918487071990966797e-01
9.971553087234497070e-01
9.999507665634155273e-01
9.999884366989135742e-01
9.999974370002746582e-01
9.999962449073791504e-01
9.999810457229614258e-01
9.999284148216247559e-01
9.997670650482177734e-01
9.990074038505554199e-01
9.976885318756103516e-01
9.924000501632690430e-01
9.858175516128540039e-01
9.751658439636230469e-01
9.701337218284606934e-01
9.784781932830810547e-01
9.878538250923156738e-01
9.980635046958923340e-01
1.000000000000000000e+00
9.999606609344482422e-01
9.993908405303955078e-01
9.989641904830932617e-01
9.988329410552978516e-01
9.991164803504943848e-01
9.996942877769470215e-01
9.991897344589233398e-01
9.984990954399108887e-01
9.979512095451354980e-01
9.978231191635131836e-01
9.984465241432189941e-01
9.988184571266174316e-01
9.990336298942565918e-01
9.954684376716613770e-01
9.898952841758728027e-01
9.744766950607299805e-01
9.659144878387451172e-01
9.683853387832641602e-01
9.805236458778381348e-01
9.981542229652404785e-01
9.988983273506164551e-01
9.970386028289794922e-01
9.916290044784545898e-01
9.909256100654602051e-01
9.971186518669128418e-01
9.994832873344421387e-01
9.999009370803833008e-01
9.999579191207885742e-01
9.998750090599060059e-01
9.992719888687133789e-01
9.966488480567932129e-01
9.913052320480346680e-01
9.832279086112976074e-01
9.738616347312927246e-01
9.863095283508300781e-01
9.977232813835144043e-01
9.979381561279296875e-01
9.980642199516296387e-01
9.980776906013488770e-01
9.880461096763610840e-01
9.736151099205017090e-01
9.703410267829895020e-01
9.699094891548156738e-01
9.783207774162292480e-01
9.852694869041442871e-01
9.904516935348510742e-01
9.931461215019226074e-01
9.948120117187500000e-01
9.962761402130126953e-01
9.976978302001953125e-01
9.989854097366333008e-01
9.997600913047790527e-01
9.999393820762634277e-01
9.999939203262329102e-01
9.999985098838806152e-01
9.999976158142089844e-01
9.999906420707702637e-01
9.999624490737915039e-01
9.997105598449707031e-01
9.992052912712097168e-01
9.990960359573364258e-01
9.991389513015747070e-01
9.995512962341308594e-01
9.998896718025207520e-01
9.999284148216247559e-01
9.994210600852966309e-01
9.983007311820983887e-01
9.973090887069702148e-01
9.963673949241638184e-01
9.981239438056945801e-01
9.996072649955749512e-01
9.998286962509155273e-01
9.946265220642089844e-01
9.832869768142700195e-01
7.456896901130676270e-01
4.199203252792358398e-01
3.897573351860046387e-01
4.449580013751983643e-01
7.735970616340637207e-01
9.562488794326782227e-01
9.703293442726135254e-01
9.492796659469604492e-01
9.140509366989135742e-01
9.079177975654602051e-01
9.111421108245849609e-01
9.453877806663513184e-01
9.715474247932434082e-01
9.880165457725524902e-01
9.957010149955749512e-01
9.996601343154907227e-01
9.998789429664611816e-01
9.983620047569274902e-01
9.905793070793151855e-01
9.595814347267150879e-01
8.994824290275573730e-01
8.150581121444702148e-01
7.197128534317016602e-01
7.713676095008850098e-01
8.334267139434814453e-01
8.970659375190734863e-01
9.446622729301452637e-01
9.708560109138488770e-01
9.855289459228515625e-01
9.945868849754333496e-01
9.958484768867492676e-01
9.931457638740539551e-01
9.737797379493713379e-01
9.653432965278625488e-01
9.727150797843933105e-01
9.809861183166503906e-01
9.897169470787048340e-01
9.890042543411254883e-01
9.849086403846740723e-01
9.668223857879638672e-01
9.552833437919616699e-01
9.541741013526916504e-01
9.423638582229614258e-01
9.242739677429199219e-01
8.440665006637573242e-01
7.139230966567993164e-01
2.783951759338378906e-01
1.153331832028925419e-04
3.400921923457644880e-05
1.584978029131889343e-02
4.210470616817474365e-02
4.688139557838439941e-01
9.247055649757385254e-01
9.645718336105346680e-01
9.902547597885131836e-01
9.875361919403076172e-01
9.793540239334106445e-01
9.671377539634704590e-01
9.477378129959106445e-01
9.278107285499572754e-01
9.256812334060668945e-01
9.283702969551086426e-01
9.423025250434875488e-01
9.609827399253845215e-01
9.836915731430053711e-01
9.934735894203186035e-01
9.994745850563049316e-01
9.987110495567321777e-01
9.891561865806579590e-01
9.552764892578125000e-01
7.906211018562316895e-01
4.986493587493896484e-01
2.657763361930847168e-01
5.308315530419349670e-02
2.696281485259532928e-02
1.347972005605697632e-01
6.952329277992248535e-01
9.965836405754089355e-01
9.979493021965026855e-01
9.986429810523986816e-01
9.990524649620056152e-01
9.993994235992431641e-01
9.992772340774536133e-01
9.970549941062927246e-01
9.899356365203857422e-01
9.760448932647705078e-01
9.622534513473510742e-01
9.485043883323669434e-01
9.737697839736938477e-01
9.995437860488891602e-01
9.996035695075988770e-01
9.995695352554321289e-01
9.993771314620971680e-01
9.990146756172180176e-01
9.985428452491760254e-01
9.986919760704040527e-01
9.989534616470336914e-01
9.992057681083679199e-01
9.984964728355407715e-01
9.957458972930908203e-01
9.911910295486450195e-01
9.852144122123718262e-01
9.903483390808105469e-01
9.981283545494079590e-01
9.989686608314514160e-01
9.993684887886047363e-01
9.985523819923400879e-01
9.971935153007507324e-01
9.952948689460754395e-01
9.856672286987304688e-01
9.732542634010314941e-01
9.506967663764953613e-01
9.340668916702270508e-01
9.412630200386047363e-01
9.576367735862731934e-01
9.856413006782531738e-01
9.959005117416381836e-01
9.977408051490783691e-01
9.961379170417785645e-01
9.932945966720581055e-01
9.851565957069396973e-01
9.782314300537109375e-01
9.732602834701538086e-01
9.758533835411071777e-01
9.832049012184143066e-01
9.912861585617065430e-01
9.988755583763122559e-01
9.994894266128540039e-01
9.999216794967651367e-01
9.999561905860900879e-01
9.999496340751647949e-01
9.999091029167175293e-01
9.986280202865600586e-01
9.969639182090759277e-01
9.927642941474914551e-01
9.908699989318847656e-01
9.960173964500427246e-01
9.970667362213134766e-01
9.936498403549194336e-01
9.953727126121520996e-01
9.992064833641052246e-01
9.996423721313476562e-01
9.998010396957397461e-01
9.996430873870849609e-01
9.977724552154541016e-01
9.933594465255737305e-01
9.745219945907592773e-01
9.473915696144104004e-01
9.162377119064331055e-01
8.928373456001281738e-01
9.477776885032653809e-01
9.874170422554016113e-01
9.959458708763122559e-01
9.997974634170532227e-01
9.999576807022094727e-01
9.999954104423522949e-01
1.000000000000000000e+00
9.999993443489074707e-01
9.999981522560119629e-01
9.999954104423522949e-01
9.999921917915344238e-01
9.999883770942687988e-01
9.999852180480957031e-01
9.999822974205017090e-01
9.999716281890869141e-01
9.999402761459350586e-01
9.998064637184143066e-01
9.981949925422668457e-01
9.942911863327026367e-01
7.581905126571655273e-01
3.796806037425994873e-01
1.681836694478988647e-01
2.446241524012293667e-06
1.006610432341403794e-06
1.695755422115325928e-01
7.340217232704162598e-01
9.418962001800537109e-01
8.318938612937927246e-01
8.239343762397766113e-01
8.491967916488647461e-01
9.324818849563598633e-01
9.993192553520202637e-01
9.995504021644592285e-01
9.995612502098083496e-01
9.992848634719848633e-01
9.992599487304687500e-01
9.993642568588256836e-01
9.996181726455688477e-01
9.998467564582824707e-01
9.997217059135437012e-01
9.989588856697082520e-01
9.969443082809448242e-01
9.950180053710937500e-01
9.931606650352478027e-01
9.944834709167480469e-01
9.966686964035034180e-01
9.985580444335937500e-01
9.997459053993225098e-01
9.986727237701416016e-01
9.982740283012390137e-01
9.986632466316223145e-01
9.991470575332641602e-01
9.996741414070129395e-01
9.998503923416137695e-01
9.999753832817077637e-01
9.999897480010986328e-01
9.999890327453613281e-01
9.999612569808959961e-01
9.914584159851074219e-01
9.768216013908386230e-01
9.506731033325195312e-01
9.233025312423706055e-01
9.543522000312805176e-01
9.807143211364746094e-01
9.929010272026062012e-01
9.995219707489013672e-01
9.998881220817565918e-01
9.999529719352722168e-01
9.998853206634521484e-01
9.996945858001708984e-01
9.993787407875061035e-01
9.983618259429931641e-01
9.955078363418579102e-01
9.893870949745178223e-01
9.741716980934143066e-01
9.523528814315795898e-01
8.988316059112548828e-01
8.376206159591674805e-01
7.828195095062255859e-01
7.462482452392578125e-01
7.665753364562988281e-01
7.158920764923095703e-01
5.833213925361633301e-01
4.625942409038543701e-01
3.473200500011444092e-01
4.975323081016540527e-01
6.774910688400268555e-01
8.723360300064086914e-01
1.000000000000000000e+00
1.000000000000000000e+00
9.983068108558654785e-01
9.953051805496215820e-01
9.944413304328918457e-01
9.941736459732055664e-01
9.973506927490234375e-01
9.998447895050048828e-01
9.998943805694580078e-01
9.999337792396545410e-01
9.999600648880004883e-01
9.999789595603942871e-01
9.999940395355224609e-01
9.999836087226867676e-01
9.999352693557739258e-01
9.995529055595397949e-01
9.970612525939941406e-01
9.898674488067626953e-01
9.865391850471496582e-01
9.866697788238525391e-01
9.922417402267456055e-01
9.996947050094604492e-01
9.365099072456359863e-01
8.349334001541137695e-01
5.675430297851562500e-01
4.283407330513000488e-01
4.878872334957122803e-01
6.729903817176818848e-01
9.385098814964294434e-01
9.915931820869445801e-01
9.993314146995544434e-01
9.994358420372009277e-01
9.990691542625427246e-01
9.973469972610473633e-01
9.938783645629882812e-01
9.884554743766784668e-01
9.880462884902954102e-01
9.899354577064514160e-01
9.921486377716064453e-01
9.944843649864196777e-01
9.974875450134277344e-01
9.995943307876586914e-01
9.998731017112731934e-01
1.000000000000000000e+00
1.000000000000000000e+00
9.999877810478210449e-01
9.999716281890869141e-01
9.999251365661621094e-01
9.997794032096862793e-01
9.992064237594604492e-01
9.987494349479675293e-01
9.984666705131530762e-01
9.987036585807800293e-01
9.992694258689880371e-01
9.996148347854614258e-01
9.999035596847534180e-01
9.999324083328247070e-01
9.998133182525634766e-01
9.992508292198181152e-01
9.983657002449035645e-01
9.971050024032592773e-01
9.976213574409484863e-01
9.989986419677734375e-01
9.995736479759216309e-01
9.999989271163940430e-01
9.999881386756896973e-01
9.997175931930541992e-01
9.988698363304138184e-01
9.981179833412170410e-01
9.974531531333923340e-01
9.980855584144592285e-01
9.991937875747680664e-01
9.996086359024047852e-01
9.999000430107116699e-01
9.997481107711791992e-01
9.988184571266174316e-01
9.965198636054992676e-01
9.919455647468566895e-01
9.856823682785034180e-01
9.661250114440917969e-01
9.428860545158386230e-01
8.648406863212585449e-01
7.569132447242736816e-01
5.343577861785888672e-01
5.406380891799926758e-01
8.734098076820373535e-01
9.471065998077392578e-01
8.616337776184082031e-01
4.718598127365112305e-01
5.029776319861412048e-02
4.708198308944702148e-01
8.172897696495056152e-01
9.336565136909484863e-01
9.976661205291748047e-01
9.983936548233032227e-01
9.964453577995300293e-01
9.931161999702453613e-01
9.856811165809631348e-01
9.768902659416198730e-01
9.591086506843566895e-01
9.311391115188598633e-01
8.773313164710998535e-01
8.311873078346252441e-01
7.931689620018005371e-01
7.701150774955749512e-01
7.536264657974243164e-01
6.119264364242553711e-01
4.797518253326416016e-01
5.435469746589660645e-01
6.469883322715759277e-01
8.375110626220703125e-01
9.426532983779907227e-01
9.684972167015075684e-01
9.758076071739196777e-01
9.761037826538085938e-01
9.840316772460937500e-01
9.919488430023193359e-01
9.961939454078674316e-01
9.900243878364562988e-01
9.637450575828552246e-01
8.207040429115295410e-01
5.799556970596313477e-01
3.382730185985565186e-01
9.666962921619415283e-02
7.470387965440750122e-02
6.154762580990791321e-02
3.654200956225395203e-02
1.640240661799907684e-02
4.989320412278175354e-03
5.839047844347078353e-06
1.231590658790082671e-06
5.960396304726600647e-02
1.374167948961257935e-01
4.990974366664886475e-01
8.102244138717651367e-01
8.419725298881530762e-01
8.774182796478271484e-01
9.190651774406433105e-01
9.561401009559631348e-01
9.899150133132934570e-01
9.961529970169067383e-01
9.945994019508361816e-01
9.648604393005371094e-01
9.245398044586181641e-01
8.394002914428710938e-01
7.740994095802307129e-01
7.405123710632324219e-01
7.791967988014221191e-01
8.687099218368530273e-01
9.278910160064697266e-01
9.789512753486633301e-01
9.880633950233459473e-01
9.952632188796997070e-01
9.960535764694213867e-01
9.907559156417846680e-01
9.759258031845092773e-01
7.385674715042114258e-01
3.453441262245178223e-01
1.474926918745040894e-01
1.717694802209734917e-03
1.428270625183358788e-04
3.055156208574771881e-02
1.924742907285690308e-01
4.417966604232788086e-01
8.295161724090576172e-01
9.926885962486267090e-01
9.976732134819030762e-01
9.983450770378112793e-01
9.978419542312622070e-01
9.885424971580505371e-01
9.804773330688476562e-01
9.785587191581726074e-01
9.808338284492492676e-01
9.899528622627258301e-01
9.954164624214172363e-01
9.982014298439025879e-01
9.974852800369262695e-01
9.957450032234191895e-01
9.807392358779907227e-01
9.500785470008850098e-01
8.443752527236938477e-01
7.195815443992614746e-01
5.615354776382446289e-01
5.121445655822753906e-01
5.465240478515625000e-01
6.814051866531372070e-01
8.478273749351501465e-01
4.047043025493621826e-01
5.425656214356422424e-03
2.906368114054203033e-03
4.662903770804405212e-02
1.773020029067993164e-01
4.573381245136260986e-01
8.626121282577514648e-01
9.316287040710449219e-01
8.814486265182495117e-01
4.241654872894287109e-01
9.649253479437902570e-05
3.890765219694003463e-05
5.212117344330087153e-22
2.127697155284269145e-21
1.033050641417503357e-01
3.024846017360687256e-01
6.087001562118530273e-01
9.578573107719421387e-01
9.944038987159729004e-01
9.982302188873291016e-01
9.968620538711547852e-01
9.936186075210571289e-01
9.858505129814147949e-01
9.677429199218750000e-01
9.386915564537048340e-01
8.791167140007019043e-01
8.052061200141906738e-01
6.762838363647460938e-01
5.285165905952453613e-01
2.252122908830642700e-01
1.152278125753037827e-14
5.599893717679084448e-14
6.298252195119857788e-02
2.027747184038162231e-01
5.157108306884765625e-01
9.261660575866699219e-01
9.968816041946411133e-01
9.998121261596679688e-01
9.993644952774047852e-01
9.990134835243225098e-01
9.990109801292419434e-01
9.991734027862548828e-01
9.995780587196350098e-01
9.955053329467773438e-01
9.884392023086547852e-01
9.773840308189392090e-01
9.652920961380004883e-01
9.190655946731567383e-01
8.343302607536315918e-01
5.679517388343811035e-01
3.275562524795532227e-01
1.348485201597213745e-01
3.358623012900352478e-02
7.855712436139583588e-03
6.854088860563933849e-04
4.639666440198197961e-05
1.546884050185326487e-06
1.253126392839476466e-04
1.180546474643051624e-03
5.031370557844638824e-03
1.527707558125257492e-02
6.565563380718231201e-02
1.574006527662277222e-01
1.188837885856628418e-01
2.027594298124313354e-02
3.937263973057270050e-03
1.111701551127775023e-12
4.771801985666013213e-13
4.050137009471654892e-03
2.034359052777290344e-02
2.347378432750701904e-01
7.063362598419189453e-01
9.097979068756103516e-01
9.481579065322875977e-01
9.667363762855529785e-01
9.806666970252990723e-01
9.876452684402465820e-01
9.935330748558044434e-01
9.945647120475769043e-01
9.827568531036376953e-01
9.487412571907043457e-01
8.847447037696838379e-01
7.962904572486877441e-01
8.101832270622253418e-01
8.597893118858337402e-01
9.306415319442749023e-01
9.952090382575988770e-01
9.961664080619812012e-01
9.953216314315795898e-01
9.901945590972900391e-01
9.861476421356201172e-01
9.832933545112609863e-01
9.387974739074707031e-01
8.731920123100280762e-01
4.599305689334869385e-01
1.164600835181772709e-04
5.117789260111749172e-05
2.309844582271125546e-08
1.290724611635596375e-07
9.136544167995452881e-02
3.186700046062469482e-01
5.496236085891723633e-01
7.841089963912963867e-01
6.605873703956604004e-01
4.305729269981384277e-01
2.066498696804046631e-01
2.791636064648628235e-02
1.354799866676330566e-01
2.937739193439483643e-01
5.600982904434204102e-01
7.326931953430175781e-01
8.108037114143371582e-01
8.852665424346923828e-01
9.579414129257202148e-01
9.809542298316955566e-01
9.949976205825805664e-01
9.822440147399902344e-01
9.666277766227722168e-01
9.415675997734069824e-01
9.314621686935424805e-01
9.426869153976440430e-01
9.572020173072814941e-01
9.740517139434814453e-01
9.854428172111511230e-01
9.951944351196289062e-01
9.976540803909301758e-01
9.993492960929870605e-01
9.984992742538452148e-01
9.975785017013549805e-01
9.965044260025024414e-01
9.966943264007568359e-01
9.981909990310668945e-01
9.982503652572631836e-01
9.976027607917785645e-01
9.984328150749206543e-01
9.994945526123046875e-01
9.997290968894958496e-01
9.999194741249084473e-01
9.999405741691589355e-01
9.997187256813049316e-01
9.991106390953063965e-01
9.955632090568542480e-01
9.897360205650329590e-01
9.809898138046264648e-01
9.712594151496887207e-01
9.585726261138916016e-01
9.457514882087707520e-01
9.336948394775390625e-01
9.303974509239196777e-01
9.498043656349182129e-01
9.703071117401123047e-01
9.920105934143066406e-01
9.998326301574707031e-01
9.995681643486022949e-01
9.976751208305358887e-01
9.953947663307189941e-01
9.976506233215332031e-01
9.996334910392761230e-01
9.998282790184020996e-01
9.999625086784362793e-01
9.999788403511047363e-01
9.999218583106994629e-01
9.997949004173278809e-01
9.987979531288146973e-01
9.974123239517211914e-01
9.916336536407470703e-01
9.841744899749755859e-01
9.524211883544921875e-01
9.117865562438964844e-01
8.393955230712890625e-01
8.392536044120788574e-01
9.512047171592712402e-01
1.000000000000000000e+00
1.000000000000000000e+00
9.530327320098876953e-01
8.894319534301757812e-01
9.192295074462890625e-01
9.564080834388732910e-01
9.780336618423461914e-01
9.947519302368164062e-01
9.977572560310363770e-01
9.995037913322448730e-01
9.996255636215209961e-01
9.877841472625732422e-01
9.683318138122558594e-01
7.965120673179626465e-01
5.829908847808837891e-01
5.931229591369628906e-01
6.308016777038574219e-01
7.839806675910949707e-01
9.079594016075134277e-01
9.630888104438781738e-01
9.942451119422912598e-01
9.984354376792907715e-01
9.999089837074279785e-01
9.998910427093505859e-01
9.998675584793090820e-01
9.998428225517272949e-01
9.999055862426757812e-01
9.999621510505676270e-01
9.999813437461853027e-01
9.999949336051940918e-01
9.999972581863403320e-01
9.999966025352478027e-01
9.999930262565612793e-01
9.995312094688415527e-01
9.988486766815185547e-01
9.845031499862670898e-01
9.678435921669006348e-01
9.708558320999145508e-01
9.753952622413635254e-01
9.867743253707885742e-01
9.950333833694458008e-01
9.974384903907775879e-01
9.955581426620483398e-01
9.897042512893676758e-01
9.855557680130004883e-01
9.821647405624389648e-01
9.897038936614990234e-01
9.988060593605041504e-01
9.993662238121032715e-01
9.991890788078308105e-01
9.959628582000732422e-01
9.078185558319091797e-01
6.714493632316589355e-01
4.375782310962677002e-01
2.070002108812332153e-01
3.457958400249481201e-01
6.458725333213806152e-01
8.089247345924377441e-01
9.471523165702819824e-01
9.667586684226989746e-01
9.826751947402954102e-01
9.834927916526794434e-01
9.849440455436706543e-01
9.875033497810363770e-01
9.909076690673828125e-01
9.950686693191528320e-01
9.751262664794921875e-01
9.449503421783447266e-01
7.166299819946289062e-01
4.678137004375457764e-01
5.296448469161987305e-01
6.190821528434753418e-01
8.206815123558044434e-01
9.531106948852539062e-01
9.623189568519592285e-01
9.572314023971557617e-01
9.392200708389282227e-01
9.466991424560546875e-01
9.655677080154418945e-01
9.817304611206054688e-01
9.971812963485717773e-01
9.985699653625488281e-01
9.997085332870483398e-01
9.997677206993103027e-01
9.998052716255187988e-01
9.998031258583068848e-01
9.995898604393005371e-01
9.991782307624816895e-01
9.985758662223815918e-01
9.978845715522766113e-01
9.975478053092956543e-01
9.972768425941467285e-01
9.963935613632202148e-01
9.942647814750671387e-01
9.859301447868347168e-01
9.772700667381286621e-01
9.679872989654541016e-01
9.658029675483703613e-01
9.709238409996032715e-01
9.790907502174377441e-01
9.888907670974731445e-01
9.931460022926330566e-01
9.961641430854797363e-01
9.965493083000183105e-01
9.967910647392272949e-01
9.964991211891174316e-01
9.963417053222656250e-01
9.964950084686279297e-01
9.969215393066406250e-01
9.976640343666076660e-01
9.983448982238769531e-01
9.989871382713317871e-01
9.977391362190246582e-01
9.959665536880493164e-01
9.805673956871032715e-01
9.642271995544433594e-01
9.470242261886596680e-01
9.247347712516784668e-01
8.881698846817016602e-01
8.091341853141784668e-01
6.722680330276489258e-01
5.262340307235717773e-01
3.740567266941070557e-01
3.799553811550140381e-01
4.406934678554534912e-01
6.380090117454528809e-01
8.429517149925231934e-01
9.309930205345153809e-01
9.999857544898986816e-01
9.999644160270690918e-01
9.952731728553771973e-01
9.828326106071472168e-01
7.929579615592956543e-01
4.480781257152557373e-01
4.655463099479675293e-01
6.433556675910949707e-01
5.710325837135314941e-01
4.558778405189514160e-01
3.891849815845489502e-01
3.633201718330383301e-01
5.457809567451477051e-01
7.233542203903198242e-01
8.901872038841247559e-01
9.820801615715026855e-01
9.912016987800598145e-01
9.852222800254821777e-01
9.704391956329345703e-01
8.638811111450195312e-01
7.325172424316406250e-01
5.487362742424011230e-01
3.799073398113250732e-01
3.755539953708648682e-01
4.144107103347778320e-01
5.785551667213439941e-01
7.172730565071105957e-01
8.205444216728210449e-01
8.925142288208007812e-01
9.404701590538024902e-01
9.684001207351684570e-01
9.884704351425170898e-01
9.948857426643371582e-01
9.992048740386962891e-01
9.995722770690917969e-01
9.998810887336730957e-01
9.999246597290039062e-01
9.999526739120483398e-01
9.999497532844543457e-01
9.998715519905090332e-01
9.997151494026184082e-01
9.995692968368530273e-01
9.994286894798278809e-01
9.993612766265869141e-01
9.993123412132263184e-01
9.987631440162658691e-01
9.982404112815856934e-01
9.981563091278076172e-01
9.978961348533630371e-01
9.971283078193664551e-01
9.857532978057861328e-01
9.590674638748168945e-01
8.721721768379211426e-01
7.379364967346191406e-01
6.852434277534484863e-01
6.652449965476989746e-01
7.591212987899780273e-01
8.703847527503967285e-01
9.364848732948303223e-01
9.915364384651184082e-01
9.926337599754333496e-01
9.932763576507568359e-01
9.929507374763488770e-01
9.936962127685546875e-01
9.956491589546203613e-01
9.973456263542175293e-01
9.988769292831420898e-01
9.987065196037292480e-01
9.980178475379943848e-01
9.952974915504455566e-01
9.925964474678039551e-01
9.927775859832763672e-01
9.934930205345153809e-01
9.961445331573486328e-01
9.965752363204956055e-01
9.931610226631164551e-01
9.459666609764099121e-01
8.573589324951171875e-01
5.832130312919616699e-01
2.166363298892974854e-01
9.779035300016403198e-02
3.661576285958290100e-02
8.791409432888031006e-02
1.658018380403518677e-01
4.225900471210479736e-01
5.994811058044433594e-01
5.411156415939331055e-01
5.740293860435485840e-01
7.431280612945556641e-01
8.680327534675598145e-01
9.573030471801757812e-01
9.899587631225585938e-01
9.981086850166320801e-01
9.996412396430969238e-01
9.999539852142333984e-01
9.998365640640258789e-01
9.995071291923522949e-01
9.978602528572082520e-01
9.965387582778930664e-01
9.960406422615051270e-01
9.963490366935729980e-01
9.977335929870605469e-01
9.984549283981323242e-01
9.986785650253295898e-01
9.989802241325378418e-01
9.993134140968322754e-01
9.994277954101562500e-01
9.995075464248657227e-01
9.995378851890563965e-01
9.995708465576171875e-01
9.996185898780822754e-01
9.994928836822509766e-01
9.989575147628784180e-01
9.857145547866821289e-01
9.566184878349304199e-01
7.767125964164733887e-01
4.911501705646514893e-01
4.475099742412567139e-01
4.941486716270446777e-01
6.783838868141174316e-01
8.807945847511291504e-01
9.449120759963989258e-01
9.979916810989379883e-01
9.917365312576293945e-01
9.736862182617187500e-01
9.282215237617492676e-01
8.764578700065612793e-01
8.165470957756042480e-01
8.494156002998352051e-01
9.468835592269897461e-01
9.820638895034790039e-01
9.942206740379333496e-01
9.927073717117309570e-01
9.891238212585449219e-01
9.814336895942687988e-01
9.730444550514221191e-01
9.609750509262084961e-01
9.463775157928466797e-01
9.258133769035339355e-01
7.003484368324279785e-01
2.090216279029846191e-01
1.158244325779378414e-03
2.546453324612230062e-04
4.475272010487607433e-35
5.563460722746378020e-36
4.104900108810339003e-33
8.875370996528011304e-33
3.261420177295804024e-03
7.540020346641540527e-02
5.666952133178710938e-01
9.329993724822998047e-01
9.725710153579711914e-01
9.030791521072387695e-01
6.807041168212890625e-01
4.999966919422149658e-01
3.517917692661285400e-01
3.905509412288665771e-01
5.118592977523803711e-01
6.652356386184692383e-01
8.246647119522094727e-01
8.580690026283264160e-01
8.830308318138122559e-01
8.707487583160400391e-01
8.619462251663208008e-01
8.636431097984313965e-01
8.654887080192565918e-01
8.675584793090820312e-01
8.778113126754760742e-01
8.955243229866027832e-01
7.741048336029052734e-01
5.806126594543457031e-01
4.624634683132171631e-01
3.632493019104003906e-01
6.509220004081726074e-01
9.462617635726928711e-01
9.714086055755615234e-01
9.903542995452880859e-01
9.853143692016601562e-01
9.781214594841003418e-01
9.668034911155700684e-01
9.501660466194152832e-01
9.277818202972412109e-01
9.353863596916198730e-01
9.619871377944946289e-01
9.795824885368347168e-01
9.942255616188049316e-01
9.958816170692443848e-01
9.958686232566833496e-01
9.981058835983276367e-01
9.998344779014587402e-01
9.987378120422363281e-01
9.978705048561096191e-01
9.975705742835998535e-01
9.972515702247619629e-01
9.969071149826049805e-01
9.891482591629028320e-01
9.754599332809448242e-01
9.685783982276916504e-01
9.648012518882751465e-01
9.741584062576293945e-01
9.863592982292175293e-01
9.895294308662414551e-01
9.915640950202941895e-01
9.860132932662963867e-01
9.796084761619567871e-01
9.701175093650817871e-01
9.619176983833312988e-01
9.560361504554748535e-01
9.587810039520263672e-01
9.706620573997497559e-01
9.834086894989013672e-01
9.966444373130798340e-01
9.941567778587341309e-01
9.863355755805969238e-01
9.623474478721618652e-01
9.360984563827514648e-01
9.101426601409912109e-01
8.827198147773742676e-01
8.468776345252990723e-01
8.226240873336791992e-01
8.288735151290893555e-01
8.495752215385437012e-01
8.917902112007141113e-01
9.324458241462707520e-01
9.716432690620422363e-01
9.893576502799987793e-01
9.960739612579345703e-01
9.974213242530822754e-01
9.973521828651428223e-01
9.980385303497314453e-01
9.987853765487670898e-01
9.994524717330932617e-01
9.999915957450866699e-01
9.999452233314514160e-01
9.998229146003723145e-01
9.995315670967102051e-01
9.982131123542785645e-01
9.955819845199584961e-01
9.851870536804199219e-01
9.689388275146484375e-01
8.551218509674072266e-01
6.988974809646606445e-01
4.993033409118652344e-01
2.903763353824615479e-01
3.652337193489074707e-01
4.689160287380218506e-01
7.375757098197937012e-01
9.372550845146179199e-01
8.648123145103454590e-01
7.322689294815063477e-01
4.773488044738769531e-01
2.953898906707763672e-01
1.987982839345932007e-01
4.220923781394958496e-01
8.703775405883789062e-01
7.418417930603027344e-01
3.799174726009368896e-01
3.609828650951385498e-01
4.094430506229400635e-01
4.490652382373809814e-01
4.908615946769714355e-01
5.575856566429138184e-01
6.404353380203247070e-01
7.825115323066711426e-01
8.965370059013366699e-01
9.563739299774169922e-01
9.907171130180358887e-01
9.956232309341430664e-01
9.975316524505615234e-01
9.973440170288085938e-01
9.964189529418945312e-01
9.952002763748168945e-01
9.964486956596374512e-01
9.981760382652282715e-01
9.991413950920104980e-01
9.998037219047546387e-01
9.974898099899291992e-01
9.959256052970886230e-01
9.972570538520812988e-01
9.982313513755798340e-01
9.984877705574035645e-01
9.978525042533874512e-01
9.961349964141845703e-01
9.876768589019775391e-01
9.742928743362426758e-01
9.532429575920104980e-01
9.289568066596984863e-01
9.243439435958862305e-01
9.240414500236511230e-01
9.363204836845397949e-01
9.498716592788696289e-01
9.705744981765747070e-01
9.883943796157836914e-01
9.934081435203552246e-01
9.973812699317932129e-01
9.990377426147460938e-01
9.999877214431762695e-01
9.999961853027343750e-01
9.998999238014221191e-01
9.997179508209228516e-01
9.993355274200439453e-01
9.988552331924438477e-01
9.984856247901916504e-01
9.981461167335510254e-01
9.861339330673217773e-01
9.694216251373291016e-01
8.423350453376770020e-01
7.073004841804504395e-01
5.291828513145446777e-01
4.103924036026000977e-01
4.518083930015563965e-01
5.502964854240417480e-01
7.398492097854614258e-01
8.734585046768188477e-01
9.522743821144104004e-01
9.879064559936523438e-01
9.973515272140502930e-01
9.998785853385925293e-01
9.999852180480957031e-01
1.000000000000000000e+00
1.000000000000000000e+00
9.999999403953552246e-01
9.999995231628417969e-01
9.999955892562866211e-01
9.999812841415405273e-01
9.999290704727172852e-01
9.991627931594848633e-01
9.969516992568969727e-01
9.908269643783569336e-01
9.799198508262634277e-01
9.769139885902404785e-01
9.800277352333068848e-01
9.729695916175842285e-01
9.611089825630187988e-01
9.628167152404785156e-01
9.679903388023376465e-01
9.813697934150695801e-01
9.952359199523925781e-01
9.974409937858581543e-01
9.993302226066589355e-01
9.993710517883300781e-01
9.994835257530212402e-01
9.998016357421875000e-01
1.000000000000000000e+00
1.000000000000000000e+00
9.968469738960266113e-01
9.904215931892395020e-01
7.745330333709716797e-01
4.206087589263916016e-01
1.990004926919937134e-01
2.866929024457931519e-02
7.436237769217063365e-14
1.609451639886586016e-13
9.927755221724510193e-03
4.816430434584617615e-02
5.357761383056640625e-01
9.422664642333984375e-01
9.635858535766601562e-01
9.790942072868347168e-01
9.801709055900573730e-01
9.825409054756164551e-01
9.868335723876953125e-01
9.911755323410034180e-01
9.955544471740722656e-01
9.940947294235229492e-01
9.891169667243957520e-01
6.662545800209045410e-01
2.280667722225189209e-01
8.876369148492813110e-02
3.573707304894924164e-03
5.979438434088475440e-22
9.974648406338065050e-19
1.543237781615681612e-17
1.940950751304626465e-02
1.255103796720504761e-01
2.804749906063079834e-01
5.518100261688232422e-01
7.358923554420471191e-01
7.904838919639587402e-01
7.149727940559387207e-01
5.170508623123168945e-01
3.556868433952331543e-01
2.156375944614410400e-01
1.091489046812057495e-01
1.502488832920789719e-02
1.220435369759798050e-04
5.630824489344377071e-06
1.650509693718049675e-05
2.969307824969291687e-02
5.005462765693664551e-01
8.902778625488281250e-01
8.825498819351196289e-01
7.475045919418334961e-01
2.853511571884155273e-01
3.182499669492244720e-03
1.060999114997684956e-03
4.494264349341392517e-02
1.352895349264144897e-01
1.205356940627098083e-01
3.779261931777000427e-02
8.699161000549793243e-03
1.337161636911332607e-03
8.252237767737270376e-32
5.584805986851335563e-33
4.890406131744384766e-01
9.963191747665405273e-01
8.869416713714599609e-01
7.738285064697265625e-01
6.393629312515258789e-01
5.980031490325927734e-01
8.408530950546264648e-01
9.977434873580932617e-01
9.981067180633544922e-01
9.760347008705139160e-01
9.278121590614318848e-01
7.042396664619445801e-01
3.471963703632354736e-01
1.619168967008590698e-01
6.163023039698600769e-02
3.456463515758514404e-01
7.414596080780029297e-01
8.823341727256774902e-01
9.889540672302246094e-01
9.940055012702941895e-01
9.972959756851196289e-01
9.987942576408386230e-01
9.993377327919006348e-01
9.959033727645874023e-01
9.819814562797546387e-01
9.436032176017761230e-01
8.795694112777709961e-01
7.779768109321594238e-01
7.283414006233215332e-01
7.293809056282043457e-01
7.998519539833068848e-01
9.148286581039428711e-01
9.645498394966125488e-01
9.881624579429626465e-01
9.923503398895263672e-01
9.921400547027587891e-01
9.747579693794250488e-01
9.558503031730651855e-01
9.358509778976440430e-01
9.200676679611206055e-01
9.342852234840393066e-01
9.496656656265258789e-01
9.688879251480102539e-01
9.704210162162780762e-01
9.353866577148437500e-01
7.292743325233459473e-01
2.946733534336090088e-01
6.586875021457672119e-02
1.817741245031356812e-02
9.652421576902270317e-04
1.558996271342039108e-03
5.126059520989656448e-03
9.776299819350242615e-03
1.793348975479602814e-02
2.680436335504055023e-02
2.106811255216598511e-01
4.115018546581268311e-01
7.248976230621337891e-01
9.934525489807128906e-01
9.614256024360656738e-01
8.226807117462158203e-01
3.290483057498931885e-01
1.725585999490845932e-20
6.243601672712517572e-21
0.000000000000000000e+00
0.000000000000000000e+00
0.000000000000000000e+00
0.000000000000000000e+00
4.772730821667181544e-11
1.238029401218199155e-10
1.657861173152923584e-01
3.946036994457244873e-01
5.731773376464843750e-01
7.415278553962707520e-01
4.168975353240966797e-01
6.148744374513626099e-02
2.594459950923919678e-01
4.588865935802459717e-01
6.738362312316894531e-01
8.571453094482421875e-01
9.249343872070312500e-01
9.708530306816101074e-01
9.682797193527221680e-01
7.593896389007568359e-01
2.514263689517974854e-01
1.151553879026323557e-04
3.290079621365293860e-05
0.000000000000000000e+00
0.000000000000000000e+00
0.000000000000000000e+00
0.000000000000000000e+00
1.540697994641959667e-04
3.487767535261809826e-04
4.428979456424713135e-01
9.434738159179687500e-01
9.714988470077514648e-01
9.866023063659667969e-01
9.543818235397338867e-01
9.031251072883605957e-01
7.596358060836791992e-01
5.654590129852294922e-01
2.293607443571090698e-01
1.159105449914932251e-02
4.139946307986974716e-03
4.550442390609532595e-04
1.323706354014575481e-03
8.233293890953063965e-03
2.015246450901031494e-02
1.989221759140491486e-02
1.269626058638095856e-02
6.689274311065673828e-02
1.437388956546783447e-01
4.552579820156097412e-01
8.175233006477355957e-01
9.201824665069580078e-01
9.985714554786682129e-01
9.968014955520629883e-01
9.768589138984680176e-01
7.986508011817932129e-01
5.879610776901245117e-01
2.454338669776916504e-01
5.520600243471562862e-04
2.127134939655661583e-04
2.854289021342992783e-03
1.041212957352399826e-02
1.908246874809265137e-01
5.677997469902038574e-01
7.329943180084228516e-01
