9.970292448997497559e-01
9.856111407279968262e-01
9.575796127319335938e-01
8.330217599868774414e-01
7.714079618453979492e-01
8.213133811950683594e-01
9.255491495132446289e-01
9.902297854423522949e-01
9.996533393859863281e-01
1.000000000000000000e+00
9.996958374977111816e-01
9.990639686584472656e-01
9.959396123886108398e-01
9.932332038879394531e-01
9.910398721694946289e-01
9.918463826179504395e-01
9.803351163864135742e-01
9.325679540634155273e-01
5.599397420883178711e-01
2.572556436061859131e-01
4.645208641886711121e-02
1.836066097021102905e-01
5.588068962097167969e-01
9.976162314414978027e-01
9.994015097618103027e-01
9.999992251396179199e-01
1.000000000000000000e+00
1.000000000000000000e+00
1.000000000000000000e+00
1.000000000000000000e+00
9.999999403953552246e-01
9.999998211860656738e-01
9.999985694885253906e-01
9.999938011169433594e-01
9.999936223030090332e-01
9.999952316284179688e-01
9.999980330467224121e-01
9.999982714653015137e-01
9.999926686286926270e-01
9.999758601188659668e-01
9.999810457229614258e-01
9.999898672103881836e-01
9.999972581863403320e-01
9.999992251396179199e-01
9.999999403953552246e-01
1.000000000000000000e+00
1.000000000000000000e+00
9.999992847442626953e-01
9.999974966049194336e-01
9.998642802238464355e-01
9.992389678955078125e-01
9.979971051216125488e-01
9.978843331336975098e-01
9.983327388763427734e-01
9.993570446968078613e-01
9.997656941413879395e-01
9.999759793281555176e-01
9.999955892562866211e-01
9.999887943267822266e-01
9.999762177467346191e-01
9.999566078186035156e-01
9.998922944068908691e-01
9.998949170112609863e-01
9.999510049819946289e-01
9.999853968620300293e-01
9.999685287475585938e-01
9.999156594276428223e-01
9.998812675476074219e-01
9.999106526374816895e-01
9.998812675476074219e-01
9.990617632865905762e-01
9.963508844375610352e-01
9.929394125938415527e-01
9.922338128089904785e-01
9.953622221946716309e-01
9.997239112854003906e-01
9.998570680618286133e-01
9.989502429962158203e-01
9.976739287376403809e-01
9.969791173934936523e-01
9.982800483703613281e-01
9.964741468429565430e-01
9.794461131095886230e-01
9.821918606758117676e-01
9.915561079978942871e-01
9.970179796218872070e-01
9.985845088958740234e-01
9.988865852355957031e-01
9.995257854461669922e-01
9.998322129249572754e-01
9.999821186065673828e-01
9.999920725822448730e-01
9.999717473983764648e-01
9.998990893363952637e-01
9.997191429138183594e-01
9.970890283584594727e-01
9.955154657363891602e-01
9.977126121520996094e-01
9.757694602012634277e-01
9.657096862792968750e-01
9.914082884788513184e-01
9.979998469352722168e-01
9.998663663864135742e-01
9.999427199363708496e-01
9.997154474258422852e-01
9.968500137329101562e-01
9.894182682037353516e-01
9.178220033645629883e-01
7.668268084526062012e-01
5.008927583694458008e-01
2.115729451179504395e-01
2.475242130458354950e-02
2.287410432472825050e-03
8.542522788047790527e-02
3.736197352409362793e-01
9.439318776130676270e-01
9.973518252372741699e-01
9.999707341194152832e-01
9.999790191650390625e-01
9.996430873870849609e-01
9.958478808403015137e-01
9.875969886779785156e-01
9.721590280532836914e-01
9.721384644508361816e-01
9.917691946029663086e-01
9.969471096992492676e-01
9.978187084197998047e-01
9.944460988044738770e-01
6.414126753807067871e-01
3.076503574848175049e-01
9.866146370768547058e-03
8.949841372668743134e-03
4.331135377287864685e-02
1.078630313277244568e-01
1.648402959108352661e-01
3.880831003189086914e-01
7.832228541374206543e-01
9.216399788856506348e-01
9.935734868049621582e-01
9.999718070030212402e-01
9.999824166297912598e-01
9.999484419822692871e-01
9.998685717582702637e-01
9.995627999305725098e-01
9.992426037788391113e-01
9.989157915115356445e-01
9.989158511161804199e-01
9.986863732337951660e-01
9.982448220252990723e-01
9.976751804351806641e-01
9.978940486907958984e-01
9.988017082214355469e-01
9.994843006134033203e-01
9.998223185539245605e-01
9.998390674591064453e-01
9.993113279342651367e-01
9.978494644165039062e-01
9.957970976829528809e-01
9.984396696090698242e-01
9.997684359550476074e-01
9.999912977218627930e-01
9.999687075614929199e-01
9.998159408569335938e-01
9.995327591896057129e-01
9.988146424293518066e-01
9.990464448928833008e-01
9.999778866767883301e-01
9.995502233505249023e-01
9.989532828330993652e-01
9.982879757881164551e-01
9.988010525703430176e-01
9.989786148071289062e-01
9.987937808036804199e-01
9.970155358314514160e-01
9.853863716125488281e-01
9.523318409919738770e-01
6.964918971061706543e-01
4.380659461021423340e-01
1.943610757589340210e-01
2.341257929801940918e-01
4.797793030738830566e-01
8.716908693313598633e-01
9.477726817131042480e-01
9.884870052337646484e-01
9.996343255043029785e-01
9.928223490715026855e-01
9.559019207954406738e-01
8.695850968360900879e-01
3.212504088878631592e-01
4.786536097526550293e-02
2.440465686959214509e-05
8.970525414042640477e-06
3.739669686183333397e-03
1.297137513756752014e-02
7.194016128778457642e-02
3.784075081348419189e-01
8.754446506500244141e-01
9.592123031616210938e-01
9.965247511863708496e-01
9.889721274375915527e-01
8.502757549285888672e-01
5.335245728492736816e-01
9.447725117206573486e-02
6.850914955139160156e-01
9.756791591644287109e-01
9.999751448631286621e-01
9.999490976333618164e-01
9.989318847656250000e-01
9.966315031051635742e-01
9.744466543197631836e-01
9.752599000930786133e-01
9.975889325141906738e-01
9.961813688278198242e-01
9.937983155250549316e-01
9.904698133468627930e-01
9.877963066101074219e-01
9.879948496818542480e-01
9.910902976989746094e-01
9.959344863891601562e-01
9.989041090011596680e-01
9.999150633811950684e-01
9.998171925544738770e-01
9.985414743423461914e-01
9.959942698478698730e-01
9.946428537368774414e-01
9.941284656524658203e-01
9.945327639579772949e-01
9.940389394760131836e-01
9.945569038391113281e-01
9.963294267654418945e-01
9.979981184005737305e-01
9.963899254798889160e-01
9.906748533248901367e-01
8.922233581542968750e-01
8.241359591484069824e-01
8.041847944259643555e-01
9.051958322525024414e-01
9.772914052009582520e-01
9.944294691085815430e-01
9.932272434234619141e-01
9.901698231697082520e-01
9.870995879173278809e-01
9.893949627876281738e-01
9.922578334808349609e-01
9.949882626533508301e-01
9.956963658332824707e-01
9.928879141807556152e-01
9.845766425132751465e-01
8.578388690948486328e-01
7.361863851547241211e-01
6.581839323043823242e-01
7.833560109138488770e-01
9.140753149986267090e-01
9.813830852508544922e-01
9.963828921318054199e-01
9.992589354515075684e-01
9.996203184127807617e-01
9.990507960319519043e-01
9.841653108596801758e-01
9.363365173339843750e-01
5.058412551879882812e-01
1.139457598328590393e-01
8.106220513582229614e-02
2.220092713832855225e-01
4.527335762977600098e-01
7.918807268142700195e-01
9.323321580886840820e-01
9.904240965843200684e-01
9.978088140487670898e-01
9.998939633369445801e-01
9.998999238014221191e-01
9.995152950286865234e-01
9.995414018630981445e-01
9.994651675224304199e-01
9.982760548591613770e-01
9.980590939521789551e-01
9.983907341957092285e-01
9.992139935493469238e-01
9.995825290679931641e-01
9.996362924575805664e-01
9.992257356643676758e-01
9.990479350090026855e-01
9.990097880363464355e-01
9.990233778953552246e-01
9.987308382987976074e-01
9.980345368385314941e-01
9.954612255096435547e-01
9.956539869308471680e-01
9.898481965065002441e-01
8.889021277427673340e-01
6.685026884078979492e-01
3.790002465248107910e-01
5.304970741271972656e-01
7.250491976737976074e-01
9.519460797309875488e-01
9.827765226364135742e-01
9.985882639884948730e-01
9.998508691787719727e-01
9.999479055404663086e-01
9.999959468841552734e-01
9.999993443489074707e-01
9.999997019767761230e-01
9.999998211860656738e-01
9.999999403953552246e-01
1.000000000000000000e+00
1.000000000000000000e+00
1.000000000000000000e+00
1.000000000000000000e+00
1.000000000000000000e+00
9.999999403953552246e-01
9.999998211860656738e-01
9.999996423721313477e-01
9.999992251396179199e-01
9.999973177909851074e-01
9.999942779541015625e-01
9.999893307685852051e-01
9.999866485595703125e-01
9.999835491180419922e-01
9.999783635139465332e-01
9.995724558830261230e-01
9.851874113082885742e-01
9.320397377014160156e-01
8.743333816528320312e-01
8.436508774757385254e-01
9.092279672622680664e-01
9.572609066963195801e-01
9.909404516220092773e-01
9.945413470268249512e-01
9.970690608024597168e-01
9.988741278648376465e-01
9.995986223220825195e-01
9.996476769447326660e-01
9.985463023185729980e-01
9.920171499252319336e-01
9.863890409469604492e-01
9.815216660499572754e-01
9.785516262054443359e-01
9.719762802124023438e-01
9.635089039802551270e-01
9.707863330841064453e-01
9.813047647476196289e-01
9.945493936538696289e-01
9.980730414390563965e-01
9.998995661735534668e-01
9.999840855598449707e-01
9.999918937683105469e-01
9.999904036521911621e-01
9.999800920486450195e-01
9.999848604202270508e-01
9.998139142990112305e-01
9.993955492973327637e-01
9.991184473037719727e-01
9.982583522796630859e-01
9.963946342468261719e-01
7.004170417785644531e-01
3.667915165424346924e-01
5.797181278467178345e-02
6.722049415111541748e-02
2.521329820156097412e-01
6.839504241943359375e-01
5.940768718719482422e-01
3.445407748222351074e-01
8.017878234386444092e-02
2.909212112426757812e-01
5.328863859176635742e-01
2.132945507764816284e-01
2.534489631652832031e-01
4.844882488250732422e-01
8.427441120147705078e-01
9.834822416305541992e-01
9.996065497398376465e-01
9.998747110366821289e-01
9.999644756317138672e-01
9.999307394027709961e-01
9.998801350593566895e-01
9.998899102210998535e-01
9.999483823776245117e-01
9.999763369560241699e-01
9.995811581611633301e-01
9.987680315971374512e-01
9.992669820785522461e-01
9.026114344596862793e-01
6.892555356025695801e-01
3.024036586284637451e-01
5.870842933654785156e-02
4.194315150380134583e-02
4.183623790740966797e-01
7.567257881164550781e-01
9.333682656288146973e-01
9.369714856147766113e-01
9.066510200500488281e-01
8.767929077148437500e-01
9.049181342124938965e-01
9.470716714859008789e-01
9.836935997009277344e-01
9.959887266159057617e-01
9.989100098609924316e-01
9.997367262840270996e-01
9.997633695602416992e-01
9.994258880615234375e-01
9.991370439529418945e-01
9.967172145843505859e-01
9.933304190635681152e-01
9.923561215400695801e-01
9.938529729843139648e-01
9.970234632492065430e-01
9.980735182762145996e-01
9.978198409080505371e-01
9.963854551315307617e-01
9.975661635398864746e-01
9.986211657524108887e-01
9.995312094688415527e-01
9.965747594833374023e-01
9.872203469276428223e-01
9.692544937133789062e-01
8.490999937057495117e-01
6.874719858169555664e-01
4.750924706459045410e-01
2.504304349422454834e-01
7.529035210609436035e-02
1.635303348302841187e-02
1.672982238233089447e-03
1.831054541980847716e-04
4.340810701251029968e-04
4.046502336859703064e-02
1.402875185012817383e-01
4.280215203762054443e-01
6.498570442199707031e-01
8.290109634399414062e-01
9.481562376022338867e-01
9.937729835510253906e-01
9.913406372070312500e-01
9.915379285812377930e-01
9.896036386489868164e-01
9.855657219886779785e-01
9.607601165771484375e-01
9.367625117301940918e-01
9.136244058609008789e-01
9.036955833435058594e-01
9.090122580528259277e-01
9.341798424720764160e-01
9.659931659698486328e-01
9.729812741279602051e-01
9.346460700035095215e-01
4.471489489078521729e-01
4.150377586483955383e-02
3.830234333872795105e-02
4.290345907211303711e-01
8.277927041053771973e-01
8.742263317108154297e-01
4.784898459911346436e-01
1.389417008113014163e-07
3.668305481596689788e-08
3.231417977644923667e-08
8.443715982139110565e-03
8.535128831863403320e-02
8.032219856977462769e-02
1.760941930115222931e-02
5.763236898928880692e-03
1.669521106516797281e-35
3.242005114912649972e-37
1.286871940033237855e-20
2.108508199453353882e-01
6.826083064079284668e-01
7.369456887245178223e-01
7.839651107788085938e-01
8.822470307350158691e-01
9.405515789985656738e-01
9.788864850997924805e-01
9.891194701194763184e-01
9.924235939979553223e-01
9.934800863265991211e-01
9.936988949775695801e-01
9.965897798538208008e-01
9.996694922447204590e-01
9.985111355781555176e-01
9.986136555671691895e-01
9.990609884262084961e-01
9.964594244956970215e-01
9.748995304107666016e-01
9.410290122032165527e-01
9.609159231185913086e-01
9.795224666595458984e-01
9.968616962432861328e-01
9.989981651306152344e-01
9.999148845672607422e-01
9.999703764915466309e-01
9.999823570251464844e-01
9.999839067459106445e-01
9.999763965606689453e-01
9.999874830245971680e-01
9.999986290931701660e-01
9.999997019767761230e-01
9.999177455902099609e-01
9.998144507408142090e-01
9.997370839118957520e-01
9.997128844261169434e-01
9.996961355209350586e-01
9.995579123497009277e-01
9.993747472763061523e-01
9.991606473922729492e-01
9.989399909973144531e-01
9.989987015724182129e-01
9.993144273757934570e-01
9.995249509811401367e-01
9.985857605934143066e-01
9.962239861488342285e-01
9.979532361030578613e-01
9.994726181030273438e-01
9.999234080314636230e-01
9.749090075492858887e-01
9.452276229858398438e-01
9.168727993965148926e-01
9.256125092506408691e-01
9.477773308753967285e-01
9.741967916488647461e-01
9.843603968620300293e-01
9.849482178688049316e-01
9.746671915054321289e-01
9.299787282943725586e-01
8.563488721847534180e-01
6.885181069374084473e-01
6.353145837783813477e-01
6.905822157859802246e-01
8.643512725830078125e-01
9.742166996002197266e-01
9.961615800857543945e-01
9.941961169242858887e-01
9.512511491775512695e-01
8.380987644195556641e-01
3.883292376995086670e-01
1.665410934947431087e-03
3.562186320777982473e-04
1.042019803776383924e-07
1.073903292417526245e-01
6.788618564605712891e-01
9.307088851928710938e-01
9.995404481887817383e-01
9.991340637207031250e-01
9.953757524490356445e-01
9.888970255851745605e-01
9.770030975341796875e-01
9.700827002525329590e-01
9.686406850814819336e-01
9.761817455291748047e-01
9.841082692146301270e-01
9.916483163833618164e-01
9.907462000846862793e-01
9.865984916687011719e-01
9.785346984863281250e-01
9.863472580909729004e-01
9.967936277389526367e-01
9.991184473037719727e-01
9.996346235275268555e-01
9.987706542015075684e-01
9.945296049118041992e-01
9.942153096199035645e-01
9.961857199668884277e-01
9.864895939826965332e-01
9.684374928474426270e-01
9.419166445732116699e-01
9.272130727767944336e-01
9.361982941627502441e-01
9.788547754287719727e-01
9.890398979187011719e-01
9.929908514022827148e-01
9.945590496063232422e-01
9.972953796386718750e-01
9.996055364608764648e-01
9.992603659629821777e-01
9.951884150505065918e-01
9.890810251235961914e-01
9.811492562294006348e-01
9.809007048606872559e-01
9.852232933044433594e-01
9.707370996475219727e-01
9.328179359436035156e-01
8.710356950759887695e-01
7.385997772216796875e-01
6.086900234222412109e-01
4.878535568714141846e-01
5.966394543647766113e-01
7.538085579872131348e-01
9.329808950424194336e-01
9.869621396064758301e-01
9.985893964767456055e-01
9.989116191864013672e-01
9.990153312683105469e-01
9.987800717353820801e-01
9.968296885490417480e-01
9.927834272384643555e-01
9.871375560760498047e-01
9.807780981063842773e-01
9.828965067863464355e-01
9.944190979003906250e-01
9.978280663490295410e-01
9.995822310447692871e-01
9.996712803840637207e-01
9.993805289268493652e-01
9.985302686691284180e-01
9.964295029640197754e-01
9.941544532775878906e-01
9.924283623695373535e-01
9.935441613197326660e-01
9.746404290199279785e-01
9.471844434738159180e-01
9.573373794555664062e-01
9.729408621788024902e-01
9.934103488922119141e-01
9.976596832275390625e-01
9.996699094772338867e-01
9.991235733032226562e-01
9.935050606727600098e-01
9.885962605476379395e-01
9.866136312484741211e-01
9.812214374542236328e-01
9.774600863456726074e-01
9.827157855033874512e-01
9.899842143058776855e-01
9.971725344657897949e-01
9.969305396080017090e-01
9.608574509620666504e-01
8.929049372673034668e-01
5.791301727294921875e-01
2.881561815738677979e-01
2.261994965374469757e-02
6.443963800221684113e-20
0.000000000000000000e+00
0.000000000000000000e+00
3.964345902204513550e-02
2.275982350111007690e-01
8.212041854858398438e-01
9.990828633308410645e-01
9.998936057090759277e-01
9.997982978820800781e-01
9.996125698089599609e-01
9.992744326591491699e-01
9.968504309654235840e-01
9.894740581512451172e-01
9.769319891929626465e-01
3.897199034690856934e-01
1.347045972943305969e-02
4.899339750409126282e-02
5.091739296913146973e-01
9.252375960350036621e-01
9.798680543899536133e-01
9.819828867912292480e-01
9.483484625816345215e-01
8.367998003959655762e-01
7.224898338317871094e-01
6.203066706657409668e-01
7.759143114089965820e-01
8.915353417396545410e-01
9.667012691497802734e-01
9.669198989868164062e-01
9.621630907058715820e-01
9.568803906440734863e-01
9.574351906776428223e-01
9.630795717239379883e-01
9.790602922439575195e-01
9.880532622337341309e-01
9.931656122207641602e-01
9.924263358116149902e-01
9.947699904441833496e-01
9.989599585533142090e-01
9.995512366294860840e-01
9.931015372276306152e-01
9.793360233306884766e-01
8.796058893203735352e-01
7.666453123092651367e-01
6.416988372802734375e-01
7.868925333023071289e-01
9.490028023719787598e-01
9.875962138175964355e-01
9.994725584983825684e-01
9.999571442604064941e-01
9.999482631683349609e-01
9.999189376831054688e-01
9.998762607574462891e-01
9.998720884323120117e-01
9.998558759689331055e-01
9.998261332511901855e-01
9.980696439743041992e-01
9.864605665206909180e-01
9.571014046669006348e-01
9.328933954238891602e-01
9.237149953842163086e-01
9.597077965736389160e-01
9.722072482109069824e-01
9.697728157043457031e-01
9.401040673255920410e-01
9.461880922317504883e-01
9.811671972274780273e-01
9.923737049102783203e-01
9.988898634910583496e-01
9.995266795158386230e-01
9.971247315406799316e-01
9.948061108589172363e-01
9.936351776123046875e-01
9.942756891250610352e-01
9.957967400550842285e-01
9.985272884368896484e-01
9.995117187500000000e-01
9.988154768943786621e-01
9.891250729560852051e-01
9.332685470581054688e-01
8.321400284767150879e-01
8.320406079292297363e-01
8.671256303787231445e-01
9.492044448852539062e-01
9.824265241622924805e-01
9.992474913597106934e-01
9.997475743293762207e-01
9.996044039726257324e-01
9.990332126617431641e-01
9.975022077560424805e-01
9.955458045005798340e-01
9.931290149688720703e-01
9.587012529373168945e-01
9.496240019798278809e-01
9.725328087806701660e-01
9.888807535171508789e-01
9.995472431182861328e-01
9.998042583465576172e-01
9.998237490653991699e-01
9.993476867675781250e-01
9.970688819885253906e-01
9.501717686653137207e-01
8.851291537284851074e-01
9.613947272300720215e-01
7.081926465034484863e-01
1.172567605972290039e-01
3.197983652353286743e-02
1.116655915975570679e-01
4.114205837249755859e-01
7.038055062294006348e-01
9.363695979118347168e-01
9.784328341484069824e-01
9.955867528915405273e-01
9.998604655265808105e-01
9.999556541442871094e-01
9.999997615814208984e-01
1.000000000000000000e+00
1.000000000000000000e+00
1.000000000000000000e+00
1.000000000000000000e+00
1.000000000000000000e+00
9.999999403953552246e-01
9.999998211860656738e-01
9.999977946281433105e-01
9.999844431877136230e-01
9.999055862426757812e-01
9.996973276138305664e-01
9.993926882743835449e-01
9.993382692337036133e-01
9.994977712631225586e-01
9.999321103096008301e-01
9.999948143959045410e-01
9.999997615814208984e-01
9.999997019767761230e-01
9.999994039535522461e-01
9.999989867210388184e-01
9.999985098838806152e-01
9.999989271163940430e-01
9.999998807907104492e-01
9.999955892562866211e-01
9.999783635139465332e-01
9.999458193778991699e-01
9.997125864028930664e-01
9.993217587471008301e-01
9.986505508422851562e-01
9.984140992164611816e-01
9.984869360923767090e-01
9.993091821670532227e-01
9.992413520812988281e-01
9.985039830207824707e-01
9.953072667121887207e-01
9.922149777412414551e-01
9.892364740371704102e-01
9.923567771911621094e-01
9.953132271766662598e-01
9.965810775756835938e-01
9.970604181289672852e-01
9.974611401557922363e-01
9.985901713371276855e-01
9.991776943206787109e-01
9.994124770164489746e-01
9.992516636848449707e-01
9.992986917495727539e-01
9.995748400688171387e-01
9.997904300689697266e-01
9.996931552886962891e-01
9.989769458770751953e-01
9.613624811172485352e-01
9.034045338630676270e-01
8.077868819236755371e-01
8.196341395378112793e-01
8.979871273040771484e-01
9.574878811836242676e-01
9.906677007675170898e-01
9.943662285804748535e-01
9.694557785987854004e-01
9.549849033355712891e-01
9.690641760826110840e-01
9.839925169944763184e-01
9.962270855903625488e-01
9.945964813232421875e-01
9.911357760429382324e-01
9.868339896202087402e-01
9.945972561836242676e-01
9.990400075912475586e-01
9.995158314704895020e-01
9.997100830078125000e-01
9.998509287834167480e-01
9.999561905860900879e-01
9.999723434448242188e-01
9.999366402626037598e-01
9.997968673706054688e-01
9.997279644012451172e-01
9.997115135192871094e-01
9.998895525932312012e-01
9.999890327453613281e-01
9.999853372573852539e-01
9.994707107543945312e-01
9.791666865348815918e-01
9.085137248039245605e-01
5.052810311317443848e-01
3.049635328352451324e-02
1.000039279460906982e-02
1.348363459110260010e-01
3.764355182647705078e-01
7.452155351638793945e-01
9.761614799499511719e-01
9.963985085487365723e-01
9.999661445617675781e-01
9.999566078186035156e-01
9.998899102210998535e-01
9.998185634613037109e-01
9.997490048408508301e-01
9.997217655181884766e-01
9.995889663696289062e-01
9.993565082550048828e-01
9.888421297073364258e-01
9.718873500823974609e-01
9.447633624076843262e-01
9.524812102317810059e-01
9.699684381484985352e-01
9.877682328224182129e-01
9.965569972991943359e-01
9.997577071189880371e-01
9.999023079872131348e-01
9.999793171882629395e-01
9.999788403511047363e-01
9.945898056030273438e-01
9.907137751579284668e-01
9.917706251144409180e-01
9.953971505165100098e-01
9.993613362312316895e-01
9.997825026512145996e-01
9.999626278877258301e-01
9.999617934226989746e-01
9.997799396514892578e-01
9.995441436767578125e-01
9.992326498031616211e-01
9.992094635963439941e-01
9.991164803504943848e-01
9.986336231231689453e-01
9.951922297477722168e-01
9.825696945190429688e-01
8.897908926010131836e-01
8.279367089271545410e-01
7.962037920951843262e-01
8.763049840927124023e-01
9.488941431045532227e-01
9.899080395698547363e-01
9.991103410720825195e-01
9.982113838195800781e-01
9.959325790405273438e-01
9.944953918457031250e-01
9.936528801918029785e-01
9.944871664047241211e-01
9.858033061027526855e-01
9.646940827369689941e-01
8.419373035430908203e-01
7.403383851051330566e-01
7.442674040794372559e-01
8.332686424255371094e-01
9.513764977455139160e-01
9.831892251968383789e-01
9.988868236541748047e-01
9.997933506965637207e-01
9.994882345199584961e-01
9.988082051277160645e-01
9.975866079330444336e-01
9.971382617950439453e-01
9.971097111701965332e-01
9.979140758514404297e-01
9.981846213340759277e-01
9.980695247650146484e-01
9.961374402046203613e-01
9.943194389343261719e-01
9.926528334617614746e-01
9.899205565452575684e-01
9.721320867538452148e-01
9.123665690422058105e-01
7.128385901451110840e-01
4.738181829452514648e-01
5.119044184684753418e-01
6.539312005043029785e-01
8.980381488800048828e-01
9.649406671524047852e-01
9.985999464988708496e-01
9.972239732742309570e-01
9.982461929321289062e-01
9.996969699859619141e-01
9.990596175193786621e-01
9.881480932235717773e-01
9.695422053337097168e-01
6.999189853668212891e-01
4.402409493923187256e-01
2.007309794425964355e-01
4.806161522865295410e-01
8.205901384353637695e-01
9.519296288490295410e-01
9.997515678405761719e-01
9.999894499778747559e-01
9.999963045120239258e-01
1.000000000000000000e+00
1.000000000000000000e+00
9.999958276748657227e-01
9.999904632568359375e-01
9.999838471412658691e-01
9.999852180480957031e-01
9.999901652336120605e-01
9.999961256980895996e-01
9.999989867210388184e-01
9.999989271163940430e-01
9.999976754188537598e-01
9.999963641166687012e-01
9.999950528144836426e-01
9.999902248382568359e-01
9.999814033508300781e-01
9.999579787254333496e-01
9.998880624771118164e-01
9.997835159301757812e-01
9.997555613517761230e-01
9.998037815093994141e-01
9.999676346778869629e-01
1.000000000000000000e+00
9.996615052223205566e-01
9.980772733688354492e-01
9.899284839630126953e-01
9.775164723396301270e-01
9.561300277709960938e-01
9.466851949691772461e-01
9.524229764938354492e-01
9.717238545417785645e-01
9.895761013031005859e-01
9.961339235305786133e-01
9.989477992057800293e-01
9.997896552085876465e-01
9.994868040084838867e-01
9.940309524536132812e-01
9.830036759376525879e-01
9.662820100784301758e-01
9.626463055610656738e-01
9.914756417274475098e-01
1.000000000000000000e+00
9.709312319755554199e-01
7.107861638069152832e-01
4.114791154861450195e-01
7.572362571954727173e-02
5.622020736336708069e-02
1.548281908035278320e-01
4.391893148422241211e-01
7.350472211837768555e-01
9.925109148025512695e-01
9.974041581153869629e-01
9.991280436515808105e-01
9.982626438140869141e-01
9.985074400901794434e-01
9.989659190177917480e-01
9.997138381004333496e-01
9.999397397041320801e-01
9.999956488609313965e-01
9.999980926513671875e-01
9.999994039535522461e-01
1.000000000000000000e+00
9.999989867210388184e-01
9.999911785125732422e-01
9.999725222587585449e-01
9.993770718574523926e-01
9.981637001037597656e-01
9.950303435325622559e-01
9.908933639526367188e-01
9.861094355583190918e-01
9.855095148086547852e-01
9.870273470878601074e-01
9.916244149208068848e-01
9.935724139213562012e-01
9.927669167518615723e-01
9.841341376304626465e-01
9.828886389732360840e-01
9.863362908363342285e-01
9.950090646743774414e-01
9.967986941337585449e-01
9.892579913139343262e-01
9.933868050575256348e-01
9.986520409584045410e-01
9.995695948600769043e-01
9.999400377273559570e-01
9.999932050704956055e-01
9.999965429306030273e-01
9.999987483024597168e-01
9.999994039535522461e-01
9.999995231628417969e-01
9.999980330467224121e-01
9.999915957450866699e-01
9.998924732208251953e-01
9.997548460960388184e-01
9.999081492424011230e-01
9.999727606773376465e-01
9.999261498451232910e-01
9.999276399612426758e-01
9.999421834945678711e-01
9.999695420265197754e-01
9.999831318855285645e-01
9.999863505363464355e-01
9.999313354492187500e-01
9.949640631675720215e-01
9.839142560958862305e-01
9.180165529251098633e-01
8.673844337463378906e-01
8.947396278381347656e-01
9.329515099525451660e-01
9.755514264106750488e-01
9.832611083984375000e-01
9.899834394454956055e-01
9.954710006713867188e-01
9.900583028793334961e-01
9.807183146476745605e-01
9.654286503791809082e-01
9.648999571800231934e-01
9.729810357093811035e-01
9.882143139839172363e-01
9.961597919464111328e-01
9.946437478065490723e-01
9.595330953598022461e-01
9.053780436515808105e-01
8.104994893074035645e-01
7.922752499580383301e-01
8.214794397354125977e-01
9.280391931533813477e-01
9.923489689826965332e-01
9.987853765487670898e-01
9.999703168869018555e-01
9.999975562095642090e-01
9.999950528144836426e-01
9.999829530715942383e-01
9.999647140502929688e-01
9.999480247497558594e-01
9.999255537986755371e-01
9.998946785926818848e-01
9.979010820388793945e-01
9.824253320693969727e-01
9.138692617416381836e-01
8.554245829582214355e-01
8.039444684982299805e-01
8.459128141403198242e-01
8.853357434272766113e-01
9.188885092735290527e-01
9.319602847099304199e-01
9.275892376899719238e-01
8.676570057868957520e-01
6.560006737709045410e-01
3.291919231414794922e-01
1.270228773355484009e-01
6.868161790407611988e-07
1.366961441817693412e-07
3.000451624393463135e-01
6.738696694374084473e-01
8.967978954315185547e-01
9.996432065963745117e-01
9.996932148933410645e-01
9.964661598205566406e-01
9.904156923294067383e-01
9.790465831756591797e-01
9.857000708580017090e-01
9.978316426277160645e-01
9.979886412620544434e-01
9.948373436927795410e-01
9.884501099586486816e-01
9.606701731681823730e-01
9.239012002944946289e-01
8.712848424911499023e-01
8.363519906997680664e-01
8.127530813217163086e-01
8.277815580368041992e-01
8.762344121932983398e-01
9.626878499984741211e-01
9.870178699493408203e-01
9.966185092926025391e-01
9.925669431686401367e-01
9.921035170555114746e-01
9.936962723731994629e-01
9.968714118003845215e-01
9.990242719650268555e-01
9.997803568840026855e-01
9.990105628967285156e-01
9.868925809860229492e-01
9.317824244499206543e-01
9.145124554634094238e-01
9.231433272361755371e-01
9.543092846870422363e-01
9.549451470375061035e-01
9.040884971618652344e-01
7.092722058296203613e-01
5.283486843109130859e-01
6.684747338294982910e-01
8.095663785934448242e-01
9.516157507896423340e-01
9.816366434097290039e-01
9.858316183090209961e-01
9.526100158691406250e-01
8.050405979156494141e-01
6.111051440238952637e-01
4.254503548145294189e-01
4.417863786220550537e-01
6.740896105766296387e-01
8.475813269615173340e-01
9.741944670677185059e-01
9.920746684074401855e-01
9.989673495292663574e-01
9.998526573181152344e-01
9.993546605110168457e-01
9.976106882095336914e-01
9.941637516021728516e-01
9.958229660987854004e-01
9.982264041900634766e-01
9.987252950668334961e-01
9.989631772041320801e-01
9.990143775939941406e-01
9.987453818321228027e-01
9.986669421195983887e-01
9.989506602287292480e-01
9.994572401046752930e-01
9.999548792839050293e-01
9.998780488967895508e-01
9.865753054618835449e-01
9.608889818191528320e-01
8.166354894638061523e-01
6.068203449249267578e-01
2.657374441623687744e-01
8.959516882896423340e-02
2.828706158197746845e-07
1.013849697528712568e-07
6.528555474005770520e-10
2.132027221435350839e-09
7.390528480755165219e-05
1.656660606386139989e-04
2.664665516931563616e-04
2.855969651136547327e-04
2.495511726010590792e-04
9.771037730388343334e-05
1.886163891740011422e-09
3.798902026286299360e-10
7.328820572638505837e-08
6.984979659318923950e-02
6.055790781974792480e-01
8.593186140060424805e-01
8.475892543792724609e-01
8.638156056404113770e-01
8.932501077651977539e-01
9.484837651252746582e-01
9.785462617874145508e-01
9.950004220008850098e-01
9.930164813995361328e-01
9.714067578315734863e-01
9.236662387847900391e-01
9.378251433372497559e-01
9.628002047538757324e-01
9.731266498565673828e-01
9.851801991462707520e-01
9.985327720642089844e-01
9.992359280586242676e-01
9.983717203140258789e-01
9.955680370330810547e-01
9.820256233215332031e-01
9.651686549186706543e-01
9.567114114761352539e-01
9.621687531471252441e-01
9.826523065567016602e-01
9.930977225303649902e-01
9.998143911361694336e-01
9.998980760574340820e-01
9.999275207519531250e-01
9.999239444732666016e-01
9.999261498451232910e-01
9.998840093612670898e-01
9.997699856758117676e-01
9.995900988578796387e-01
9.990786910057067871e-01
9.966547489166259766e-01
9.923918843269348145e-01
9.864379167556762695e-01
9.859431982040405273e-01
9.882125258445739746e-01
9.960640668869018555e-01
9.992197751998901367e-01
9.998437762260437012e-01
9.982717037200927734e-01
9.963497519493103027e-01
9.939308762550354004e-01
9.741467833518981934e-01
9.569579958915710449e-01
9.750309586524963379e-01
9.881236553192138672e-01
9.970759749412536621e-01
9.987324476242065430e-01
9.985721707344055176e-01
9.956133961677551270e-01
9.935647845268249512e-01
9.922771453857421875e-01
9.965540766716003418e-01
9.991450905799865723e-01
9.995430111885070801e-01
9.975136518478393555e-01
9.938647747039794922e-01
9.855877161026000977e-01
9.803187847137451172e-01
9.773892760276794434e-01
9.844478368759155273e-01
9.914074540138244629e-01
9.966868162155151367e-01
9.985800981521606445e-01
9.987584948539733887e-01
9.961615204811096191e-01
9.705926775932312012e-01
9.157957434654235840e-01
8.005342483520507812e-01
6.918960809707641602e-01
6.685668826103210449e-01
7.701425552368164062e-01
9.682888984680175781e-01
8.905764818191528320e-01
7.804475426673889160e-01
6.382107138633728027e-01
5.269013047218322754e-01
4.281787574291229248e-01
3.077792525291442871e-01
2.435485124588012695e-01
2.523418962955474854e-01
4.990273118019104004e-01
7.732473015785217285e-01
9.165865778923034668e-01
9.869264960289001465e-01
9.989032149314880371e-01
9.950251579284667969e-01
9.841089844703674316e-01
9.597092270851135254e-01
9.425061941146850586e-01
9.299792051315307617e-01
9.428905844688415527e-01
9.561830759048461914e-01
9.699711203575134277e-01
9.704836606979370117e-01
9.452216625213623047e-01
8.034458756446838379e-01
5.521274805068969727e-01
2.051714509725570679e-01
2.932054102420806885e-01
4.805701076984405518e-01
8.092851638793945312e-01
9.496555328369140625e-01
9.855551123619079590e-01
9.917147159576416016e-01
9.965260028839111328e-01
9.991866350173950195e-01
9.998505711555480957e-01
9.996403455734252930e-01
9.978603124618530273e-01
9.676712751388549805e-01
9.086365699768066406e-01
6.816595792770385742e-01
4.378261864185333252e-01
2.221762537956237793e-01
8.626885712146759033e-02
2.244876930490136147e-03
1.368871107843006030e-05
5.398961536019308664e-18
2.114997759593767657e-17
3.313629627227783203e-01
7.719326615333557129e-01
9.106477499008178711e-01
9.881970882415771484e-01
9.904596209526062012e-01
9.950058460235595703e-01
9.992346167564392090e-01
9.997467994689941406e-01
9.999746680259704590e-01
9.999727010726928711e-01
9.991043210029602051e-01
9.972913861274719238e-01
9.933076500892639160e-01
9.930759668350219727e-01
9.948475360870361328e-01
9.975946545600891113e-01
9.991537928581237793e-01
9.988277554512023926e-01
9.957713484764099121e-01
9.911772608757019043e-01
9.818575978279113770e-01
9.644363522529602051e-01
9.384446144104003906e-01
7.874577641487121582e-01
6.317186355590820312e-01
5.343866944313049316e-01
5.883445143699645996e-01
7.495359778404235840e-01
7.350535988807678223e-01
7.398135066032409668e-01
8.059738874435424805e-01
8.865500092506408691e-01
9.708851575851440430e-01
9.881144165992736816e-01
9.986436367034912109e-01
9.994944930076599121e-01
9.998124837875366211e-01
9.999552965164184570e-01
9.999794363975524902e-01
9.999619126319885254e-01
9.999030828475952148e-01
9.995918869972229004e-01
9.993165135383605957e-01
9.992923736572265625e-01
9.992097020149230957e-01
9.990867376327514648e-01
9.970871210098266602e-01
9.567534327507019043e-01
8.348473906517028809e-01
4.646481871604919434e-01
3.663853917366031944e-17
1.364297852887086645e-17
2.103710399001011347e-24
7.260703381785875392e-24
2.721953690052032471e-01
6.066609025001525879e-01
8.183190822601318359e-01
8.764107823371887207e-01
7.774026989936828613e-01
7.887206673622131348e-01
8.308298587799072266e-01
9.171043038368225098e-01
9.678067564964294434e-01
9.923468232154846191e-01
9.971137046813964844e-01
9.990135431289672852e-01
9.972319602966308594e-01
9.819638729095458984e-01
9.588169455528259277e-01
8.915532827377319336e-01
8.491350412368774414e-01
8.469587564468383789e-01
8.927162289619445801e-01
9.518877863883972168e-01
9.831228256225585938e-01
9.999676942825317383e-01
9.999837279319763184e-01
9.999753236770629883e-01
9.999639391899108887e-01
9.999634623527526855e-01
9.999622702598571777e-01
9.999604225158691406e-01
9.994352459907531738e-01
9.960958957672119141e-01
9.848442673683166504e-01
9.587718844413757324e-01
9.235109686851501465e-01
9.541278481483459473e-01
9.805207252502441406e-01
9.954034686088562012e-01
9.998539090156555176e-01
9.994366765022277832e-01
9.949159026145935059e-01
9.869868159294128418e-01
9.740570783615112305e-01
8.919258117675781250e-01
7.711061239242553711e-01
5.232982635498046875e-01
3.526731133460998535e-01
2.663659751415252686e-01
1.397957652807235718e-01
2.723780833184719086e-02
8.494924753904342651e-03
1.071320474147796631e-02
3.023849613964557648e-02
5.099565982818603516e-01
9.182575345039367676e-01
9.772415757179260254e-01
1.000000000000000000e+00
1.000000000000000000e+00
1.000000000000000000e+00
1.000000000000000000e+00
1.000000000000000000e+00
9.992320537567138672e-01
9.981769919395446777e-01
9.991818070411682129e-01
9.998308420181274414e-01
9.999233484268188477e-01
9.992525577545166016e-01
9.951483607292175293e-01
9.622297883033752441e-01
9.471897482872009277e-01
9.538142085075378418e-01
9.706153869628906250e-01
9.876254200935363770e-01
9.928503036499023438e-01
9.966174960136413574e-01
9.990008473396301270e-01
9.996184706687927246e-01
9.999029040336608887e-01
9.999668002128601074e-01
9.999961256980895996e-01
9.999997615814208984e-01
1.000000000000000000e+00
1.000000000000000000e+00
1.000000000000000000e+00
1.000000000000000000e+00
1.000000000000000000e+00
9.999044537544250488e-01
9.996378421783447266e-01
9.990338087081909180e-01
9.985888004302978516e-01
9.982640147209167480e-01
9.991416335105895996e-01
9.997431635856628418e-01
9.999118447303771973e-01
9.999564290046691895e-01
9.999547004699707031e-01
9.999258518218994141e-01
9.998313784599304199e-01
9.996548891067504883e-01
9.947828650474548340e-01
9.888469576835632324e-01
9.838743805885314941e-01
9.869405627250671387e-01
9.982344508171081543e-01
1.000000000000000000e+00
1.000000000000000000e+00
1.000000000000000000e+00
1.000000000000000000e+00
1.000000000000000000e+00
7.489749193191528320e-01
5.298757553100585938e-01
5.039418935775756836e-01
6.015219092369079590e-01
7.836961746215820312e-01
8.939338326454162598e-01
9.740300178527832031e-01
9.908637404441833496e-01
9.978631734848022461e-01
9.992721676826477051e-01
9.692929387092590332e-01
8.958045244216918945e-01
7.364054918289184570e-01
7.675871253013610840e-01
8.866215944290161133e-01
9.526121616363525391e-01
9.952064752578735352e-01
9.988554716110229492e-01
9.999229907989501953e-01
1.000000000000000000e+00
1.000000000000000000e+00
9.999964833259582520e-01
9.999880194664001465e-01
9.999837875366210938e-01
9.999777078628540039e-01
9.999459385871887207e-01
9.996501803398132324e-01
9.990387558937072754e-01
9.966119527816772461e-01
9.934235215187072754e-01
9.884251952171325684e-01
9.851368665695190430e-01
9.836189150810241699e-01
9.855623841285705566e-01
9.878130555152893066e-01
9.884718656539916992e-01
9.904785752296447754e-01
9.936807751655578613e-01
9.972049593925476074e-01
9.996206760406494141e-01
9.978746771812438965e-01
9.967294335365295410e-01
9.960556030273437500e-01
9.979359507560729980e-01
9.996057152748107910e-01
9.998485445976257324e-01
9.999622702598571777e-01
9.999877214431762695e-01
9.999941587448120117e-01
9.999980926513671875e-01
9.999989271163940430e-01
9.999979138374328613e-01
9.999958276748657227e-01
9.999494552612304688e-01
9.998650550842285156e-01
9.996992945671081543e-01
9.996566176414489746e-01
9.996794462203979492e-01
9.998719692230224609e-01
1.000000000000000000e+00
1.000000000000000000e+00
9.999497532844543457e-01
9.998732805252075195e-01
9.996805787086486816e-01
9.958845973014831543e-01
9.857944846153259277e-01
9.767440557479858398e-01
9.692636728286743164e-01
9.842837452888488770e-01
9.939983487129211426e-01
9.953259229660034180e-01
9.966990947723388672e-01
9.980698227882385254e-01
9.992067217826843262e-01
9.998949766159057617e-01
9.999340176582336426e-01
9.999691843986511230e-01
9.999941587448120117e-01
9.999287724494934082e-01
9.998608231544494629e-01
9.997895956039428711e-01
9.998280405998229980e-01
9.998898506164550781e-01
9.998759031295776367e-01
9.997265934944152832e-01
9.994106292724609375e-01
9.969375729560852051e-01
9.898112416267395020e-01
9.543030858039855957e-01
9.076028466224670410e-01
8.479448556900024414e-01
8.512265682220458984e-01
8.774614334106445312e-01
9.488368630409240723e-01
9.898633360862731934e-01
9.978273510932922363e-01
9.995400905609130859e-01
9.998087882995605469e-01
9.998637437820434570e-01
9.999046921730041504e-01
9.999312162399291992e-01
9.999305009841918945e-01
9.999280571937561035e-01
9.999454617500305176e-01
9.999624490737915039e-01
9.999790191650390625e-01
9.999489784240722656e-01
9.985051155090332031e-01
9.904076457023620605e-01
9.752494096755981445e-01
9.533153772354125977e-01
9.514756202697753906e-01
9.553867578506469727e-01
9.686588644981384277e-01
9.790562391281127930e-01
9.867861866950988770e-01
9.858431220054626465e-01
9.772913455963134766e-01
9.423612952232360840e-01
9.381133317947387695e-01
9.619214534759521484e-01
9.757078289985656738e-01
9.844833612442016602e-01
9.792985320091247559e-01
9.276086688041687012e-01
8.340145349502563477e-01
7.501217126846313477e-01
6.994169354438781738e-01
7.782837748527526855e-01
8.725036382675170898e-01
9.803556203842163086e-01
9.976820945739746094e-01
9.999814629554748535e-01
9.999871850013732910e-01
9.997953772544860840e-01
9.994271397590637207e-01
9.977162480354309082e-01
9.961948990821838379e-01
9.963459372520446777e-01
9.965920448303222656e-01
9.969235062599182129e-01
9.965057373046875000e-01
9.957004785537719727e-01
9.937850236892700195e-01
9.914280772209167480e-01
9.886726140975952148e-01
9.915240406990051270e-01
9.950013756752014160e-01
9.971684217453002930e-01
9.980006814002990723e-01
9.975951313972473145e-01
9.985576272010803223e-01
9.995884895324707031e-01
9.998350143432617188e-01
9.999647140502929688e-01
9.999825954437255859e-01
9.998431205749511719e-01
9.993294477462768555e-01
9.971662163734436035e-01
9.921312332153320312e-01
9.842607378959655762e-01
9.804949164390563965e-01
9.731255769729614258e-01
9.430361390113830566e-01
8.940975666046142578e-01
8.256649374961853027e-01
8.849197626113891602e-01
9.626042842864990234e-01
9.865969419479370117e-01
9.993610382080078125e-01
9.998744726181030273e-01
9.999489784240722656e-01
9.999244213104248047e-01
9.999380707740783691e-01
9.999504685401916504e-01
9.999614953994750977e-01
9.999428391456604004e-01
9.999229907989501953e-01
9.999503493309020996e-01
9.999727606773376465e-01
9.999892115592956543e-01
9.989624619483947754e-01
9.963613748550415039e-01
9.826113581657409668e-01
9.582270383834838867e-01
9.196857810020446777e-01
8.963498473167419434e-01
8.834970593452453613e-01
9.316639304161071777e-01
9.660376906394958496e-01
9.805271625518798828e-01
9.820995330810546875e-01
9.796923995018005371e-01
9.868478178977966309e-01
9.928398728370666504e-01
9.969977736473083496e-01
9.986335039138793945e-01
9.992364645004272461e-01
9.994593858718872070e-01
9.996556043624877930e-01
9.998050332069396973e-01
9.998894929885864258e-01
9.999437332153320312e-01
9.999496936798095703e-01
9.999511837959289551e-01
9.999439120292663574e-01
9.994942545890808105e-01
9.988210201263427734e-01
9.981405735015869141e-01
9.979314804077148438e-01
9.987604618072509766e-01
9.993987083435058594e-01
9.999262690544128418e-01
9.999715685844421387e-01
9.999846816062927246e-01
9.999679327011108398e-01
9.999657869338989258e-01
9.999731779098510742e-01
9.999854564666748047e-01
9.999907016754150391e-01
9.999737143516540527e-01
9.931810498237609863e-01
9.813928008079528809e-01
8.866190314292907715e-01
8.159310221672058105e-01
8.633702993392944336e-01
9.173325896263122559e-01
9.766821861267089844e-01
9.920566082000732422e-01
9.984171390533447266e-01
9.956264495849609375e-01
9.837709069252014160e-01
9.630886912345886230e-01
9.538529515266418457e-01
9.505490064620971680e-01
9.676214456558227539e-01
9.830392599105834961e-01
9.965477585792541504e-01
9.996608495712280273e-01
9.999859929084777832e-01
9.999932050704956055e-01
9.998220205307006836e-01
9.994165897369384766e-01
8.413553237915039062e-01
6.191790699958801270e-01
2.391439378261566162e-01
5.717996973544359207e-03
2.878956263884902000e-03
3.037554323673248291e-01
7.208879590034484863e-01
8.356869816780090332e-01
8.762487769126892090e-01
7.770640850067138672e-01
4.734259545803070068e-01
6.743899732828140259e-02
2.544581517577171326e-02
8.563813658213348390e-09
2.350658334648869641e-09
3.398016393184661865e-01
8.864014744758605957e-01
8.517906069755554199e-01
7.970295548439025879e-01
7.942424416542053223e-01
8.558388948440551758e-01
9.652540087699890137e-01
9.880685210227966309e-01
9.719164967536926270e-01
8.483930826187133789e-01
5.430023670196533203e-01
7.370440661907196045e-02
1.617389955299586290e-07
0.000000000000000000e+00
0.000000000000000000e+00
3.169567202015305396e-13
9.824515333212158197e-13
1.509661525487899780e-01
3.197239339351654053e-01
3.022749125957489014e-01
2.887278795242309570e-01
2.805269062519073486e-01
4.566774964332580566e-01
6.848620176315307617e-01
6.589523553848266602e-01
5.783569216728210449e-01
4.036732316017150879e-01
5.108956098556518555e-01
7.496207952499389648e-01
8.741727471351623535e-01
9.640545845031738281e-01
9.780807495117187500e-01
9.881712794303894043e-01
9.959169626235961914e-01
9.977511763572692871e-01
9.975962042808532715e-01
9.926842451095581055e-01
9.776855707168579102e-01
9.549360871315002441e-01
9.767770767211914062e-01
9.992972016334533691e-01
9.995473623275756836e-01
9.992688894271850586e-01
9.984754920005798340e-01
9.959555268287658691e-01
9.937388300895690918e-01
9.958894252777099609e-01
9.974365234375000000e-01
9.982338547706604004e-01
9.980635046958923340e-01
9.975200295448303223e-01
9.961062073707580566e-01
9.866110682487487793e-01
9.638948440551757812e-01
9.667577743530273438e-01
9.809730052947998047e-01
9.899650216102600098e-01
9.964554905891418457e-01
9.974840283393859863e-01
9.971563816070556641e-01
9.960201978683471680e-01
9.933538436889648438e-01
9.915843605995178223e-01
9.928560853004455566e-01
9.955127835273742676e-01
9.992688298225402832e-01
9.998458027839660645e-01
9.998570084571838379e-01
9.995042681694030762e-01
9.991063475608825684e-01
9.986603260040283203e-01
9.978450536727905273e-01
9.946202039718627930e-01
9.715920686721801758e-01
8.986405730247497559e-01
7.553226351737976074e-01
6.210599541664123535e-01
4.890477657318115234e-01
3.222288787364959717e-01
1.906453371047973633e-01
1.265234500169754028e-01
2.544784545898437500e-01
4.863321185111999512e-01
5.957936048507690430e-01
7.191088199615478516e-01
8.969281911849975586e-01
9.810719490051269531e-01
9.950309991836547852e-01
9.982885122299194336e-01
9.997543692588806152e-01
9.998577833175659180e-01
9.999303221702575684e-01
9.999712705612182617e-01
9.999878406524658203e-01
9.999967813491821289e-01
9.999929666519165039e-01
9.998170733451843262e-01
9.993979334831237793e-01
9.945236444473266602e-01
9.882087707519531250e-01
9.925808310508728027e-01
9.960623383522033691e-01
9.977465867996215820e-01
9.623975157737731934e-01
9.060174226760864258e-01
4.213279783725738525e-01
3.212911263108253479e-02
9.913707152009010315e-03
6.738763991265273035e-10
8.275472668239913787e-11
0.000000000000000000e+00
3.109811118264222152e-29
2.216695051069911350e-28
3.927020821720361710e-03
1.232555322349071503e-02
8.044761605560779572e-03
5.686091608367860317e-04
3.018272109329700470e-04
7.830733433365821838e-03
2.816957235336303711e-02
3.659805953502655029e-01
8.521465063095092773e-01
9.271617531776428223e-01
9.576355218887329102e-01
8.939987421035766602e-01
8.484867811203002930e-01
8.154516220092773438e-01
8.887553215026855469e-01
9.626736640930175781e-01
9.872301816940307617e-01
9.996850490570068359e-01
9.999473690986633301e-01
9.999909400939941406e-01
9.999812841415405273e-01
9.999862909317016602e-01
9.999241232872009277e-01
9.997627735137939453e-01
9.925705790519714355e-01
9.822172522544860840e-01
9.442016482353210449e-01
9.107958674430847168e-01
8.877177834510803223e-01
9.054068326950073242e-01
9.492662549018859863e-01
9.724720716476440430e-01
9.819977879524230957e-01
9.475668072700500488e-01
9.508860707283020020e-01
9.907008409500122070e-01
6.051889657974243164e-01
1.842472255229949951e-01
2.942270040512084961e-01
4.804141223430633545e-01
7.775185108184814453e-01
9.199329614639282227e-01
9.982649087905883789e-01
9.991150498390197754e-01
9.996798038482666016e-01
9.996013045310974121e-01
9.995604157447814941e-01
9.995438456535339355e-01
9.997293353080749512e-01
9.999064207077026367e-01
9.999648928642272949e-01
9.999930262565612793e-01
9.999908804893493652e-01
9.999939203262329102e-01
9.998990297317504883e-01
9.988596439361572266e-01
9.828552603721618652e-01
9.438276886940002441e-01
8.898730874061584473e-01
8.292579650878906250e-01
8.385236859321594238e-01
8.569704890251159668e-01
8.963116407394409180e-01
8.769311308860778809e-01
8.154810667037963867e-01
7.158172130584716797e-01
6.379709243774414062e-01
6.874216794967651367e-01
7.914157509803771973e-01
9.568246006965637207e-01
9.975448846817016602e-01
9.999808073043823242e-01
9.999393224716186523e-01
9.985394477844238281e-01
9.947050213813781738e-01
9.877554774284362793e-01
9.791712760925292969e-01
9.818892478942871094e-01
9.815371632575988770e-01
9.698402285575866699e-01
9.321920871734619141e-01
8.723152279853820801e-01
8.358234167098999023e-01
8.208521604537963867e-01
9.236618280410766602e-01
9.871553778648376465e-01
9.958617091178894043e-01
9.980307221412658691e-01
9.975492954254150391e-01
9.952157139778137207e-01
9.873666763305664062e-01
9.666532874107360840e-01
9.141362309455871582e-01
8.398016691207885742e-01
7.233191728591918945e-01
6.547905802726745605e-01
8.330048322677612305e-01
9.469679594039916992e-01
9.884567260742187500e-01
9.988902807235717773e-01
9.995663166046142578e-01
9.997247457504272461e-01
9.998502135276794434e-01
9.999133944511413574e-01
9.997870922088623047e-01
9.995526075363159180e-01
9.986866116523742676e-01
9.868372678756713867e-01
9.365610480308532715e-01
6.474181413650512695e-01
1.309457421302795410e-01
1.586866006255149841e-02
3.262237587478011847e-04
2.224208321422338486e-03
1.876580566167831421e-01
6.693365573883056641e-01
8.455160856246948242e-01
8.740592598915100098e-01
6.987803578376770020e-01
5.573728084564208984e-01
5.389831066131591797e-01
6.744667887687683105e-01
9.391256570816040039e-01
9.900225400924682617e-01
9.927405118942260742e-01
9.570537209510803223e-01
9.289410710334777832e-01
9.115529060363769531e-01
9.273124933242797852e-01
9.572632908821105957e-01
9.776492118835449219e-01
9.927983283996582031e-01
9.946385622024536133e-01
9.958630800247192383e-01
9.966126680374145508e-01
9.966297745704650879e-01
9.961296916007995605e-01
9.932543039321899414e-01
9.923030138015747070e-01
9.939145445823669434e-01
9.967306256294250488e-01
9.997681379318237305e-01
9.566684365272521973e-01
9.055007100105285645e-01
8.346689939498901367e-01
7.981393337249755859e-01
7.868344783782958984e-01
8.558508157730102539e-01
9.312241673469543457e-01
9.701738953590393066e-01
9.941555857658386230e-01
9.986315965652465820e-01
9.997276067733764648e-01
9.995105266571044922e-01
9.984062314033508301e-01
9.975059628486633301e-01
9.971013665199279785e-01
9.950876832008361816e-01
9.919040203094482422e-01
9.948788285255432129e-01
9.982890486717224121e-01
9.985452294349670410e-01
9.980102181434631348e-01
9.964302182197570801e-01
9.972361326217651367e-01
9.989994764328002930e-01
9.976075291633605957e-01
9.958313703536987305e-01
9.930876493453979492e-01
9.925485253334045410e-01
9.937082529067993164e-01
9.962521791458129883e-01
9.987655282020568848e-01
9.994734525680541992e-01
9.999105930328369141e-01
9.999671578407287598e-01
9.999856948852539062e-01
9.999878406524658203e-01
9.999627470970153809e-01
9.999065995216369629e-01
9.997645020484924316e-01
9.996414780616760254e-01
9.995342493057250977e-01
9.997222423553466797e-01
9.999480843544006348e-01
9.999719262123107910e-01
9.997948408126831055e-01
9.993039965629577637e-01
9.878289103507995605e-01
9.709889292716979980e-01
4.388000667095184326e-01
1.117497030645608902e-02
3.651277860626578331e-03
1.016375329345464706e-02
2.991085313260555267e-02
4.679386615753173828e-01
9.733725190162658691e-01
9.880633354187011719e-01
9.973530173301696777e-01
9.968331456184387207e-01
9.967225790023803711e-01
9.968473315238952637e-01
9.958735108375549316e-01
9.948666095733642578e-01
9.941394925117492676e-01
9.948258399963378906e-01
9.970674514770507812e-01
9.985091686248779297e-01
9.996501803398132324e-01
9.995728135108947754e-01
9.983548521995544434e-01
9.946267008781433105e-01
9.515080451965332031e-01
8.810316920280456543e-01
8.536359667778015137e-01
8.449737429618835449e-01
9.072320461273193359e-01
9.563211202621459961e-01
9.875600934028625488e-01
9.978139400482177734e-01
9.991731047630310059e-01
9.992237687110900879e-01
9.992719292640686035e-01
9.993846416473388672e-01
9.993721842765808105e-01
9.992507696151733398e-01
9.987295269966125488e-01
9.981541037559509277e-01
9.979841113090515137e-01
9.982185363769531250e-01
9.991654753684997559e-01
9.996654391288757324e-01
9.999137520790100098e-01
9.999246001243591309e-01
9.996533393859863281e-01
9.982723593711853027e-01
9.866892099380493164e-01
9.634428620338439941e-01
7.939243316650390625e-01
5.719220638275146484e-01
2.543601691722869873e-01
2.469853870570659637e-02
7.485658861696720123e-03
3.115999788860790431e-06
1.771783672666060738e-06
1.837942600250244141e-01
4.152559638023376465e-01
7.456742525100708008e-01
9.223043322563171387e-01
8.556777834892272949e-01
8.412047028541564941e-01
8.534654974937438965e-01
9.291067123413085938e-01
9.932765960693359375e-01
9.976750612258911133e-01
9.999633431434631348e-01
9.999920129776000977e-01
9.999794363975524902e-01
9.997701644897460938e-01
9.930326938629150391e-01
9.831629395484924316e-01
9.660102725028991699e-01
9.679249525070190430e-01
9.841434359550476074e-01
9.912820458412170410e-01
9.962644577026367188e-01
9.976455569267272949e-01
9.980396628379821777e-01
9.968695044517517090e-01
9.691542983055114746e-01
9.276078939437866211e-01
9.091518521308898926e-01
9.040969610214233398e-01
9.453378319740295410e-01
9.753034114837646484e-01
9.926375746726989746e-01
9.956250786781311035e-01
9.936050772666931152e-01
9.892356991767883301e-01
9.843345880508422852e-01
9.780669212341308594e-01
9.505900144577026367e-01
9.058993458747863770e-01
9.172254800796508789e-01
9.412685632705688477e-01
9.709329605102539062e-01
9.919245243072509766e-01
9.977027177810668945e-01
9.998673796653747559e-01
9.999255537986755371e-01
9.999539852142333984e-01
9.999769926071166992e-01
9.999895095825195312e-01
9.999974370002746582e-01
9.999994039535522461e-01
1.000000000000000000e+00
1.000000000000000000e+00
9.999647736549377441e-01
9.992119073867797852e-01
9.961890578269958496e-01
9.874802231788635254e-01
9.732891917228698730e-01
9.704018831253051758e-01
9.713047742843627930e-01
9.838258028030395508e-01
9.936925172805786133e-01
9.976500272750854492e-01
9.994876980781555176e-01
9.997715950012207031e-01
9.996631145477294922e-01
9.994595646858215332e-01
9.990814328193664551e-01
9.988158345222473145e-01
9.987384676933288574e-01
9.989996552467346191e-01
9.994521737098693848e-01
9.997586011886596680e-01
1.000000000000000000e+00
1.000000000000000000e+00
1.000000000000000000e+00
1.000000000000000000e+00
9.996938705444335938e-01
9.992585778236389160e-01
9.994106888771057129e-01
9.995538592338562012e-01
9.995990991592407227e-01
9.987035393714904785e-01
9.968475103378295898e-01
9.733073115348815918e-01
9.436516761779785156e-01
9.498401284217834473e-01
9.594845175743103027e-01
9.777565002441406250e-01
9.787220358848571777e-01
9.655231237411499023e-01
7.843069434165954590e-01
5.969570875167846680e-01
7.883949279785156250e-01
9.078453183174133301e-01
8.878059983253479004e-01
7.809579968452453613e-01
6.170164346694946289e-01
7.859684228897094727e-01
9.798979759216308594e-01
9.852271080017089844e-01
9.876155257225036621e-01
9.853615760803222656e-01
9.898599386215209961e-01
9.979923963546752930e-01
9.993806481361389160e-01
9.999887347221374512e-01
9.999949336051940918e-01
9.999975562095642090e-01
9.999956488609313965e-01
9.969469308853149414e-01
9.925678968429565430e-01
7.046498060226440430e-01
4.643769264221191406e-01
4.411590993404388428e-01
5.276980400085449219e-01
7.350262999534606934e-01
8.695285916328430176e-01
9.781733751296997070e-01
9.869146347045898438e-01
9.941384196281433105e-01
9.978964328765869141e-01
9.997053742408752441e-01
9.996975064277648926e-01
9.994635581970214844e-01
9.990711212158203125e-01
9.961711764335632324e-01
9.851497411727905273e-01
9.547428488731384277e-01
9.455742835998535156e-01
9.535843729972839355e-01
9.677585959434509277e-01
9.811280369758605957e-01
9.645103216171264648e-01
8.890926837921142578e-01
6.924048066139221191e-01
4.460675716400146484e-01
1.649561375379562378e-01
1.514293104410171509e-01
2.035148888826370239e-01
3.963651359081268311e-01
5.250526666641235352e-01
5.384986400604248047e-01
5.400190949440002441e-01
5.341055989265441895e-01
5.506148934364318848e-01
5.810001492500305176e-01
6.832256913185119629e-01
7.881014347076416016e-01
8.972417116165161133e-01
9.580720067024230957e-01
9.916048645973205566e-01
9.973919391632080078e-01
9.989073276519775391e-01
9.946236610412597656e-01
9.036279916763305664e-01
6.854367852210998535e-01
3.806528747081756592e-01
3.160920739173889160e-02
1.382843358442187309e-03
4.681701284425798804e-06
3.181699139531701803e-05
1.323409825563430786e-01
4.427336156368255615e-01
7.194777131080627441e-01
9.803558588027954102e-01
9.983462095260620117e-01
9.984458088874816895e-01
9.966977834701538086e-01
9.961974024772644043e-01
9.972794055938720703e-01
9.980809092521667480e-01
9.987576603889465332e-01
9.992115497589111328e-01
9.994554519653320312e-01
9.989179372787475586e-01
9.938079118728637695e-01
9.832471609115600586e-01
8.966591358184814453e-01
7.786360979080200195e-01
7.785341739654541016e-01
8.067760467529296875e-01
9.218271970748901367e-01
9.851588010787963867e-01
9.884525537490844727e-01
9.777037501335144043e-01
9.613142013549804688e-01
9.447076916694641113e-01
9.397816658020019531e-01
9.767630100250244141e-01
9.928867816925048828e-01
9.854291677474975586e-01
9.901025295257568359e-01
9.994424581527709961e-01
9.998695850372314453e-01
9.999991655349731445e-01
9.999995231628417969e-01
9.999978542327880859e-01
9.999940395355224609e-01
9.999698400497436523e-01
9.999377131462097168e-01
9.998650550842285156e-01
9.998152852058410645e-01
9.998508095741271973e-01
9.998981952667236328e-01
9.999588727951049805e-01
9.999831914901733398e-01
9.999933242797851562e-01
9.999914169311523438e-01
9.999904036521911621e-01
9.999936819076538086e-01
9.999964833259582520e-01
9.999987483024597168e-01
9.999995231628417969e-01
9.999997019767761230e-01
9.999930858612060547e-01
9.997292160987854004e-01
9.984856843948364258e-01
9.841707348823547363e-01
9.541907906532287598e-01
9.274627566337585449e-01
9.020847082138061523e-01
8.582755923271179199e-01
7.893388867378234863e-01
6.221064329147338867e-01
4.972879588603973389e-01
4.254154860973358154e-01
5.922619700431823730e-01
8.659201264381408691e-01
9.432303309440612793e-01
9.957731366157531738e-01
9.971078634262084961e-01
9.974421262741088867e-01
9.964373111724853516e-01
9.958304166793823242e-01
9.954174160957336426e-01
9.968925714492797852e-01
9.983679652214050293e-01
9.989871978759765625e-01
9.987695813179016113e-01
9.973415732383728027e-01
9.972501397132873535e-01
9.978652000427246094e-01
9.988569021224975586e-01
9.997639060020446777e-01
9.999073743820190430e-01
9.999952316284179688e-01
9.999945163726806641e-01
9.999671578407287598e-01
9.999241232872009277e-01
9.998716115951538086e-01
9.998140335083007812e-01
9.997290968894958496e-01
9.988955855369567871e-01
9.967375993728637695e-01
9.953384399414062500e-01
9.944349527359008789e-01
9.960449337959289551e-01
9.980187416076660156e-01
9.991677999496459961e-01
9.999439120292663574e-01
9.999732971191406250e-01
9.999819993972778320e-01
9.999755024909973145e-01
9.999201893806457520e-01
9.996715784072875977e-01
9.964342117309570312e-01
9.906771779060363770e-01
9.790284633636474609e-01
9.721951484680175781e-01
9.694476723670959473e-01
9.812787771224975586e-01
9.967995882034301758e-01
9.983935356140136719e-01
9.995943307876586914e-01
9.997072219848632812e-01
9.997323155403137207e-01
9.996714591979980469e-01
9.994706511497497559e-01
9.992219805717468262e-01
9.983018040657043457e-01
9.976194500923156738e-01
9.978001713752746582e-01
9.975898861885070801e-01
9.969266653060913086e-01
9.655215740203857422e-01
9.210331439971923828e-01
7.202044129371643066e-01
5.266566872596740723e-01
4.090521931648254395e-01
3.077985048294067383e-01
2.290005683898925781e-01
3.040083646774291992e-01
4.581311047077178955e-01
6.304649114608764648e-01
7.614952921867370605e-01
6.113855838775634766e-01
5.383118391036987305e-01
5.950862765312194824e-01
6.539492607116699219e-01
7.141553163528442383e-01
8.436152935028076172e-01
9.749047160148620605e-01
9.893944859504699707e-01
9.992625117301940918e-01
9.993190169334411621e-01
9.985099434852600098e-01
9.970157146453857422e-01
9.944576621055603027e-01
9.917330145835876465e-01
9.924283623695373535e-01
9.940053820610046387e-01
9.980053901672363281e-01
9.992640018463134766e-01
9.977959990501403809e-01
9.971089959144592285e-01
9.967013597488403320e-01
9.965465068817138672e-01
9.965292811393737793e-01
9.970118403434753418e-01
9.959684014320373535e-01
9.929929971694946289e-01
9.604759216308593750e-01
9.139143824577331543e-01
9.001418352127075195e-01
8.962849974632263184e-01
9.317880272865295410e-01
9.618712067604064941e-01
9.832205176353454590e-01
9.938974380493164062e-01
9.978606104850769043e-01
9.990952014923095703e-01
9.997766613960266113e-01
9.997987151145935059e-01
9.996863603591918945e-01
9.992796182632446289e-01
9.991784691810607910e-01
9.993306994438171387e-01
9.994033575057983398e-01
9.994451403617858887e-01
9.988479614257812500e-01
9.982851147651672363e-01
9.978297352790832520e-01
9.980294704437255859e-01
9.989430904388427734e-01
9.993513822555541992e-01
9.995527267456054688e-01
9.993381500244140625e-01
9.990984201431274414e-01
9.988626241683959961e-01
9.986816048622131348e-01
9.985815286636352539e-01
9.983699917793273926e-01
9.980943799018859863e-01
9.987736344337463379e-01
9.987814426422119141e-01
9.911240339279174805e-01
8.992815613746643066e-01
6.354998946189880371e-01
4.878492355346679688e-01
4.318523705005645752e-01
6.112968921661376953e-01
8.510892987251281738e-01
9.344419240951538086e-01
9.961549043655395508e-01
9.915900826454162598e-01
9.888726472854614258e-01
9.882002472877502441e-01
9.765014052391052246e-01
9.601820707321166992e-01
9.765347838401794434e-01
9.927998781204223633e-01
9.965232610702514648e-01
9.966068863868713379e-01
9.910435676574707031e-01
6.428561806678771973e-01
8.453343808650970459e-02
2.432265546303824522e-06
0.000000000000000000e+00
0.000000000000000000e+00
6.872744113206863403e-02
2.974924147129058838e-01
5.813378095626831055e-01
9.146305918693542480e-01
9.979577660560607910e-01
9.999041557312011719e-01
9.999673962593078613e-01
9.999883174896240234e-01
9.999902248382568359e-01
9.999916553497314453e-01
9.999924898147583008e-01
9.999629259109497070e-01
9.999178051948547363e-01
9.997429847717285156e-01
9.995648264884948730e-01
9.994913339614868164e-01
9.995260238647460938e-01
9.997732043266296387e-01
9.998463988304138184e-01
9.997839331626892090e-01
9.988840818405151367e-01
9.977211356163024902e-01
9.937900304794311523e-01
9.913265705108642578e-01
9.935938119888305664e-01
9.944655895233154297e-01
9.937069416046142578e-01
9.885411858558654785e-01
9.813677072525024414e-01
9.856133460998535156e-01
9.908167123794555664e-01
9.950592517852783203e-01
9.981549978256225586e-01
9.992009997367858887e-01
9.995476007461547852e-01
9.993880391120910645e-01
9.994593858718872070e-01
9.995898604393005371e-01
9.998130798339843750e-01
9.999831318855285645e-01
9.999923706054687500e-01
9.999946355819702148e-01
9.999889731407165527e-01
9.999407529830932617e-01
9.998737573623657227e-01
9.996290206909179688e-01
9.993915557861328125e-01
9.993005990982055664e-01
9.992609024047851562e-01
9.993121623992919922e-01
9.994838833808898926e-01
9.997430443763732910e-01
9.995445013046264648e-01
9.992396831512451172e-01
9.992281198501586914e-01
9.992933273315429688e-01
9.995982050895690918e-01
9.998190402984619141e-01
9.999433159828186035e-01
9.999743103981018066e-01
9.999623894691467285e-01
9.997295737266540527e-01
9.992712736129760742e-01
9.974160194396972656e-01
9.956326484680175781e-01
9.939858317375183105e-01
9.952327013015747070e-01
9.987192153930664062e-01
9.997039437294006348e-01
9.999918937683105469e-01
9.999964237213134766e-01
9.999999403953552246e-01
9.999997019767761230e-01
9.999973177909851074e-01
9.999920725822448730e-01
9.998245835304260254e-01
9.995715022087097168e-01
9.958359599113464355e-01
9.900900125503540039e-01
9.696204662322998047e-01
9.504849314689636230e-01
9.342979788780212402e-01
9.249559640884399414e-01
9.217348098754882812e-01
9.374890327453613281e-01
9.598026275634765625e-01
9.567663669586181641e-01
9.465635418891906738e-01
9.078873395919799805e-01
9.097863435745239258e-01
9.745951890945434570e-01
1.000000000000000000e+00
1.000000000000000000e+00
1.000000000000000000e+00
9.976753592491149902e-01
9.410560727119445801e-01
8.914818167686462402e-01
8.624393343925476074e-01
8.420587778091430664e-01
8.313704133033752441e-01
8.453201651573181152e-01
8.705841302871704102e-01
9.186527132987976074e-01
9.656706452369689941e-01
9.853108525276184082e-01
9.987428784370422363e-01
9.995121359825134277e-01
9.993609786033630371e-01
9.984395503997802734e-01
9.969003796577453613e-01
9.951639771461486816e-01
9.928041100502014160e-01
9.914760589599609375e-01
9.946922063827514648e-01
9.973776936531066895e-01
9.992667436599731445e-01
1.000000000000000000e+00
1.000000000000000000e+00
9.994825124740600586e-01
9.987645149230957031e-01
9.956833720207214355e-01
9.942457079887390137e-01
9.977491497993469238e-01
9.997164607048034668e-01
9.998958110809326172e-01
9.999449849128723145e-01
9.999312758445739746e-01
9.995737075805664062e-01
9.982773065567016602e-01
9.888543486595153809e-01
9.545780420303344727e-01
8.650689721107482910e-01
7.073909640312194824e-01
4.871380031108856201e-01
3.813125491142272949e-01
3.174653053283691406e-01
6.750910282135009766e-01
9.770916104316711426e-01
8.268306851387023926e-01
6.681041717529296875e-01
4.944753348827362061e-01
5.883113741874694824e-01
8.815818428993225098e-01
9.675596356391906738e-01
9.961297512054443359e-01
9.957351684570312500e-01
9.946720004081726074e-01
9.918074607849121094e-01
9.893720149993896484e-01
9.875486493110656738e-01
9.875268936157226562e-01
9.886125922203063965e-01
9.891979694366455078e-01
9.896053671836853027e-01
9.880080819129943848e-01
9.831510186195373535e-01
9.681404829025268555e-01
9.392451047897338867e-01
8.934999108314514160e-01
9.048147797584533691e-01
9.455759525299072266e-01
9.734740257263183594e-01
9.974921941757202148e-01
9.986999034881591797e-01
9.995274543762207031e-01
9.993909001350402832e-01
9.992111325263977051e-01
9.989865422248840332e-01
7.515435218811035156e-01
3.956389129161834717e-01
1.795238703489303589e-01
1.258394040632992983e-04
5.125262759975157678e-05
4.107372861966718247e-12
1.350057977737850745e-12
8.021345089884168722e-13
2.308865989023023424e-12
1.622422140211410291e-12
1.052426239689027709e-13
1.812231788298128383e-17
8.910282303986605257e-06
7.443250797223299742e-05
1.079101421055383980e-04
7.963599637150764465e-05
4.652687493944540620e-05
9.371792657475452870e-06
2.737476023639828782e-09
6.390072027073756544e-09
1.651961803436279297e-01
3.556244969367980957e-01
6.380553245544433594e-01
8.318278789520263672e-01
8.671912550926208496e-01
8.381265401840209961e-01
7.591708898544311523e-01
6.663691401481628418e-01
5.692409276962280273e-01
7.209161520004272461e-01
8.663011789321899414e-01
9.472181797027587891e-01
9.982150197029113770e-01
9.994459748268127441e-01
9.999324679374694824e-01
9.998767375946044922e-01
9.982740879058837891e-01
9.962337017059326172e-01
9.857656955718994141e-01
9.751625657081604004e-01
9.646320343017578125e-01
9.586153030395507812e-01
9.598144888877868652e-01
9.584487676620483398e-01
9.552791714668273926e-01
9.399991631507873535e-01
9.214768409729003906e-01
9.401940107345581055e-01
9.602316617965698242e-01
9.841866493225097656e-01
9.990602731704711914e-01
9.997147321701049805e-01
9.999368786811828613e-01
9.998570680618286133e-01
9.974520206451416016e-01
9.944255948066711426e-01
9.637773036956787109e-01
9.235394597053527832e-01
8.430237174034118652e-01
8.115901947021484375e-01
8.575479984283447266e-01
9.121850132942199707e-01
9.729364514350891113e-01
9.920164346694946289e-01
9.997234940528869629e-01
9.998738765716552734e-01
9.999004006385803223e-01
9.998847246170043945e-01
9.998914003372192383e-01
9.999346733093261719e-01
9.999660253524780273e-01
9.999886751174926758e-01
9.999959468841552734e-01
9.999987483024597168e-01
9.999704360961914062e-01
9.996817111968994141e-01
9.981178641319274902e-01
9.947213530540466309e-01
9.881433248519897461e-01
9.844448566436767578e-01
9.829642176628112793e-01
9.759335517883300781e-01
9.671611189842224121e-01
9.489508867263793945e-01
9.024369120597839355e-01
7.005913853645324707e-01
5.051186084747314453e-01
3.216287195682525635e-01
3.373257517814636230e-01
5.208408236503601074e-01
7.251091599464416504e-01
9.367341399192810059e-01
9.710329771041870117e-01
9.901831150054931641e-01
9.925624728202819824e-01
9.913879632949829102e-01
9.828101396560668945e-01
9.713472127914428711e-01
9.571961760520935059e-01
9.588039517402648926e-01
9.667128324508666992e-01
9.820389747619628906e-01
9.967128038406372070e-01
9.985622763633728027e-01
9.998826980590820312e-01
9.999331235885620117e-01
9.998251795768737793e-01
9.995495080947875977e-01
6.236301660537719727e-01
7.064423710107803345e-02
3.562494466091692402e-10
0.000000000000000000e+00
0.000000000000000000e+00
8.387221602424035009e-19
4.080888520995155333e-18
1.707938015460968018e-01
5.498774051666259766e-01
7.717342972755432129e-01
9.069625139236450195e-01
9.568461179733276367e-01
9.890944957733154297e-01
9.922587275505065918e-01
9.814819097518920898e-01
9.197365641593933105e-01
8.063088059425354004e-01
6.166046857833862305e-01
5.701467990875244141e-01
6.198899745941162109e-01
7.912698388099670410e-01
9.947751760482788086e-01
9.995650053024291992e-01
9.999547004699707031e-01
9.999623298645019531e-01
9.999462366104125977e-01
9.998883008956909180e-01
9.998475313186645508e-01
9.998208880424499512e-01
9.998615384101867676e-01
9.999260902404785156e-01
9.999564290046691895e-01
9.999780654907226562e-01
9.999527335166931152e-01
9.999381899833679199e-01
9.999477863311767578e-01
9.999212622642517090e-01
9.998576641082763672e-01
9.978097081184387207e-01
9.948499798774719238e-01
9.260526299476623535e-01
8.382909297943115234e-01
6.008005738258361816e-01
4.773493111133575439e-01
6.992103457450866699e-01
8.641419410705566406e-01
9.538860321044921875e-01
9.912114143371582031e-01
9.962643980979919434e-01
9.633900523185729980e-01
9.213963150978088379e-01
9.534235596656799316e-01
9.819795489311218262e-01
9.924683570861816406e-01
9.991535544395446777e-01
9.993276596069335938e-01
9.990943670272827148e-01
9.985316395759582520e-01
9.986684322357177734e-01
9.990493059158325195e-01
9.993324279785156250e-01
9.994732141494750977e-01
9.985237121582031250e-01
9.949301481246948242e-01
9.850597381591796875e-01
9.708685874938964844e-01
9.520609378814697266e-01
9.633094668388366699e-01
9.898203611373901367e-01
9.966214895248413086e-01
9.998432993888854980e-01
9.999275803565979004e-01
9.999926090240478516e-01
9.999876022338867188e-01
9.998697042465209961e-01
9.995838999748229980e-01
9.980598688125610352e-01
9.956576228141784668e-01
9.950752854347229004e-01
9.950372576713562012e-01
9.968807101249694824e-01
9.986532926559448242e-01
9.993854761123657227e-01
9.998848438262939453e-01
9.998854398727416992e-01
9.998355507850646973e-01
9.997352957725524902e-01
9.996790289878845215e-01
9.996433258056640625e-01
9.996248483657836914e-01
9.996072053909301758e-01
9.995558261871337891e-01
9.995684623718261719e-01
9.997950196266174316e-01
9.999412894248962402e-01
9.999736547470092773e-01
9.999386072158813477e-01
9.998568296432495117e-01
9.995539188385009766e-01
9.991864562034606934e-01
9.991171956062316895e-01
9.987975358963012695e-01
9.967036843299865723e-01
9.654035568237304688e-01
8.699738979339599609e-01
6.167243123054504395e-01
2.014496475458145142e-01
2.083910554647445679e-01
4.229853749275207520e-01
6.951229572296142578e-01
9.696855545043945312e-01
9.862357974052429199e-01
9.971170425415039062e-01
9.863476157188415527e-01
9.620910286903381348e-01
9.163200855255126953e-01
8.855111598968505859e-01
8.660948276519775391e-01
9.084414243698120117e-01
9.719598293304443359e-01
9.688569307327270508e-01
9.589359164237976074e-01
9.389717578887939453e-01
9.257932305335998535e-01
9.302290081977844238e-01
9.329492449760437012e-01
9.336031079292297363e-01
9.019802808761596680e-01
8.516256809234619141e-01
8.326386213302612305e-01
8.209432363510131836e-01
7.237685918807983398e-01
6.477057933807373047e-01
6.891551613807678223e-01
7.648339867591857910e-01
9.083283543586730957e-01
9.682117700576782227e-01
9.489870667457580566e-01
6.445102095603942871e-01
2.125630825757980347e-01
8.362004160881042480e-02
2.325657941401004791e-02
4.627203941345214844e-01
8.225231766700744629e-01
8.957210779190063477e-01
9.499238729476928711e-01
9.743191599845886230e-01
9.890715479850769043e-01
9.963599443435668945e-01
9.985274672508239746e-01
9.989054203033447266e-01
9.910878539085388184e-01
9.821424484252929688e-01
9.696961045265197754e-01
9.602627158164978027e-01
9.592564105987548828e-01
9.583023190498352051e-01
9.574107527732849121e-01
9.643999934196472168e-01
9.764049649238586426e-01
9.769645929336547852e-01
9.743498563766479492e-01
9.767069220542907715e-01
9.799084663391113281e-01
9.872267842292785645e-01
9.881531596183776855e-01
9.742211699485778809e-01
9.350954294204711914e-01
8.678272366523742676e-01
8.407204747200012207e-01
8.356425166130065918e-01
9.083443880081176758e-01
9.987720847129821777e-01
9.997839331626892090e-01
9.996917247772216797e-01
9.995829463005065918e-01
9.995142817497253418e-01
9.995262026786804199e-01
9.988433718681335449e-01
9.974790811538696289e-01
9.923603534698486328e-01
9.854385256767272949e-01
9.844551086425781250e-01
9.846080541610717773e-01
9.860809445381164551e-01
9.837334156036376953e-01
9.641542434692382812e-01
9.542420506477355957e-01
9.623963832855224609e-01
9.717370867729187012e-01
9.822192788124084473e-01
9.669213891029357910e-01
9.398967623710632324e-01
9.009246230125427246e-01
8.628417253494262695e-01
9.282491207122802734e-01
9.826998114585876465e-01
9.925549030303955078e-01
9.990144968032836914e-01
9.995228052139282227e-01
9.997943043708801270e-01
9.998543262481689453e-01
9.997212886810302734e-01
9.995040297508239746e-01
9.978774785995483398e-01
9.959613680839538574e-01
9.920778870582580566e-01
9.870213866233825684e-01
9.772648215293884277e-01
9.596590399742126465e-01
9.283301234245300293e-01
8.968266844749450684e-01
8.650255203247070312e-01
7.733939886093139648e-01
6.564629673957824707e-01
5.651800632476806641e-01
4.854271113872528076e-01
6.412486433982849121e-01
7.726356983184814453e-01
8.042339086532592773e-01
7.348938584327697754e-01
4.875137209892272949e-01
2.638273835182189941e-01
6.207305938005447388e-02
1.121407422033371404e-05
1.404614977218443528e-06
2.654918507261072591e-09
2.941259881481528282e-04
1.416882779449224472e-02
1.191744804382324219e-01
6.242753863334655762e-01
9.598190188407897949e-01
9.834280014038085938e-01
9.527326822280883789e-01
8.709789514541625977e-01
8.568798899650573730e-01
8.751357793807983398e-01
4.993992745876312256e-01
4.997647553682327271e-02
4.310370236635208130e-02
8.294478058815002441e-02
3.561267256736755371e-01
6.198988556861877441e-01
8.631035089492797852e-01
9.894946813583374023e-01
9.961186051368713379e-01
9.980093240737915039e-01
9.974167943000793457e-01
9.954684376716613770e-01
9.932248592376708984e-01
9.899104237556457520e-01
9.869949817657470703e-01
9.866262674331665039e-01
9.872040748596191406e-01
9.899645447731018066e-01
9.928885102272033691e-01
9.959874749183654785e-01
9.979388713836669922e-01
9.991883635520935059e-01
9.985792636871337891e-01
9.974562525749206543e-01
9.948242902755737305e-01
9.890580773353576660e-01
9.573253393173217773e-01
9.187844991683959961e-01
8.610558509826660156e-01
8.610012531280517578e-01
9.388613700866699219e-01
9.799041152000427246e-01
9.947453737258911133e-01
9.982963204383850098e-01
9.979172945022583008e-01
9.960867166519165039e-01
9.941586852073669434e-01
9.932200908660888672e-01
9.933759570121765137e-01
9.974510073661804199e-01
9.996467232704162598e-01
9.987071752548217773e-01
9.949635863304138184e-01
9.887670278549194336e-01
9.787155389785766602e-01
9.669234752655029297e-01
9.471147060394287109e-01
9.260738492012023926e-01
9.191052317619323730e-01
8.935615420341491699e-01
7.726808190345764160e-01
6.202743053436279297e-01
4.017543196678161621e-01
2.827990353107452393e-01
2.737973034381866455e-01
4.743192195892333984e-01
7.968224287033081055e-01
9.220588803291320801e-01
9.950736165046691895e-01
9.995337128639221191e-01
9.999886751174926758e-01
9.999951720237731934e-01
9.999999403953552246e-01
9.999996423721313477e-01
9.999800324440002441e-01
9.999327063560485840e-01
9.990186691284179688e-01
9.974467754364013672e-01
9.962425231933593750e-01
9.951849579811096191e-01
9.961888790130615234e-01
9.974297881126403809e-01
9.967275261878967285e-01
9.961788654327392578e-01
9.963202476501464844e-01
9.959941506385803223e-01
9.947479963302612305e-01
9.951617717742919922e-01
9.972928166389465332e-01
9.986928105354309082e-01
9.996969699859619141e-01
9.999420642852783203e-01
9.999973177909851074e-01
9.998973011970520020e-01
9.997153282165527344e-01
9.988864064216613770e-01
9.978408813476562500e-01
9.961728453636169434e-01
9.785876870155334473e-01
9.380303025245666504e-01
8.608436584472656250e-01
7.549037337303161621e-01
8.170048594474792480e-01
9.470679759979248047e-01
9.803898930549621582e-01
9.983495473861694336e-01
9.990677833557128906e-01
9.996575713157653809e-01
9.996199011802673340e-01
9.996471405029296875e-01
9.998136162757873535e-01
9.999245405197143555e-01
9.999722838401794434e-01
9.999929070472717285e-01
9.999966025352478027e-01
9.999917149543762207e-01
9.999841451644897461e-01
9.997703433036804199e-01
9.994052052497863770e-01
9.972082376480102539e-01
9.947640895843505859e-01
9.914427995681762695e-01
9.883643388748168945e-01
9.856861233711242676e-01
9.801052808761596680e-01
9.717672467231750488e-01
7.910009026527404785e-01
5.241543054580688477e-01
4.690713286399841309e-01
4.631469845771789551e-01
5.986064672470092773e-01
7.367759943008422852e-01
8.470221757888793945e-01
9.365841746330261230e-01
9.648233652114868164e-01
9.841754436492919922e-01
9.901861548423767090e-01
9.942020177841186523e-01
9.966020584106445312e-01
9.980236291885375977e-01
9.990246295928955078e-01
9.992865920066833496e-01
9.994121193885803223e-01
9.988688230514526367e-01
9.981591105461120605e-01
9.964258670806884766e-01
9.937328696250915527e-01
9.886279106140136719e-01
9.809313416481018066e-01
9.698155522346496582e-01
9.619317650794982910e-01
9.564818143844604492e-01
9.626561999320983887e-01
9.734018445014953613e-01
9.832110404968261719e-01
9.928091764450073242e-01
9.914969205856323242e-01
9.906378388404846191e-01
9.922727942466735840e-01
9.932136535644531250e-01
9.925259351730346680e-01
9.794285297393798828e-01
9.508500099182128906e-01
7.769962549209594727e-01
5.013656616210937500e-01
2.903973758220672607e-01
1.037406772375106812e-01
4.066995382308959961e-01
7.771757841110229492e-01
8.879656195640563965e-01
9.824782013893127441e-01
9.892811179161071777e-01
9.933733344078063965e-01
9.912318587303161621e-01
9.913286566734313965e-01
9.942198991775512695e-01
9.962943792343139648e-01
9.977942705154418945e-01
9.987907409667968750e-01
9.995987415313720703e-01
9.997596144676208496e-01
9.998151063919067383e-01
9.991900920867919922e-01
9.983013272285461426e-01
9.959882497787475586e-01
9.941734671592712402e-01
9.935617446899414062e-01
9.939549565315246582e-01
9.956482052803039551e-01
9.971464276313781738e-01
9.985079765319824219e-01
9.991848468780517578e-01
9.995920062065124512e-01
9.992327690124511719e-01
9.987481236457824707e-01
9.990929365158081055e-01
9.994285702705383301e-01
9.996997714042663574e-01
9.999051094055175781e-01
9.999380111694335938e-01
9.998925328254699707e-01
9.997372031211853027e-01
9.990853071212768555e-01
9.980337619781494141e-01
9.967715144157409668e-01
9.954119324684143066e-01
9.967110157012939453e-01
9.985397458076477051e-01
9.991672039031982422e-01
9.997105002403259277e-01
9.998758435249328613e-01
1.000000000000000000e+00
1.000000000000000000e+00
1.000000000000000000e+00
1.000000000000000000e+00
9.999707937240600586e-01
9.999148845672607422e-01
9.998912215232849121e-01
9.998840689659118652e-01
9.996484518051147461e-01
9.993535876274108887e-01
9.967547655105590820e-01
9.940600991249084473e-01
9.922531843185424805e-01
9.914761185646057129e-01
9.947109222412109375e-01
9.971870183944702148e-01
9.981971383094787598e-01
9.983999133110046387e-01
9.977166056632995605e-01
9.959250092506408691e-01
9.934335947036743164e-01
9.950995445251464844e-01
9.981603026390075684e-01
9.991984367370605469e-01
9.999595880508422852e-01
9.999814629554748535e-01
1.000000000000000000e+00
1.000000000000000000e+00
9.999810457229614258e-01
9.999145269393920898e-01
9.998493194580078125e-01
9.997861385345458984e-01
9.997181892395019531e-01
9.996466636657714844e-01
9.993670582771301270e-01
9.989930987358093262e-01
9.987142086029052734e-01
9.984549283981323242e-01
9.986329078674316406e-01
9.987985491752624512e-01
9.986337423324584961e-01
9.984835982322692871e-01
9.983837008476257324e-01
9.985044002532958984e-01
9.990320205688476562e-01
9.994733333587646484e-01
9.998221397399902344e-01
9.999707937240600586e-01
9.999940991401672363e-01
9.999952912330627441e-01
9.999889731407165527e-01
9.997054934501647949e-01
9.988070726394653320e-01
9.496572017669677734e-01
8.911483287811279297e-01
7.772249579429626465e-01
6.937015056610107422e-01
6.900172233581542969e-01
7.384843826293945312e-01
8.644239902496337891e-01
9.424165487289428711e-01
9.784315824508666992e-01
9.937887787818908691e-01
9.985765218734741211e-01
9.997152686119079590e-01
9.998911619186401367e-01
9.999191761016845703e-01
9.999350309371948242e-01
9.999535083770751953e-01
9.999715089797973633e-01
9.999873042106628418e-01
9.999958276748657227e-01
9.999885559082031250e-01
9.999863505363464355e-01
9.999905824661254883e-01
9.999495148658752441e-01
9.998742938041687012e-01
9.995326995849609375e-01
9.990755319595336914e-01
9.992275834083557129e-01
9.995121955871582031e-01
9.997544884681701660e-01
9.999769926071166992e-01
9.999825954437255859e-01
9.999842643737792969e-01
9.999704360961914062e-01
9.999535083770751953e-01
9.999302029609680176e-01
9.999377727508544922e-01
9.999817609786987305e-01
9.999774694442749023e-01
9.999390840530395508e-01
9.998639822006225586e-01
9.997742176055908203e-01
9.982758760452270508e-01
9.965015053749084473e-01
9.939246177673339844e-01
9.918299913406372070e-01
9.951316714286804199e-01
9.979554414749145508e-01
9.989761114120483398e-01
9.995465874671936035e-01
9.992380738258361816e-01
9.790652990341186523e-01
9.357075095176696777e-01
8.994922041893005371e-01
8.683480024337768555e-01
9.104235768318176270e-01
9.818219542503356934e-01
9.963477849960327148e-01
9.998135566711425781e-01
9.999603033065795898e-01
9.999759793281555176e-01
9.999784827232360840e-01
9.999477863311767578e-01
9.997894763946533203e-01
9.996688365936279297e-01
9.996237158775329590e-01
9.996833205223083496e-01
9.998698234558105469e-01
9.999606013298034668e-01
9.999809265136718750e-01
9.998201131820678711e-01
9.995816349983215332e-01
9.902666211128234863e-01
9.789690375328063965e-01
9.029648303985595703e-01
8.230959773063659668e-01
7.444831132888793945e-01
6.826494932174682617e-01
6.949036121368408203e-01
7.012501358985900879e-01
6.943161487579345703e-01
7.349502444267272949e-01
8.395700454711914062e-01
9.127403497695922852e-01
9.599224328994750977e-01
9.805427789688110352e-01
9.879212379455566406e-01
9.921791553497314453e-01
9.955953359603881836e-01
9.966563582420349121e-01
9.974443912506103516e-01
9.968240261077880859e-01
9.964984059333801270e-01
9.978443980216979980e-01
9.989683032035827637e-01
9.994988441467285156e-01
9.998235106468200684e-01
9.998239874839782715e-01
9.998110532760620117e-01
9.997851252555847168e-01
9.997993111610412598e-01
9.998377561569213867e-01
9.996677041053771973e-01
9.994249939918518066e-01
9.977053403854370117e-01
9.957427978515625000e-01
9.934395551681518555e-01
9.914715290069580078e-01
9.927474260330200195e-01
9.930676221847534180e-01
9.899052381515502930e-01
9.780837893486022949e-01
9.487254619598388672e-01
9.135481715202331543e-01
8.713237643241882324e-01
8.637512326240539551e-01
8.829924464225769043e-01
9.134554266929626465e-01
9.491903781890869141e-01
9.642489552497863770e-01
9.740801453590393066e-01
9.708655476570129395e-01
9.670150876045227051e-01
9.848017692565917969e-01
9.999939799308776855e-01
9.999955892562866211e-01
9.999790191650390625e-01
9.999105334281921387e-01
9.512474536895751953e-01
8.223441839218139648e-01
7.180530428886413574e-01
6.399484276771545410e-01
6.576023697853088379e-01
7.384915947914123535e-01
8.358106613159179688e-01
9.399220943450927734e-01
9.733968973159790039e-01
9.926327466964721680e-01
9.963060617446899414e-01
9.989281892776489258e-01
9.993314146995544434e-01
9.996857643127441406e-01
9.998095035552978516e-01
9.998352527618408203e-01
9.996182918548583984e-01
9.995698928833007812e-01
9.997740983963012695e-01
9.999050498008728027e-01
9.999655485153198242e-01
9.999828338623046875e-01
9.999741911888122559e-01
9.998866915702819824e-01
9.997706413269042969e-01
9.990095496177673340e-01
9.981343150138854980e-01
9.969010949134826660e-01
9.958355426788330078e-01
9.971947669982910156e-01
9.983352422714233398e-01
9.984953403472900391e-01
9.986220002174377441e-01
9.986670017242431641e-01
9.989696145057678223e-01
9.996513724327087402e-01
9.999622702598571777e-01
9.999266862869262695e-01
9.999377131462097168e-01
9.999766945838928223e-01
9.999744892120361328e-01
9.999575018882751465e-01
9.998051524162292480e-01
9.996280074119567871e-01
9.983475804328918457e-01
9.968846440315246582e-01
9.935426712036132812e-01
9.909905791282653809e-01
9.922910332679748535e-01
9.923583269119262695e-01
9.892487525939941406e-01
9.815057516098022461e-01
9.664592146873474121e-01
9.697372317314147949e-01
9.914542436599731445e-01
1.000000000000000000e+00
1.000000000000000000e+00
7.458467483520507812e-01
3.900870382785797119e-01
1.860442161560058594e-01
1.576582528650760651e-02
2.896978752687573433e-03
4.738828632980585098e-03
7.525882869958877563e-02
1.921350061893463135e-01
5.933488607406616211e-01
9.078456759452819824e-01
9.603725671768188477e-01
9.952129125595092773e-01
9.978647828102111816e-01
9.993923902511596680e-01
9.996031522750854492e-01
9.997276663780212402e-01
9.997856020927429199e-01
9.998229146003723145e-01
9.998499155044555664e-01
9.998938441276550293e-01
9.999427795410156250e-01
9.999724626541137695e-01
9.999995827674865723e-01
1.000000000000000000e+00
9.999906420707702637e-01
9.998855590820312500e-01
9.995628595352172852e-01
9.983280301094055176e-01
9.900954365730285645e-01
9.655419588088989258e-01
9.496644735336303711e-01
9.467150568962097168e-01
9.568762183189392090e-01
9.797706007957458496e-01
9.914594292640686035e-01
9.960579276084899902e-01
9.941650629043579102e-01
9.896515607833862305e-01
9.838035106658935547e-01
9.776682853698730469e-01
9.844779372215270996e-01
9.923585653305053711e-01
9.960725903511047363e-01
9.993729591369628906e-01
9.997258186340332031e-01
9.998736977577209473e-01
9.993133544921875000e-01
9.987760782241821289e-01
9.982892274856567383e-01
9.896915555000305176e-01
9.702678322792053223e-01
9.420797824859619141e-01
9.060037732124328613e-01
9.146358370780944824e-01
9.493038058280944824e-01
9.706904888153076172e-01
9.871142506599426270e-01
9.911193847656250000e-01
9.925808310508728027e-01
9.952654838562011719e-01
9.979810118675231934e-01
9.987391233444213867e-01
9.991535544395446777e-01
9.972900748252868652e-01
9.962087273597717285e-01
9.977061152458190918e-01
9.980314373970031738e-01
9.959985017776489258e-01
9.950149059295654297e-01
9.954043030738830566e-01
9.967585802078247070e-01
9.989616870880126953e-01
9.998397231101989746e-01
9.999274611473083496e-01
9.990757107734680176e-01
9.978669285774230957e-01
9.944708943367004395e-01
9.905966520309448242e-01
9.906013011932373047e-01
9.908596277236938477e-01
9.870359897613525391e-01
9.660121798515319824e-01
8.133727312088012695e-01
6.581740379333496094e-01
4.940465688705444336e-01
4.678766429424285889e-01
7.455354332923889160e-01
9.291761517524719238e-01
9.755414724349975586e-01
9.988653063774108887e-01
9.996381998062133789e-01
9.999345541000366211e-01
9.999132156372070312e-01
9.990785121917724609e-01
9.978892207145690918e-01
9.758285284042358398e-01
9.482665657997131348e-01
9.583575129508972168e-01
9.733965396881103516e-01
9.842928647994995117e-01
9.943625330924987793e-01
9.949964880943298340e-01
9.957514405250549316e-01
9.970872402191162109e-01
9.892584085464477539e-01
9.560204744338989258e-01
8.416318893432617188e-01
5.812062025070190430e-01
4.270886778831481934e-01
4.016260802745819092e-01
4.576452970504760742e-01
5.814016461372375488e-01
6.974033713340759277e-01
8.088278770446777344e-01
8.843420743942260742e-01
9.469659924507141113e-01
9.736582040786743164e-01
9.928010106086730957e-01
9.941729903221130371e-01
9.938859939575195312e-01
9.870184659957885742e-01
9.807422757148742676e-01
9.794523715972900391e-01
9.802381396293640137e-01
9.894797205924987793e-01
9.959987401962280273e-01
9.957019090652465820e-01
9.855667352676391602e-01
9.592114686965942383e-01
9.287453293800354004e-01
8.934681415557861328e-01
9.024223089218139648e-01
