9.999447464942932129e-01
9.998981952667236328e-01
9.997923374176025391e-01
9.956550002098083496e-01
9.653921127319335938e-01
8.973544836044311523e-01
8.163149356842041016e-01
7.996703982353210449e-01
8.652714490890502930e-01
9.453936219215393066e-01
9.912245273590087891e-01
9.995518922805786133e-01
9.982606172561645508e-01
9.979478120803833008e-01
9.985571503639221191e-01
9.995569586753845215e-01
9.775210022926330566e-01
9.406358599662780762e-01
9.464249610900878906e-01
9.683257341384887695e-01
9.976524114608764648e-01
9.993629455566406250e-01
9.999953508377075195e-01
9.999938011169433594e-01
9.999740719795227051e-01
9.999619722366333008e-01
9.999575018882751465e-01
9.999698996543884277e-01
9.999154210090637207e-01
9.998710155487060547e-01
9.999663233757019043e-01
9.997474551200866699e-01
9.993395209312438965e-01
9.987061023712158203e-01
9.991219639778137207e-01
9.995636343955993652e-01
9.992764592170715332e-01
9.979998469352722168e-01
9.956455826759338379e-01
9.915021061897277832e-01
9.839755892753601074e-01
9.781854748725891113e-01
9.769642949104309082e-01
9.868221879005432129e-01
9.953577518463134766e-01
9.988164305686950684e-01
9.996559023857116699e-01
9.999759793281555176e-01
9.999976158142089844e-01
9.999765753746032715e-01
9.992475509643554688e-01
9.976163506507873535e-01
9.928933978080749512e-01
9.901012778282165527e-01
9.897043108940124512e-01
9.954786300659179688e-01
9.989703893661499023e-01
9.999912977218627930e-01
9.999967813491821289e-01
9.999967217445373535e-01
9.999880194664001465e-01
9.998843669891357422e-01
9.986623525619506836e-01
9.963274598121643066e-01
9.911559224128723145e-01
9.918081760406494141e-01
9.965032339096069336e-01
9.986774325370788574e-01
9.997238516807556152e-01
9.999840259552001953e-01
9.999751448631286621e-01
9.982867240905761719e-01
9.951835274696350098e-01
9.895079731941223145e-01
9.891291856765747070e-01
9.921157956123352051e-01
9.978135228157043457e-01
9.997832179069519043e-01
9.999308586120605469e-01
9.999602437019348145e-01
9.999809861183166504e-01
9.999943971633911133e-01
9.999943375587463379e-01
9.999949932098388672e-01
9.999845027923583984e-01
9.999355077743530273e-01
9.992257952690124512e-01
9.984781742095947266e-01
9.983191490173339844e-01
9.991574287414550781e-01
9.999951720237731934e-01
9.999865293502807617e-01
9.989563822746276855e-01
9.915465712547302246e-01
9.692407250404357910e-01
9.433162212371826172e-01
9.329800009727478027e-01
9.598165154457092285e-01
9.833841323852539062e-01
9.989948272705078125e-01
9.997394680976867676e-01
9.996237754821777344e-01
9.994958043098449707e-01
9.996713995933532715e-01
9.997843503952026367e-01
9.997020363807678223e-01
9.992939233779907227e-01
9.985478520393371582e-01
9.976212382316589355e-01
9.964832067489624023e-01
9.967521429061889648e-01
9.976868033409118652e-01
9.993703365325927734e-01
9.989916682243347168e-01
9.948141574859619141e-01
9.854299426078796387e-01
9.661037325859069824e-01
9.572997689247131348e-01
9.642923474311828613e-01
9.866858124732971191e-01
1.000000000000000000e+00
1.000000000000000000e+00
1.000000000000000000e+00
9.982221722602844238e-01
9.942479133605957031e-01
9.849290251731872559e-01
9.782795906066894531e-01
9.750987887382507324e-01
9.833823442459106445e-01
9.915477037429809570e-01
9.991069436073303223e-01
9.997400045394897461e-01
9.999848008155822754e-01
9.999955892562866211e-01
9.999679327011108398e-01
9.998433589935302734e-01
9.996191263198852539e-01
9.985658526420593262e-01
9.979746937751770020e-01
9.978575706481933594e-01
9.992939829826354980e-01
1.000000000000000000e+00
1.000000000000000000e+00
1.000000000000000000e+00
1.000000000000000000e+00
1.000000000000000000e+00
1.000000000000000000e+00
9.998208284378051758e-01
9.994262456893920898e-01
9.972574114799499512e-01
9.972825050354003906e-01
9.991850852966308594e-01
9.993091821670532227e-01
9.989350438117980957e-01
9.981767535209655762e-01
9.986159205436706543e-01
9.964113831520080566e-01
9.814317822456359863e-01
7.255903482437133789e-01
3.968352675437927246e-01
2.619265951216220856e-02
4.526103660464286804e-02
4.001131355762481689e-01
1.000000000000000000e+00
1.000000000000000000e+00
1.000000000000000000e+00
1.000000000000000000e+00
1.000000000000000000e+00
1.000000000000000000e+00
1.000000000000000000e+00
1.000000000000000000e+00
9.935904145240783691e-01
9.833003878593444824e-01
9.947557449340820312e-01
9.998895525932312012e-01
9.999982118606567383e-01
9.999981522560119629e-01
9.999971985816955566e-01
9.999948740005493164e-01
9.999798536300659180e-01
9.997026324272155762e-01
9.991829991340637207e-01
9.980949759483337402e-01
9.979924559593200684e-01
9.985474348068237305e-01
9.967110753059387207e-01
9.973939061164855957e-01
9.999775290489196777e-01
9.999930262565612793e-01
1.000000000000000000e+00
9.999658465385437012e-01
9.992832541465759277e-01
9.966915249824523926e-01
9.929118752479553223e-01
9.973617196083068848e-01
9.985737204551696777e-01
9.966590404510498047e-01
9.851834774017333984e-01
9.774169921875000000e-01
9.735857248306274414e-01
9.892505407333374023e-01
9.969814419746398926e-01
9.977577924728393555e-01
9.976807832717895508e-01
9.975444078445434570e-01
9.974028468132019043e-01
9.990596175193786621e-01
9.989355206489562988e-01
9.972386956214904785e-01
9.989622235298156738e-01
9.997937679290771484e-01
9.997743964195251465e-01
9.989728331565856934e-01
9.985930919647216797e-01
9.986280202865600586e-01
9.994918107986450195e-01
9.999475479125976562e-01
9.999915957450866699e-01
9.999929070472717285e-01
9.999491572380065918e-01
9.998587369918823242e-01
9.996011257171630859e-01
9.994623064994812012e-01
9.994564652442932129e-01
9.995959997177124023e-01
9.996146559715270996e-01
9.994905591011047363e-01
9.987558126449584961e-01
9.973339438438415527e-01
9.951231479644775391e-01
9.921904206275939941e-01
9.912968277931213379e-01
9.930114746093750000e-01
9.960167407989501953e-01
9.983129501342773438e-01
9.995635151863098145e-01
9.998567104339599609e-01
9.999690055847167969e-01
9.999390840530395508e-01
9.999415874481201172e-01
9.999432563781738281e-01
9.999387860298156738e-01
9.993830323219299316e-01
9.968901872634887695e-01
9.914240241050720215e-01
9.725214242935180664e-01
9.672657847404479980e-01
9.883870482444763184e-01
9.961524605751037598e-01
9.997415542602539062e-01
9.996266365051269531e-01
9.990158081054687500e-01
9.988073110580444336e-01
9.995810985565185547e-01
9.997339844703674316e-01
9.997813105583190918e-01
9.998814463615417480e-01
9.999361038208007812e-01
9.999694228172302246e-01
9.999777674674987793e-01
9.999536871910095215e-01
9.998158812522888184e-01
9.994090199470520020e-01
9.987862110137939453e-01
9.982438683509826660e-01
9.981102347373962402e-01
9.934695363044738770e-01
9.882857799530029297e-01
9.861835241317749023e-01
9.876233339309692383e-01
9.893763661384582520e-01
9.875174760818481445e-01
9.920921921730041504e-01
9.981752038002014160e-01
9.994818568229675293e-01
9.999229311943054199e-01
9.992281794548034668e-01
9.950284361839294434e-01
9.961910247802734375e-01
9.876300096511840820e-01
9.086228609085083008e-01
8.817989826202392578e-01
8.888384103775024414e-01
9.253841042518615723e-01
9.535996913909912109e-01
9.752506613731384277e-01
9.849073886871337891e-01
9.871550798416137695e-01
9.849399328231811523e-01
9.914038777351379395e-01
9.960943460464477539e-01
9.992544651031494141e-01
9.993520379066467285e-01
9.995683431625366211e-01
9.998815059661865234e-01
9.999609589576721191e-01
9.910492300987243652e-01
9.734275937080383301e-01
8.923137187957763672e-01
8.713949918746948242e-01
9.159216880798339844e-01
9.644207954406738281e-01
9.929429888725280762e-01
9.970443844795227051e-01
9.939606785774230957e-01
9.925945401191711426e-01
9.942134022712707520e-01
9.967257380485534668e-01
9.986574649810791016e-01
9.995379447937011719e-01
9.998245835304260254e-01
9.999639987945556641e-01
9.999912977218627930e-01
9.999977946281433105e-01
9.999933838844299316e-01
9.999746084213256836e-01
9.999652504920959473e-01
9.999612569808959961e-01
9.999646544456481934e-01
9.996724128723144531e-01
9.979482889175415039e-01
9.924532771110534668e-01
9.947505593299865723e-01
9.987701177597045898e-01
9.996324777603149414e-01
9.998564720153808594e-01
9.997991919517517090e-01
9.996469616889953613e-01
9.997292757034301758e-01
9.998517632484436035e-01
9.995993375778198242e-01
9.984734654426574707e-01
9.963407516479492188e-01
9.905548691749572754e-01
9.863887429237365723e-01
9.835970997810363770e-01
9.842395186424255371e-01
9.771782755851745605e-01
9.646833539009094238e-01
9.598731994628906250e-01
9.606807827949523926e-01
9.663133621215820312e-01
9.628232717514038086e-01
9.719136357307434082e-01
9.938601255416870117e-01
9.974178075790405273e-01
9.945004582405090332e-01
9.844180345535278320e-01
8.457978367805480957e-01
7.090788483619689941e-01
5.869239568710327148e-01
7.590577602386474609e-01
9.146612882614135742e-01
9.854307174682617188e-01
9.980777502059936523e-01
9.999240040779113770e-01
9.999240636825561523e-01
9.948992729187011719e-01
9.777613878250122070e-01
9.341452121734619141e-01
8.828918337821960449e-01
8.595732450485229492e-01
9.267870783805847168e-01
9.594817757606506348e-01
9.736126661300659180e-01
9.661265611648559570e-01
9.733112454414367676e-01
9.865207672119140625e-01
9.957240819931030273e-01
9.839139580726623535e-01
9.179895520210266113e-01
5.315098166465759277e-01
4.517099857330322266e-01
5.863341093063354492e-01
7.776165008544921875e-01
9.065676331520080566e-01
9.826618432998657227e-01
9.936220049858093262e-01
9.993262290954589844e-01
9.998121261596679688e-01
9.939261674880981445e-01
9.005114436149597168e-01
7.021558284759521484e-01
7.131009101867675781e-01
7.649679183959960938e-01
8.535803556442260742e-01
9.290613532066345215e-01
9.819281101226806641e-01
9.974265098571777344e-01
9.999560713768005371e-01
9.999127388000488281e-01
9.998354911804199219e-01
9.998415112495422363e-01
9.998854994773864746e-01
9.999727010726928711e-01
9.999972581863403320e-01
9.999976158142089844e-01
9.999927282333374023e-01
9.999785423278808594e-01
9.999527931213378906e-01
9.998883008956909180e-01
9.998798370361328125e-01
9.999069571495056152e-01
9.999584555625915527e-01
9.999744892120361328e-01
9.999638199806213379e-01
9.999366402626037598e-01
9.999461770057678223e-01
9.999890923500061035e-01
9.999948740005493164e-01
9.999126195907592773e-01
9.997316598892211914e-01
9.237931966781616211e-01
7.890504598617553711e-01
5.786814093589782715e-01
7.382296919822692871e-01
8.682145476341247559e-01
8.648178577423095703e-01
9.357938766479492188e-01
9.958747625350952148e-01
9.984186291694641113e-01
9.994434118270874023e-01
9.998906254768371582e-01
9.999011158943176270e-01
9.998528957366943359e-01
9.997904300689697266e-01
9.997637271881103516e-01
9.997496008872985840e-01
9.997528791427612305e-01
9.998276233673095703e-01
9.998549818992614746e-01
9.998459219932556152e-01
9.997716546058654785e-01
9.984585642814636230e-01
9.957734942436218262e-01
9.716071486473083496e-01
9.028285741806030273e-01
7.865977287292480469e-01
8.360283970832824707e-01
8.971472382545471191e-01
9.632725119590759277e-01
9.621258378028869629e-01
8.634513616561889648e-01
6.064607501029968262e-01
2.656629681587219238e-01
1.447878330945968628e-01
5.756296515464782715e-01
5.631324052810668945e-01
5.297852754592895508e-01
8.532214760780334473e-01
9.702696204185485840e-01
9.965819120407104492e-01
9.988210201263427734e-01
9.996020793914794922e-01
9.992526769638061523e-01
9.963502883911132812e-01
9.868639707565307617e-01
9.726636409759521484e-01
9.608389139175415039e-01
9.680908322334289551e-01
9.934461712837219238e-01
9.975491762161254883e-01
9.995862245559692383e-01
9.996027946472167969e-01
9.997534155845642090e-01
9.995556473731994629e-01
9.987698793411254883e-01
9.964367747306823730e-01
9.949823021888732910e-01
9.960922002792358398e-01
9.979968070983886719e-01
9.996647834777832031e-01
9.998918175697326660e-01
9.999516010284423828e-01
9.987872242927551270e-01
9.921941161155700684e-01
9.882366061210632324e-01
9.867782592773437500e-01
9.939434528350830078e-01
9.959725737571716309e-01
9.942152500152587891e-01
9.942731857299804688e-01
9.959815740585327148e-01
9.993550181388854980e-01
9.997963309288024902e-01
9.999876022338867188e-01
9.999929666519165039e-01
9.998879432678222656e-01
9.998136758804321289e-01
9.998199939727783203e-01
9.998800158500671387e-01
9.999384880065917969e-01
9.999631643295288086e-01
9.999732971191406250e-01
9.999434947967529297e-01
9.997811317443847656e-01
9.996091723442077637e-01
9.994814991950988770e-01
9.996734261512756348e-01
9.997962117195129395e-01
9.997715353965759277e-01
9.981337785720825195e-01
9.968932867050170898e-01
9.960170388221740723e-01
9.852817058563232422e-01
9.631567597389221191e-01
9.271110296249389648e-01
9.166179299354553223e-01
9.248661398887634277e-01
9.606778621673583984e-01
9.632784724235534668e-01
9.443152546882629395e-01
8.892769813537597656e-01
8.829414248466491699e-01
8.842278718948364258e-01
8.538830280303955078e-01
8.600417375564575195e-01
8.904116153717041016e-01
9.629055857658386230e-01
9.952004551887512207e-01
9.996239542961120605e-01
9.951684474945068359e-01
9.855326414108276367e-01
9.709799289703369141e-01
9.587737917900085449e-01
9.512136578559875488e-01
9.496619701385498047e-01
9.632108807563781738e-01
9.787187576293945312e-01
9.943978786468505859e-01
9.985569715499877930e-01
9.844398498535156250e-01
9.280109405517578125e-01
7.290439605712890625e-01
5.245491266250610352e-01
5.245885252952575684e-01
6.754728555679321289e-01
8.904007673263549805e-01
9.441141486167907715e-01
9.715756773948669434e-01
9.785488843917846680e-01
9.832390546798706055e-01
9.891145229339599609e-01
9.963048100471496582e-01
9.982536435127258301e-01
9.977014064788818359e-01
9.938315153121948242e-01
9.276005625724792480e-01
8.325744271278381348e-01
6.979590058326721191e-01
6.838924884796142578e-01
7.387536168098449707e-01
9.063831567764282227e-01
9.775101542472839355e-01
9.988634586334228516e-01
9.996500015258789062e-01
9.999799132347106934e-01
9.999855160713195801e-01
9.999634623527526855e-01
9.999267458915710449e-01
9.998753070831298828e-01
9.991458654403686523e-01
9.928227663040161133e-01
9.783889651298522949e-01
9.593319296836853027e-01
9.476646184921264648e-01
9.534198045730590820e-01
9.671275615692138672e-01
9.796392917633056641e-01
9.799295067787170410e-01
9.718159437179565430e-01
9.638758301734924316e-01
9.827364087104797363e-01
9.940596222877502441e-01
9.998095035552978516e-01
9.996235370635986328e-01
9.986945390701293945e-01
9.970089793205261230e-01
9.957369565963745117e-01
9.958999156951904297e-01
9.981462955474853516e-01
9.991278648376464844e-01
9.924027323722839355e-01
9.687851071357727051e-01
8.871203660964965820e-01
8.034455776214599609e-01
7.799501419067382812e-01
5.992239117622375488e-01
3.426913022994995117e-01
1.155910044908523560e-01
3.649654239416122437e-02
7.860557734966278076e-02
5.472424030303955078e-01
8.089461922645568848e-01
8.403031229972839355e-01
8.648123741149902344e-01
8.989731669425964355e-01
9.500831961631774902e-01
9.650090336799621582e-01
9.578072428703308105e-01
9.128508567810058594e-01
8.250810503959655762e-01
7.073029279708862305e-01
5.246558189392089844e-01
3.659908771514892578e-01
2.373261600732803345e-01
2.941274046897888184e-01
2.923937439918518066e-01
2.386059910058975220e-01
9.032009541988372803e-02
3.210155293345451355e-02
9.598469734191894531e-02
4.853063225746154785e-01
8.241872787475585938e-01
9.651676416397094727e-01
9.979078173637390137e-01
9.992019534111022949e-01
9.996647834777832031e-01
9.998862147331237793e-01
9.999767541885375977e-01
9.999710321426391602e-01
9.999781847000122070e-01
9.999947547912597656e-01
9.999982118606567383e-01
9.999941587448120117e-01
9.999816417694091797e-01
9.999149441719055176e-01
9.998710155487060547e-01
9.998762607574462891e-01
9.999109506607055664e-01
9.999377131462097168e-01
9.999210238456726074e-01
9.999113678932189941e-01
9.999135732650756836e-01
9.999659061431884766e-01
9.999718666076660156e-01
9.975693225860595703e-01
9.406728148460388184e-01
8.084050416946411133e-01
5.975703597068786621e-01
8.337842226028442383e-01
1.000000000000000000e+00
1.000000000000000000e+00
4.692496955394744873e-01
3.830487185041420162e-05
8.487731065542902797e-06
8.652891381188965170e-08
9.905111789703369141e-02
7.175969481468200684e-01
9.759129285812377930e-01
9.997533559799194336e-01
9.999060630798339844e-01
9.999858140945434570e-01
9.999915361404418945e-01
9.999856948852539062e-01
9.999632239341735840e-01
9.999153017997741699e-01
9.997048377990722656e-01
9.995287060737609863e-01
9.995353817939758301e-01
9.997500777244567871e-01
9.997997879981994629e-01
9.985429644584655762e-01
9.685842990875244141e-01
9.175484180450439453e-01
8.210594058036804199e-01
8.138726353645324707e-01
8.994740247726440430e-01
9.607827663421630859e-01
9.984002113342285156e-01
9.997342228889465332e-01
9.998886585235595703e-01
9.996053576469421387e-01
9.988217353820800781e-01
9.967560172080993652e-01
9.938954114913940430e-01
9.895417094230651855e-01
9.910486936569213867e-01
9.965717196464538574e-01
9.972634911537170410e-01
9.980118274688720703e-01
9.988239407539367676e-01
9.993314146995544434e-01
9.995953440666198730e-01
9.994654655456542969e-01
9.827775359153747559e-01
9.408947229385375977e-01
8.301291465759277344e-01
7.058435082435607910e-01
5.956643223762512207e-01
6.456739306449890137e-01
7.601697444915771484e-01
9.267828464508056641e-01
7.814359068870544434e-01
6.226598620414733887e-01
4.490665197372436523e-01
3.973529338836669922e-01
4.553270041942596436e-01
7.158902883529663086e-01
7.977789640426635742e-01
7.206497192382812500e-01
2.160677015781402588e-01
1.690134406089782715e-02
1.271870608832159633e-09
2.022573575288788561e-08
1.284378394484519958e-02
3.828254342079162598e-02
4.908217191696166992e-01
8.047782182693481445e-01
8.510906696319580078e-01
9.024135470390319824e-01
9.499145746231079102e-01
9.832490682601928711e-01
9.957947731018066406e-01
9.987055063247680664e-01
9.984786510467529297e-01
9.922143220901489258e-01
9.808218479156494141e-01
8.439375162124633789e-01
7.296195030212402344e-01
6.436106562614440918e-01
8.216304183006286621e-01
9.742014408111572266e-01
9.911566972732543945e-01
9.972047209739685059e-01
9.991459846496582031e-01
9.988822340965270996e-01
9.989045262336730957e-01
9.991161823272705078e-01
9.995868206024169922e-01
9.998720288276672363e-01
9.999671578407287598e-01
9.998794198036193848e-01
9.987768530845642090e-01
9.959273338317871094e-01
9.317721724510192871e-01
8.749221563339233398e-01
8.928549885749816895e-01
9.335254430770874023e-01
9.811719059944152832e-01
9.921684861183166504e-01
9.980831742286682129e-01
9.996374249458312988e-01
9.996862411499023438e-01
9.991502761840820312e-01
9.978218078613281250e-01
9.862189888954162598e-01
9.766014814376831055e-01
9.776646494865417480e-01
9.868914484977722168e-01
9.978924393653869629e-01
9.986411333084106445e-01
9.939232468605041504e-01
9.848888516426086426e-01
9.364418983459472656e-01
9.031148552894592285e-01
8.892018198966979980e-01
9.299551844596862793e-01
9.701317548751831055e-01
9.898601174354553223e-01
9.871419668197631836e-01
9.756985306739807129e-01
9.614452719688415527e-01
9.705554842948913574e-01
9.949130415916442871e-01
9.981436729431152344e-01
9.998866319656372070e-01
9.998720884323120117e-01
9.998016953468322754e-01
9.997829794883728027e-01
9.998875856399536133e-01
9.999503493309020996e-01
9.999885559082031250e-01
9.999783635139465332e-01
9.999544024467468262e-01
9.999228715896606445e-01
9.999172091484069824e-01
9.999077916145324707e-01
9.998940229415893555e-01
9.987140297889709473e-01
9.969019293785095215e-01
9.940676689147949219e-01
9.940193295478820801e-01
9.952828884124755859e-01
9.983743429183959961e-01
9.967352151870727539e-01
9.912717938423156738e-01
9.673958420753479004e-01
9.535668492317199707e-01
9.508581161499023438e-01
9.753957986831665039e-01
9.948782920837402344e-01
9.982662796974182129e-01
9.995267391204833984e-01
9.998537302017211914e-01
9.990726709365844727e-01
9.989613890647888184e-01
9.992502331733703613e-01
9.990934133529663086e-01
9.981666207313537598e-01
9.963747859001159668e-01
9.976805448532104492e-01
9.989461898803710938e-01
9.993969798088073730e-01
9.919543266296386719e-01
9.714353680610656738e-01
9.022584557533264160e-01
9.060851335525512695e-01
9.570865631103515625e-01
9.755799174308776855e-01
9.892668128013610840e-01
9.972116351127624512e-01
8.776907324790954590e-01
6.824899315834045410e-01
3.566260337829589844e-01
1.887859702110290527e-01
8.608604967594146729e-02
2.560283802449703217e-02
4.886329174041748047e-03
1.515190303325653076e-02
3.368104398250579834e-01
6.465217471122741699e-01
9.405298829078674316e-01
9.910863041877746582e-01
9.981337785720825195e-01
9.986308217048645020e-01
9.991000890731811523e-01
9.995264410972595215e-01
9.997413754463195801e-01
9.998025298118591309e-01
9.997403025627136230e-01
9.965094923973083496e-01
9.912419915199279785e-01
9.830205440521240234e-01
9.860265254974365234e-01
9.908928871154785156e-01
9.941121935844421387e-01
9.957038164138793945e-01
9.962148666381835938e-01
9.940169453620910645e-01
9.846317768096923828e-01
9.684585928916931152e-01
9.415578842163085938e-01
9.316551685333251953e-01
9.533414244651794434e-01
9.766443371772766113e-01
9.960536360740661621e-01
9.984393119812011719e-01
9.988145828247070312e-01
9.974732398986816406e-01
9.855059981346130371e-01
9.638414978981018066e-01
9.310589432716369629e-01
9.107024073600769043e-01
8.734179735183715820e-01
7.944647073745727539e-01
8.212131261825561523e-01
8.843501806259155273e-01
9.303430318832397461e-01
9.669457674026489258e-01
9.965248107910156250e-01
9.982542991638183594e-01
9.992914795875549316e-01
9.997130632400512695e-01
9.998319149017333984e-01
9.998586773872375488e-01
9.997944831848144531e-01
9.989247918128967285e-01
9.957774281501770020e-01
9.731174707412719727e-01
9.674287438392639160e-01
9.782702922821044922e-01
9.912025332450866699e-01
9.989130496978759766e-01
9.963738322257995605e-01
9.939408302307128906e-01
9.923264980316162109e-01
9.942502379417419434e-01
9.962409734725952148e-01
9.982500672340393066e-01
9.989491701126098633e-01
9.994639158248901367e-01
9.997379779815673828e-01
9.997497200965881348e-01
9.993336200714111328e-01
9.978790879249572754e-01
9.930508136749267578e-01
9.872565865516662598e-01
9.865310192108154297e-01
9.897494316101074219e-01
9.965957999229431152e-01
9.984307289123535156e-01
9.992155432701110840e-01
9.986876845359802246e-01
9.992426633834838867e-01
9.999625682830810547e-01
9.999646544456481934e-01
9.994046092033386230e-01
9.982523322105407715e-01
9.829323291778564453e-01
9.614186286926269531e-01
9.316941499710083008e-01
9.381690025329589844e-01
9.556912779808044434e-01
9.856171607971191406e-01
9.968180060386657715e-01
9.989269971847534180e-01
9.996438026428222656e-01
9.976042509078979492e-01
9.928534626960754395e-01
9.799583554267883301e-01
9.695832133293151855e-01
9.657862782478332520e-01
9.570617675781250000e-01
9.440855979919433594e-01
9.174485802650451660e-01
9.206444621086120605e-01
9.461823701858520508e-01
9.737837314605712891e-01
9.926764965057373047e-01
9.984843730926513672e-01
9.985871315002441406e-01
9.960823655128479004e-01
9.891048073768615723e-01
9.902073740959167480e-01
9.951117634773254395e-01
9.841894507408142090e-01
9.691152572631835938e-01
9.491447210311889648e-01
9.470952153205871582e-01
9.524952173233032227e-01
9.700691699981689453e-01
9.818296432495117188e-01
9.901153445243835449e-01
9.906368255615234375e-01
9.924281835556030273e-01
9.953867793083190918e-01
9.978676438331604004e-01
9.995697140693664551e-01
9.998331665992736816e-01
9.998472929000854492e-01
9.996513128280639648e-01
9.987923502922058105e-01
9.949219226837158203e-01
9.888083338737487793e-01
9.170442223548889160e-01
7.990974783897399902e-01
6.115003824234008789e-01
7.284558415412902832e-01
8.948570489883422852e-01
9.685550332069396973e-01
9.976258277893066406e-01
9.995725750923156738e-01
9.998303055763244629e-01
9.999814629554748535e-01
9.999971985816955566e-01
9.999993443489074707e-01
9.999975562095642090e-01
9.999915361404418945e-01
9.994142651557922363e-01
9.911906123161315918e-01
8.896106481552124023e-01
7.578259110450744629e-01
5.932618975639343262e-01
6.756572723388671875e-01
7.835469841957092285e-01
8.799101710319519043e-01
9.192855358123779297e-01
9.357314705848693848e-01
9.599174261093139648e-01
9.787863492965698242e-01
9.927066564559936523e-01
9.948541522026062012e-01
9.949475526809692383e-01
9.928436279296875000e-01
9.927425980567932129e-01
9.937053918838500977e-01
9.967606663703918457e-01
9.985420703887939453e-01
9.992803335189819336e-01
9.995592236518859863e-01
9.997749924659729004e-01
9.999155998229980469e-01
9.999638199806213379e-01
9.999195933341979980e-01
9.995666742324829102e-01
9.986799955368041992e-01
9.974017739295959473e-01
9.974147677421569824e-01
9.978750944137573242e-01
9.990056157112121582e-01
9.991872310638427734e-01
9.987354278564453125e-01
9.967058300971984863e-01
9.941926002502441406e-01
9.913988709449768066e-01
9.967895150184631348e-01
9.999108910560607910e-01
9.997385144233703613e-01
9.295005798339843750e-01
8.076063394546508789e-01
5.562023520469665527e-01
4.854907989501953125e-01
5.321238040924072266e-01
8.238871097564697266e-01
9.902816414833068848e-01
9.867350459098815918e-01
9.747807979583740234e-01
9.678469300270080566e-01
9.834861159324645996e-01
9.931119680404663086e-01
9.990591406822204590e-01
9.992983937263488770e-01
9.956314563751220703e-01
9.869486689567565918e-01
8.447455763816833496e-01
7.197377085685729980e-01
7.305378317832946777e-01
8.257833123207092285e-01
9.625388979911804199e-01
9.758807420730590820e-01
9.569080471992492676e-01
8.974733948707580566e-01
8.619145154953002930e-01
8.625808954238891602e-01
9.600780010223388672e-01
9.872053861618041992e-01
9.769336581230163574e-01
9.850707650184631348e-01
9.918079376220703125e-01
9.968240261077880859e-01
9.987902045249938965e-01
9.998767971992492676e-01
9.999654293060302734e-01
9.999980926513671875e-01
9.999999403953552246e-01
9.999997615814208984e-01
9.999881982803344727e-01
9.999622106552124023e-01
9.986985325813293457e-01
9.977566003799438477e-01
9.985414147377014160e-01
9.943023920059204102e-01
9.876924157142639160e-01
9.929636716842651367e-01
9.961314797401428223e-01
9.965683221817016602e-01
9.899497628211975098e-01
9.842900633811950684e-01
9.866159558296203613e-01
9.923725724220275879e-01
9.999697804450988770e-01
9.999888539314270020e-01
9.999988079071044922e-01
9.999962449073791504e-01
9.999635219573974609e-01
9.999029040336608887e-01
9.997653961181640625e-01
9.991089105606079102e-01
9.978406429290771484e-01
9.652990102767944336e-01
8.968865871429443359e-01
7.756674289703369141e-01
7.567188739776611328e-01
7.883098125457763672e-01
9.219290018081665039e-01
9.849813580513000488e-01
9.994288086891174316e-01
9.997447133064270020e-01
9.997641444206237793e-01
9.995928406715393066e-01
9.990538358688354492e-01
9.985498785972595215e-01
9.987072944641113281e-01
9.965937137603759766e-01
9.927576184272766113e-01
9.846231937408447266e-01
9.806002378463745117e-01
9.843161106109619141e-01
9.860427975654602051e-01
9.874374866485595703e-01
9.907504320144653320e-01
9.937335848808288574e-01
9.964377880096435547e-01
9.813787341117858887e-01
7.778775095939636230e-01
1.901367753744125366e-01
1.425283867865800858e-02
2.241481794044375420e-03
2.197367884218692780e-02
3.229451179504394531e-01
8.989921808242797852e-01
9.811129570007324219e-01
9.994710683822631836e-01
9.997978806495666504e-01
9.999400377273559570e-01
9.999831318855285645e-01
9.998629093170166016e-01
9.978619813919067383e-01
9.937208890914916992e-01
9.935457706451416016e-01
9.946339130401611328e-01
9.975549578666687012e-01
9.982990026473999023e-01
9.973438978195190430e-01
9.820604324340820312e-01
9.792585372924804688e-01
9.935119152069091797e-01
9.975207448005676270e-01
9.984482526779174805e-01
9.965799450874328613e-01
9.972925186157226562e-01
9.997716546058654785e-01
9.996732473373413086e-01
9.959349632263183594e-01
9.861959218978881836e-01
6.633467674255371094e-01
2.791765034198760986e-01
8.783799409866333008e-02
2.903576241806149483e-04
1.966895069926977158e-05
6.094198301434516907e-02
2.179767340421676636e-01
5.712877511978149414e-01
6.562314033508300781e-01
6.547576189041137695e-01
8.824312090873718262e-01
9.889832735061645508e-01
9.661751389503479004e-01
6.731075644493103027e-01
4.546661376953125000e-01
5.595471858978271484e-01
6.404336094856262207e-01
7.108138203620910645e-01
8.457078337669372559e-01
9.327455163002014160e-01
9.543769955635070801e-01
9.704090952873229980e-01
9.834996461868286133e-01
9.898820519447326660e-01
9.866065979003906250e-01
9.764240384101867676e-01
9.733396768569946289e-01
9.778050184249877930e-01
9.954695105552673340e-01
9.998272061347961426e-01
9.995751380920410156e-01
9.991914033889770508e-01
9.993048310279846191e-01
9.998847842216491699e-01
9.999697804450988770e-01
9.999870061874389648e-01
9.999703764915466309e-01
9.992691874504089355e-01
9.981089234352111816e-01
9.948692321777343750e-01
9.928995966911315918e-01
9.925376176834106445e-01
9.958491325378417969e-01
9.991824626922607422e-01
9.997459053993225098e-01
9.999823570251464844e-01
9.999979734420776367e-01
9.999992847442626953e-01
9.999998807907104492e-01
9.999995231628417969e-01
9.999995231628417969e-01
9.999997019767761230e-01
9.999996423721313477e-01
9.999995827674865723e-01
9.999995231628417969e-01
9.999991655349731445e-01
9.999971389770507812e-01
9.999907016754150391e-01
9.998916983604431152e-01
9.997385144233703613e-01
9.994345307350158691e-01
9.993704557418823242e-01
9.996253848075866699e-01
9.998297095298767090e-01
9.999433159828186035e-01
9.997266530990600586e-01
9.935525059700012207e-01
9.829407334327697754e-01
9.434372186660766602e-01
9.066637754440307617e-01
8.778868913650512695e-01
8.495517373085021973e-01
8.200541734695434570e-01
7.788618803024291992e-01
8.085339069366455078e-01
9.147313237190246582e-01
9.655423760414123535e-01
9.977194666862487793e-01
9.993680715560913086e-01
9.999942183494567871e-01
9.999998211860656738e-01
9.999999403953552246e-01
1.000000000000000000e+00
1.000000000000000000e+00
9.999996423721313477e-01
9.999983310699462891e-01
9.999917149543762207e-01
9.999850392341613770e-01
9.999783039093017578e-01
9.999833703041076660e-01
9.999877214431762695e-01
9.999868869781494141e-01
9.998702406883239746e-01
9.996820688247680664e-01
9.991841912269592285e-01
9.988888502120971680e-01
9.988811016082763672e-01
9.992212057113647461e-01
9.993009567260742188e-01
9.976477622985839844e-01
9.965503811836242676e-01
9.959150552749633789e-01
9.982212185859680176e-01
1.000000000000000000e+00
1.000000000000000000e+00
9.999765157699584961e-01
9.997556209564208984e-01
9.963981509208679199e-01
9.950426220893859863e-01
9.962939023971557617e-01
9.889057874679565430e-01
9.779608845710754395e-01
9.602853655815124512e-01
9.682232141494750977e-01
9.961296916007995605e-01
9.987623691558837891e-01
9.984602928161621094e-01
9.954242110252380371e-01
9.927381277084350586e-01
9.907344579696655273e-01
9.962918162345886230e-01
9.995630383491516113e-01
9.999325871467590332e-01
1.000000000000000000e+00
9.999908804893493652e-01
9.999433159828186035e-01
9.999389648437500000e-01
9.999681115150451660e-01
9.999727010726928711e-01
9.993448853492736816e-01
9.973316788673400879e-01
9.558678269386291504e-01
9.022778272628784180e-01
9.402558207511901855e-01
9.706711769104003906e-01
9.912543296813964844e-01
9.974243044853210449e-01
9.997001290321350098e-01
9.998328685760498047e-01
9.998683929443359375e-01
9.998261928558349609e-01
9.998988509178161621e-01
9.999542832374572754e-01
9.999485015869140625e-01
9.997787475585937500e-01
9.994637370109558105e-01
9.977223277091979980e-01
9.946923255920410156e-01
9.898636937141418457e-01
9.858646988868713379e-01
9.831743836402893066e-01
9.861810207366943359e-01
9.889094829559326172e-01
9.913874864578247070e-01
9.899066686630249023e-01
9.850267767906188965e-01
9.722670912742614746e-01
9.723586440086364746e-01
9.795391559600830078e-01
9.874134063720703125e-01
9.931274652481079102e-01
9.953961968421936035e-01
9.767392873764038086e-01
8.805836439132690430e-01
2.950329184532165527e-01
1.755567609507124871e-05
2.073708401439944282e-06
0.000000000000000000e+00
2.551167499476036937e-09
1.330894061624121605e-08
3.676957637071609497e-02
9.746275842189788818e-02
3.355058729648590088e-01
5.876635313034057617e-01
8.582783341407775879e-01
9.578825831413269043e-01
9.826131463050842285e-01
9.458068609237670898e-01
9.039204120635986328e-01
8.557082414627075195e-01
8.789134025573730469e-01
9.208908677101135254e-01
9.745523333549499512e-01
9.989787340164184570e-01
9.997671246528625488e-01
9.998818039894104004e-01
9.999350905418395996e-01
9.999814033508300781e-01
9.999968409538269043e-01
9.999956488609313965e-01
9.999844431877136230e-01
9.998801350593566895e-01
9.996277093887329102e-01
9.961668252944946289e-01
9.910570979118347168e-01
9.815479516983032227e-01
9.818345308303833008e-01
9.924582242965698242e-01
9.971150755882263184e-01
9.999454617500305176e-01
9.999092221260070801e-01
9.991137385368347168e-01
9.977795481681823730e-01
9.749533534049987793e-01
8.794548511505126953e-01
6.285194754600524902e-01
3.320623636245727539e-01
2.730805985629558563e-02
1.164596434682607651e-02
5.193170625716447830e-03
1.204348262399435043e-02
1.822967529296875000e-01
4.167655408382415771e-01
7.505731582641601562e-01
9.418412446975708008e-01
9.922065734863281250e-01
9.994222521781921387e-01
9.872450828552246094e-01
9.324625730514526367e-01
7.345610260963439941e-01
4.384070634841918945e-01
3.811553120613098145e-01
4.713376462459564209e-01
8.524146080017089844e-01
9.839689135551452637e-01
9.983882904052734375e-01
9.993263483047485352e-01
9.999089837074279785e-01
9.999730587005615234e-01
9.999618530273437500e-01
9.998658895492553711e-01
9.993630051612854004e-01
9.979803562164306641e-01
9.957019686698913574e-01
9.920050501823425293e-01
9.880480766296386719e-01
9.840153455734252930e-01
9.836288690567016602e-01
9.859139323234558105e-01
9.927660226821899414e-01
9.971917271614074707e-01
9.952247142791748047e-01
9.676619172096252441e-01
9.253560304641723633e-01
8.091366291046142578e-01
7.924690842628479004e-01
9.370450973510742188e-01
9.811883568763732910e-01
9.899830818176269531e-01
9.955438971519470215e-01
9.988496899604797363e-01
9.995183348655700684e-01
9.997788071632385254e-01
9.999248981475830078e-01
9.999596476554870605e-01
9.999760985374450684e-01
9.999768733978271484e-01
9.999370574951171875e-01
9.998422861099243164e-01
9.996028542518615723e-01
9.993240833282470703e-01
9.990209937095642090e-01
9.988842606544494629e-01
9.986993670463562012e-01
9.984104037284851074e-01
9.985794425010681152e-01
9.989622831344604492e-01
9.995275139808654785e-01
9.997571110725402832e-01
9.994961619377136230e-01
9.982505440711975098e-01
9.968498945236206055e-01
9.965729713439941406e-01
9.974288940429687500e-01
9.995270371437072754e-01
9.999371767044067383e-01
9.999561905860900879e-01
9.997442364692687988e-01
9.951958060264587402e-01
9.870627522468566895e-01
9.809365272521972656e-01
9.795874953269958496e-01
9.914043545722961426e-01
9.974117279052734375e-01
9.997712373733520508e-01
9.998664259910583496e-01
9.995675086975097656e-01
9.985966682434082031e-01
9.921655058860778809e-01
9.811789393424987793e-01
9.153251051902770996e-01
8.691922426223754883e-01
8.538993000984191895e-01
8.926556706428527832e-01
9.473212957382202148e-01
9.795097112655639648e-01
9.978768825531005859e-01
9.995041489601135254e-01
9.996168017387390137e-01
9.991261959075927734e-01
9.973694086074829102e-01
9.967081546783447266e-01
9.970896244049072266e-01
9.985499978065490723e-01
9.998425841331481934e-01
9.999492764472961426e-01
9.999563694000244141e-01
9.998891353607177734e-01
9.998171925544738770e-01
9.997926950454711914e-01
9.998918175697326660e-01
9.999445080757141113e-01
9.999700784683227539e-01
9.999583959579467773e-01
9.999560713768005371e-01
9.999735951423645020e-01
9.999752044677734375e-01
9.999397993087768555e-01
9.991555213928222656e-01
9.981986284255981445e-01
9.969709515571594238e-01
9.976368546485900879e-01
9.986551403999328613e-01
9.966412186622619629e-01
9.707998037338256836e-01
9.151849746704101562e-01
9.179652929306030273e-01
9.380102157592773438e-01
9.704076051712036133e-01
9.898910522460937500e-01
9.961571693420410156e-01
9.938080906867980957e-01
9.870954155921936035e-01
9.689379930496215820e-01
9.493174552917480469e-01
9.284697175025939941e-01
9.143751859664916992e-01
8.976060152053833008e-01
8.701195716857910156e-01
7.729597687721252441e-01
6.280809044837951660e-01
7.566436529159545898e-01
8.844230771064758301e-01
9.682905673980712891e-01
9.991216659545898438e-01
9.998034834861755371e-01
9.998971223831176758e-01
9.999606013298034668e-01
9.999815225601196289e-01
9.999698400497436523e-01
9.999423623085021973e-01
9.999005794525146484e-01
9.998937249183654785e-01
9.999448657035827637e-01
9.999122023582458496e-01
9.997774958610534668e-01
9.987249374389648438e-01
9.970967769622802734e-01
9.946692585945129395e-01
9.959254860877990723e-01
9.981871843338012695e-01
9.993191957473754883e-01
9.999492764472961426e-01
9.999758601188659668e-01
9.999834895133972168e-01
9.999868273735046387e-01
9.999923110008239746e-01
9.999936819076538086e-01
9.999908208847045898e-01
9.999889731407165527e-01
9.999889731407165527e-01
9.999958872795104980e-01
9.999917745590209961e-01
9.999778270721435547e-01
9.998903870582580566e-01
9.998323917388916016e-01
9.999192953109741211e-01
9.999536275863647461e-01
9.999468922615051270e-01
9.997650384902954102e-01
9.995436668395996094e-01
9.992582798004150391e-01
9.993296861648559570e-01
9.996446371078491211e-01
9.973494410514831543e-01
9.880952835083007812e-01
9.616017937660217285e-01
8.320711255073547363e-01
6.413250565528869629e-01
3.924246728420257568e-01
2.215516865253448486e-01
2.278904169797897339e-01
3.760439455509185791e-01
5.992879867553710938e-01
7.916572093963623047e-01
9.316672086715698242e-01
9.691209197044372559e-01
9.835527539253234863e-01
9.870190024375915527e-01
9.866957068443298340e-01
9.773308038711547852e-01
9.521722793579101562e-01
9.112219214439392090e-01
8.668870329856872559e-01
8.849914669990539551e-01
9.178089499473571777e-01
9.738856554031372070e-01
9.937302470207214355e-01
9.994817972183227539e-01
9.983505606651306152e-01
9.970847368240356445e-01
9.956243038177490234e-01
9.973188042640686035e-01
9.998311996459960938e-01
9.999381899833679199e-01
9.999985694885253906e-01
9.999970793724060059e-01
9.999899268150329590e-01
9.999822974205017090e-01
9.999845027923583984e-01
9.999480843544006348e-01
9.998641610145568848e-01
9.971268177032470703e-01
9.940051436424255371e-01
9.931957721710205078e-01
9.945148825645446777e-01
9.982983469963073730e-01
9.993466138839721680e-01
9.996769428253173828e-01
9.997658133506774902e-01
9.998528361320495605e-01
9.999380111694335938e-01
9.998698830604553223e-01
9.994345903396606445e-01
9.971954226493835449e-01
9.962548613548278809e-01
9.966549873352050781e-01
9.981665611267089844e-01
9.995824098587036133e-01
9.993612766265869141e-01
9.974950551986694336e-01
9.939913749694824219e-01
8.824431300163269043e-01
7.637438774108886719e-01
7.098158597946166992e-01
7.388517856597900391e-01
8.475033640861511230e-01
9.296599030494689941e-01
9.883487820625305176e-01
9.645043015480041504e-01
9.149556756019592285e-01
8.415552377700805664e-01
8.633627891540527344e-01
9.050739407539367676e-01
9.620089530944824219e-01
9.921131134033203125e-01
9.976830482482910156e-01
9.987419843673706055e-01
9.987058043479919434e-01
9.972422719001770020e-01
9.953194856643676758e-01
9.929828643798828125e-01
9.955160617828369141e-01
9.983472228050231934e-01
9.991670250892639160e-01
9.996057152748107910e-01
9.997060298919677734e-01
9.998260140419006348e-01
9.999265074729919434e-01
9.999347329139709473e-01
9.999328851699829102e-01
9.999220967292785645e-01
9.998396039009094238e-01
9.996809959411621094e-01
9.992545843124389648e-01
9.990408420562744141e-01
9.990178942680358887e-01
9.986620545387268066e-01
9.966302514076232910e-01
9.878213405609130859e-01
9.794585704803466797e-01
9.714984893798828125e-01
9.701029658317565918e-01
9.615257978439331055e-01
9.173193573951721191e-01
8.923216462135314941e-01
8.851376771926879883e-01
9.336497783660888672e-01
9.831258654594421387e-01
9.924911260604858398e-01
9.976164102554321289e-01
9.986844658851623535e-01
9.990202784538269043e-01
9.991496205329895020e-01
9.989535808563232422e-01
9.965187907218933105e-01
9.918735027313232422e-01
8.284019231796264648e-01
6.010665297508239746e-01
2.074800282716751099e-01
6.869997829198837280e-02
1.934457123279571533e-01
5.370783209800720215e-01
8.806155323982238770e-01
9.542520046234130859e-01
9.947026968002319336e-01
9.989472627639770508e-01
9.998489618301391602e-01
9.999343752861022949e-01
9.999238252639770508e-01
9.999144673347473145e-01
9.999065995216369629e-01
9.994907975196838379e-01
9.966736435890197754e-01
9.773148894309997559e-01
9.652880430221557617e-01
9.622827172279357910e-01
9.794094562530517578e-01
9.990622997283935547e-01
9.899131059646606445e-01
9.825454950332641602e-01
9.775495529174804688e-01
9.795495271682739258e-01
9.836854934692382812e-01
9.864736199378967285e-01
9.904090166091918945e-01
9.959985017776489258e-01
9.973554015159606934e-01
9.970664978027343750e-01
9.948867559432983398e-01
9.939862489700317383e-01
9.951025843620300293e-01
9.972497224807739258e-01
9.997142553329467773e-01
9.998466372489929199e-01
9.999459385871887207e-01
9.999871253967285156e-01
1.000000000000000000e+00
9.999986886978149414e-01
9.999024868011474609e-01
9.996808171272277832e-01
9.992138743400573730e-01
9.990890026092529297e-01
9.991378188133239746e-01
9.995610117912292480e-01
9.997795224189758301e-01
9.995381236076354980e-01
9.984965920448303223e-01
9.969982504844665527e-01
9.952378273010253906e-01
9.940653443336486816e-01
9.944183826446533203e-01
9.952554702758789062e-01
9.964064359664916992e-01
9.982496500015258789e-01
9.996922016143798828e-01
9.997851252555847168e-01
9.998848438262939453e-01
9.999893903732299805e-01
1.000000000000000000e+00
9.998770356178283691e-01
9.993202090263366699e-01
9.767265319824218750e-01
9.355732202529907227e-01
6.860814690589904785e-01
4.164611697196960449e-01
2.033193111419677734e-01
2.938964664936065674e-01
6.809577345848083496e-01
8.707717657089233398e-01
9.976187348365783691e-01
9.991463422775268555e-01
9.999603629112243652e-01
9.999661445617675781e-01
9.996404647827148438e-01
9.990881681442260742e-01
9.974316954612731934e-01
9.973918199539184570e-01
9.994801282882690430e-01
9.604355692863464355e-01
9.022512435913085938e-01
7.707749009132385254e-01
6.893019080162048340e-01
6.864798665046691895e-01
8.099694252014160156e-01
9.808335900306701660e-01
9.915474653244018555e-01
9.983492493629455566e-01
9.977702498435974121e-01
9.974507689476013184e-01
9.972611665725708008e-01
9.982948899269104004e-01
9.991086125373840332e-01
9.993741512298583984e-01
9.993714094161987305e-01
9.992053508758544922e-01
9.988265633583068848e-01
9.984673857688903809e-01
9.982070922851562500e-01
9.961215257644653320e-01
9.926803112030029297e-01
9.892498850822448730e-01
9.877300262451171875e-01
9.934566020965576172e-01
9.902269840240478516e-01
9.789255857467651367e-01
9.476399421691894531e-01
9.182058572769165039e-01
9.180568456649780273e-01
9.400907158851623535e-01
9.865176677703857422e-01
9.979912042617797852e-01
9.999966025352478027e-01
9.999985694885253906e-01
9.999725222587585449e-01
9.999079704284667969e-01
9.979178905487060547e-01
9.942367672920227051e-01
9.726137518882751465e-01
9.654591679573059082e-01
9.831979870796203613e-01
9.930543899536132812e-01
9.992495179176330566e-01
9.996686577796936035e-01
9.999544024467468262e-01
9.999669194221496582e-01
9.999719858169555664e-01
9.999725222587585449e-01
9.999752044677734375e-01
9.999666213989257812e-01
9.999246597290039062e-01
9.992447495460510254e-01
9.980750083923339844e-01
9.969407320022583008e-01
9.962128400802612305e-01
9.971554279327392578e-01
9.955448508262634277e-01
9.914469122886657715e-01
9.883067011833190918e-01
9.852765202522277832e-01
9.816218018531799316e-01
9.846670627593994141e-01
9.960606098175048828e-01
9.993232488632202148e-01
9.999447464942932129e-01
9.999206066131591797e-01
9.971490502357482910e-01
9.898832440376281738e-01
9.661704301834106445e-01
9.353117346763610840e-01
9.614414572715759277e-01
9.669097661972045898e-01
9.272058010101318359e-01
8.170646429061889648e-01
6.648651361465454102e-01
8.445211052894592285e-01
9.965966939926147461e-01
9.972238540649414062e-01
9.687733650207519531e-01
9.172691106796264648e-01
5.290350914001464844e-01
1.492297351360321045e-01
5.059206858277320862e-02
1.751763237157384335e-34
2.972643838124653075e-35
0.000000000000000000e+00
4.557662858228894720e-10
4.810703391200377155e-09
2.282803654670715332e-01
7.781381607055664062e-01
9.586343169212341309e-01
9.972581267356872559e-01
9.985001087188720703e-01
9.994463324546813965e-01
9.998260140419006348e-01
9.999725818634033203e-01
9.999931454658508301e-01
9.999958872795104980e-01
9.999969005584716797e-01
9.999954700469970703e-01
9.999946951866149902e-01
9.999945163726806641e-01
9.999950528144836426e-01
9.999885559082031250e-01
9.999508261680603027e-01
9.985655546188354492e-01
9.958021640777587891e-01
9.134384393692016602e-01
7.917456626892089844e-01
5.081629157066345215e-01
2.672113776206970215e-01
8.655917644500732422e-02
2.160268276929855347e-02
2.526721451431512833e-03
1.108416449278593063e-02
8.012451231479644775e-02
2.712396383285522461e-01
2.332177609205245972e-01
6.472445279359817505e-02
3.044586814939975739e-02
3.219233825802803040e-02
1.184390559792518616e-01
4.179495871067047119e-01
8.882883191108703613e-01
9.588561058044433594e-01
9.628105759620666504e-01
9.588863849639892578e-01
8.836195468902587891e-01
7.271285057067871094e-01
5.884219408035278320e-01
4.855099916458129883e-01
7.646415233612060547e-01
9.479948878288269043e-01
9.730746150016784668e-01
9.713718891143798828e-01
9.571536183357238770e-01
9.612433910369873047e-01
9.611825942993164062e-01
9.501978158950805664e-01
8.558028340339660645e-01
7.039899230003356934e-01
6.381360888481140137e-01
6.220422983169555664e-01
7.678942084312438965e-01
8.144056797027587891e-01
7.608308196067810059e-01
6.562556624412536621e-01
5.551844835281372070e-01
5.989419221878051758e-01
7.081922888755798340e-01
9.143139719963073730e-01
9.841831922531127930e-01
9.968842864036560059e-01
9.971663355827331543e-01
9.975295066833496094e-01
9.980745315551757812e-01
9.988073110580444336e-01
9.996613860130310059e-01
9.888576269149780273e-01
9.687053561210632324e-01
9.176119565963745117e-01
9.136828184127807617e-01
9.553403258323669434e-01
9.789255261421203613e-01
9.963915944099426270e-01
9.984914064407348633e-01
9.997953176498413086e-01
9.999449253082275391e-01
9.999928474426269531e-01
9.999990463256835938e-01
9.999991655349731445e-01
9.999989271163940430e-01
9.999976754188537598e-01
9.999959468841552734e-01
9.999939203262329102e-01
9.999774098396301270e-01
9.999612569808959961e-01
9.999524354934692383e-01
9.999600052833557129e-01
9.999838471412658691e-01
9.999882578849792480e-01
9.999445080757141113e-01
9.994897842407226562e-01
9.950832128524780273e-01
9.845964312553405762e-01
9.184041619300842285e-01
8.273561000823974609e-01
6.816589832305908203e-01
6.225833892822265625e-01
7.796701788902282715e-01
8.971766829490661621e-01
9.863270521163940430e-01
9.985948204994201660e-01
9.999063611030578613e-01
9.998815059661865234e-01
9.994453191757202148e-01
9.985460638999938965e-01
9.974126219749450684e-01
9.963446855545043945e-01
9.973014593124389648e-01
9.982130527496337891e-01
9.990435838699340820e-01
9.993643760681152344e-01
9.994148612022399902e-01
9.779895544052124023e-01
9.430223107337951660e-01
8.695549964904785156e-01
8.526519536972045898e-01
8.844237923622131348e-01
9.333107471466064453e-01
9.806448817253112793e-01
9.927454590797424316e-01
9.998391270637512207e-01
9.999585747718811035e-01
9.997090101242065430e-01
9.992534518241882324e-01
9.885139465332031250e-01
9.732416272163391113e-01
9.474326968193054199e-01
8.758672475814819336e-01
7.729126811027526855e-01
6.534529924392700195e-01
5.273464918136596680e-01
3.812755346298217773e-01
3.137538135051727295e-01
3.348345458507537842e-01
5.426879525184631348e-01
7.964652776718139648e-01
8.246179819107055664e-01
7.900826930999755859e-01
6.369165778160095215e-01
5.158263444900512695e-01
4.128685891628265381e-01
6.939327716827392578e-01
9.434038400650024414e-01
9.803417921066284180e-01
9.987786412239074707e-01
9.996578097343444824e-01
9.998239278793334961e-01
9.997643828392028809e-01
9.992005825042724609e-01
9.978669285774230957e-01
9.952898621559143066e-01
9.934444427490234375e-01
9.919518232345581055e-01
9.914827346801757812e-01
9.910712242126464844e-01
9.907142519950866699e-01
9.897209405899047852e-01
9.881930947303771973e-01
9.909849762916564941e-01
9.941914081573486328e-01
9.941744208335876465e-01
9.339205622673034668e-01
7.878835201263427734e-01
7.749493718147277832e-01
8.189995884895324707e-01
9.045858979225158691e-01
9.694778323173522949e-01
9.792600274085998535e-01
9.759593605995178223e-01
9.625667333602905273e-01
8.954781889915466309e-01
8.065133690834045410e-01
6.404208540916442871e-01
5.289048552513122559e-01
4.900794923305511475e-01
6.512184143066406250e-01
8.901036381721496582e-01
9.526496529579162598e-01
9.974259138107299805e-01
9.988922476768493652e-01
9.962428212165832520e-01
9.905816912651062012e-01
9.811278581619262695e-01
9.733961224555969238e-01
9.789525866508483887e-01
9.802027344703674316e-01
9.758570790290832520e-01
9.256607890129089355e-01
8.566811084747314453e-01
6.310573816299438477e-01
3.959096372127532959e-01
1.387677192687988281e-01
2.024249918758869171e-02
2.513943705707788467e-03
9.110790415434166789e-05
2.123274840414524078e-02
1.644115597009658813e-01
4.198733568191528320e-01
8.236498236656188965e-01
9.636710882186889648e-01
9.981324076652526855e-01
9.870623350143432617e-01
9.756574034690856934e-01
9.635684490203857422e-01
9.692326784133911133e-01
9.885893464088439941e-01
9.935030341148376465e-01
9.924194216728210449e-01
9.688359498977661133e-01
8.998998403549194336e-01
7.670508623123168945e-01
4.931982457637786865e-01
1.584039479494094849e-01
1.005213111639022827e-01
1.433564126491546631e-01
4.549419283866882324e-01
7.111279964447021484e-01
9.212651252746582031e-01
9.778235554695129395e-01
9.994524121284484863e-01
9.997913241386413574e-01
9.999971389770507812e-01
9.999957084655761719e-01
9.998531341552734375e-01
9.996415972709655762e-01
9.914668798446655273e-01
9.857265949249267578e-01
9.891434311866760254e-01
9.927529692649841309e-01
9.965441226959228516e-01
9.983583092689514160e-01
9.995786547660827637e-01
9.998139142990112305e-01
9.999724030494689941e-01
9.999914169311523438e-01
9.296473264694213867e-01
8.190379738807678223e-01
4.509528577327728271e-01
1.291577368974685669e-01
9.536184370517730713e-02
1.915110051631927490e-01
4.305532872676849365e-01
7.063676714897155762e-01
9.845836162567138672e-01
9.887771606445312500e-01
9.895449876785278320e-01
9.827563762664794922e-01
9.830592870712280273e-01
9.882873892784118652e-01
8.555066585540771484e-01
6.623780727386474609e-01
2.419411689043045044e-01
5.790051249431241756e-34
1.328345350627648080e-34
0.000000000000000000e+00
0.000000000000000000e+00
8.194292036023398396e-07
2.336193062365055084e-02
1.135706901550292969e-01
3.525163829326629639e-01
7.212135195732116699e-01
8.853770494461059570e-01
9.880325198173522949e-01
9.424257278442382812e-01
7.213852405548095703e-01
1.911282539367675781e-01
1.571693838443855018e-12
1.237338275459146097e-13
8.798633479786821532e-13
3.066932782530784607e-02
1.923036277294158936e-01
4.715003371238708496e-01
8.852999806404113770e-01
9.954480528831481934e-01
9.999678134918212891e-01
9.999187588691711426e-01
9.998753070831298828e-01
9.998451471328735352e-01
9.998559355735778809e-01
9.998983144760131836e-01
9.999219775199890137e-01
9.999366402626037598e-01
9.999093413352966309e-01
9.998426437377929688e-01
9.997134804725646973e-01
9.996179938316345215e-01
9.995398521423339844e-01
9.997869729995727539e-01
1.000000000000000000e+00
1.000000000000000000e+00
9.995662569999694824e-01
9.986703395843505859e-01
9.980037808418273926e-01
9.974533319473266602e-01
9.984007477760314941e-01
9.992159605026245117e-01
9.997186660766601562e-01
9.999080300331115723e-01
9.998623728752136230e-01
9.995564818382263184e-01
9.992547631263732910e-01
9.993613362312316895e-01
9.995183348655700684e-01
9.997553229331970215e-01
9.998793601989746094e-01
9.999449253082275391e-01
9.999412894248962402e-01
9.999390840530395508e-01
9.999625086784362793e-01
9.999817609786987305e-01
9.999962449073791504e-01
1.000000000000000000e+00
9.999958872795104980e-01
9.996427893638610840e-01
9.980778694152832031e-01
9.934106469154357910e-01
9.901847839355468750e-01
9.881236553192138672e-01
9.904607534408569336e-01
9.937018156051635742e-01
9.964440464973449707e-01
9.984933137893676758e-01
9.993278384208679199e-01
9.997244477272033691e-01
9.998657107353210449e-01
9.994630813598632812e-01
9.986065030097961426e-01
9.958036541938781738e-01
9.949147105216979980e-01
9.965023994445800781e-01
9.982044696807861328e-01
9.999517202377319336e-01
9.997654557228088379e-01
9.995856881141662598e-01
9.996005296707153320e-01
9.997190237045288086e-01
9.999375343322753906e-01
9.997776150703430176e-01
9.993638396263122559e-01
9.958046674728393555e-01
9.925625324249267578e-01
9.900342822074890137e-01
9.895223975181579590e-01
9.904884099960327148e-01
9.871740341186523438e-01
9.757242798805236816e-01
9.043064117431640625e-01
7.138276100158691406e-01
3.242481946945190430e-01
1.941871792078018188e-01
2.104245126247406006e-01
3.283220529556274414e-01
4.776478707790374756e-01
7.279632687568664551e-01
9.014343023300170898e-01
9.758688211441040039e-01
9.958693981170654297e-01
9.929298758506774902e-01
7.423782348632812500e-01
4.709632396697998047e-01
1.579533815383911133e-01
1.959108514711260796e-03
5.885829217731952667e-03
2.487507164478302002e-01
5.662252306938171387e-01
8.139666914939880371e-01
9.911957383155822754e-01
9.935277104377746582e-01
9.916945695877075195e-01
9.864525794982910156e-01
9.538298249244689941e-01
8.998592495918273926e-01
6.673232913017272949e-01
5.150477886199951172e-01
5.182924270629882812e-01
6.732891798019409180e-01
9.281567931175231934e-01
9.808130264282226562e-01
9.991895556449890137e-01
9.995713233947753906e-01
9.996814727783203125e-01
9.993630647659301758e-01
9.989778399467468262e-01
9.985566735267639160e-01
9.983000755310058594e-01
9.980812668800354004e-01
9.979676008224487305e-01
9.973438382148742676e-01
9.960592985153198242e-01
9.955029487609863281e-01
9.952629804611206055e-01
9.970492124557495117e-01
9.986951351165771484e-01
9.995119571685791016e-01
9.999495744705200195e-01
9.999707341194152832e-01
9.999040365219116211e-01
9.998059868812561035e-01
9.996197819709777832e-01
9.995084404945373535e-01
9.996152520179748535e-01
9.992777705192565918e-01
9.985253214836120605e-01
9.958104491233825684e-01
9.925630688667297363e-01
9.901819825172424316e-01
9.890784025192260742e-01
9.910159707069396973e-01
9.269803166389465332e-01
8.095821142196655273e-01
6.431356072425842285e-01
4.984368979930877686e-01
7.981529235839843750e-01
1.000000000000000000e+00
1.000000000000000000e+00
6.647791266441345215e-01
9.200038760900497437e-02
3.940273448824882507e-02
1.147209107875823975e-01
4.669701159000396729e-01
7.403271198272705078e-01
8.715954422950744629e-01
9.241345524787902832e-01
9.275962710380554199e-01
9.368212819099426270e-01
9.485641717910766602e-01
9.715754985809326172e-01
9.883871078491210938e-01
9.952223300933837891e-01
9.951359629631042480e-01
9.911276698112487793e-01
9.625273346900939941e-01
9.399383664131164551e-01
9.675258994102478027e-01
9.876580238342285156e-01
9.968881607055664062e-01
1.000000000000000000e+00
1.000000000000000000e+00
1.000000000000000000e+00
9.786350727081298828e-01
8.540069460868835449e-01
6.134492754936218262e-01
2.166180908679962158e-01
6.728108972311019897e-02
3.464325517416000366e-02
1.468765586614608765e-01
3.199160397052764893e-01
7.120094895362854004e-01
9.469541311264038086e-01
9.825813770294189453e-01
9.822026491165161133e-01
9.659919142723083496e-01
9.519831538200378418e-01
9.443826675415039062e-01
9.616076946258544922e-01
9.781371355056762695e-01
9.937910437583923340e-01
9.990295767784118652e-01
9.999616146087646484e-01
1.000000000000000000e+00
1.000000000000000000e+00
1.000000000000000000e+00
9.999990463256835938e-01
9.999969601631164551e-01
9.999384284019470215e-01
9.998572468757629395e-01
9.998957514762878418e-01
9.999144673347473145e-01
9.998470544815063477e-01
9.997617006301879883e-01
9.996559023857116699e-01
9.994597434997558594e-01
9.992287158966064453e-01
9.987064003944396973e-01
9.984107017517089844e-01
9.989456534385681152e-01
9.992530941963195801e-01
9.993059039115905762e-01
9.939160346984863281e-01
9.864132404327392578e-01
8.763321042060852051e-01
8.146834969520568848e-01
9.357364177703857422e-01
1.000000000000000000e+00
1.000000000000000000e+00
1.000000000000000000e+00
1.000000000000000000e+00
9.962499141693115234e-01
9.618422985076904297e-01
8.173075318336486816e-01
7.580774426460266113e-01
7.972239255905151367e-01
5.288291573524475098e-01
1.363063156604766846e-01
5.451409518718719482e-02
4.202048480510711670e-02
2.441305667161941528e-01
4.479232430458068848e-01
6.537323594093322754e-01
5.642365217208862305e-01
3.490861952304840088e-01
5.323229432106018066e-01
7.271250486373901367e-01
8.841463327407836914e-01
9.786366224288940430e-01
9.949591755867004395e-01
1.000000000000000000e+00
1.000000000000000000e+00
1.000000000000000000e+00
9.995092153549194336e-01
9.967936873435974121e-01
9.942421913146972656e-01
9.919061660766601562e-01
9.868065118789672852e-01
9.803599715232849121e-01
9.706582427024841309e-01
9.642843008041381836e-01
9.763416647911071777e-01
9.870855808258056641e-01
9.959299564361572266e-01
9.992427825927734375e-01
9.996263384819030762e-01
9.760451912879943848e-01
9.361467361450195312e-01
8.142113089561462402e-01
7.598530054092407227e-01
8.129407763481140137e-01
8.845598697662353516e-01
9.670535922050476074e-01
9.886840581893920898e-01
1.000000000000000000e+00
1.000000000000000000e+00
9.996224641799926758e-01
9.985769391059875488e-01
9.986571669578552246e-01
9.994754195213317871e-01
9.995465874671936035e-01
9.975177049636840820e-01
9.760727882385253906e-01
9.636791944503784180e-01
9.694153666496276855e-01
9.799411892890930176e-01
9.940064549446105957e-01
9.981704950332641602e-01
9.999976158142089844e-01
9.999986290931701660e-01
9.999916553497314453e-01
9.999661445617675781e-01
9.999663829803466797e-01
9.999883770942687988e-01
9.995126724243164062e-01
9.988105297088623047e-01
9.945592880249023438e-01
9.871418476104736328e-01
9.709635972976684570e-01
9.486921429634094238e-01
9.205238223075866699e-01
9.157798886299133301e-01
9.190344214439392090e-01
9.566746950149536133e-01
9.850166440010070801e-01
9.791467785835266113e-01
7.195056676864624023e-01
1.660322844982147217e-01
7.714969688095152378e-04
4.192000415059737861e-05
4.876997761123550701e-20
2.996576949954032898e-02
1.951696574687957764e-01
4.596529901027679443e-01
8.615571856498718262e-01
9.984885454177856445e-01
9.992896914482116699e-01
9.991002678871154785e-01
9.988530278205871582e-01
9.989682435989379883e-01
9.991614222526550293e-01
9.994867444038391113e-01
9.977962970733642578e-01
9.948095083236694336e-01
9.942419528961181641e-01
9.934877157211303711e-01
9.858193993568420410e-01
9.836752414703369141e-01
9.932584762573242188e-01
9.982495307922363281e-01
9.995855093002319336e-01
9.992443919181823730e-01
9.917633533477783203e-01
7.711701989173889160e-01
5.803022980690002441e-01
4.722425639629364014e-01
5.587357878684997559e-01
8.387396335601806641e-01
9.476857781410217285e-01
9.953787922859191895e-01
9.983409643173217773e-01
9.991573691368103027e-01
9.966518282890319824e-01
9.927897453308105469e-01
9.872068166732788086e-01
9.824428558349609375e-01
9.780648946762084961e-01
9.835963845252990723e-01
9.882025718688964844e-01
9.819259047508239746e-01
9.124104976654052734e-01
7.401567697525024414e-01
4.396457374095916748e-01
5.845237150788307190e-02
4.185010027413227363e-08
5.533515263778099325e-07
7.410954367514932528e-06
4.618306830525398254e-02
1.934575885534286499e-01
4.007308185100555420e-01
6.572566628456115723e-01
8.217325210571289062e-01
9.584089517593383789e-01
9.533981680870056152e-01
9.426963925361633301e-01
9.146875739097595215e-01
8.854873180389404297e-01
8.549885153770446777e-01
7.083136439323425293e-01
5.137934684753417969e-01
2.990458905696868896e-01
1.519805341958999634e-01
3.364482522010803223e-01
5.601266622543334961e-01
8.422356247901916504e-01
9.630755782127380371e-01
9.914306402206420898e-01
9.961901903152465820e-01
9.967429637908935547e-01
9.921396970748901367e-01
9.829058051109313965e-01
9.642039537429809570e-01
9.501469135284423828e-01
9.397556185722351074e-01
9.613868594169616699e-01
9.911687374114990234e-01
9.962040781974792480e-01
9.999641776084899902e-01
9.998185038566589355e-01
9.997139573097229004e-01
9.996550083160400391e-01
9.997166991233825684e-01
9.998288750648498535e-01
9.997835755348205566e-01
9.997360706329345703e-01
9.997349977493286133e-01
9.997751116752624512e-01
9.998789429664611816e-01
9.999437928199768066e-01
9.999848008155822754e-01
9.999945759773254395e-01
9.999973177909851074e-01
9.999813437461853027e-01
9.996845126152038574e-01
9.987336397171020508e-01
9.982209801673889160e-01
9.980986714363098145e-01
9.988900423049926758e-01
9.999788403511047363e-01
1.000000000000000000e+00
9.999724626541137695e-01
9.998401403427124023e-01
9.998088479042053223e-01
9.999091029167175293e-01
9.998469948768615723e-01
9.997015595436096191e-01
8.475469350814819336e-01
6.666007637977600098e-01
4.104548394680023193e-01
3.292747139930725098e-01
5.925840139389038086e-01
7.947583198547363281e-01
9.492787718772888184e-01
9.786762595176696777e-01
9.737520217895507812e-01
9.406626224517822266e-01
9.242059588432312012e-01
9.613627195358276367e-01
9.862169623374938965e-01
9.967178702354431152e-01
9.950658679008483887e-01
9.878844022750854492e-01
9.933726191520690918e-01
9.992218613624572754e-01
9.994698762893676758e-01
9.991630315780639648e-01
9.978604912757873535e-01
9.973097443580627441e-01
9.973031878471374512e-01
9.981508851051330566e-01
9.991721510887145996e-01
9.988839626312255859e-01
9.947492480278015137e-01
9.789822697639465332e-01
9.155852794647216797e-01
7.989719510078430176e-01
7.720770239830017090e-01
7.846484184265136719e-01
8.913931846618652344e-01
9.818425178527832031e-01
9.181619286537170410e-01
8.865446448326110840e-01
9.119443297386169434e-01
9.421225190162658691e-01
9.757974743843078613e-01
9.887966513633728027e-01
9.965440630912780762e-01
9.974810481071472168e-01
9.982483983039855957e-01
9.984868168830871582e-01
9.976977705955505371e-01
9.957237839698791504e-01
9.915518760681152344e-01
9.863680005073547363e-01
9.907150268554687500e-01
9.956866502761840820e-01
9.981271624565124512e-01
9.997786879539489746e-01
9.999309182167053223e-01
9.999743700027465820e-01
9.999334216117858887e-01
9.999081492424011230e-01
9.998871684074401855e-01
9.996958374977111816e-01
9.964682459831237793e-01
9.824518561363220215e-01
8.776865005493164062e-01
6.563388109207153320e-01
6.555691957473754883e-01
7.707146406173706055e-01
8.786054849624633789e-01
9.763547778129577637e-01
9.853106737136840820e-01
9.923674464225769043e-01
9.952020049095153809e-01
9.969148635864257812e-01
9.976249337196350098e-01
9.987206459045410156e-01
9.999496340751647949e-01
1.000000000000000000e+00
9.992517828941345215e-01
9.950048327445983887e-01
9.729381203651428223e-01
9.232429862022399902e-01
8.351157903671264648e-01
7.224367260932922363e-01
7.446577548980712891e-01
7.973014712333679199e-01
8.928164839744567871e-01
9.686851501464843750e-01
9.875928759574890137e-01
9.980536103248596191e-01
9.990625977516174316e-01
9.992359280586242676e-01
9.990262985229492188e-01
9.989674687385559082e-01
9.989911317825317383e-01
9.995226860046386719e-01
9.996119737625122070e-01
9.987981915473937988e-01
9.982941150665283203e-01
9.980487227439880371e-01
9.984611868858337402e-01
9.990835785865783691e-01
9.994968175888061523e-01
9.998359084129333496e-01
9.998814463615417480e-01
9.998240470886230469e-01
9.996120929718017578e-01
9.985317587852478027e-01
9.969037175178527832e-01
9.946724176406860352e-01
9.925241470336914062e-01
9.958705306053161621e-01
9.985918998718261719e-01
9.994235038757324219e-01
9.998852610588073730e-01
9.999166131019592285e-01
9.998146891593933105e-01
9.996480941772460938e-01
9.990257024765014648e-01
9.982282519340515137e-01
9.963682889938354492e-01
9.808152318000793457e-01
9.348353147506713867e-01
6.467952132225036621e-01
1.368624418973922729e-01
1.138826632995915134e-08
6.301912880424254126e-10
1.729739372997707673e-29
1.181282103061676025e-02
8.929568529129028320e-02
3.130042254924774170e-01
7.941222786903381348e-01
9.999973773956298828e-01
9.999942183494567871e-01
9.999684095382690430e-01
9.999362826347351074e-01
9.998918771743774414e-01
9.986139535903930664e-01
9.925223588943481445e-01
9.650089740753173828e-01
9.069319963455200195e-01
9.052435159683227539e-01
9.382163286209106445e-01
9.698070883750915527e-01
9.999970197677612305e-01
9.999832510948181152e-01
9.999589920043945312e-01
9.999020099639892578e-01
9.998516440391540527e-01
9.998090863227844238e-01
9.997096061706542969e-01
9.995806813240051270e-01
9.979050755500793457e-01
9.953756928443908691e-01
9.852992296218872070e-01
9.558204412460327148e-01
8.771345019340515137e-01
6.930660605430603027e-01
3.993065655231475830e-01
1.968148946762084961e-01
3.436492756009101868e-02
1.207155138254165649e-01
2.607317864894866943e-01
6.173697710037231445e-01
8.862974643707275391e-01
9.625726342201232910e-01
9.994690418243408203e-01
9.997776746749877930e-01
9.968051314353942871e-01
9.925887584686279297e-01
5.963807106018066406e-01
2.115304619073867798e-01
8.396261930465698242e-02
9.017905540531501174e-06
1.209343281516339630e-05
7.019993662834167480e-02
1.991190910339355469e-01
2.630285024642944336e-01
3.049405515193939209e-01
2.078696638345718384e-01
1.564516425132751465e-01
3.903738260269165039e-01
6.083663702011108398e-01
7.972759604454040527e-01
8.980423212051391602e-01
9.305535554885864258e-01
9.527907967567443848e-01
9.719290137290954590e-01
9.784349203109741211e-01
9.844322204589843750e-01
9.897724986076354980e-01
9.941725730895996094e-01
9.970122575759887695e-01
9.982244968414306641e-01
9.982513189315795898e-01
9.976944327354431152e-01
9.969723820686340332e-01
9.977833032608032227e-01
9.986186027526855469e-01
9.994336366653442383e-01
9.999321103096008301e-01
9.999244809150695801e-01
9.998803138732910156e-01
9.998105168342590332e-01
9.997601509094238281e-01
9.997150301933288574e-01
9.991887211799621582e-01
9.968285560607910156e-01
9.867077469825744629e-01
9.363973736763000488e-01
8.231604695320129395e-01
6.721231937408447266e-01
4.944743216037750244e-01
5.086060762405395508e-01
5.739248991012573242e-01
7.433543801307678223e-01
8.871052265167236328e-01
9.140870571136474609e-01
9.395342469215393066e-01
9.626086950302124023e-01
9.804869294166564941e-01
9.947044849395751953e-01
9.978904128074645996e-01
9.980684518814086914e-01
9.922745227813720703e-01
9.859473109245300293e-01
9.776305556297302246e-01
9.766408801078796387e-01
9.876243472099304199e-01
9.925057888031005859e-01
9.929155111312866211e-01
9.868501424789428711e-01
9.788847565650939941e-01
9.750930070877075195e-01
9.741950035095214844e-01
9.869279265403747559e-01
9.956971406936645508e-01
9.976046085357666016e-01
9.984997510910034180e-01
9.986148476600646973e-01
9.991147518157958984e-01
9.997354745864868164e-01
9.995967149734497070e-01
9.994930028915405273e-01
9.997768998146057129e-01
9.999668002128601074e-01
9.999799728393554688e-01
9.999828338623046875e-01
9.999769330024719238e-01
9.999665021896362305e-01
9.999544620513916016e-01
9.999448060989379883e-01
9.999389648437500000e-01
9.999582171440124512e-01
9.999617338180541992e-01
9.999323487281799316e-01
9.998259544372558594e-01
9.996480941772460938e-01
9.995399117469787598e-01
9.994595050811767578e-01
9.996604323387145996e-01
9.997794032096862793e-01
9.988927841186523438e-01
9.973565936088562012e-01
9.942520856857299805e-01
9.918605089187622070e-01
9.902235865592956543e-01
9.923359155654907227e-01
9.962184429168701172e-01
5.581525564193725586e-01
8.481290191411972046e-02
3.614060208201408386e-02
4.048822637835874927e-13
1.434833968218945932e-13
2.681455574929714203e-02
8.633052557706832886e-02
3.493618071079254150e-01
7.266194224357604980e-01
8.862396478652954102e-01
9.991202354431152344e-01
9.628254175186157227e-01
9.404832720756530762e-01
9.687761068344116211e-01
9.853746294975280762e-01
9.849684238433837891e-01
9.697216153144836426e-01
9.445571899414062500e-01
9.187849164009094238e-01
8.929291963577270508e-01
9.274784922599792480e-01
9.608576297760009766e-01
9.822062253952026367e-01
9.966338276863098145e-01
9.986945390701293945e-01
9.992136359214782715e-01
9.984617829322814941e-01
9.584077596664428711e-01
9.043406844139099121e-01
9.505866765975952148e-01
9.916086196899414062e-01
9.325310587882995605e-01
8.910622596740722656e-01
8.893467187881469727e-01
9.125614166259765625e-01
9.614325761795043945e-01
9.785988926887512207e-01
9.810747504234313965e-01
9.863586425781250000e-01
9.919344782829284668e-01
9.958428740501403809e-01
9.988306164741516113e-01
9.990256428718566895e-01
9.989827871322631836e-01
9.986300468444824219e-01
9.980215430259704590e-01
9.972568154335021973e-01
9.975805282592773438e-01
9.981641173362731934e-01
9.991707801818847656e-01
9.987142086029052734e-01
9.915826320648193359e-01
9.844518303871154785e-01
9.772747755050659180e-01
9.670407772064208984e-01
9.542965888977050781e-01
9.467725157737731934e-01
9.410899877548217773e-01
9.563732743263244629e-01
9.723918437957763672e-01
9.809435009956359863e-01
9.866834282875061035e-01
9.857250452041625977e-01
9.857531189918518066e-01
9.868516325950622559e-01
9.893766045570373535e-01
9.926234483718872070e-01
9.957588911056518555e-01
9.988003969192504883e-01
9.994728565216064453e-01
9.988315105438232422e-01
9.934707283973693848e-01
9.828711152076721191e-01
9.644442796707153320e-01
9.415672421455383301e-01
9.154613018035888672e-01
9.124027490615844727e-01
9.162267446517944336e-01
9.456459879875183105e-01
9.733148217201232910e-01
9.818238615989685059e-01
9.862642288208007812e-01
9.819985628128051758e-01
9.666711688041687012e-01
9.403669834136962891e-01
9.222540259361267090e-01
9.079864025115966797e-01
9.337700009346008301e-01
9.651011228561401367e-01
9.826153516769409180e-01
9.966147541999816895e-01
9.987477064132690430e-01
9.599325656890869141e-01
8.623171448707580566e-01
6.318385004997253418e-01
3.085593879222869873e-01
5.100231170654296875e-01
8.659276962280273438e-01
9.403209686279296875e-01
9.926175475120544434e-01
9.957213997840881348e-01
9.980813860893249512e-01
9.988003373146057129e-01
9.993401765823364258e-01
9.996919631958007812e-01
9.998710751533508301e-01
9.999651312828063965e-01
9.999700188636779785e-01
9.999605417251586914e-01
9.999818205833435059e-01
9.997521638870239258e-01
9.985705614089965820e-01
9.605419635772705078e-01
8.639143705368041992e-01
6.676949262619018555e-01
3.939060866832733154e-01
2.948423624038696289e-01
2.562064528465270996e-01
5.583910942077636719e-01
8.642163276672363281e-01
9.419924020767211914e-01
9.982140660285949707e-01
9.984484314918518066e-01
9.977442026138305664e-01
9.959211945533752441e-01
9.959270358085632324e-01
9.969968199729919434e-01
9.983692765235900879e-01
9.998167753219604492e-01
9.999092221260070801e-01
9.999732375144958496e-01
9.999893307685852051e-01
9.999989867210388184e-01
9.999958872795104980e-01
9.999791979789733887e-01
9.999495148658752441e-01
9.999371170997619629e-01
9.999325871467590332e-01
9.999430179595947266e-01
9.998994469642639160e-01
9.985011219978332520e-01
9.951519370079040527e-01
9.848139286041259766e-01
9.812430143356323242e-01
9.881933331489562988e-01
9.936412572860717773e-01
9.979203343391418457e-01
9.976230859756469727e-01
9.957191944122314453e-01
9.901490211486816406e-01
9.854689836502075195e-01
9.938353300094604492e-01
1.000000000000000000e+00
1.000000000000000000e+00
9.911277890205383301e-01
9.706842303276062012e-01
9.467872381210327148e-01
9.207431077957153320e-01
9.236779808998107910e-01
9.346367120742797852e-01
9.379888176918029785e-01
9.393847584724426270e-01
9.300296306610107422e-01
9.284600019454956055e-01
9.449921846389770508e-01
9.610348343849182129e-01
9.764847159385681152e-01
9.856749176979064941e-01
9.914504289627075195e-01
9.922037124633789062e-01
9.918286800384521484e-01
9.368919134140014648e-01
8.950073719024658203e-01
9.248831868171691895e-01
9.547962546348571777e-01
9.850055575370788574e-01
8.743107914924621582e-01
6.253623962402343750e-01
3.651687502861022949e-01
1.004613637924194336e-01
3.160672634840011597e-02
8.819389040581882000e-05
4.812629413208924234e-05
1.251723733730614185e-03
8.058814331889152527e-03
1.381696462631225586e-01
4.975546002388000488e-01
7.393143773078918457e-01
8.733926415443420410e-01
8.088073730468750000e-01
6.540443301200866699e-01
6.368167400360107422e-01
6.465138792991638184e-01
8.093346953392028809e-01
9.464526176452636719e-01
9.790733456611633301e-01
9.996729493141174316e-01
9.992089867591857910e-01
9.992759823799133301e-01
9.998137950897216797e-01
9.999358057975769043e-01
9.998760819435119629e-01
9.990075230598449707e-01
9.977789521217346191e-01
9.895479679107666016e-01
9.781079292297363281e-01
9.537857174873352051e-01
9.399561882019042969e-01
9.442216753959655762e-01
9.603066444396972656e-01
9.868299961090087891e-01
9.965354800224304199e-01
9.990429878234863281e-01
9.994230866432189941e-01
9.994291663169860840e-01
9.980564713478088379e-01
9.948335289955139160e-01
9.840863943099975586e-01
9.722109436988830566e-01
9.584203958511352539e-01
9.535875916481018066e-01
9.568705558776855469e-01
9.654944539070129395e-01
9.765296578407287598e-01
9.845563769340515137e-01
9.919269680976867676e-01
9.912267327308654785e-01
9.894575476646423340e-01
9.829884171485900879e-01
9.795405268669128418e-01
9.816685318946838379e-01
9.862136840820312500e-01
9.930238723754882812e-01
9.962679147720336914e-01
9.977974295616149902e-01
9.906600713729858398e-01
9.815047979354858398e-01
8.850443959236145020e-01
7.874488830566406250e-01
6.855992078781127930e-01
5.885225534439086914e-01
5.016952753067016602e-01
3.365506827831268311e-01
8.986783027648925781e-02
3.238586010411381721e-03
4.975445917807519436e-04
4.102103989822580843e-09
7.771485677210421272e-09
1.849400848150253296e-01
3.935016691684722900e-01
7.270461320877075195e-01
9.641895890235900879e-01
9.783084988594055176e-01
9.882383942604064941e-01
9.932363629341125488e-01
9.966557025909423828e-01
9.991084337234497070e-01
9.997643232345581055e-01
9.999274015426635742e-01
9.999578595161437988e-01
9.960449337959289551e-01
9.585021138191223145e-01
9.114683270454406738e-01
8.377471566200256348e-01
8.138679265975952148e-01
8.571856021881103516e-01
9.031470417976379395e-01
9.508707523345947266e-01
9.738541841506958008e-01
9.881763458251953125e-01
9.939680099487304688e-01
9.985610246658325195e-01
9.992830157279968262e-01
9.998652935028076172e-01
9.999404549598693848e-01
9.999880790710449219e-01
9.999896883964538574e-01
9.986389279365539551e-01
9.961071610450744629e-01
9.012815952301025391e-01
7.652966976165771484e-01
4.027368724346160889e-01
5.221362225711345673e-03
5.031694099307060242e-02
1.675313562154769897e-01
6.551670432090759277e-01
9.885171055793762207e-01
9.956785440444946289e-01
9.993258714675903320e-01
9.990952014923095703e-01
9.966644048690795898e-01
9.929531812667846680e-01
9.833151698112487793e-01
9.720667004585266113e-01
9.758021235466003418e-01
9.801766276359558105e-01
9.824356436729431152e-01
9.863206744194030762e-01
9.949433207511901855e-01
9.951210021972656250e-01
9.832535386085510254e-01
9.596410989761352539e-01
9.271416068077087402e-01
9.262377619743347168e-01
9.375880360603332520e-01
9.622702002525329590e-01
9.882585406303405762e-01
9.945529699325561523e-01
9.997320771217346191e-01
9.998822808265686035e-01
9.999651312828063965e-01
9.999148249626159668e-01
9.994490742683410645e-01
9.985517263412475586e-01
9.971023797988891602e-01
9.953446388244628906e-01
9.949906468391418457e-01
9.949874281883239746e-01
9.967628121376037598e-01
9.985194206237792969e-01
9.993687868118286133e-01
9.999834299087524414e-01
9.999189972877502441e-01
9.997832179069519043e-01
9.995447397232055664e-01
9.995894432067871094e-01
9.998574852943420410e-01
9.999301433563232422e-01
9.999243021011352539e-01
9.995762109756469727e-01
9.991473555564880371e-01
9.971224069595336914e-01
9.936597943305969238e-01
9.830219745635986328e-01
9.583651423454284668e-01
9.035232067108154297e-01
8.403105139732360840e-01
7.678012251853942871e-01
7.998217940330505371e-01
8.963246345520019531e-01
9.525285959243774414e-01
9.964144229888916016e-01
1.000000000000000000e+00
1.000000000000000000e+00
1.000000000000000000e+00
9.982711672782897949e-01
9.902726411819458008e-01
9.833133816719055176e-01
9.781083464622497559e-01
9.759329557418823242e-01
9.765977263450622559e-01
9.806769490242004395e-01
9.864596128463745117e-01
9.841586947441101074e-01
9.799944758415222168e-01
9.624077677726745605e-01
9.398910403251647949e-01
8.815881609916687012e-01
8.392474651336669922e-01
8.439741134643554688e-01
8.580799698829650879e-01
8.861402869224548340e-01
9.056276679039001465e-01
9.181814193725585938e-01
9.463252425193786621e-01
9.813476204872131348e-01
9.928202629089355469e-01
9.999373555183410645e-01
1.000000000000000000e+00
9.987412691116333008e-01
9.895337224006652832e-01
9.843281507492065430e-01
9.892204403877258301e-01
9.927158355712890625e-01
9.943247437477111816e-01
9.960554838180541992e-01
9.978742003440856934e-01
9.989414215087890625e-01
9.997180700302124023e-01
9.998987913131713867e-01
9.999849796295166016e-01
9.999792575836181641e-01
9.999731779098510742e-01
9.999653100967407227e-01
9.999517202377319336e-01
9.999243021011352539e-01
9.999265670776367188e-01
9.999657869338989258e-01
9.990869760513305664e-01
9.975641965866088867e-01
9.865362048149108887e-01
9.719726443290710449e-01
9.566031694412231445e-01
9.409435391426086426e-01
9.174417257308959961e-01
8.678801059722900391e-01
6.804993748664855957e-01
4.629082381725311279e-01
1.737151741981506348e-01
1.031042914837598801e-02
3.022104501724243164e-03
3.603815566748380661e-04
9.305182611569762230e-04
8.833281695842742920e-02
2.073759436607360840e-01
1.349729597568511963e-01
3.674210235476493835e-02
9.049592167139053345e-02
1.978544443845748901e-01
5.958220958709716797e-01
8.722682595252990723e-01
8.562051057815551758e-01
7.704172134399414062e-01
5.941097140312194824e-01
5.929806828498840332e-01
7.202908992767333984e-01
5.697817206382751465e-01
3.108909428119659424e-01
4.310817718505859375e-01
6.134727597236633301e-01
7.436543107032775879e-01
8.545258641242980957e-01
8.480144143104553223e-01
7.247869372367858887e-01
3.005299270153045654e-01
4.066365212202072144e-02
1.248546689748764038e-02
2.120145829394459724e-03
5.943870171904563904e-03
2.828428447246551514e-01
6.810871362686157227e-01
7.521508932113647461e-01
7.574696540832519531e-01
3.622026443481445312e-01
3.610998693527427139e-14
1.910517913577408633e-13
1.384738425258547068e-04
6.935977726243436337e-04
7.099565863609313965e-02
2.514550089836120605e-01
2.888003587722778320e-01
1.951901763677597046e-01
1.495655924081802368e-01
1.284742206335067749e-01
2.649523317813873291e-01
4.422085583209991455e-01
7.195082902908325195e-01
9.483263492584228516e-01
4.206471741199493408e-01
1.408767187967896461e-03
5.593788227997720242e-04
0.000000000000000000e+00
0.000000000000000000e+00
5.383865283045062771e-20
1.664245257944239762e-19
1.206689476966857910e-01
3.176359236240386963e-01
6.204672455787658691e-01
9.596667289733886719e-01
9.985718131065368652e-01
9.978939890861511230e-01
9.930783510208129883e-01
9.863883852958679199e-01
9.690781831741333008e-01
9.571341276168823242e-01
9.585330486297607422e-01
9.633461236953735352e-01
9.728388190269470215e-01
9.811647534370422363e-01
9.885156154632568359e-01
9.932044148445129395e-01
9.966769814491271973e-01
9.980466961860656738e-01
9.989696741104125977e-01
9.979085326194763184e-01
9.944831132888793945e-01
9.678049087524414062e-01
9.370009303092956543e-01
8.912888169288635254e-01
8.630948066711425781e-01
8.669324517250061035e-01
8.876575827598571777e-01
9.262309074401855469e-01
9.538709521293640137e-01
9.745852947235107422e-01
9.790164828300476074e-01
9.779184460639953613e-01
9.524017572402954102e-01
9.240052103996276855e-01
9.383157491683959961e-01
9.497573375701904297e-01
9.437810778617858887e-01
9.338893890380859375e-01
9.135300517082214355e-01
9.169678688049316406e-01
9.556437134742736816e-01
9.810009002685546875e-01
9.946886301040649414e-01
9.860918521881103516e-01
9.661859869956970215e-01
5.569995045661926270e-01
4.543446749448776245e-02
3.137329360470175743e-03
7.408164674416184425e-04
1.417092233896255493e-02
8.482404798269271851e-02
4.138399958610534668e-01
6.992826461791992188e-01
8.904413580894470215e-01
9.978178739547729492e-01
9.993081092834472656e-01
9.999045133590698242e-01
9.998226165771484375e-01
9.996829032897949219e-01
9.995182156562805176e-01
9.993777275085449219e-01
9.992426037788391113e-01
9.992893338203430176e-01
9.993551969528198242e-01
9.995350837707519531e-01
9.997042417526245117e-01
9.998299479484558105e-01
9.999196529388427734e-01
9.999373555183410645e-01
9.955936670303344727e-01
9.860658049583435059e-01
9.336066246032714844e-01
8.510066866874694824e-01
7.901529073715209961e-01
7.383231520652770996e-01
8.131817579269409180e-01
9.128943681716918945e-01
8.569467067718505859e-01
7.943263053894042969e-01
7.260562777519226074e-01
6.718055605888366699e-01
6.701908707618713379e-01
7.175276279449462891e-01
8.612121939659118652e-01
9.530505537986755371e-01
9.851396083831787109e-01
9.956583380699157715e-01
9.911034107208251953e-01
9.869141578674316406e-01
9.828863739967346191e-01
9.556534290313720703e-01
9.239234924316406250e-01
9.066222906112670898e-01
8.961581587791442871e-01
9.538746476173400879e-01
9.997304081916809082e-01
9.995760321617126465e-01
9.994711279869079590e-01
9.994658827781677246e-01
9.995024204254150391e-01
9.995896816253662109e-01
9.988970160484313965e-01
9.976336956024169922e-01
9.755267500877380371e-01
9.444976449012756348e-01
8.296338915824890137e-01
6.964739561080932617e-01
6.933582425117492676e-01
7.045747637748718262e-01
8.113116621971130371e-01
9.073219895362854004e-01
9.553671479225158691e-01
9.894814491271972656e-01
9.924310445785522461e-01
9.908034205436706543e-01
9.830319285392761230e-01
8.875161409378051758e-01
7.202241420745849609e-01
5.592885017395019531e-01
4.020908772945404053e-01
6.242005228996276855e-01
9.481390714645385742e-01
9.880171418190002441e-01
9.997706413269042969e-01
9.997721314430236816e-01
9.997576475143432617e-01
9.996530413627624512e-01
9.996284246444702148e-01
9.998211860656738281e-01
9.999452233314514160e-01
9.999611973762512207e-01
9.999478459358215332e-01
9.999059438705444336e-01
9.998328089714050293e-01
9.997411966323852539e-01
9.997088909149169922e-01
9.996973872184753418e-01
9.998348355293273926e-01
9.999966621398925781e-01
9.998757243156433105e-01
9.995993971824645996e-01
9.979335069656372070e-01
9.950123429298400879e-01
9.874787926673889160e-01
9.822942614555358887e-01
9.818052649497985840e-01
9.718067049980163574e-01
9.501757621765136719e-01
8.960986137390136719e-01
8.171788454055786133e-01
8.189495801925659180e-01
8.588795065879821777e-01
8.971492052078247070e-01
9.351128935813903809e-01
8.542897701263427734e-01
7.664377093315124512e-01
8.374285101890563965e-01
9.058318138122558594e-01
9.599910378456115723e-01
9.424000978469848633e-01
7.198629379272460938e-01
5.950922966003417969e-01
6.322984099388122559e-01
7.252396941184997559e-01
8.758417963981628418e-01
9.541029930114746094e-01
9.844455122947692871e-01
9.895340204238891602e-01
9.847090840339660645e-01
9.691203832626342773e-01
9.513010978698730469e-01
9.530675411224365234e-01
9.566934108734130859e-01
9.720646142959594727e-01
9.858662486076354980e-01
9.922999143600463867e-01
9.972643852233886719e-01
9.985775351524353027e-01
9.995012283325195312e-01
9.998361468315124512e-01
9.978851079940795898e-01
9.937538504600524902e-01
9.621623158454895020e-01
9.139279723167419434e-01
8.638670444488525391e-01
8.129832744598388672e-01
7.254694700241088867e-01
6.315789222717285156e-01
3.609600365161895752e-01
9.916748851537704468e-02
5.030335113406181335e-02
1.192247029393911362e-02
2.048359438776969910e-02
7.465635240077972412e-02
2.382066398859024048e-01
4.562439620494842529e-01
7.539457678794860840e-01
9.248093366622924805e-01
9.774919748306274414e-01
9.980922937393188477e-01
9.995138049125671387e-01
9.999181032180786133e-01
9.999544620513916016e-01
9.998822212219238281e-01
9.997900128364562988e-01
9.979776740074157715e-01
9.950336217880249023e-01
9.765571951866149902e-01
9.600406289100646973e-01
9.532276988029479980e-01
9.531544446945190430e-01
9.704422950744628906e-01
9.848448634147644043e-01
9.948201775550842285e-01
9.998541474342346191e-01
9.999449253082275391e-01
9.998351335525512695e-01
9.995958209037780762e-01
9.973747134208679199e-01
9.943621754646301270e-01
9.875569939613342285e-01
9.799141287803649902e-01
9.810447096824645996e-01
9.831069111824035645e-01
9.920599460601806641e-01
9.997962117195129395e-01
9.999069571495056152e-01
9.999906420707702637e-01
9.999924302101135254e-01
9.999907612800598145e-01
9.999827742576599121e-01
9.998195171356201172e-01
9.994752407073974609e-01
9.985268115997314453e-01
9.971193671226501465e-01
9.946335554122924805e-01
9.916185736656188965e-01
9.851151704788208008e-01
9.775845408439636230e-01
9.851069450378417969e-01
9.946959614753723145e-01
9.972600936889648438e-01
9.994261264801025391e-01
9.986922144889831543e-01
9.973092675209045410e-01
9.932000041007995605e-01
9.902217388153076172e-01
9.898918271064758301e-01
9.915760159492492676e-01
9.962289929389953613e-01
9.976935386657714844e-01
9.960519671440124512e-01
9.805364012718200684e-01
9.561218619346618652e-01
9.660266041755676270e-01
9.897861480712890625e-01
9.964893460273742676e-01
9.993234276771545410e-01
9.993862509727478027e-01
9.991562366485595703e-01
9.967313408851623535e-01
9.914956092834472656e-01
9.662963151931762695e-01
8.879032135009765625e-01
6.269800662994384766e-01
3.731944859027862549e-01
1.354397833347320557e-01
8.715039439266547561e-05
2.780008617264684290e-05
2.118645701557397842e-03
6.122449878603219986e-03
2.587490379810333252e-01
6.556623578071594238e-01
8.539748787879943848e-01
9.784801602363586426e-01
9.997909069061279297e-01
9.999704957008361816e-01
9.999726414680480957e-01
9.999383687973022461e-01
9.991957545280456543e-01
9.582620263099670410e-01
6.524529457092285156e-01
3.671699762344360352e-01
1.468572914600372314e-01
0.000000000000000000e+00
0.000000000000000000e+00
0.000000000000000000e+00
0.000000000000000000e+00
1.280114147812128067e-02
3.688627853989601135e-02
3.410719335079193115e-01
8.115924000740051270e-01
9.527326226234436035e-01
9.702272415161132812e-01
9.445520639419555664e-01
9.095615148544311523e-01
8.887652754783630371e-01
8.704120516777038574e-01
9.148506522178649902e-01
9.567397236824035645e-01
9.800693988800048828e-01
9.977938532829284668e-01
9.950898289680480957e-01
9.823299050331115723e-01
9.475378394126892090e-01
9.089376926422119141e-01
8.649405241012573242e-01
8.596627712249755859e-01
8.924446702003479004e-01
9.293649792671203613e-01
9.692060351371765137e-01
9.837887287139892578e-01
9.872619509696960449e-01
9.896165728569030762e-01
9.916653633117675781e-01
9.494083523750305176e-01
9.013387560844421387e-01
5.620257854461669922e-01
2.332432866096496582e-01
1.117976009845733643e-01
1.266590785235166550e-02
2.354178018867969513e-02
8.663371950387954712e-02
2.946667373180389404e-01
5.273092985153198242e-01
8.055889606475830078e-01
9.675282835960388184e-01
9.886880517005920410e-01
9.976146817207336426e-01
9.962940812110900879e-01
9.803412556648254395e-01
9.560775160789489746e-01
7.633482813835144043e-01
5.083195567131042480e-01
5.978888869285583496e-01
7.608845829963684082e-01
8.804075717926025391e-01
9.945771694183349609e-01
9.971022605895996094e-01
9.993791580200195312e-01
9.995546340942382812e-01
9.997062087059020996e-01
9.997600317001342773e-01
9.998102784156799316e-01
9.998511672019958496e-01
9.998886585235595703e-01
9.999203085899353027e-01
9.999500513076782227e-01
9.999778270721435547e-01
9.999504685401916504e-01
